0.037850220368580288
0.017199688444239282
0.048970721141650027
0.078990851991222744
0.139791828421376857
0.367219415691349083
0.046583857096601851
0.001291074937139063
0.018769756507223248
0.035945249592040811
0.060880649015428195
0.153021313774735657
0.041059167156098850
0.034439730415013733
0.216307901835842836
0.356877420972170567
0.313989916396246571
0.201595753124039156
0.151419040450066461
0.109049510459338625
0.151990949657885233
0.214131885964911783
0.163588219826033332
0.242266838035098436
0.120213818533988076
0.216819212749637363
0.182392757628749680
0.162427113043913274
0.400000000000000022
0.256971979400921535
0.071410556268987152
0.140316620152983518
0.049699571856506149
0.014120381028268271
0.052049676193519114
0.032877288933999507
0.031015427435159153
0.003762589329961505
0.086752983237973508
0.096441273830812205
0.072350669839261125
0.039147186186352295
0.077043230381598271
0.020054655519099501
0.317884838727354624
0.397572140888654502
0.028392040284254346
0.032787848097260444
0.031278052532730610
0.006211752432117379
0.061526375410262471
0.044648087369363043
0.123414142335661975
0.317987247793230066
0.007777079902278841
0.000000000000000000
0.006080678013475955
0.063847250045732787
0.400000000000000022
0.394403937984793673
0.021262257229864745
0.051452335250210590
0.013465800805262173
0.064777264731533585
0.365780092404803248
0.228678746735940186
0.036818885426215371
0.081863251845843199
0.087780711854524615
0.174129851988292422
0.026737948327995829
0.068978281181392584
0.019487902465771520
0.148614210919302658
0.214135910872388702
0.136882363135823359
0.068250981691399690
0.080512451570385821
0.025834304444867964
0.037884725544836337
0.094485239386161435
0.005621779750872646
0.078011443510304909
0.040448432223889948
0.060102771450296383
0.015177528237552775
0.056447574465945609
0.048068920461886780
0.080757671204519446
0.047369273377523793
0.208408176939524736
0.076474802298000133
0.307805074419605418
0.234446188808980577
0.186326600577252671
0.170185975494481029
0.050747465131485883
0.001517248564503005
0.003606128954203040
0.335735092432017379
0.400000000000000022
0.119505696819197163
0.003827547081305388
0.001224486407080100
0.008287550710548763
0.079859511257393156
0.089271120289721881
0.180394237077530606
0.048872219844990697
0.024554285446484626
0.007952667806460798
0.070742714982254040
0.066475109335274479
0.055939254631735560
0.118814712501003950
0.068072017604229332
0.104819483875485009
0.204786422636898557
0.051720422609781824
0.022131440662887525
0.149120810840099594
0.250083092026201048
0.219347448932859346
0.247479516587350401
0.081594240501621784
0.033513825821113175
0.158453752199414294
0.195190632787689028
0.004021734968562038
0.014312262343324486
0.058369209619147669
0.009369734787733067
0.118497016385571641
0.089255071595409574
0.000643290388309681
0.014647689646141609
0.081986342178343677
0.041449141876241116
0.395078464591201606
0.194711874363734383
0.021820567976001827
0.114911916935772379
0.102895441519841813
0.082261676556422886
0.046477783809488422
0.002812488953382515
0.016195115981298167
0.386665733797762590
0.390862729497698291
0.064768617718042071
0.008641045904772025
0.000000000000000000
0.004688236900458291
0.110247669902579212
0.062085776027289791
0.136344239484105317
0.171174736211534201
0.258055903983525681
0.030517984040863241
0.152661110840119046
0.053073491541074387
0.094309742000836028
0.266125969881117308
0.229867238650773076
0.036468039913857206
0.139927069853510305
0.094124850074074937
0.088053108224710366
0.105355983956095786
0.342574131775478297
0.073721071120296466
0.193703426786339866
0.033532117090885050
0.002530698585154990
0.371501737141076815
0.400000000000000022
0.079120171660134936
0.091096974838354786
0.055307976603210636
0.006842701983767584
0.160370899394734617
0.061478261276727883
0.031883809199486600
0.050150490719576307
0.034702135131420862
0.042497970930722176
0.317249129819413889
0.077992538735229877
0.037585087873270397
0.058882091459478085
0.014784724893787800
0.076306263004549429
0.056421078282742690
0.006016019151620354
0.018848460434717780
0.327425215121996571
0.226183214055740128
0.353458325994368550
0.052867578647454713
0.006779196473138043
0.007735677778994379
0.289172479433741580
0.114109487441790391
0.239154921573379697
0.226609482194427114
0.076664982257099695
0.003800232626477554
0.279587217174786629
0.059624637338454425
0.377007199875339927
0.108091584171665256
0.247612457453661172
0.024676766876968168
0.400000000000000022
0.145304424852777475
0.214318326180612362
0.253401863287940232
0.319328429327861929
0.063489785436477916
0.400000000000000022
0.068712524574056480
0.153984687775634121
0.202157434427746890
0.354793078622997637
0.093222275454054496
0.396157402264769698
0.165563996866862906
0.246064348849364067
0.284842102943933084
0.355311983718732294
0.046397443510789040
0.400000000000000022
0.106140403207960116
0.063197692153870000
0.400000000000000022
0.350568857965338987
0.040904889503890193
0.369630271181925485
0.128967213244535805
0.109559762061681373
0.257730773623573217
0.026552765452213592
0.064960841125087349
0.190488535019548072
0.047037068996806652
0.123112338535422666
0.367922860295309684
0.029665822332057508
0.001187505885390699
0.322490378276195200
0.100826077060027025
0.160041640034388477
0.393631081236537561
0.165633625818735558
0.006439252986951427
0.227694122387452597
0.073367358667749946
0.156761926844517535
0.226772409367144379
0.228133012907630828
0.003007406881572005
0.329930133775550694
0.095768296140983616
0.099138745777827456
0.111935442699968760
0.284236834852858167
0.087854437493392515
0.360584542671831487
0.039625294890047694
0.085173824554702265
0.233838457235607089
0.220707587467849131
0.102113980707921423
0.400000000000000022
0.125846187192377890
0.178839639915725657
0.400000000000000022
0.400000000000000022
0.013482982910528818
0.378722253491243943
0.278333721174860549
0.195946093163073765
0.180692392043459438
0.193811470375972378
0.018259586049919695
0.335705149703696026
0.255927247079709486
0.144841969000458121
0.315899091774268503
0.014427180168667893
0.029876444674559108
0.062152110262146579
0.029419504768213145
0.068941929733858431
0.400000000000000022
0.052745138499252248
0.010676799836808259
0.150178239405063002
0.055128850853135507
0.066844824119480409
0.389719211363095730
0.126362703264311066
0.003319835520831361
0.055723779972818681
0.044573795612389250
0.037206294599216587
0.111229413634657215
0.276053619381758542
0.011836879905748788
0.078526996384566991
0.077428731037112314
0.018001301536557306
0.085130663525707612
0.276899649633974176
0.051938930562277191
0.044088905688168034
0.046440482916316368
0.027314349688756331
0.162106963750258515
0.073161997028613410
0.083324776327568628
0.106952942563729669
0.018177973708340907
0.091629164063447593
0.136572457241582484
0.073281218200934611
0.045479802701878645
0.207314800448013481
0.050291708194060945
0.084827653641533690
0.217279808102029626
0.161730852743781933
0.018034674368369689
0.157590939303860478
0.098958974983767059
0.086285402692637320
0.126902543425000736
0.018511902387037458
0.068372270640355767
0.050876805073459611
0.012354516261874181
0.182941950175571966
0.026681824240210181
0.000625645576339392
0.002823979191690991
0.131398910363052568
0.052794089978917609
0.111516469897889159
0.160576117067142310
0.141549432430543687
0.004940241290160570
0.025921880379750066
0.145151573665472933
0.138087529517850166
0.220139045658612698
0.277174703285632706
0.036867189414092838
0.160188024804735346
0.123242607968386292
0.040300240239044674
0.123889009889878096
0.066182843170084188
0.110477748642711385
0.036501656037808361
0.098185530238980606
0.090161194247486323
0.119206125165875934
0.072990568231387193
0.060186205448199748
0.067371108865052931
0.121176951833502272
0.119758192022282606
0.194614901378224042
0.060264078672892574
0.052693039506863291
0.151320512906726934
0.131625020960567746
0.138681117577003937
0.042692489337282549
0.000000000000000000
0.000724984616333667
0.008477881809864262
0.108828400322955848
0.077035143789040680
0.069566814653986869
0.079984650995474027
0.400000000000000022
0.179650585513412564
0.012985120067004620
0.072746082920888869
0.009611687293181547
0.005705892153075980
0.104437843914637951
0.221196871624682045
0.160850834494937839
0.085586398017571383
0.020731786121336478
0.038592555777784213
0.025140642969359580
0.095839709821000527
0.384344660292972207
0.277084244592275708
0.068321125170080169
0.262467698680368955
0.137063129299862752
0.172343410498676741
0.211349840905148162
0.140767343408452872
0.096217780340049644
0.052082281323122849
0.069984319632549433
0.057400329830494368
0.245767493933327252
0.279182299131638278
0.078001724893240906
0.047934771043111481
0.053800890322005461
0.059376932446747910
0.063957376043296030
0.066023119404319291
0.025935120588156051
0.001944969228938474
0.107257798854477393
0.379698927884676574
0.070104542939643619
0.054329948072467688
0.000334696375572561
0.000000000000000000
0.022772962582465833
0.080695203500657633
0.114905228604107512
0.075039439755437393
0.100181614411180508
0.070498133750431319
0.130635142253803960
0.158153764143839526
0.031743437002554255
0.102181234528332249
0.017327330982766322
0.003226494022255371
0.059863847901591952
0.324311712752723913
0.395531536836221997
0.061218828984936587
0.118862503246892820
0.093467177838655824
0.029567290720565381
0.039010753055848453
0.361906848709857787
0.285604157296771466
0.104987293187039185
0.259205404125458727
0.129409956226822831
0.015233079430814922
0.248263241720420663
0.140754782446183724
0.052879720749215327
0.110733226206073856
0.084714702339505954
0.015835084433740758
0.371781155617513848
0.286008163472019739
0.100307482560736974
0.085951096605926036
0.122183652070019244
0.007601876898376300
0.108308485054039727
0.038734246399606612
0.094500490030041684
0.014789265984103073
0.219819610144561001
0.182427686763414282
0.081040276467285066
0.044122938212988530
0.038836605194409582
0.001031957065424931
0.037381318353398273
0.072788377607674204
0.090724934907442475
0.057857265187720733
0.016671462386971592
0.048384942543121444
0.037657319848067347
0.058740303954846210
0.203042611702602405
0.185141040407975382
0.010488008058489632
0.003264342775157223
0.007907532578991803
0.080639505136358286
0.400000000000000022
0.314728432578527784
0.062677427844905084
0.089527462389260404
0.015943645544936443
0.024961578388948268
0.041654432335383698
0.335814074627924564
0.047191171206347346
0.088171795583980153
0.085292664477573998
0.042949685113333469
0.061708832714693421
0.088266553360023273
0.111748105623046684
0.072636901716540747
0.056942808440030156
0.014035312190091931
0.155898221468001669
0.221401931333593649
0.077561221797078528
0.064289670447834457
0.105766447243470410
0.026346851086399121
0.065330024329579781
0.037484944866437525
0.091677184426955383
0.005370169240949524
0.041410413438724113
0.019582662510041239
0.049253026229149927
0.029780107186209208
0.031893446515959288
0.007763123740395729
0.301203742457037460
0.180475775365123908
0.033969561356826994
0.006368552928028383
0.062251616351281749
0.048377924409013347
0.022498116262258658
0.023834242179524002
0.060799484594731612
0.159976000023346221
0.003017012544664276
0.001926765375846628
0.004742885103833105
0.005157129898750697
0.080751993742308348
0.168762180427978026
0.002352512235374801
0.037562309117717463
0.066678415549729628
0.005778394550318930
0.002360411471217564
0.003634630048648952
0.013564980445223918
0.227372641055855695
0.145478581930961082
0.015327704352247722
0.039276897454892074
0.031325328796725609
0.070901415926575298
0.075426566747461676
0.032424698571420635
0.025003136457002244
0.123005653399249140
0.043716594353909205
0.099281689578933505
0.039161118088390408
0.067639665366639790
0.034960657640303219
0.156501768581062795
0.043977452536472499
0.061495020508976192
0.007603275679293269
0.114740950110248471
0.053533583150321071
0.132003640387839433
0.025653896057941682
0.038118053896217557
0.021432651786959078
0.232231007991922228
0.053594538048120796
0.084425301259721572
0.017949454343956187
0.061337412413075956
0.174744988660593653
0.032851427747342066
0.025051823594273177
0.096002264009780847
0.154550368017721235
0.027145101528634575
0.033334256764050531
0.028193245364418060
0.008925560779687713
0.036929634169505468
0.156600898697331098
0.024508413537598521
0.005402281734081023
0.009163372026849293
0.000593382950566127
0.003425065976952737
0.056722903258638907
0.035339072231899860
0.112474790846775183
0.162520408490858165
0.012734430582446367
0.060397803500585406
0.098101584321574731
0.133526715200379287
0.142763564761425488
0.137916876553029033
0.049226943890181084
0.067408475357523090
0.087527496757289339
0.094672574432027590
0.040757388351048023
0.065388996696912685
0.033239900142707432
0.091232664400774571
0.025145304112136550
0.096494824553692321
0.024114847690866525
0.081555510603598363
0.023645638448852601
0.017773244711647550
0.021792771046722413
0.044727702756148693
0.094457571736673379
0.188038185631271282
0.013704744458947104
0.162558005501797997
0.031674986489939605
0.341389119436767252
0.400000000000000022
0.023128082302393837
0.054578599949794748
0.101484645767608378
0.226104917689929102
0.232136918807655745
0.341047204260857439
0.055471324105114656
0.018603268281088707
0.024172039162288311
0.054377060353422761
0.035723757121089536
0.115280579472368500
0.137247018454137837
0.011272827977003661
0.001059908756118624
0.083802863421398477
0.094459192263151109
0.256172750388048098
0.257990113057662007
0.030794990396265622
0.044292173635018008
0.361456126427304070
0.173157905048904548
0.132204373749149784
0.193408754293410534
0.139774249773287257
0.166112461675496564
0.169433391537739508
0.157505988905574795
0.326017135073456921
0.383188792322983973
0.260885848083015515
0.311066656672266628
0.154540276678647587
0.097613556644454938
0.400000000000000022
0.400000000000000022
0.301490960064769109
0.400000000000000022
0.189510192813167194
0.071924134269929052
0.399803763450456207
0.400000000000000022
0.111376974293374648
0.295596057561284375
0.112088862461222488
0.400000000000000022
0.366043804441482878
0.017483334399006342
0.004675421410738349
0.111729865173561121
0.152546448543971813
0.400000000000000022
0.400000000000000022
0.074664396425414295
0.011532366862384642
0.000568980790046792
0.075773934649999486
0.087469821102223622
0.169353100473571688
0.111423140276743798
0.016153505978397022
0.004311480463490919
0.009525750783530617
0.062250825464546619
0.169406583204291528
0.216514385699325240
0.050052952053205722
0.031725711507407647
0.047019229212910088
0.109651205967789864
0.168177873202097067
0.235571498719570421
0.388211569271311174
0.208270552331773939
0.238294461229165866
0.194028237446589202
0.191528868727969454
0.299946752523816806
0.357946982756663312
0.315736899134882731
0.400000000000000022
0.169738443710530706
0.178074244670669596
0.400000000000000022
0.096252124979174875
0.308878889071553420
0.400000000000000022
0.145914851778193799
0.392252770341544488
0.352357658601210322
0.088366168756762495
0.212178911529085495
0.400000000000000022
0.142231966984797897
0.065692110258035952
0.121450783571468213
0.094679246765518199
0.182932209578560379
0.178429783125542502
0.164124140697555099
0.279210951024689680
0.053703035412752190
0.032592518367975970
0.002093301568586114
0.096978299607159812
0.190347425212042232
0.376894826234408620
0.096162457990128819
0.018264434129883690
0.001940213293485962
0.018820954958057232
0.096570283664265011
0.193995438988527308
0.246180906903840452
0.063929513848580463
0.016436343886731986
0.012307432823289895
0.200166479160251598
0.188631059801661144
0.284590743877217167
0.123532533930084010
0.071301848097560627
0.178332439205310445
0.166264520476524402
0.162359264945553666
0.184816210783281504
0.027450597416826678
0.010414482370468676
0.101511517168259874
0.165700801795779368
0.112523740997749061
0.289355143549186344
0.004127725185323080
0.053568149927269805
0.013547030793854187
0.074587598077376249
0.020911339955556604
0.109675875938653009
0.023890989409725397
0.124123528346172629
0.080016856663417790
0.066851341554381050
0.013037717110898153
0.208518703571270725
0.110933480259137948
0.076423400481221884
0.160018865032320823
0.045539504512287637
0.131945522037131141
0.030115677232931189
0.027199173579714957
0.002510522280131448
0.055174266245335522
0.126774821079903094
0.400000000000000022
0.302762536347239986
0.021601164371424526
0.051937711288194729
0.050037699466002658
0.105382767453711557
0.231612310826325940
0.254006724671135109
0.032854968468030557
0.080546681273363466
0.059266052147713306
0.242902937966316901
0.311646603387191579
0.236514166211047538
0.035492223482130943
0.033507393230226591
0.043081595913981072
0.129691622422583142
0.316282420006995968
0.170074608536191413
0.004374169053017265
0.127367768917012070
0.020276214135340465
0.052149040512947609
0.000916473127125968
0.000324717630852530
0.000000000000000000
0.117321186118633652
0.014426065172022180
0.042193202527739462
0.004953715826663349
0.066199456853448052
0.050051193033388723
0.139627305682863218
0.054241622621992690
0.073015391885483866
0.026148416401891007
0.155751242764330888
0.215150386458295872
0.114124201319908886
0.146379465801962677
0.007790656985049127
0.002972590972822910
0.041204017512576005
0.051968262997495879
0.006942218422159609
0.012352426021685702
0.048336655297295930
0.331391456179647992
0.375835046824794072
0.313669998482408174
0.400000000000000022
0.204028206112021215
0.194185819647015062
0.152938335037300976
0.175621824768773221
0.121441142350494385
0.400000000000000022
0.248025711651284564
0.117155821315666736
0.111125193992551219
0.115025515367814912
0.065540556743743678
0.190810882459160613
0.063521875402358791
0.166577058380686427
0.102844574348737283
0.064059351815552626
0.010459239211622307
0.151106628698496670
0.051858653788113496
0.046335513033700954
0.005720972663862998
0.029428901807336098
0.021317232980273968
0.048774017084570895
0.011413631146392995
0.032709388931577599
0.002491623614158600
0.022225815806142999
0.003793835022980236
0.034844163308765733
0.047600324998925352
0.138031834779760804
0.087697822194670594
0.179605863395453952
0.237144616135062269
0.171535265423931133
0.393322101161858395
0.063911188079368186
0.004517568959394433
0.078633604408815200
0.334397267544048415
0.400000000000000022
0.214240142759672236
0.159921670402991684
0.127906908253669571
0.245875192556408217
0.368908887777165573
0.400000000000000022
0.384085764759588610
0.256406333637105688
0.368254914584797366
0.281400905884708064
0.229364965395726705
0.383903950214859457
0.369058185185542953
0.173093539283203396
0.327552438955711234
0.267107459968255578
0.178262197477654039
0.400000000000000022
0.400000000000000022
0.171718038829724140
0.226267716758909554
0.171883223926525386
0.021722257926644575
0.160358161247558834
0.071611535333606119
0.125515917465200855
0.018551855314064579
0.306572593382534508
0.278868960594226500
0.153390946306546150
0.083270124399340839
0.115879835576007853
0.021086612584524430
0.355266157080752931
0.400000000000000022
0.119116975191696839
0.090645113284981177
0.047949514919702202
0.054596694975238821
0.099183695258329832
0.103388391324209267
0.312436998476327166
0.396900548933847741
0.018265087960768474
0.003264342775157223
0.013988210592467758
0.144486755182091059
0.400000000000000022
0.400000000000000022
0.083939685074769843
0.140979797639470966
0.029409446350198619
0.089738843120481859
0.386871440172731451
0.400000000000000022
0.084010056632562710
0.170035047429823338
0.173073376332098600
0.217079537101625863
0.088446781042689243
0.157244834541415857
0.131236008088818190
0.221251112635843378
0.271078719312418892
0.150917675325915268
0.224149203159401345
0.301914382903979484
0.103395526241946478
0.102174395992670766
0.200251686629631886
0.031968630837271764
0.143341467839884662
0.077933377090327466
0.151779955877251765
0.020547697478502297
0.097857987904669708
0.067651582971928026
0.130010697433669359
0.077149380563733008
0.240301623455484004
0.084237926038395847
0.400000000000000022
0.384493953080492445
0.220296161934079665
0.176554528422509460
0.112999081482767633
0.049895172973516352
0.026104245216461694
0.343675683339015214
0.400000000000000022
0.279481696842543426
0.006844559625969662
0.003151251782926728
0.013030435814381871
0.085016641156143866
0.170023114032030243
0.331671363978929212
0.051224732080365501
0.062116594564202092
0.074631083356190425
0.076521109532572962
0.068835520806492051
0.059573884680384520
0.132379692946227839
0.295444658660085013
0.250298065806446091
0.220114126989146314
0.090997320064673912
0.053456769459613127
0.220022226766674905
0.325509658773662724
0.251772147504280008
0.272482653044352652
0.204599893900870911
0.077230420175022380
0.257735441778347840
0.234351750876079429
0.071661400335201825
0.049272919983627712
0.214870978200210450
0.053347187324205556
0.179992036894547847
0.096858347274702813
0.115384240498558138
0.068181272796462675
0.213989982566183096
0.067103037934182791
0.400000000000000022
0.216144526150693489
0.254051575967924048
0.168506454983893161
0.187320742779563398
0.100211130900379058
0.107815196222564372
0.177557477613976167
0.049046543728640229
0.389899885030503102
0.400000000000000022
0.219318985735763333
0.035786147433406607
0.033334256764050531
0.032881482264876354
0.119173230682266929
0.099015410196795273
0.292945138181436415
0.195683149749132729
0.263458185717606708
0.039681356067712524
0.153254493790685148
0.056498557518027112
0.151032645259474935
0.301465042113017168
0.342342029497548217
0.198988448404715329
0.152661500435956665
0.154522653574660329
0.186154692546285083
0.238882699156475087
0.400000000000000022
0.211637947673325527
0.242930370676520901
0.100940592448408126
0.090058195342444330
0.400000000000000022
0.400000000000000022
0.144509168357047635
0.124336874981062231
0.146540641003985200
0.031988006095904131
0.256865723948426938
0.085593108967594408
0.113439319803084956
0.073796129168428926
0.052475379843068409
0.064290741977444596
0.357841821305004526
0.172450110471903256
0.225623273504541672
0.072586835918425185
0.177342730395585790
0.107981249494489034
0.380740584552328232
0.400000000000000022
0.041976542737111613
0.345608563735040897
0.313225108002743724
0.400000000000000022
0.285004497455110417
0.343468360678473639
0.063207001884109035
0.294392203421641629
0.138281526604078692
0.293531981926802465
0.262333239315516664
0.191945561729468223
0.141047251080615388
0.286484453170383069
0.060684546094573043
0.393681031881984000
0.202550776434816393
0.400000000000000022
0.282666879934630133
0.400000000000000022
0.189596598487795476
0.400000000000000022
0.396577780561272686
0.400000000000000022
0.256898539729888409
0.400000000000000022
0.234824986249553058
0.323418079313373630
0.359663423333321686
0.400000000000000022
0.400000000000000022
0.400000000000000022
0.400000000000000022
0.376946429551299866
0.382455659588388008
0.400000000000000022
0.400000000000000022
0.400000000000000022
0.400000000000000022
0.252707884967037166
0.400000000000000022
0.400000000000000022
0.400000000000000022
0.400000000000000022
0.392383177684753059
0.221648624522903848
0.400000000000000022
0.375687848517147760
0.082444175524093694
0.195163956430286417
0.158766934170367774
0.275658787079394452
0.400000000000000022
0.400000000000000022
0.075851902310804992
0.325726141532377667
0.101395057850073828
0.235815574684387963
0.400000000000000022
0.329686017348965521
0.117862393263695214
0.243847628365849611
0.077678839131240879
0.166287677628048136
0.289023234831691012
0.394241265537988772
0.219521792580897213
0.359988616692756058
0.127494007648391278
0.146157974990737544
0.221586648667758623
0.400000000000000022
0.323425936212962895
0.400000000000000022
0.247895847221821619
0.323468285783868159
0.400000000000000022
0.394698639740139079
0.389090421870885494
0.400000000000000022
0.400000000000000022
0.400000000000000022
0.400000000000000022
0.400000000000000022
0.400000000000000022
0.400000000000000022
0.400000000000000022
0.400000000000000022
0.326607243821653237
0.400000000000000022
0.370617244651129996
0.388562189245775569
0.400000000000000022
0.400000000000000022
0.400000000000000022
0.080119290426703849
0.151327228246027318
0.156831357027664792
0.212351714346773524
0.247371712859400933
0.400000000000000022
0.311653936656101027
0.064379835249560452
0.182770757773038972
0.057222152421721614
0.163823123726640207
0.400000000000000022
0.400000000000000022
0.099482293510960204
0.073988214102702357
0.046514008905875204
0.056027249557273825
0.207799697298922253
0.400000000000000022
0.258017786809589256
0.142456510233147454
0.093865074923844286
0.030308734359847204
0.285297142685959237
0.400000000000000022
0.336529674439494386
0.167621439618252044
0.117742331013876989
0.205646788894066790
0.328371484226782917
0.235521261974167090
0.268140987110850160
0.134403539980556347
0.028592456078809579
0.193140681231707412
0.302273259037361908
0.185804959198683672
0.334834946251064913
0.211442525633336570
0.103859858121330750
0.098374684435387882
0.291867406179405875
0.182642192699338540
0.127710550307022719
0.181481928713585872
0.223082503329939674
0.166302259356055138
0.193753884979381785
0.031549619497935610
0.276890974211626562
0.161810285332597559
0.088777916743096041
0.342050974820334863
0.072221328752497829
0.132571167613470542
0.032939656424622175
0.158598083942767532
0.055304612259049049
0.166690736143224660
0.287350938147045376
0.400000000000000022
0.306068228131897546
0.047523044751174588
0.197089284953667676
0.188125228983852810
0.321191508116279056
0.400000000000000022
0.290873914085227947
0.193042993272765917
0.203789289241749771
0.099566292386757987
0.366791947856194955
0.377829446557275794
0.346991914853758965
0.071993879519939297
0.131692923469207190
0.133242790161467395
0.248897747588459117
0.383714228521209733
0.230260813984391133
0.071745277918070199
0.248544720750514342
0.140034406157623081
0.246763941891171623
0.061180551800018537
0.053017757137715824
0.151320512906726934
0.248946207079201398
0.153107182749026127
0.084885691865022025
0.004953715826663349
0.066924441469781729
0.058529074843252982
0.248455706005819066
0.131276766411033363
0.142582206539470763
0.106133067397365041
0.400000000000000022
0.331531474107688351
0.127109321386913499
0.219125548722851532
0.017402344278230678
0.008678483125898889
0.145641861427213970
0.273165134622177896
0.167793052917097452
0.097938824039257091
0.069068441418632415
0.357852714910784298
0.382493405390131658
0.343228317586398268
0.400000000000000022
0.383035130934011536
0.262506944817095189
0.399581441899637069
0.312684954068635945
0.293784552849171099
0.400000000000000022
0.371605582521820521
0.213373601655716366
0.163207475315674061
0.185009835000364359
0.122940886574238031
0.400000000000000022
0.342704174533997041
0.244578783273927347
0.150779345391848785
0.117860242137558066
0.069836171658370208
0.215064004741792686
0.117881773192432759
0.072270633621857011
0.007665941892801472
0.136686700661813515
0.392381808351422334
0.118878560024214527
0.065743579218860690
0.033044085307150160
0.002491623614158600
0.044998778388608829
0.084489038523637872
0.149749391912873231
0.122639764754362737
0.256498147966860657
0.189538636787118964
0.166058419325819356
0.171240258541595691
0.230003407502260199
0.429288192356560128
0.205036472517768298
0.163110671492337128
0.066157756787511429
0.136850595046748152
0.227760051783805761
0.367803689903673792
0.242533164636859977
0.302456157069966314
0.178953342383323305
0.159112375999533678
0.292193335248631947
0.368199067415907966
0.221332885349299319
0.411504366119423426
0.264583623991882899
0.241247691210784321
0.251908165400238637
0.226650593807892320
0.252606416731046279
0.376196293246513269
0.276429885177971457
0.274110216546351260
0.291493609313860202
0.223558980585615547
0.295895144300978796
0.325586106600243175
0.238601381222952935
0.226015152150826487
0.240800401061769476
0.183818780300336521
0.272059857715987785
0.208390311317161125
0.240435481100697457
0.305718038097354261
0.243176878376979849
0.183096621449961527
0.285318081192906192
0.234041273413712281
0.306009983255468188
0.316250427028870573
0.280643927370260560
0.205807252798144630
0.245807716640498886
0.128462341903921473
0.171305917710610212
0.337292103014157518
0.257757646098351723
0.286607324920218953
0.226720909552451166
0.123243267761620853
0.045706217577650733
0.317064193363292168
0.240879875359063550
0.223965408619123230
0.310983290716402905
0.283382707090339747
0.129435430557203551
0.255128001580083974
0.305575390682267800
0.272475886339503981
0.225953428576780746
0.407474124839549590
0.229628570837990653
0.278197783738456272
0.252493143702930689
0.253921611393205238
0.243007738045506072
0.355891003760011704
0.264124818311017195
0.288961564360265877
0.281031904851220538
0.300849820610099239
0.295530178109381203
0.319101843188705603
0.224612201583117066
0.217871383436179039
0.242412014049264740
0.209536055837459406
0.277779852458418575
0.216717804726183766
0.228465911372608577
0.270623875928547530
0.263078635380253500
0.174119467720151994
0.306462840497911726
0.258660017718142010
0.292388234021807858
0.256554322606833363
0.286811738760041457
0.210013699941920096
0.310404176306070867
0.185172149604833941
0.186363893914490403
0.253235755868851886
0.272216334332714638
0.398228968647066695
0.218985565870671944
0.191264738483683000
0.065321374247181652
0.157667975076942524
0.239574371562591981
0.351401116773054689
0.217946667010713441
0.353007789577678033
0.215635121834380605
0.131912675212033537
0.248369085799476363
0.371149322382206381
0.213096456107866178
0.425243435300482864
0.337404343560003095
0.210879990304455700
0.204792374356913692
0.276385385216617208
0.285861137797856435
0.406726211532309923
0.329028788656862747
0.288945442789656892
0.295609722267088038
0.273062252772269420
0.325267406552469329
0.363155355907932575
0.264196632910479901
0.225888589297267267
0.253011501475549572
0.173934641152394182
0.264414559811034844
0.215375996862393532
0.245549518790378951
0.290123628156661872
0.244694179139706064
0.154837981227943844
0.257610643298615105
0.223421946509541364
0.299219479554478973
0.287875531076021540
0.227514029920845490
0.188514264162940093
0.251147246377330324
0.150263513170520141
0.165614371973170527
0.370737519064352095
0.352682289104727931
0.364190500116052918
0.212617739727279959
0.132828004096534058
0.068203802451304127
0.314843656516627157
0.256009469953797475
0.246301294216708572
0.251799858487273098
0.256710836508540263
0.162649157002304090
0.293472223712895830
0.273426208208288279
0.220727358557564562
0.311485447151775396
0.392310848078126329
0.237295276419858953
0.334700193290011383
0.220366117672967543
0.195495939803080832
0.291828772214981269
0.402742767121301193
0.285559663005253206
0.324464931611312568
0.296319546453470029
0.305917606787134699
0.312907715287380317
0.346098347641012660
0.254534521376628020
0.234500137387997520
0.242179119823735745
0.217771235413112857
0.264146566671733529
0.212555995709115347
0.236680599165757066
0.278443664525782841
0.246016356675256870
0.175102272816914817
0.262963176353407713
0.236313861029855909
0.278575143229734090
0.249916613826522860
0.250611362299363594
0.179179385954771953
