0.326418013475504587
0.092655431052900208
0.202652462711222475
0.113425651663144320
0.151334892789856124
0.061986983607672075
0.106881987863279057
0.058517448252841005
0.113052187959681791
0.354401723742886254
0.400000000000000022
0.381185912822963380
0.153967837812268193
0.140480181493894241
0.208926452678648122
0.112954464395742721
0.063798847212054449
0.008448389737057948
0.071223883154440407
0.149165665016813914
0.166884766152350067
0.338162349647854077
0.400000000000000022
0.335564712204336923
0.008682674876661441
0.007766323735016576
0.093712915523781942
0.088910843798245806
0.091813457326650166
0.051522399549787518
0.047761863808894592
0.034836589883794941
0.028879886651279239
0.039063461274015054
0.251737781205553623
0.123715893543451722
0.063662293401183345
0.043702870316846262
0.022555763255991970
0.053095208462351114
0.394586052927287212
0.167258555787134278
0.032470232272129390
0.106875453538280457
0.318826760329784908
0.166239414436280764
0.400000000000000022
0.151991487839274964
0.127832998022741451
0.278094583193408185
0.221202145978852738
0.049934414721041327
0.016753211481734399
0.097058196312672734
0.134998115683802877
0.052745782267642344
0.125053393583100664
0.069904798693912862
0.131685980547018050
0.344565462140733192
0.071794459970101351
0.071222276474691371
0.051625593163884917
0.070873977785336661
0.034616505551057900
0.009382276684938021
0.025237877716636901
0.052930484927625601
0.040247109596250524
0.303224290362703708
0.199402165965997274
0.076488700974041257
0.047450115003770499
0.000000000000000000
0.001450756482031162
0.158787687350597534
0.061855771922062999
0.009782515809790752
0.033669046874425276
0.015727551876399310
0.007339095966748204
0.195241202209588682
0.295698715354006714
0.084306674710821775
0.054260340017482249
0.027868286214263238
0.030609773363263586
0.250003060154268153
0.367519670379092167
0.089896318169798067
0.085165696257025802
0.015373984094994976
0.065316068388663343
0.304766557597573984
0.283466436744801709
0.104098257155354923
0.067184913345216160
0.072613554119738286
0.252690910812171543
0.077489589451183560
0.034671088690950466
0.018866014053234528
0.113412023582095844
0.063344204078751354
0.296650056939223972
0.108859175535965885
0.089891705999999183
0.041186337926801188
0.146922731095332437
0.013824336806211692
0.067673035088153838
0.109716973378608196
0.057751220114300450
0.002320555828583857
0.078077867539262311
0.000000000000000000
0.043523665422746390
0.030486120489322539
0.016217766182712048
0.065000185305514366
0.009551072034443053
0.000000000000000000
0.002517754829249805
0.029508058079906214
0.023780893355636441
0.035518631304855157
0.008300827262657871
0.001598235482288445
0.004225397211779190
0.079328708186017380
0.055585465404106069
0.031500130732051421
0.017433742386028094
0.000587153178027554
0.004382193390465080
0.147651204805248792
0.066668216635267355
0.028270887325772508
0.032722621266645657
0.011704874309892664
0.049636352217530114
0.066678082025407093
0.046178412916682655
0.039184151370782815
0.153598182592732474
0.114513649382762386
0.108967439873541821
0.069561428969485764
0.044542211172706840
0.012847760859469358
0.168543581435227185
0.093531431706981777
0.189545697338048297
0.070096601162236344
0.121211591225078547
0.018854824849030071
0.182473464175541833
0.022309363539283669
0.174581298397599810
0.136809942219875996
0.105059979367931960
0.060396232456175078
0.062938140888941674
0.000200821695303747
0.070202295688469918
0.273694947162363977
0.124391990463569357
0.215143300445351598
0.027886984335946448
0.000000000000000000
0.004922650952921211
0.337736980448087643
0.133154682686337567
0.029685475907878994
0.051292540760181082
0.003121113158190538
0.004074282302257904
0.119599264062198701
0.124879328274964951
0.074116327295968801
0.021230322145712473
0.007249864405664152
0.008479346438202025
0.257841764579286759
0.199265924031647695
0.057394920861115674
0.025029043061448483
0.006465081224265057
0.066026909717683074
0.155604135113646985
0.212948492076867418
0.099142583515478735
0.072460025222998103
0.092623875309153295
0.040188444016207726
0.249576907363703138
0.400000000000000022
0.355050583219842952
0.106812987638677290
0.072034079170992027
0.110335475947220277
0.144000589619758840
0.400000000000000022
0.155270128268963276
0.146475120231999545
0.028707304219038811
0.106056208413670028
0.256606653786400352
0.389016169165079972
0.113554518270388233
0.030304207909671210
0.002037313539137110
0.137757264380984845
0.254959337127342256
0.233629585509200099
0.319254089589609880
0.202287914205311947
0.000035227033093746
0.313220086813905729
0.348438318003364333
0.400000000000000022
0.307846811442063606
0.238248246449312445
0.000598083402122464
0.312752955364434371
0.267355638594894363
0.381400129947742306
0.400000000000000022
0.067580118807425330
0.011930096045170683
0.263240769366946237
0.187749403164516521
0.400000000000000022
0.400000000000000022
0.028675798500236920
0.007379047952195211
0.172781649704750684
0.180441719454438598
0.400000000000000022
0.397628491984108212
0.028531530039715140
0.071098804601281027
0.103476104382888429
0.329612831857290511
0.186838276016753402
0.096002461567242542
0.042614028385962052
0.117062228651360220
0.148675760475520335
0.287040890977198759
0.223264768289311744
0.067008002529527419
0.007255190355470666
0.033983556612274715
0.197171418565213474
0.099556300833688632
0.396847465918061082
0.166128689655619416
0.035567532024928704
0.013244320381738943
0.166793361498246528
0.197035759235704266
0.153889982409376569
0.170476785132822412
0.285123804168076922
0.000000000000000000
0.124685408004550302
0.393589105146231022
0.306995051173116484
0.128446211591511650
0.396692123893713333
0.000000000000000000
0.065754635139628745
0.295809686496734447
0.167748521234337339
0.173002443249811372
0.115623934935876471
0.012269500391234376
0.072106853973508259
0.271541673146850127
0.171210208713871714
0.176693368999079281
0.065382461066815764
0.012487988361188087
0.048428814102075751
0.120748725693924974
0.400000000000000022
0.070769103575055170
0.113837864557155041
0.128086864749931945
0.100151521391481521
0.125307865794707762
0.135359164671713050
0.039681974940704079
0.067081989412452636
0.083395757222323674
0.213737073001130262
0.106875235341088698
0.123785977709433448
0.028970869178263994
0.030877674209932239
0.037399577826212851
0.258834072945900884
0.104024268381480323
0.116028502912500553
0.185806452000432332
0.093355273241644235
0.006965804597406006
0.126502026354377572
0.114325247531392143
0.063098303053953766
0.101661750759179700
0.131155641408332330
0.004984347839892729
0.051002884958059456
0.249584617639175832
0.068657556582076992
0.022255018045586585
0.120117842054188143
0.002398287711434533
0.007047902518875875
0.159408487800733800
0.109379151327829591
0.068407512377005042
0.400000000000000022
0.167225799619800386
0.027936404389057638
0.309218158051353331
0.145281202526650000
0.016794518977501029
0.246716716035933481
0.137398344124708333
0.042721170182095126
0.153449069121522674
0.088949329032908392
0.015356207867974463
0.139450684616896636
0.103322408990248540
0.080591635141772242
0.085219638460564087
0.026510910312876591
0.025549741870881850
0.036956552552647390
0.054552856863774812
0.112226863032892643
0.194435472684370891
0.115783880105548811
0.032249245153747649
0.125259589991686765
0.119619443892137772
0.304568884953822949
0.154970182385265304
0.117828113223862718
0.054210452506190096
0.019105625673983592
0.008195050968298506
0.110557939293649279
0.081059063554623459
0.058341573861245902
0.023061256943114661
0.018316841624089180
0.000213595262239180
0.059897245778437788
0.157574356631469403
0.041394786105411550
0.000374880468704148
0.077662659142933188
0.000000000000000000
0.000000000000000000
0.190447821131632833
0.137481837791365691
0.014323726965347967
0.228253289846536478
0.123028241503110411
0.000000000000000000
0.127870074679314938
0.149845306828086861
0.019411477661743736
0.262782418133822637
0.400000000000000022
0.137215466096317545
0.084193481207899129
0.055058413066811647
0.019605467812428584
0.090596746059231154
0.253762213345373300
0.327768171266119512
0.149716436876872860
0.148492349302011856
0.071990710234255587
0.062043846841409324
0.086072714664325214
0.069490691700296717
0.240819438410069142
0.174676079304721177
0.081092668048539193
0.024376214591515878
0.052685364195256615
0.179539852760644159
0.161192081661075126
0.269321568140716616
0.155068438523908614
0.093375795057388744
0.027916190955222769
0.059907887196084461
0.113084750617609309
0.089743696569865250
0.060499012233685229
0.046547986185587420
0.017832735686561029
0.044721987696035359
0.207904362311174096
0.067008257115554096
0.019624859771267700
0.033630233252210047
0.001544934093275665
0.007812742418536640
0.327948119526336068
0.372702306176187437
0.103505639824166523
0.033032354288847848
0.004798152286071774
0.009923555877311092
0.103267327024981842
0.180245159746264927
0.066335786533110230
0.091746995207608401
0.298487133957227868
0.201194434653068854
0.050591017149988877
0.086018788801594484
0.032586806370596390
0.301918827312668059
0.371233936046140189
0.400000000000000022
0.072233979118848241
0.163767474365380222
0.135925500109769420
0.149609468826691183
0.147217487849080148
0.400000000000000022
0.171042238201852381
0.249465077203272989
0.177628278315005689
0.117723236610545720
0.147458038637179434
0.012984141471179295
0.275320046822790987
0.400000000000000022
0.237832712467213298
0.190608539425215218
0.076973974710847493
0.056132691604410895
0.206278329699850715
0.277406699963665015
0.074020082046129365
0.017172920726070160
0.024324923996098546
0.070560157128170070
0.164273857587050126
0.123398440421501415
0.024062259937749485
0.005562694458187056
0.000575335420524639
0.002996037894993691
0.173617464371273428
0.294218009026372629
0.078590307012067304
0.045530965387074171
0.013287905982367839
0.026058142393254574
0.103794217680210826
0.370755697437635034
0.071526037093019787
0.044587459272210139
0.275111597786343698
0.175611576258815849
0.079536212783611324
0.206308688310525151
0.040810975059622910
0.160121326336688186
0.339947010426657203
0.188372456433608920
0.061546672714115180
0.050930552489740176
0.235623968365537562
0.098252297718649295
0.135718589289536118
0.208286548629891599
0.105136014152917595
0.053605995156035660
0.247436935792525847
0.282978443883650010
0.139368982021370602
0.060386238962565147
0.124617733076188036
0.083107065865194160
0.156374860620747791
0.088012742050765674
0.194289217224353661
0.077653596526831167
0.015132240893648841
0.040566087768356629
0.049498276266518648
0.042334895146664178
0.073744329547685450
0.077178538637591415
0.018345295074500931
0.084648998168217554
0.045642610606436471
0.026845000426612906
0.000576755020670224
0.000438842190713132
0.042127166434785812
0.315821420808517439
0.182895403741767687
0.077748965315759783
0.012352614212068376
0.126122226791717251
0.024501098347570860
0.136079550034046509
0.088960445954533590
0.065466203772208464
0.105724644865648407
0.080706131753571858
0.040067497135507613
0.062662833519350133
0.044084063969602745
0.192176255362970450
0.111417576850826150
0.175020983678661091
0.068618340308187475
0.061842386006109210
0.066437261101483638
0.163542629718457622
0.204637624150279529
0.260022132441159681
0.083475130500443126
0.074045529097339052
0.044393600685265877
0.326407669244761500
0.228112768142429062
0.047317973424596260
0.060684199729888033
0.108754305173165589
0.400000000000000022
0.091172749696924182
0.213413315837891665
0.093969215086723956
0.028136668631142239
0.024347651158281809
0.054524649864235275
0.034815653785705648
0.082005368701415449
0.111578750460728487
0.047701586533941152
0.050906487684040568
0.049933627957005025
0.053177941595153246
0.001037200679646111
0.010557912485669074
0.009532938146629694
0.127335294803494647
0.165581234030409474
0.123390510960432617
0.015739809692170807
0.055200904539370849
0.023678821591991674
0.123021612684409754
0.228170465502434361
0.062698392398858382
0.040591415004663442
0.019311840364619491
0.030378036797050846
0.027089818083691618
0.053097454690622124
0.173955400233270996
0.161218964386121322
0.121355220753796983
0.062329591788732916
0.056131504014920189
0.069314508894725638
0.356898960324577574
0.177459503292112519
0.120276627440922601
0.078022205683014753
0.068006149107937550
0.048344261585000117
0.316613741304226926
0.183948037316830904
0.184709660102670897
0.081028024309498237
0.055202079048057087
0.070711786002987526
0.111057535115037603
0.223289325378698167
0.189331922126992291
0.076157753297350722
0.018549035510585527
0.009427661971881449
0.127033403918512866
0.173600869198490687
0.093166798293501191
0.060478763215648969
0.067915494267062157
0.051454695632617301
0.091456151721806628
0.016862833990113360
0.012198148491540814
0.045502117869760939
0.037823880726058148
0.043960159302326121
0.053709577840378345
0.047817592502058845
0.053337821630980699
0.047271100098091164
0.085523085477578503
0.052168436563153273
0.048543329062079366
0.091838375236531489
0.091214600789037065
0.079424214376723284
0.030173729083829624
0.007027254785350232
0.325420345991019933
0.090273207856664511
0.145304596583308354
0.080713380570859999
0.260722405174901528
0.266236497361895030
0.400000000000000022
0.118184239872488328
0.054201754517244280
0.061058834588433322
0.099233939464035081
0.271911613260072960
0.086882331321816442
0.163589126962904341
0.087009862434587054
0.047281684130854866
0.049462443655591201
0.235434054753816124
0.111651280636391959
0.083369513470870779
0.092047505919117881
0.097228541588681036
0.030979433610667101
0.103266056691542235
0.210566295498050393
0.300240508566166686
0.175907605768251596
0.162264803499776122
0.269725396265390105
0.400000000000000022
0.291945909927334435
0.274398327361913053
0.241749317575680911
0.268269989320127022
0.210294321980990018
0.158925126121181565
0.201570046571142802
0.232551799926689923
0.206109551953746278
0.186334125491385949
0.137890850438774804
0.121575655523313800
0.129481464911994359
0.086106075038896959
0.081732072148699791
0.088837372711211199
0.122186740398648311
0.079945612273405936
0.094069164760499868
0.090414238781878681
0.328867470973362830
0.176757486465036223
0.198155103522164366
0.175793630605106610
0.169154905637240227
0.122832517189039203
0.109196443524226611
0.085335818383116060
0.038063895306114773
0.155535813126202488
0.090501946080488907
0.138986040330926514
0.137264196722199860
0.051815479749643775
0.057031777330328125
0.072883371808848435
0.366437300333684601
0.228926010432862287
0.084537729565183281
0.089690034355445314
0.053458808329205756
0.060896197373809566
0.400000000000000022
0.335085814656795211
0.239570530060738002
0.191689806105521415
0.175904387127635620
0.099032499043144151
0.400000000000000022
0.374230099527555815
0.223078359696101458
0.174411673951100687
0.068037313507149089
0.040499383170834881
0.295236456017239690
0.337940866590191291
0.274537989423903395
0.293946319190831529
0.118839807363747427
0.060360949100975864
0.073381749717394737
0.114908955926510487
0.119853597785571420
0.109405084173983452
0.084512611313794367
0.122323572798677005
0.100278822730927517
0.036990231809302034
0.146476399264157120
0.039395763761050077
0.015585962489162521
0.011442668336728638
0.083706391945327030
0.093478227104544176
0.024520336636529985
0.018419438636865380
0.021091109760345596
0.037018348694215830
0.160150367886231354
0.294585591301871341
0.059308831288679711
0.045430075404841369
0.035391823610444947
0.034476008737703984
0.369717310427180257
0.261439970157074819
0.056012197077033907
0.078643275616081434
0.104496459274918019
0.050967066779668210
0.298478883292395247
0.241042167320544592
0.065769309607550785
0.041112118696617218
0.075331272040284059
0.041191735675653110
0.114247451504084260
0.256614530260259932
0.128068844466004694
0.036716551684928808
0.021970657854367592
0.035389326443841372
0.175415196837384407
0.325073846908748743
0.131125260567586083
0.054273663161774968
0.046001060228557697
0.060508384385148946
0.278587243682402175
0.377267069426825752
0.251077538077149831
0.090561842126755415
0.033346487730741059
0.046328680827144197
0.225061870623030708
0.129300676600739239
0.161298841778506147
0.021904225648999669
0.004059924776118740
0.004933202101582239
0.058863162684965248
0.148490216842868006
0.108554030129908413
0.060267300423881842
0.003003852567540929
0.016751138759333567
0.283169132686287628
0.342300032718362512
0.107196847529647935
0.049587988182892589
0.003318328754539161
0.006734696759020513
0.253159596037227763
0.190259081120020906
0.040825076572240007
0.052473567173183286
0.126905758308383493
0.128750160294878568
0.027064005152727395
0.026973651009185903
0.058740774718700012
0.011135699001752616
0.059478792375091079
0.054809742590121620
0.030662039881215072
0.098240947347893723
0.099003489088769075
0.004923932228081850
0.013200841921777203
0.035133800947236546
0.136477328074580712
0.272389260926048649
0.060710453006213222
0.007545440171143204
0.025833303020088245
0.034168722080926701
0.222257687918809066
0.322197924477381270
0.163626438837880389
0.122749403091628684
0.047235785642319020
0.030803659311666603
0.308098107782491304
0.159733206940832817
0.142348256583529509
0.040626334037196600
0.015461837958593400
0.012194773688396719
0.089898599764977466
0.122892028123838898
0.112928743125427777
0.124856074755892027
0.034720728828978031
0.083496349254488941
0.191837672581599339
0.267796301872066267
0.182418974030697512
0.101458453029193707
0.033379783750062675
0.017491755916043811
0.108525259962426041
0.197117621664021414
0.107378688954330281
0.057585403918268371
0.197644734326581972
0.292871850512836041
0.026515116779560755
0.011217123758517257
0.033975899516703115
0.007869910918053096
0.038958381331829772
0.089259280871308994
0.028211792124662245
0.070947224806554812
0.052314199446441390
0.001978844198053697
0.015048980293437727
0.061281173588195355
0.061547788283202079
0.069279305544602182
0.032638724617307997
0.029038861450389510
0.036748756027567379
0.078712849473647178
0.133635466156853233
0.171770312645326745
0.143700885779626308
0.118173638293552416
0.188942096723861169
0.220005834858353039
0.400000000000000022
0.400000000000000022
0.400000000000000022
0.185659630781992546
0.315102367155236318
0.197912483717441495
0.256491456689970254
0.205734936101921145
0.400000000000000022
0.400000000000000022
0.400000000000000022
0.400000000000000022
0.271691074422813927
0.284375542394497527
0.221910594149827445
0.336263968732694596
0.400000000000000022
0.246281102204271268
0.261832422579655610
0.226139639727661407
0.223017457756760962
0.393490880393771447
0.400000000000000022
0.386610705641034058
0.025855595602731596
0.032091247731115123
0.164273072651952012
0.253184701385295918
0.215211897748151582
0.075584659487537009
0.053324558267081656
0.035411925304319580
0.031875924546272930
0.212680925645288510
0.400000000000000022
0.202306200555519039
0.109193258788257516
0.056990776299214105
0.048613905649246544
0.156889426142561961
0.400000000000000022
0.238784592880154078
0.077057691544339529
0.368554425538611563
0.400000000000000022
0.245775627219892046
0.400000000000000022
0.192802462898897853
0.287954324359429581
0.400000000000000022
0.399543371812316472
0.111481087435156515
0.067683763971474589
0.332682164678210379
0.233250413402452145
0.188464371557178434
0.327888087055087984
0.175040812846830429
0.185291975703053696
0.400000000000000022
0.330909154566229047
0.210591258496061973
0.112011832126450050
0.195491710861524726
0.117723571416252060
0.165757137305685809
0.113250619767402583
0.247219702151979276
0.117900706123081678
0.312718944447121894
0.239968253734353876
0.125986977240559905
0.089785010150434663
0.073744329547685450
0.078629295119622578
0.177132982425098451
0.146504770090280512
0.055425126416227224
0.060514047301038175
0.016304306897069534
0.007777938157461337
0.237368368644374494
0.400000000000000022
0.267202078452589475
0.132009305333242066
0.040220900426331613
0.156732000154980844
0.274504158501838957
0.400000000000000022
0.178856764124331657
0.150631900029234267
0.121098628960643370
0.146022200142235214
0.319019301499855856
0.346129270264151856
0.148182321124957689
0.259361168708186596
0.184031130970564449
0.400000000000000022
0.146107929759371036
0.096513474697059676
0.085303275154718167
0.276954653300553466
0.267981828229030883
0.400000000000000022
0.192334306036409025
0.163937235097338208
0.085579938612067072
0.380621309309505662
0.241937104948640763
0.114991008512750084
0.170401173108496229
0.166505525287466039
0.400000000000000022
0.169250617236186507
0.213413315837891665
0.137492880509470339
0.058622789120464786
0.040565417340993858
0.119524835169749655
0.044366725820148709
0.082005368701415449
0.114096505289978306
0.077209644613847370
0.074687381039677009
0.085452259261860189
0.061478768857811117
0.002635436161934556
0.014783309697448265
0.088861646332647093
0.182920760207600702
0.197081364762460909
0.140824253346460704
0.016326962870198362
0.059583097929835932
0.171330026397240459
0.189689829319677095
0.256441352828206903
0.095421013665504054
0.052296289314556113
0.068948192582149626
0.097056118822457932
0.073268231000374273
0.092281606061404939
0.327553582826003442
0.275732613768883694
0.230322660627338804
0.131891020758218680
0.100673715187627036
0.082162269754194994
0.400000000000000022
0.270990934999094324
0.309822324778970870
0.148118806845251111
0.189217740333016110
0.067199086434030192
0.386940309036837016
0.206257400856114492
0.339107454481674453
0.217837966529374205
0.160262058415989034
0.131108018459162590
0.173995676003979277
0.223490147074001916
0.259534217815462154
0.319019094356660760
0.142941025974154867
0.224570962417233039
0.154920388254459307
0.173600869198490687
0.098089449246422392
0.358682048620315275
0.201070176953399737
0.081140171540496284
0.142748692481987738
0.019983947148303899
0.016272430793798715
0.165101381931959612
0.162703209001023086
0.118076486598294936
0.074939899986090824
0.055067456907723002
0.061817168069182721
0.300363650507273539
0.284789009509226143
0.109563357424268926
0.073572372123527852
0.098303456460796551
0.157241510506720139
0.235028349490370270
0.243122221160697038
0.106169838300828989
0.365811877024890042
0.182897083165817820
0.185493040599516101
0.330290287934563165
0.400000000000000022
0.400000000000000022
0.400000000000000022
0.190218319043480355
0.164537230464464557
0.205059424208192176
0.400000000000000022
0.389785677181779588
0.233357451553815987
0.192296431181943173
0.193066070848257110
0.295204499035259693
0.400000000000000022
0.348988573024204329
0.141955488546063185
0.085406827010007874
0.229804770300102712
0.318749796281722730
0.264609019119867173
0.389346012182731016
0.364138355872133501
0.300250233333867911
0.369955456191472631
0.400000000000000022
0.400000000000000022
0.400000000000000022
0.398839474086807755
0.274751691704270773
0.399823918133050626
0.381202531528885502
0.400000000000000022
0.400000000000000022
0.269150165378568118
0.244481895971860597
0.395480644697691952
0.323374621697084641
0.400000000000000022
0.400000000000000022
0.158157263412231269
0.093485122991092170
0.254513721853450448
0.269279092165649825
0.400000000000000022
0.400000000000000022
0.122600694800215015
0.161513043383159693
0.400000000000000022
0.400000000000000022
0.384096393607647690
0.271796092172349124
0.211768934023202321
0.239894745840399437
0.257872203999746918
0.343741768750288890
0.261328663595426502
0.222543815655729893
0.097757136435959568
0.172969596943201243
0.322566270504482278
0.151371780583332394
0.400000000000000022
0.239012061464467851
0.379261904486937695
0.242170330814601265
0.251331091063429768
0.279904764030741438
0.207348790738582311
0.231372982506631963
0.400000000000000022
0.335085814656795211
0.317483238452650141
0.400000000000000022
0.400000000000000022
0.227478710634655773
0.400000000000000022
0.374230099527555815
0.288832994835730217
0.362691247346418111
0.235785834741486428
0.213501826420646218
0.359826830021279687
0.341994494352770073
0.340982843364268984
0.386960607324188022
0.290050016077619099
0.237054318100055172
0.138764210784210501
0.127396944287698571
0.168282411887647171
0.230153809867908454
0.400000000000000022
0.193092676373732175
0.214116687288082558
0.165077096559233971
0.246627920655638627
0.164703629555757874
0.150945127160875575
0.051124643277432720
0.150788381357779666
0.176873984326867850
0.238257409637660234
0.125294673977954074
0.144877087469779037
0.065989217872479827
0.191028042096163558
0.318533671011102859
0.311723502062132729
0.149454343786321692
0.151420326522945514
0.220282460738136315
0.400000000000000022
0.267310965041119564
0.182514223431411493
0.192968523147473592
0.167594762328871799
0.152628817538847911
0.374742607065081945
0.246026515160437359
0.116772194565610249
0.290696736335793071
0.143988828622361009
0.063446753721239701
0.234365293558272403
0.258031505479649370
0.135116746984880576
0.196125039485662594
0.131349809182197186
0.103796838820846421
0.400000000000000022
0.380322318512575364
0.159061664956643700
0.327117884042385176
0.191282262755207710
0.077302903362649972
0.384596850266816392
0.400000000000000022
0.293798708259244923
0.244010911248278117
0.122295816763649465
0.061684888695118664
0.351906239554000577
0.232623085590987766
0.241890476920278402
0.107123864109563746
0.030570835088995330
0.030482943972464094
0.095819715237612638
0.203043073706642790
0.220780893162801028
0.254702773108252734
0.118787732673089758
0.049000383913081216
0.350707842130974279
0.392386841228284600
0.375908184579574534
0.204558170568157893
0.121146441978401895
0.060945149265210614
0.272265221711211369
0.198454132088319385
0.151383015865889287
0.133532630727806773
0.185247332169629408
0.151811417237993240
0.045380846776816586
0.027187246271425082
0.118638020497137800
0.168710055633222000
0.100873578480502643
0.055184623058825759
0.108324699024148249
0.098240947347893723
0.099003489088769075
0.195371753359714712
0.150682679713142892
0.049457527912584516
0.341882108272361207
0.335823300595405827
0.060710453006213222
0.135415514850458163
0.175678609848175071
0.053580199742670434
0.378112613594492553
0.400000000000000022
0.300841904934197879
0.206942884299527868
0.102294198709130674
0.050409127124095184
0.366151302900290188
0.400000000000000022
0.400000000000000022
0.190342770914069426
0.163954187260605233
0.084185483922652293
0.151942446606386811
0.208964742788164126
0.182419434825724480
0.339355454106818555
0.209396808133699208
0.164589017303028134
0.216213887173115238
0.305214094126707969
0.340882915792009356
0.262650534690268833
0.302701351890779291
0.172560194439952436
0.201901055019814785
0.225033812619244183
0.167286576150414729
0.170670154535877694
0.287388430896447222
0.352185985101354626
0.073063102965148174
0.029049859445078288
0.078697887212738474
0.215774273229227209
0.105966638447383882
0.108884140642576677
0.061842025376872306
0.072492158899830475
0.060126941864978037
0.328617563928360612
0.383670198199846046
0.164786813412361871
0.094580142572049913
0.074077457830673960
0.042562280494619090
0.132306188475371345
0.216993915773832313
0.145048636006757409
0.225382461364461606
0.389862855134475661
0.344224661788185393
0.168764655443541300
0.274960885525455667
0.252592641228949422
0.411982125095621654
0.336028623340526855
0.380345679830502492
0.177609405202543369
0.222646603209589095
0.231655941114286695
0.346542065989158654
0.303450321461099071
0.344996633711537326
0.232709574831629323
0.286761382408055820
0.295442690089583682
0.423100187624018076
0.397685171717595487
0.273832286513139178
0.171500034152479247
0.278460153191393389
0.249673299233034135
0.304742592568136517
0.342628874059168143
0.127666361485555352
0.179047743724924213
0.239358492250625887
0.262547084288259402
0.229644670648146448
0.196912348712145024
0.124817936308353972
0.243979705495950799
0.246561136702518197
0.180146728274990758
0.256298717489303662
0.170818111622925983
0.122040815486612608
0.207849070050472845
0.348225133755344973
0.230033419208453743
0.317420518150129560
0.230451955265607855
0.166850393499902966
0.200109462269508792
0.370158884230893992
0.218511002577173652
0.320301736347630650
0.320588747963819642
0.271217576103699565
0.153617980930040199
0.321266975388300124
0.205493053626751410
0.309021853212439246
0.308398471005657870
0.391983837876299590
0.259285684398220251
0.234837789255396057
0.180639822904795133
0.245745884916012985
0.225914831065427119
0.401578301561852924
0.374394344893748954
0.304169150388426124
0.247907820874321394
0.232203411401720655
0.239615279430544753
0.381904270030817117
0.344592816650360900
0.289009587142675273
0.222583056654425848
0.204757387197386037
0.141319792640412251
0.290085365313771215
0.333529537843764434
0.243826386990283500
0.218440618526620695
0.184936880807741288
0.080591863875120781
0.236606607986782014
0.384754390049925454
0.256405596918871492
0.160085316501681313
0.202814786686123516
0.086598382195740148
0.155095974612509041
0.401990184185533950
0.381436605342501289
0.213028093280592884
0.208938911800952726
0.154575538844674926
0.134743410371095940
0.397799748496712069
0.393308645474599594
0.215742768117850731
0.198048851180326585
0.307070553534895485
0.225145407173419604
0.302861246973123832
0.321852931234739903
0.175872702714847146
0.413144966714008965
0.317811388239404191
0.384891747018698716
0.183671393188063470
0.230475976497906909
0.227225882674252533
0.303159647183029013
0.203822899952571662
0.277176074133768657
0.207427763097377732
0.269215086566566564
0.283929510927188933
0.389492756877270696
0.290339416152467999
0.223118685303733660
0.166640656906645673
0.267709350282877789
0.250777915268286855
0.324917884726706352
0.270860849373315005
0.163857911084930752
0.218754221464534632
0.272611698543562042
0.295794789744112718
0.305610241418530493
0.218159381078154496
0.127629554355815938
0.242923792508720288
0.250766853365001596
0.185753615511951881
0.275731626702028110
0.189267723432476664
0.101572598193647085
0.189599044756433271
0.334108258191571750
0.234573707504642848
0.287150667751722877
0.290917355141243894
0.158864905814802698
0.188870061070147782
0.347434857097942362
0.219434616019311857
0.244669019404407662
0.343240448346615545
0.306698609907618380
0.169256580416269065
0.324830832212106457
0.181632287092728995
0.280527677649528295
0.309268942211293529
0.373288700523670525
0.262823229564951577
0.241244103955213562
0.188698189817453843
0.240283001161548798
0.187063441430738303
0.285210739654372603
0.299880064253470358
0.281366573446667267
0.225308939299072863
0.249510984946361952
0.216153932004082977
0.265502926291568186
0.280774400985217276
0.284827701786049492
0.213757854981021983
0.202439878370542503
0.154866941658762219
0.229323254367896023
0.403496907744247124
0.287444494005987594
0.256230171787455052
0.204216162843676108
0.116716583681916466
0.275830139384897755
0.390235680502784343
0.255499922157448101
0.162467290686640370
0.231281798848396059
0.096985197529528513
0.190879483563148183
0.346668539020881294
0.350601572341257051
0.206303071611137451
0.210230805445412533
0.137263975036430175
0.201893991783217042
0.381642913281617258
0.376513323162134317
0.203414760774084963
0.146467016424211255
0.246108104390142607
0.247680666423186591
0.336790161931806276
0.340221343113499108
0.179357805148948724
