0.038408535915347541
0.087758346284651789
0.099003477809668936
0.184566905022117589
0.115991414990233868
0.087280039870594961
0.095796386968340613
0.076742031826045984
0.058057216946143221
0.351954538126751260
0.187796868346105733
0.025231627319271144
0.063010501434256211
0.070489904089170233
0.160289292422529761
0.153578529121080609
0.071415390333796055
0.064242090286670023
0.007798203613535121
0.059174214382148892
0.205061692101116910
0.070230355854628168
0.077475044204660309
0.061733651728394109
0.061499936332139224
0.091552477128899218
0.070091523864783664
0.031871718238693544
0.039534440724848560
0.032264513506632578
0.040251264782609056
0.095612657130112716
0.246113060297391273
0.027110052386621352
0.020198530822020902
0.007618820074281281
0.034817174019133479
0.049715144571942364
0.073794234931869498
0.042405178414891068
0.028719685515855811
0.008830287729942361
0.010416875991439615
0.006486447898227330
0.061381112784804744
0.037239192302370203
0.157339295064647111
0.075947804555931836
0.152241376858886501
0.033221794669042501
0.059488023302698714
0.108869059541883778
0.039867284198197649
0.025520639217628267
0.017294718550884335
0.019573151898560681
0.038961143717756025
0.103148634988226934
0.092807843247948413
0.048364554071581661
0.043885199927262662
0.030970735260634985
0.107071114002806278
0.060008451354447066
0.052996556424851078
0.128756405569767224
0.039385023183189510
0.088131441610432973
0.087267076206839905
0.089113962046981576
0.055173024576792386
0.065808502049783640
0.053855118619276061
0.157913867351297532
0.033534990291439110
0.018338496821544301
0.018405094626433884
0.020705751369547117
0.060650138383080171
0.061659122004040272
0.091507995984982049
0.020501768406296264
0.011318756885021864
0.011909174016298282
0.056591604003825097
0.043502066333685661
0.097701780339501582
0.016867533598928723
0.011695123133017189
0.000365441686427876
0.028813563409665482
0.015676984569066504
0.165357698167350103
0.019113104013865324
0.206327063460320842
0.131895256846688402
0.067894526278346079
0.149167259598515928
0.222601900604758263
0.063852442619491093
0.042014010259497435
0.088357431416809268
0.047950297146850972
0.143967503879708636
0.128319984985726165
0.076437219306060220
0.032978851317893944
0.084243319698219243
0.092371379918310959
0.096464047520286006
0.109722470726591859
0.121541764591947057
0.033412139910137785
0.042048053239067129
0.041267350414967582
0.034205456060389189
0.087836272986924008
0.068749726698873539
0.067695933910590950
0.015023631362402288
0.050343590302102170
0.034705546198954149
0.036648252600440565
0.023991486920121992
0.001856410082612595
0.020351605675891657
0.076634956088960801
0.036096354046764978
0.126495149679896030
0.069427076587474185
0.009502516448012675
0.004046634566531220
0.054690013026318957
0.057146760183374556
0.158442337829889368
0.043243676529813625
0.030164614335407541
0.042103555951413282
0.022808141692340890
0.114216258804931886
0.315122280453235981
0.039497579900338198
0.090101698225149129
0.106232572896615599
0.060632204523907461
0.103425423447186512
0.165759467398342020
0.104718544503000444
0.080785511357551937
0.054275767901256981
0.086732041197365828
0.215357676085883243
0.151068878703605858
0.114116044759532034
0.111971734268611178
0.180127257956617215
0.094073964402362015
0.235153055804320527
0.131409496639624923
0.051428199859824990
0.041999839738005085
0.092813889455351295
0.030382120065289585
0.154488573981838712
0.221189586673452676
0.036499165608821146
0.006090286198784284
0.022551905049529437
0.045426651173005678
0.090809823745390220
0.158382720801734489
0.079223584947333878
0.007481695220771959
0.123287258156279722
0.137904725864007538
0.109920311487190628
0.238433930766728003
0.070261781087357547
0.030629532429535693
0.049673937863167567
0.140995640663991506
0.096487172100692353
0.090755784816642204
0.022104860410899541
0.010085273351092985
0.325101428225834266
0.086523876950858308
0.099351278446708796
0.318086931426306674
0.090650589495697265
0.000000000000000000
0.400000000000000022
0.192653090018009066
0.261013421713698457
0.202644779854124296
0.203889649175765131
0.119977129704025950
0.087858946531389176
0.237479289166766527
0.294492001273047088
0.170904541781549929
0.156776224105117656
0.227188470758915545
0.189274310024708903
0.130502073274322311
0.324197043894230097
0.266464803422590657
0.160310372539409385
0.101097640947282130
0.092033617219479641
0.124553740962343049
0.096171940883647389
0.310648988784153035
0.117185763826971739
0.105231167538219345
0.062352338253316764
0.279436420685071574
0.055612742043521346
0.400000000000000022
0.126999674812721952
0.055101684734556608
0.213712271655893515
0.157158393115623601
0.069759194746574632
0.361151092548894603
0.106365221937592624
0.022970570157092609
0.297875914596577140
0.292810717628728900
0.068252253539654736
0.400000000000000022
0.237369384296668984
0.013964581154411878
0.400000000000000022
0.400000000000000022
0.165904097659297062
0.375354470381304539
0.087035873291975888
0.013908262514808940
0.400000000000000022
0.030660979377906850
0.400000000000000022
0.400000000000000022
0.191228422888707894
0.173377613984119883
0.212818602364893861
0.173593967758278539
0.385982088760631781
0.386755587737733442
0.343807662819093585
0.216703687791285571
0.144711262942253505
0.112223258055467012
0.213509445396255881
0.400000000000000022
0.325192856468828340
0.162241572805772505
0.096716133985993380
0.083436232900027066
0.120753508058794229
0.400000000000000022
0.140443695562363774
0.210753688273978057
0.167098130184492599
0.219868772744972824
0.058511997715369857
0.400000000000000022
0.148206870165389387
0.136210476564011945
0.257119592206494718
0.267397341003269173
0.099536183240528028
0.400000000000000022
0.152024326387367514
0.034043176459828718
0.369111156085988212
0.229860228685671186
0.082809931540278631
0.400000000000000022
0.257259614868620479
0.023059952794331193
0.216498415010631273
0.371036027149974745
0.190188717536625418
0.298513014621906381
0.115662216975301047
0.019533769475465791
0.310007337456462306
0.065116886886167236
0.145287468411118365
0.295992581394262433
0.279049957461210862
0.178074849284108022
0.167806301807163161
0.049574616016398836
0.114998570436909017
0.340751147497498519
0.225817991408045871
0.071533791466333263
0.208592316174953774
0.068245369708892500
0.106849502116411657
0.334735480754821846
0.355542112069923033
0.141950265174032531
0.104563647184668512
0.090799160795037928
0.143249103378286724
0.276373037137687572
0.129166906402873621
0.278017514808831578
0.166728052233920621
0.103509778922280152
0.057450596533052414
0.176763971155422639
0.121156443864169142
0.139900960809546088
0.400000000000000022
0.081232639307350488
0.100816584814708662
0.229279645622527894
0.155053961478243157
0.133614752288630373
0.400000000000000022
0.138424059362382695
0.086103480366767224
0.220128934647134622
0.084116679505856634
0.056012788791050483
0.137313373240877334
0.279998000619648801
0.109011821348445809
0.073701617673460590
0.025446057791876083
0.005747923109184896
0.039427448191652247
0.073802869379501715
0.049383073221984375
0.047981227717755079
0.161985066505388020
0.207852837224707099
0.187813400361502292
0.081850851853146445
0.219696226437396142
0.244185955519032272
0.196740147270177052
0.132593520833716755
0.076837989317878386
0.037689599504862163
0.067490330852329958
0.277061469019262319
0.230423932595543279
0.267412171550453714
0.091390443474499761
0.057309039621280797
0.053546139801131751
0.234188041259636714
0.168252475563272386
0.336986171342653629
0.178066173818125506
0.066148683237970185
0.028188894081614530
0.081856371991718677
0.129621741521277700
0.241938363085348496
0.317407845482599760
0.089009753099580660
0.066275677868053440
0.143450163027494165
0.083899860352559613
0.132985242369178247
0.175749755570864530
0.047914829210925963
0.070947445655158259
0.226933705816897563
0.065424926303637027
0.050481259443952473
0.081736455237334749
0.037090179887333818
0.113136673878098171
0.112074882070209172
0.019467489104800631
0.024193403735539340
0.138847829042466925
0.024348572133258816
0.119369035649976446
0.086390801535086686
0.057018597551914567
0.074051307505021896
0.382632639423154619
0.024167215265416125
0.043536663064523279
0.205706944288737287
0.133752615101526362
0.058230189321927014
0.106108991397359437
0.003426120461506641
0.020858926053091479
0.088962327198298191
0.191262069432380055
0.237844414479713717
0.163528802483019653
0.058087427285713034
0.106640074910909655
0.117702212295502304
0.157543427160097310
0.142104882784196640
0.161265066473689489
0.051337115160514556
0.045182470316908994
0.058083810912432053
0.057144258783784777
0.380307921685970274
0.220781785623452936
0.086109510792064081
0.119894010967239451
0.227676717504155801
0.038079714928277497
0.109658109259750322
0.095642379506119243
0.205657160642333525
0.090677145435820367
0.243510366929205913
0.025432000531686073
0.018276685128520688
0.189174216242876225
0.109214248177823534
0.068440361538981545
0.123104811889039600
0.056911208672452140
0.034576615314256348
0.063347205934805320
0.062392294140940649
0.058843567328491740
0.061391775525685047
0.118249422223528022
0.084639408291047213
0.167883743026295940
0.026157642518217877
0.075037554397246659
0.058394789692504889
0.079732861540816657
0.065669275110183889
0.056124987864712921
0.030721532723745955
0.030126855869830611
0.129044644955473575
0.061862807045434065
0.105098303209662930
0.084577434134901139
0.051405862545346716
0.116876824829800455
0.133464775608043734
0.068713858914631776
0.128127852372930062
0.231500018997612994
0.067126994992260394
0.078829592333947415
0.040813741600274886
0.050929127873950625
0.100133080460212187
0.076557654192158445
0.040900720002011830
0.075329408057315791
0.024398226205808622
0.060923479096390357
0.045829989613584296
0.025782226683974722
0.149195240800030909
0.078154507350072358
0.048011627227048978
0.092096864223453312
0.103508709048787839
0.106827573220026950
0.081035866220395436
0.061971443808519808
0.060756030516661494
0.135516463533816384
0.157341342372835924
0.214947886361042118
0.156321774630720889
0.070229190713703801
0.061356347042104270
0.108103221536098970
0.061507887979761172
0.147210863492341165
0.029654345689706256
0.001638425886237287
0.016886156556933235
0.107491923406327794
0.047802015298029986
0.103803848559987949
0.067398094003584236
0.038437308865040182
0.075792883229815200
0.079836122592507136
0.120159467119200836
0.050985639152858538
0.121484782320500390
0.082989763925448462
0.051422649785064514
0.032254636503071525
0.057952160684535431
0.044220665376198995
0.121584272997366738
0.103943905629890684
0.035834746495716052
0.113173289900226223
0.207914698491001138
0.094023045623718549
0.059620747497541537
0.107284765111693908
0.048200715188308256
0.057219045129397683
0.059669820187353839
0.045393937816947630
0.057375696249701777
0.048724665054954951
0.023983554764872489
0.048629438029984762
0.098040521578778350
0.049502301074399395
0.028762605067536848
0.043426626198092892
0.077143046237081569
0.151416031296044473
0.306031886532878050
0.199303678798193135
0.236853761071869451
0.099201210551722707
0.220154972982981728
0.114114763257600907
0.094557257244221371
0.127600539753316589
0.098817275566445359
0.079323233213569336
0.046314677857640679
0.013823821069755243
0.068625633286109586
0.134962659801976803
0.067159534571405291
0.096904026194149784
0.164884606313616178
0.031822586784009989
0.109692333344481849
0.148524924555570204
0.062429040483968086
0.069435966319286779
0.043472320986860810
0.068384031369967485
0.102682356925940757
0.117542852735868050
0.079439582040234671
0.089609625777309410
0.124615656038216518
0.049618628398399311
0.152730765013999681
0.063832780024862992
0.054578303847486818
0.012395839567012878
0.055058203826039216
0.112292272557819123
0.236465110745782192
0.109124016443121682
0.080098122494558527
0.062984477338476882
0.002971292864045327
0.185819198242960143
0.400000000000000022
0.324200104411270118
0.103962735167692638
0.066037308443343393
0.018085325077757376
0.131661129067553007
0.251633724156110294
0.123514980777376104
0.181770012703692641
0.098842155913767549
0.099935913078595145
0.081663176923043534
0.127437079679224879
0.044146215429324717
0.203580553888510707
0.134160710584348863
0.126720327659108872
0.160838288031092985
0.145695485011669651
0.127389835569923837
0.114334443027212601
0.238366334508676503
0.088706160052367811
0.060905743034332716
0.051374957435267030
0.089203112879305796
0.220097874698746254
0.149061441077591200
0.041729560054992419
0.067711770196761792
0.125128670573598499
0.188670297789891306
0.152571484266565999
0.172997010622373215
0.118250119623713026
0.166125378485317915
0.092456149341590715
0.121310350880917212
0.211456909510367497
0.200311215923939329
0.060170870473887028
0.075098236802162655
0.220528354260209281
0.193247810539001474
0.202589228450282294
0.224587627468839118
0.089649910341541406
0.238238333481501391
0.400000000000000022
0.305836290876716821
0.214471632785389166
0.164379433885486842
0.014772548518222402
0.286048814741331703
0.296178350323784700
0.083301508143899555
0.363048898186870805
0.191919681106804685
0.215782013648408905
0.085368496383148001
0.238318261483968091
0.196864209001847867
0.400000000000000022
0.261111481696050862
0.177557220578480668
0.021776435186640491
0.225527272088661468
0.387008804406026585
0.367809738714942658
0.316808626180681618
0.101600625207370857
0.088115801907027419
0.166688029308939112
0.343537027835915665
0.400000000000000022
0.322989323792989280
0.048685129223837678
0.115730803182423334
0.137785314368711304
0.136112859706556677
0.203163703560595377
0.254136857901250290
0.084543481820566591
0.069420023626946895
0.288271900975262674
0.064634446979624241
0.291019158846792136
0.390886825052628395
0.214260323620114546
0.157741813480078874
0.115378775080193813
0.110202114642699384
0.174311798496092157
0.230651609313355765
0.112764549046858661
0.125638347476967366
0.226480086924939483
0.125045828446533780
0.159022940688845926
0.268587171748675524
0.043322459755222066
0.400000000000000022
0.400000000000000022
0.083635498537906167
0.380414323115568886
0.136005554749318774
0.153864115516471889
0.150908087392470830
0.280122511638338512
0.230417305099282377
0.400000000000000022
0.179788149389659313
0.192993085191497771
0.194785241569122747
0.331230620010588950
0.400000000000000022
0.400000000000000022
0.366230164738140407
0.164681946111481181
0.140129065712311762
0.183446434553525189
0.334330893247467620
0.391989762356066640
0.280749976508698484
0.138399650580315475
0.202387188540515128
0.263133972940857164
0.230126253771205880
0.400000000000000022
0.397635278947013671
0.095782417624975510
0.212139495541852935
0.309822439067542255
0.144522191548003692
0.375125182361434717
0.400000000000000022
0.099047566725704916
0.101349107245352898
0.211973420461183393
0.220336322596311723
0.356659747202574817
0.400000000000000022
0.121875962654240999
0.102526521297582288
0.252537317334044609
0.189383376158439892
0.308661411866540281
0.400000000000000022
0.078122729965210372
0.291962573858668806
0.283677527866507517
0.134076384993164155
0.291896584416745208
0.179523762168219359
0.145645876624303089
0.111437198487571693
0.161107279207392207
0.230203482607614640
0.398313736486382686
0.127498619402095031
0.092976944961622843
0.098926973919849601
0.269090728247766198
0.223074020829248598
0.380363701880413185
0.208349428491578337
0.075048115461172654
0.110206236779853362
0.237691336259152841
0.400000000000000022
0.327939355152579770
0.184488854875973912
0.112412466313955156
0.196301349200944775
0.120857020206722385
0.225479888506664922
0.289323384775540537
0.258817780734566072
0.120342992785146749
0.208401856272088071
0.247197793719977799
0.215976594629147978
0.204801017016465026
0.210717084127626575
0.091467558910064237
0.127976837003119875
0.320642316099535751
0.278900221883633392
0.167502892512666368
0.250891912480536106
0.198001234676950300
0.234724083116268023
0.066420379151053949
0.075602280029449034
0.113017935392768137
0.194961563573838537
0.094630984031975951
0.243485726922763795
0.107829027291629451
0.076665729597119925
0.101268008231044135
0.089720421633089728
0.129301944072854197
0.127317250601294202
0.230519718868125917
0.129997391062788042
0.053852954338207970
0.045498351357146541
0.134022912123835630
0.148661822303844227
0.138277945071469843
0.206706252375587179
0.045228480496822668
0.044614629458087071
0.086015727383370225
0.079558080331528891
0.161236355400274672
0.281686989317789571
0.075933502142299186
0.055746266408451553
0.121033492265334566
0.169025084798258146
0.055132453671684421
0.102937981297873571
0.081269139388144229
0.067232415354486763
0.062285981014439482
0.113734603670772511
0.379362238328967427
0.294947298225539278
0.077316256935891461
0.054839707876520483
0.050309439328689289
0.115831991058726491
0.382373662381422119
0.272607804064437576
0.017884957227381440
0.049568402769022454
0.120212186132812315
0.141620548730238688
0.058494990888337407
0.058336097217481342
0.045511419770907613
0.071036921044167187
0.118207971543779003
0.119407453798584196
0.071803867722648573
0.063525023473276765
0.029909870308279816
0.053713884336235203
0.152496105069135607
0.150836401593682334
0.062439067698316073
0.147169277034713192
0.060644269178385252
0.007470866415301162
0.025891866211347744
0.125694073134006684
0.197057899506766332
0.134059943182223751
0.101706917958074183
0.053186010982862290
0.128740343373666716
0.170341835715638878
0.101238792588216997
0.181175813852877399
0.071821784395385432
0.069623603091971908
0.186136955950680832
0.142126957097986922
0.070111642524064877
0.108296428005191001
0.029502352656720653
0.055281935147556027
0.038751624306636194
0.096042608573787352
0.310558809952115822
0.107728412728843856
0.022853787462686868
0.065873354078525626
0.060932725372360177
0.118360500028449972
0.206988371529852028
0.059757476935200671
0.033891801854297160
0.097884290315073647
0.063532236768023734
0.078637798183341753
0.085898493827720773
0.056793335196706263
0.080363245386860779
0.208286477431849582
0.122425880655971306
0.068862210719765032
0.045165320950139670
0.081740199994011775
0.100800830056288190
0.146601913613143536
0.160395253335353982
0.302816327245645611
0.200630823281281095
0.255163782896890901
0.121954029486558507
0.151779586223292656
0.116452006638648117
0.385718161305302121
0.253466143456289594
0.081356615183984071
0.093732034158002159
0.100616759959000851
0.289333937378003336
0.215441336166514674
0.176513693543458999
0.148819524421571148
0.059204066158881838
0.176051039211949339
0.338526467709160617
0.138944214769259944
0.205602896577590399
0.293233670726007145
0.128626931324399618
0.170382069462846619
0.110905265465058550
0.082800846112644155
0.139667521185060733
0.108822167698791022
0.081151984784620879
0.170942065187428494
0.270511286503199888
0.088033531483011712
0.066028520435605198
0.033401046758256010
0.184012414819164388
0.127869651922014715
0.121805862158918490
0.134502042638344366
0.132228394564643636
0.115657860949969313
0.091452742211835067
0.068457891706747140
0.122137143301466231
0.172755655836186572
0.314680637437483091
0.290895690916973981
0.308563151489607390
0.103450985382746302
0.120844370344802998
0.216972281077982720
0.101375172177958828
0.172731502709969453
0.046949064240590588
0.021211577784797968
0.055847300274689267
0.210640558394554728
0.140609858545978378
0.152168402631569610
0.111283293930846905
0.069408044125675167
0.182863997232621478
0.139844573946954209
0.173156023544051907
0.179742044722625782
0.160869805503689900
0.171121205535881449
0.138689725991904433
0.121368598550053094
0.113125185261327810
0.110029167425982649
0.175439391616642820
0.261857772981188230
0.069369736787155162
0.131511786721770496
0.226319793117435053
0.114728796993265658
0.120270885880621708
0.168943887115734187
0.139708711173290284
0.077720813535693947
0.070988577072375700
0.057303111833245914
0.113967300253526860
0.092226731388640626
0.121685335104374071
0.065496971628913478
0.109735644711795532
0.049867742760827269
0.057576168477202330
0.059103610767159392
0.242500744404431645
0.170529135309909791
0.400000000000000022
0.331198935644881620
0.304748287350215530
0.248368470150238635
0.393169051088638755
0.177967205877092000
0.136571267503718813
0.215957971170125829
0.146767572713296296
0.223290737093277986
0.174634662843366845
0.090261040375815463
0.101604484604003537
0.219205979500195991
0.159530914489716263
0.193368073714435762
0.274607077040208036
0.153364351375957025
0.143104473254619641
0.190572977794637333
0.103696390898935661
0.103641422379675968
0.131308593973784804
0.137133758068841011
0.170378290836531693
0.132566484098270321
0.129783172342336828
0.124315171976263572
0.161263908638657083
0.073610115318521296
0.154587175096612295
0.084184385700754649
0.131213259936447613
0.048492193613777851
0.181553353505935267
0.181719349145293307
0.245967627193794836
0.113170651009652901
0.134788135520877483
0.120131237521851439
0.161413630693934718
0.229062874772773761
0.400000000000000022
0.366303660362683359
0.126770876860033521
0.180253567248275293
0.333207605530993378
0.171158708967891177
0.341138820117500741
0.229747553673991717
0.242402217227600109
0.202267579360954075
0.265695380476937137
0.186381721426043978
0.208222591036776816
0.098421983330581705
0.290312595085876479
0.349518386670232106
0.277789206362714758
0.274954332790625033
0.257667219280280857
0.307517093526540997
0.208408407429574616
0.400000000000000022
0.220115656691992706
0.112333942894157726
0.093374797173272114
0.182017002334657119
0.250479994764035818
0.303550015059429912
0.262919146728445075
0.104210935805582938
0.131218956772382794
0.211222202839420781
0.197998135439571676
0.263806834367763421
0.276632840425447557
0.245348963432651779
0.099937844562362668
0.244597609037196961
0.349361635374375035
0.310231527411129915
0.298604801240615003
0.145360017889520188
0.251157886689744980
0.242921748402169041
0.343584869114273828
0.321074799569531388
0.180405695158183582
0.260343193892400904
0.400000000000000022
0.400000000000000022
0.300995509736247446
0.263730712332195694
0.332859479944529135
0.375588105238452763
0.296178350323784700
0.400000000000000022
0.400000000000000022
0.400000000000000022
0.383260205183323821
0.289258145558913160
0.358295391187994083
0.284723155533237071
0.400000000000000022
0.400000000000000022
0.348461762360030625
0.178552659291758120
0.400000000000000022
0.400000000000000022
0.400000000000000022
0.400000000000000022
0.364560890079244526
0.248426174446436832
0.267785670256221242
0.400000000000000022
0.400000000000000022
0.397989910506575617
0.358404099136569121
0.232916567009395059
0.243016481906930648
0.198465197959873441
0.400000000000000022
0.309749599944771581
0.400000000000000022
0.196419698439668833
0.337977114535457868
0.278346718635517743
0.400000000000000022
0.400000000000000022
0.400000000000000022
0.264107035417671498
0.138349345237286425
0.392373609992011596
0.400000000000000022
0.298903862853010460
0.400000000000000022
0.363007731773636322
0.240444668079351387
0.400000000000000022
0.400000000000000022
0.386371760876615844
0.396418215692853293
0.400000000000000022
0.400000000000000022
0.400000000000000022
0.394740803257641715
0.400000000000000022
0.400000000000000022
0.341113064075618755
0.400000000000000022
0.400000000000000022
0.400000000000000022
0.400000000000000022
0.400000000000000022
0.400000000000000022
0.400000000000000022
0.400000000000000022
0.400000000000000022
0.400000000000000022
0.400000000000000022
0.394901845236111715
0.345688007359297667
0.400000000000000022
0.400000000000000022
0.389481765966133209
0.400000000000000022
0.328153194811389881
0.379024406009722314
0.354144686018637800
0.400000000000000022
0.400000000000000022
0.400000000000000022
0.360346365707242322
0.376600942304139541
0.357566736629523541
0.400000000000000022
0.400000000000000022
0.400000000000000022
0.253373433632720413
0.246016596921012132
0.400000000000000022
0.400000000000000022
0.400000000000000022
0.400000000000000022
0.359786136166202752
0.275597270128375815
0.388881550255199049
0.400000000000000022
0.400000000000000022
0.373072379736659410
0.392196846330219340
0.303211297341973329
0.400000000000000022
0.357013471302912389
0.324811230579337751
0.392933703602199147
0.367602517383600502
0.339182128491500201
0.392716034699836070
0.400000000000000022
0.242497189839004063
0.393163747793594587
0.324744965327895485
0.340624519714099461
0.400000000000000022
0.398531895118387491
0.315198930607989980
0.385616483632772400
0.398059969185769136
0.379641601433185316
0.400000000000000022
0.393896791926290901
0.327737958254260664
0.379583158798589615
0.316598403962397468
0.350686085644232537
0.352198032954131657
0.389594717211293573
0.316268377267618528
0.297106963940569457
0.329558300136257198
0.364261644171597010
0.400000000000000022
0.286033656323815499
0.311533668942335251
0.320747204532592145
0.283030798481363033
0.374747645825496134
0.400000000000000022
0.305926951875049036
0.336995392847303288
0.399148533515254034
0.318840762622124685
0.122433167942104418
0.212915653270326355
0.375192578532639209
0.303973384922284318
0.168332601705436513
0.268931784714639910
0.113576950400814350
0.116093177788772151
0.175070877610545850
0.139103494855074117
0.177283171790609262
0.289302317106682250
0.400000000000000022
0.317810791424290362
0.135703806191354415
0.265194577794542641
0.368437884455347864
0.344411971423520424
0.270871465905186570
0.283544241693465537
0.082918080001684824
0.112104960310417029
0.360975410283175702
0.309982012927072115
0.400000000000000022
0.373077432792289332
0.133242541763579969
0.109292406209583304
0.355221533524971267
0.324457470148992344
0.357814007933987099
0.281004155115999077
0.147417822626114414
0.095421309436101304
0.144142353006158158
0.243356345192050211
0.400000000000000022
0.400000000000000022
0.166326010035472122
0.121115385744573908
0.193759602356183475
0.199731851411286132
0.400000000000000022
0.400000000000000022
0.065799786438307403
0.120515848424180699
0.347145891949709962
0.207045475033875714
0.108976250332289859
0.140072552454816091
0.082601599658241431
0.184173594922265343
0.230282853613988203
0.138874942903384840
0.095997271458187899
0.202372852515743690
0.054258442441538629
0.173082919986211670
0.238886906604222293
0.207854999145596908
0.136490375203337927
0.400000000000000022
0.084811484443801377
0.051007529479824440
0.231598810500085017
0.259446688235533074
0.255288088828693360
0.240168934579583160
0.105133038419580827
0.074044937035953759
0.217702670571964935
0.351766185474342574
0.339083207067930770
0.344704616335897052
0.129909211681098480
0.176263678002881535
0.303839168246183122
0.299429977663044022
0.212216525308261517
0.269561494478880448
0.080839467817235194
0.100464405464465029
0.096835435219068247
0.153186867357572115
0.400000000000000022
0.316771448775483244
0.108963298254750957
0.185767365045765104
0.288609442876515965
0.156440214956727469
0.316646480789602336
0.155399856441319900
0.239548962496630685
0.188561435750893985
0.307042603697229577
0.104069798715027834
0.104175178956241454
0.245967551439582460
0.189577493564684313
0.276726838970831113
0.245530692545010865
0.125773419392217145
0.079741936264396018
0.145087405928817109
0.280478023923774578
0.294231919719879775
0.369312787909649609
0.334501472876521710
0.279526176474761245
0.300696997354170159
0.279911784202174829
0.299780443539074848
0.333483857570368913
0.355639393855845087
0.304141262619500641
0.321697461324015610
0.265462965244408322
0.312002143822573519
0.359191207044893934
0.334666031751715942
0.273903422407905328
0.325896882691342094
0.270082689883709759
0.241157691414525616
0.326563144344813761
0.213539490129595916
0.190218955746841695
0.234011235657148625
0.271896036211666248
0.222563685396470756
0.253799347574576895
0.202315243938250011
0.265479220179983766
0.285350734599813860
0.273203373304098995
0.254608986552655070
0.343667987868509162
0.190975964725340397
0.213161598747501874
0.322637879515993486
0.268928854484202562
0.245710383542824123
0.327386507999847698
0.223794689590258250
0.211463411624977754
0.341862526366466968
0.266346500884340920
0.294831525233723357
0.318670547294416073
0.275361839026324662
0.282375312273191570
0.310246743611696851
0.311296073864231804
0.266147782230862273
0.306698202316449231
0.244351095154769937
0.285295333623900860
0.325580776458350651
0.302982380763863191
0.263671754241328271
0.272623549310516522
0.263355911846317403
0.306639728541679313
0.343144085952471034
0.286810220582220388
0.317197170244101767
0.314704791627397062
0.239115836057899128
0.275738231184308291
0.334519174136851338
0.276843345035556021
0.287815256411083409
0.312663436315260224
0.198750146897877455
0.231140493125927021
0.184075369736154515
0.268637860378531601
0.262167777465273810
0.242531245310896926
0.207623475726680162
0.391898947394306751
0.253087253597765849
0.245730161747901910
0.276700391187702621
0.315565941623932256
0.202095959024173349
0.326829251497679496
0.301165750190336534
0.256833262218362834
0.227323575647116943
0.308009113350241559
0.250499626201002690
0.248355534028972036
0.330231464955394627
0.267819664371643174
0.230912255701849922
0.265829653478790506
0.290000083813162390
0.334578259738097294
0.350542440547699174
0.273559354476602290
0.275646016501694568
0.366064036490497180
0.312117822950711388
0.287436805200558421
0.319219363095503861
0.286223772454074044
0.305988803823442013
0.338545287417431173
0.364222467810050632
0.309137627173989293
0.325109685371932799
0.232343247854440771
0.308038111713038132
0.377253790917179310
0.338593639412549385
0.277227443677857011
0.316837381805002927
0.245270562968913253
0.249226248490232033
0.367171276985211070
0.321647859292424398
0.339980951867878634
0.324631880833111786
0.280417035180555996
0.234140382732055868
0.259537484670718466
0.231097354381805842
0.374052291984386387
0.426315173638029010
0.292784108815575261
0.252391985659077667
0.332881737796788812
0.189765723535630398
0.221421380780858851
0.350685628689487605
0.328419020242866455
0.243656126256493494
0.327942279688349658
0.237280678696574210
0.194153239230972469
0.308807805252214018
0.322758562128733217
0.305605718219421840
0.302542185948627751
0.251787696656933735
0.243171873790392873
0.316608781748663859
0.317708283174059025
0.260745425103498074
0.287174603029153097
0.241887088271053458
0.266204383684610246
0.334757756444439059
0.302527982753085956
0.274115674846610757
0.279322972381553292
0.268011005494665278
0.315517936790680464
0.347232369427159349
0.261962233922837573
0.269078179996688205
0.311305342468498669
0.252956672902879043
0.279504817404645167
0.338006733653174019
0.271338494059981450
0.253376017879577697
0.321547212686982331
0.227634197810882039
0.341942618297066958
0.334673142099999432
0.289387919475580568
0.270319956605587164
0.251316867183904835
0.215091986513687522
0.434239313089203660
0.350058464221820520
0.288539764041802871
0.289774627382328898
0.312697558438917722
0.194744688177235586
0.325056821899177562
0.311008974015644646
0.296633971221632875
0.268106418156431658
0.305798035441405047
0.251096866498656313
0.257640209091051731
0.288413583109352889
0.312482299530229435
0.281672846540692412
0.277392826603907516
0.276207863984247293
0.304887365622156681
0.307834699408068790
