0.098615632153942034
0.094334130984200210
0.094172611531502026
0.114800304138498038
0.021816972872780477
0.004053789070715069
0.161293544693323604
0.263297770013869281
0.276886831023173241
0.293775451066593363
0.079890424424428896
0.003395410095076528
0.086241920159200611
0.097971050454471256
0.186338398887324813
0.161751157098892234
0.050791004816884866
0.003774176914223664
0.055831528570552715
0.007944957323123034
0.026838869828714928
0.045314594213593372
0.023281661066741878
0.006537435712382661
0.187334673181199174
0.180381643145882314
0.399508705933110164
0.400000000000000022
0.071792949275680529
0.002561378769481031
0.368832907246524400
0.400000000000000022
0.400000000000000022
0.400000000000000022
0.135554687987369027
0.004512241645648327
0.113902493080344114
0.171710338436029675
0.096669264134120497
0.221896581946473492
0.073829853578462168
0.000168413616105100
0.003491326639514957
0.031677134759271482
0.090924514985202320
0.005867297577098602
0.000000000000000000
0.000000000000000000
0.086408534287458177
0.071588718166394005
0.074246812577965851
0.077274523553844177
0.022328985298514438
0.001672354114852589
0.108098281670577015
0.273021024183895955
0.400000000000000022
0.400000000000000022
0.123529109801740478
0.006439664394292464
0.074710698683576784
0.400000000000000022
0.400000000000000022
0.400000000000000022
0.065027212865918449
0.004035783899135143
0.035387633807436390
0.032152380806765538
0.014197213928602891
0.023007354964827406
0.014652306021233109
0.004812062703249321
0.055929440847797773
0.089792788485318076
0.294640078236168890
0.201230635475554587
0.060611117023345887
0.000729643051880135
0.182678449127947562
0.184796964456766577
0.130173284836978542
0.104022846176257580
0.101614330003719985
0.000000000000000000
0.115796561786159130
0.039383920802445148
0.009901099732640823
0.039467758442696031
0.048448081500811618
0.000000000000000000
0.007203731544988656
0.014740012860052085
0.042730835894070403
0.004924525028943782
0.004087025951797411
0.001659879080591929
0.119884916310407486
0.037431552950326956
0.049687411615526464
0.072837853579774264
0.071433018137707902
0.003224951031721968
0.068356110596376501
0.094664186173263165
0.341709612341705105
0.121780632456441967
0.073798881599805910
0.003487626245938262
0.095230872596016591
0.369208749420663507
0.400000000000000022
0.088095866782043009
0.045161460819563563
0.009923910296854757
0.091639551080752474
0.065886465092342417
0.013933675875336093
0.017981876733920155
0.025928107362449201
0.016696381441148548
0.010857256536144728
0.027201278558489861
0.080784411154486202
0.037749843438742374
0.049119149728139147
0.003489099988339881
0.105357970797051670
0.027053866602947653
0.007308405329651020
0.023632113383808606
0.050538444377033906
0.000386006387138605
0.173358786731296316
0.016321315575886928
0.032394042740357308
0.013553984303300671
0.015724161795419821
0.000000000000000000
0.020254018249260125
0.009741916263701279
0.020809548855724062
0.000000000000000000
0.000000000000000000
0.000000000000000000
0.345603827280278442
0.176025181567152578
0.097013911469012740
0.161496296700340602
0.073369213762664739
0.004819759226574167
0.053224376410793889
0.112703818740314834
0.106251461618969922
0.213953806979479688
0.130543504975346947
0.013732684981137302
0.132156395765146539
0.192216497463675473
0.038020744629391597
0.054072253588336998
0.046267898440507105
0.021424703414443261
0.096968205495505000
0.123692316907773700
0.011117929407377023
0.017935273446107451
0.046341615471875305
0.018847468569737617
0.004516768590728599
0.012948219270165932
0.021715191855945830
0.052064234624964290
0.109744043784497924
0.006330278756633393
0.039883993467394102
0.011313210181554588
0.002852357703371548
0.023552183074670191
0.054460194078919590
0.008970795449953411
0.179913458028867851
0.023134823717948512
0.033394348231335635
0.013602187618963677
0.022827131469447107
0.001200528748036302
0.024537166139350499
0.023065021822122663
0.036969761661470445
0.010155836135155229
0.005374237053214789
0.000000000000000000
0.246803307282518258
0.151142544033103038
0.051178483391820288
0.107682374792835184
0.346432593182296245
0.030568964357606063
0.052875068133769895
0.026996029511694428
0.036414723126877727
0.219701672144169691
0.387652479487043844
0.013218694807971689
0.130575148159895793
0.350569187665619064
0.034893236710245329
0.025088707617412491
0.113259083404483249
0.015557574758629109
0.094430644228810728
0.178927605560093239
0.030426191124658879
0.121905338935167890
0.282802370782744061
0.017462536060713626
0.007178914394025564
0.003346446259031945
0.048012500124954810
0.120764443568555466
0.337577091603201318
0.025291949747051186
0.024634995906891628
0.006434247114140147
0.009219357466454688
0.171657184301431454
0.400000000000000022
0.027778375394887901
0.347380714366119503
0.108534719184597783
0.076481958797957966
0.031526549195177674
0.072877571567241242
0.028474170681719067
0.112974332059850677
0.020626785829389940
0.007170458306039495
0.068016740237874296
0.061861767640392550
0.007344665257680979
0.354443538833759342
0.399469079338148902
0.079607734069249300
0.116610748458532143
0.334202826744823045
0.028721141292966140
0.061558164760582165
0.059256876605267121
0.024539747725930601
0.101682124581435385
0.311052712410297028
0.017421689871707426
0.084994774234947945
0.400000000000000022
0.060828047408760411
0.039591716134740017
0.133930590165509095
0.062301733998945771
0.073696094986439295
0.400000000000000022
0.083063957310476250
0.115538721697227786
0.306399908681086297
0.009954401627447294
0.010489726649770969
0.026989882696211148
0.102955798789847439
0.090356172005792601
0.309071464153059583
0.009594478807968012
0.041789436261138693
0.008943313422292373
0.024219704139206287
0.081366747180999940
0.187039000594745597
0.010328981528562410
0.089157096133695407
0.019525029099140379
0.091677463412249083
0.182387399356740032
0.060041508634566976
0.021856315398355711
0.049554336398557414
0.011299345643043900
0.270326931943540849
0.400000000000000022
0.162593349004271165
0.015331718252183702
0.216995920003514586
0.225489892512740014
0.026530842708460092
0.151052551930324741
0.277429801858109670
0.012004243805437603
0.080947466458292927
0.066323285977163027
0.019302061715143398
0.034903698845806935
0.045382853540713121
0.003382373466018087
0.037321448304934064
0.046996907167177256
0.007694006070636102
0.011821709538460994
0.026538206383255158
0.001654453531909866
0.077783993033810894
0.154220000379464151
0.033361431502012380
0.076759938521646726
0.107867308350958480
0.006752461919673656
0.023942729284532692
0.011592895179953747
0.004273649743479803
0.030210769226299207
0.061817195222005440
0.013367466021123521
0.098581562784191196
0.024803489230111421
0.004792751845624769
0.004053227592537172
0.006753051726825724
0.005521562978255042
0.110839801580814259
0.047796681444411467
0.099324228885184940
0.119563409764587875
0.029130433605333881
0.010255285337788309
0.020408166072379191
0.004952149584019268
0.176314212650281577
0.265481925708866806
0.046508959765473805
0.012049311028727409
0.190190795771313981
0.052286281791179709
0.019620499726405203
0.092611442889866627
0.068783760878003919
0.002078414968705079
0.026947005717057524
0.026184691781771713
0.008963758225906492
0.014647775065386028
0.010196287108775910
0.003532383485191259
0.012958867746626064
0.012151781463347035
0.006834595546103293
0.010337221739601913
0.047114272546240787
0.003182132876257495
0.019746390165881238
0.393602769626426263
0.321936514153561670
0.067702331188462375
0.091621261396686249
0.004145589792033975
0.011075201811613885
0.152013048357958619
0.253154321392391357
0.070806756468866722
0.063304217758635914
0.004114279755221547
0.247560904072762156
0.301688133826216676
0.084810359287006504
0.024976791461622797
0.015711097658452709
0.001050534092763573
0.199785178669063757
0.361444196059764855
0.100247317898772448
0.064567875337016231
0.013615581804172746
0.009362637842659957
0.031780221277656492
0.027139096935521325
0.239663431056419518
0.184795523063599143
0.027762269232668953
0.008633591804792402
0.273174414648388264
0.353075776396189644
0.182872087447178311
0.380654692497397917
0.011531173566685302
0.000000000000000000
0.104637706259434984
0.211992161208423013
0.057097384606324644
0.029383732706174674
0.001538564449888653
0.000000000000000000
0.012758303178696482
0.002789312491608627
0.008833862309245205
0.020941091240679589
0.039289682763603680
0.002096225941434536
0.039213220681896185
0.351989363912661779
0.382227074893848218
0.069261000225726663
0.075348339940756404
0.003669373821369143
0.033313253525276060
0.134795024873914565
0.329776893975959773
0.197201178415955969
0.048417638852297842
0.002570224611969634
0.018078006895035609
0.071040610444271346
0.162439407830730270
0.168560265369852635
0.012653118512056671
0.003817700448998548
0.098807685280098839
0.274780246554622187
0.347212733817585439
0.083290485571125256
0.030666872267503677
0.012994521976545541
0.068796312707317883
0.273682472558019030
0.400000000000000022
0.174570741899537807
0.060901057720934695
0.001070864903884900
0.262481715845037378
0.400000000000000022
0.140794510871202067
0.400000000000000022
0.118910235272823017
0.002259687708187829
0.070439756988492572
0.378209484774505555
0.062952391847596156
0.087484263064167234
0.002732982545775519
0.004226930631709619
0.008794164792448161
0.001568847857290877
0.000925882839618399
0.016558665676590638
0.024735512752630161
0.012417136868100202
0.066694180992089208
0.135244084553851118
0.400000000000000022
0.353196371452924596
0.036270028900996940
0.004867088512966249
0.088065009012288642
0.123178890767943000
0.390137673437859767
0.373902137600741480
0.005976362914158278
0.001606687135325554
0.028862243534703506
0.034985908435402023
0.138867434864085898
0.253782423225153986
0.006815853491200859
0.000826202885830072
0.286306620511305621
0.400000000000000022
0.385623030598993666
0.040069604627879493
0.009618847675352373
0.003632898078135354
0.400000000000000022
0.400000000000000022
0.400000000000000022
0.400000000000000022
0.400000000000000022
0.389988129549904694
0.108478595692474616
0.321863944857607054
0.400000000000000022
0.400000000000000022
0.064394988050191421
0.001033530407064960
0.110066571553392223
0.211534503056212325
0.164029635718439787
0.072636954499461656
0.003971627573889865
0.000598989439712887
0.004898410912243327
0.000000000000000000
0.000782589915397787
0.022860186581099819
0.022630883104720573
0.000798553776301824
0.088370367117588791
0.149507663220525250
0.176657903807710348
0.378565920867168226
0.023364825379471318
0.000445910758104126
0.075170874439393950
0.139829335842945046
0.082359919224094344
0.209025332509518630
0.007180747428848795
0.003824635437390999
0.012235150223887785
0.011714885639017958
0.030835169563713162
0.107632289910190693
0.010574291234012358
0.002224260162240443
0.105671993574692841
0.072976557300061445
0.186884875014741159
0.051693624033966094
0.021410095698164096
0.012012573069565016
0.315946917361219826
0.182145255451275856
0.267665901425422403
0.145119300557022712
0.036272027073273497
0.000460100589668471
0.102211026369951441
0.334283382646033744
0.400000000000000022
0.018127837069643028
0.007886565885474234
0.006936502327975683
0.159444201847155714
0.146272000525135532
0.112613810016429519
0.019386128826576303
0.007324090924229298
0.006772050187318453
0.153819095368985026
0.009680403039318879
0.011922743523255138
0.043197048939939156
0.034676777869797004
0.011157807395619401
0.114904815969524884
0.028350557896573429
0.012940956987475020
0.400000000000000022
0.156064840891167789
0.000532495166984693
0.031663916570492258
0.023451398325759751
0.012339722782797127
0.248785955078362625
0.113869969307438701
0.000132366937709067
0.010131628279592414
0.000174359676955819
0.000532959033109307
0.128963254732996024
0.049663915860532530
0.001889385615462678
0.229199939112140871
0.007707482844542183
0.055664739769665079
0.043960503846453468
0.027170077182319959
0.003131149239345847
0.351501086009153751
0.046789419585088560
0.125782217633306215
0.066935371020616613
0.039131766234718118
0.094793488206450588
0.138127076103858659
0.030668380556882365
0.072546669843256584
0.014008089389639858
0.016269113581068154
0.026468199348921820
0.239369127790024616
0.027016560041436731
0.005915368649743414
0.004771161687007280
0.025079611503882743
0.041239307738028919
0.329241867945583966
0.013877074462206405
0.013358694419369464
0.042479452748892740
0.042985731381720592
0.019260091534388787
0.195771140683092731
0.053630397923950045
0.025149389716319991
0.131313483641573692
0.058397758728191626
0.009573411796217259
0.077068628098728317
0.025843488404220898
0.014134469214923867
0.076834495484661799
0.048585051522968367
0.005617946328629727
0.025940427025405298
0.006185401999737127
0.006874546611067964
0.029771633565192981
0.025204979530570486
0.007466484413420045
0.253514213312579006
0.005956576617006603
0.011330703455173721
0.020252166110596655
0.035103761080655639
0.012331278641402592
0.175125405978261039
0.023983216371980413
0.011683864613469330
0.099141735341219214
0.047872591025944773
0.004460914693150067
0.131315272383099174
0.082152135081401595
0.088663982575384062
0.024303900273689293
0.070609632415349441
0.400000000000000022
0.298326824260718937
0.044411561291924112
0.019754090100844821
0.054995715438740558
0.065564044106015629
0.400000000000000022
0.359073616547279983
0.019729438687861894
0.006885142932737408
0.115817682046317205
0.178871804691333902
0.400000000000000022
0.087378981535500694
0.006734773867791885
0.025209915093480324
0.052367840813428747
0.072806486785671656
0.400000000000000022
0.069096125079220805
0.005917879344703786
0.011499133198980487
0.001858931736509771
0.032714148284946030
0.400000000000000022
0.071853164761575605
0.007638450073223042
0.010306495380641722
0.004235207211128462
0.064043684957352770
0.400000000000000022
0.084223655704832104
0.008256974090676404
0.011418713332548390
0.031390994724071447
0.142538050786946424
0.400000000000000022
0.082167508551145879
0.030150848557222276
0.003823913991363737
0.135597456498018520
0.135178850203752865
0.400000000000000022
0.034559618268047994
0.055047675867151064
0.029801476026878802
0.040743136941789534
0.061035095590898487
0.400000000000000022
0.068644037533861862
0.012012742077819268
0.008347713946255084
0.082683299258759432
0.078659276788577856
0.400000000000000022
0.063355930002809452
0.005930346910698180
0.022682832332093235
0.122788171326287415
0.088304995219366522
0.247304298638361370
0.040516449934153612
0.001482301547686578
0.006515443253013495
0.014930505692241434
0.053864823296446665
0.400000000000000022
0.048832798679542218
0.005490914012875908
0.000559535976127836
0.000000000000000000
0.032272493814539026
0.395196583088096798
0.083040776180752604
0.004092230183849869
0.004807993459151332
0.003004594670038236
0.036258186139240846
0.196385848576130506
0.030444582287809656
0.003311531322984922
0.004905642422121478
0.004902736798077935
0.037840887488435122
0.329921570950813148
0.047590009540143911
0.013723692512869293
0.000729553321838984
0.000334429419681884
0.024745150491668519
0.212509264294446776
0.042221245513209070
0.036439912511648860
0.023502546147959266
0.036353673745465102
0.011364954477376715
0.011931399794842342
0.080235753277259750
0.021004768268938375
0.008418468250197493
0.055644801754255464
0.022441451038499045
0.012030143335148319
0.083868795372228813
0.007978042988343950
0.027396286854848101
0.070721905903882012
0.012821109986758578
0.000389900456936419
0.085284042698168111
0.059074357828680202
0.041062337017167105
0.032941080195043326
0.022890278505259938
0.017631371500230079
0.113009609314022763
0.063738201996586322
0.035338014633452666
0.026987739231879849
0.030177798025985039
0.009278281043106028
0.208403448686415027
0.011893044976747699
0.007437658975924416
0.010106703764703559
0.019807523544107870
0.006337017123053969
0.081488174717246509
0.002394530392652732
0.010843033912006778
0.008985161119350805
0.019684593194058082
0.002910362566102788
0.059137886170025161
0.010813269305291820
0.016615977871252813
0.004565777090704231
0.038121980196213864
0.030302990824315500
0.054106839465182931
0.062347012479379328
0.034032435026006357
0.038748487010616894
0.020239713055783672
0.015006583316811282
0.095329460433677779
0.043439877491581042
0.046183655041734703
0.015404250758235793
0.005953468804934026
0.007382086293062525
0.107264244751959309
0.010992021609871370
0.037177842758371604
0.014228032443695112
0.015094984866411362
0.007278673777250683
0.072713206648977610
0.010729955353875829
0.009796717706254518
0.011635672497740519
0.021640282089263867
0.003038672882565341
0.201185715897108347
0.068341934047658273
0.042607318019709718
0.005556388910944333
0.001917442569837437
0.000017729231523279
0.258049455326316901
0.106647908171931274
0.044617465552992855
0.047431380949315441
0.014161376752483704
0.000186096801514891
0.125915997625240556
0.395411763620924006
0.124380538909861699
0.006130777321092773
0.010342949933707905
0.000784722386677799
0.031476427536423962
0.027012263078139132
0.032126962627037715
0.000000000000000000
0.014491300388288875
0.013905206144924902
0.061013186348351706
0.059691094798560884
0.049138736069845319
0.152259951547787931
0.017067604710205551
0.007119876137558615
0.121879353795730089
0.070605260342900100
0.075006376260137272
0.199004825815208897
0.070165089911225748
0.000000000000000000
0.026217220016908613
0.018666340004488125
0.061621138910392503
0.090546639016250485
0.033974248968773019
0.000000000000000000
0.025603526347160451
0.002893964144170873
0.010565969324540059
0.008651343514181190
0.000829558234091485
0.001198708168211811
0.109728579182773317
0.096503376428072746
0.080650477170005230
0.042657350133579824
0.004862385017913592
0.002886720725351822
0.248530931822495277
0.092088868205458682
0.400000000000000022
0.400000000000000022
0.017616507870013093
0.002702581276544262
0.151411107245952137
0.301495234983789717
0.338886374591779838
0.178828684856887438
0.008585842739878193
0.001685803946943072
0.007396098786913205
0.045478387429172963
0.119465567509998705
0.001412408072091000
0.016174519115509406
0.006802654307813715
0.344804222734308441
0.400000000000000022
0.234967122402704093
0.400000000000000022
0.140727208145603494
0.006313476778902897
0.231733301681816106
0.400000000000000022
0.339839222870769397
0.368432109432378363
0.082623406970204399
0.007622340726786145
0.095036084951648780
0.099539898311762132
0.187264281726943177
0.178309822775482907
0.075526517569515034
0.016191313782323868
0.122525709562641916
0.143189041876974149
0.400000000000000022
0.369694002923496856
0.059551689967738818
0.011404524225348911
0.275399682193487816
0.280496662644957206
0.400000000000000022
0.400000000000000022
0.077769312189838818
0.004168065904806585
0.373345477346597510
0.400000000000000022
0.400000000000000022
0.400000000000000022
0.142370541478569868
0.005338444531478398
0.352199043816783908
0.400000000000000022
0.400000000000000022
0.261966186574352999
0.083448701253814539
0.003801311694240453
0.400000000000000022
0.400000000000000022
0.400000000000000022
0.400000000000000022
0.400000000000000022
0.389988129549904694
0.194887129979932794
0.375222602148251427
0.400000000000000022
0.400000000000000022
0.086723973348705852
0.002705884521917550
0.218164853223969224
0.399302402853593197
0.400000000000000022
0.400000000000000022
0.127500737375630335
0.007038653834005352
0.079609109595820127
0.400000000000000022
0.400000000000000022
0.400000000000000022
0.087658095970639019
0.004834337675436968
0.123758000925025174
0.181660044027290801
0.190855117736313251
0.386800498815024540
0.038017131400704431
0.005257973461353447
0.131100315287191710
0.229622124328263122
0.355560973888566334
0.388457670982743974
0.067791864452194678
0.004554278489271133
0.194913599351835359
0.196511850095784535
0.161008454400691697
0.211655136086448314
0.112188621237732350
0.002224260162240443
0.221468555360851971
0.112360478102506600
0.196785974747381992
0.091161382476662112
0.069858177198975718
0.012012573069565016
0.323150648906208482
0.196885268311327966
0.310396737319492799
0.150043825585966489
0.040359053025070910
0.002119979670260400
0.222095942680358927
0.360466988384675280
0.400000000000000022
0.090965690649417272
0.079319584023182135
0.010161453359697651
0.227800312443532216
0.240936186698398724
0.400000000000000022
0.141166761283018249
0.081122972524035192
0.010259676433256716
0.249049967965001617
0.373374017527446700
0.400000000000000022
0.131292915721982179
0.079838238689360561
0.021081717692474154
0.206544367050277344
0.094237022988915856
0.026874632862811117
0.400000000000000022
0.181992948253617004
0.017228876608133235
0.042521173106636986
0.050652676884249612
0.093124133937283332
0.286535798517104978
0.162989119035577834
0.003621466926048948
0.115489599076644078
0.027228226279903473
0.007841364362760325
0.152595368116804603
0.100202360237566415
0.002275392002601283
0.353092598525853174
0.024028798420429112
0.088058782510022388
0.057514488149754135
0.042894238977739779
0.003131149239345847
0.360100622150654748
0.056531335848789839
0.146591766489030273
0.066935371020616613
0.039131766234718118
0.094793488206450588
0.399334591920815440
0.206693562124034946
0.169560581312269310
0.175504386089980480
0.089638327343732907
0.031287958575495982
0.292593504200818477
0.139720378781751531
0.112166830268713338
0.218724968666486969
0.155623116479229717
0.054971992719166217
0.387970343920775451
0.206093571925881902
0.051379439048761064
0.096551706337229731
0.089253629822227690
0.040684794948832044
0.292739346178597759
0.177322714831723738
0.036267319123697017
0.149248757087681122
0.104739374200066931
0.028420880365954880
0.081585396689456913
0.038791707674386833
0.035849661070869697
0.128898730109626103
0.158329095307466305
0.011948225085263121
0.065824420492799407
0.017498612181291714
0.009726904314439512
0.053323816639863166
0.079665173609490075
0.016437279863373455
0.364832021314768662
0.029091400334955112
0.044725051686509358
0.033854353729560333
0.057930892550102739
0.013531807389438896
0.199662572117611570
0.047048238194103080
0.048653626274939771
0.109297571476374436
0.053246828079159564
0.004460914693150067
0.356343685461527615
0.233294679114504633
0.139842465967204316
0.131986275066524494
0.371073048023637386
0.400000000000000022
0.343848227429213671
0.071407590803618540
0.056168813227722554
0.274697387582910235
0.400000000000000022
0.400000000000000022
0.400000000000000022
0.360512770792003945
0.041778379642982741
0.140906389663729703
0.286642756770896234
0.400000000000000022
0.181809625764311422
0.185662379427885160
0.055636106218139199
0.174273179748596657
0.325367082284421461
0.400000000000000022
0.076275039473246362
0.009264325603735732
0.059511633323935290
0.122623375305065230
0.361321980210097315
0.400000000000000022
0.096488160668467229
0.014072697187363190
0.019525852847096410
0.175892391512559948
0.400000000000000022
0.400000000000000022
0.379410869176909249
0.116791693275274180
0.087900672130506341
0.062917543919249114
0.215415622354187680
0.400000000000000022
0.195141840610996570
0.050777634386612217
0.010994372297403233
0.203614196735892816
0.197040617844145421
0.400000000000000022
0.377873067006665730
0.400000000000000022
0.109409210096128112
0.157353885400321691
0.355502081041996654
0.400000000000000022
0.130202202294444014
0.071269618683086386
0.032887461672185689
0.184365423840194831
0.340720376092484900
0.400000000000000022
0.148350704237757425
0.400000000000000022
0.083510879740853639
0.162379887461027439
0.222235585384875617
0.309606032637307127
0.114212544920592907
0.400000000000000022
0.089579400563489744
0.130469227389469200
0.337890793146525148
0.400000000000000022
0.059322525329313196
0.032480796709087052
0.103515334765975270
0.090356172005792601
0.340893300786131559
0.397400959632026596
0.124830212441891311
0.013035543606142244
0.029027697598357619
0.084371341851038173
0.223297186733986464
0.206714830104692882
0.119601678421505070
0.022836560422125306
0.096583105834370547
0.187290136154817960
0.097882396123002105
0.351777886349168845
0.097144345938701332
0.025023038155913190
0.271056485265379843
0.400000000000000022
0.187338499495939670
0.227840982546630461
0.259217165516723635
0.261929805024388895
0.050033388856419357
0.187406225675789850
0.285194558734999437
0.023935643600279947
0.161183219735552663
0.087328054246101391
0.027720529965340888
0.090548500600062393
0.067824304579212166
0.015412516801166405
0.121190243677162884
0.054974950155521202
0.035090292925484198
0.082543615442343010
0.039359316370013733
0.002044353988846284
0.163068035731979005
0.213294358208144325
0.074423768519179492
0.109701018716690038
0.130757586856218411
0.024383833419903737
0.136952338598555462
0.075331097176540074
0.039611664376932476
0.057198508458179059
0.091994993247990486
0.022645747064229550
0.303464536608647806
0.036696534206859116
0.012230410821549185
0.014159931357240731
0.026560575270933594
0.011858580101309010
0.192327976298060782
0.050191211837064195
0.110167262797191717
0.128548570883938673
0.048815026799391967
0.013165647903891096
0.079546052242404353
0.015765418889311086
0.192930190521534400
0.270047702799571021
0.084630939961687662
0.042352301853042923
0.244297635236496918
0.114633294270559044
0.053652934752411563
0.131359929900483507
0.089023473933787581
0.017084998285516361
0.122276466150735313
0.069624569273352754
0.055147413267641200
0.030052025823621823
0.016149755913709936
0.010914469778253784
0.120223112498585361
0.023143803073218401
0.044012438304474891
0.024565254183297025
0.062209257412652139
0.010460806653508176
0.092459596814858852
0.395526195614277265
0.331733231859816180
0.079338003686202890
0.113261543485950134
0.007184262674599315
0.212260917708722241
0.220354982405616878
0.295761639412101096
0.076363145379811037
0.065221660328473346
0.004132008986744827
0.379051449599479562
0.371893507013227542
0.129427824839999372
0.072408172410938249
0.029872474410936413
0.001236630894278464
0.322134915215809781
0.400000000000000022
0.224627856808634147
0.070698652658108999
0.023958531737880647
0.010147360229337756
0.063256648814080454
0.054151360013660457
0.271790393683457199
0.184795523063599143
0.042253569620957832
0.022538797949717304
0.326560888255765680
0.389898825757640566
0.232010823517023596
0.400000000000000022
0.028598778276890856
0.007119876137558615
0.226517060055165059
0.282597421551323169
0.132103760866461917
0.228388558521383594
0.071703654361114408
0.000000000000000000
0.038975523195605093
0.021455652496096753
0.070455001219637714
0.111487730256930082
0.073263931732376691
0.002096225941434536
0.064816747029056626
0.353086089391100533
0.384110067190902127
0.077912343739907852
0.076177898174847894
0.004868081989580953
0.143041832708049377
0.231298401301987311
0.382168090268707905
0.239858528549535766
0.053280023870211440
0.005456945337321455
0.266608938717530886
0.163129478649730014
0.400000000000000022
0.400000000000000022
0.030269626382069766
0.006520281725542809
0.250218792526050948
0.400000000000000022
0.400000000000000022
0.262119170428012693
0.039252715007381866
0.014680325923488613
0.076192411494231088
0.312382429666076433
0.400000000000000022
0.175983149971628783
0.077075576836444101
0.007873519211698614
0.328022641794680214
0.324774446869364852
0.216667774364775606
0.277857445942847670
0.142005403172268035
0.113582322065742855
0.204291762918628050
0.227410594862427207
0.222929948253748150
0.273391837452320874
0.129625368620361392
0.110447544817753165
0.172130770636157615
0.210420381686143965
0.157150625853741038
0.174223260118446577
0.073659625479854746
0.097687387569423620
0.153853678823347884
0.210541573548863603
0.156702961735749796
0.205131035591025412
0.126951015057732070
0.109922019088581777
0.086185702755149460
0.087578537085096358
0.225554428742646584
0.262710600292148433
0.137440319391451737
0.104910060438863639
0.158156098081150387
0.133625066955957439
0.186329772081359868
0.285219196264251740
0.121050972758711475
0.080869047042446129
0.263259510135847752
0.269263113130119913
0.278980101329499630
0.150379910842557613
0.057463938699144068
0.104860869302158016
0.239709758921585470
0.157555525071317065
0.282111964483619193
0.213027121605100372
0.121484480550291638
0.156705455087322004
0.423204084048367235
0.394878424737633571
0.227423750832474486
0.260245153961041198
0.223040814026069789
0.112177047868617805
0.282667696193191709
0.286375546090531063
0.220007119073094642
0.245252278859234146
0.223920114001842224
0.109749592088933118
0.256065792982651419
0.245798364469130753
0.152795077695101755
0.148269375693997979
0.173877599682739442
0.096037794054544254
0.189610873465300894
0.309391181653149272
0.192881168472125469
0.184082982127935835
0.161417523394988160
0.108943925203377395
0.124532871783450766
0.130614051401994696
0.257900377699566419
0.229531003501809716
0.173106112955234814
0.101916296828473002
0.266684477965493827
0.146009886909108405
0.166570257179370212
0.234311707255248164
0.189182966274725112
0.079408347540640453
0.392725585227918617
0.283664267273396553
0.227300837904076625
0.132885620955563444
0.104033767727547480
0.099876270096948536
0.235790370736290611
0.172839300406897128
0.302122527064863033
0.242857854800563655
0.136787773536480112
0.141512761680513355
0.271764706628530306
0.320856709761932701
0.232585039205223637
0.311222829985643989
0.144009574587724481
0.113364770668064913
0.186753441028653488
0.205105965301084436
0.190456845793991275
0.225795753485436290
0.132547450461296817
0.111340367975705110
0.179466640133010003
0.218926342748609948
0.158142471433489001
0.164455659207282695
0.073472914544651990
0.098114413783425863
0.117102764956983074
0.227167744392259841
0.212309196784176285
0.276177964285866218
0.124166442549029782
0.109106128005535347
0.150231831329481424
0.115737258399428583
0.249544065161031836
0.283106194692689050
0.151544928435067700
0.105924813829149117
0.234782092668061909
0.146095116959946841
0.163109324008251760
0.218035152239079572
0.120235338712466819
0.081403403495687796
0.241801702530140494
0.244275624247974610
0.246994068125779148
0.150979892403807298
0.054349155593699017
0.099275574812207223
0.159405086682280317
0.114181503006520038
0.261974446488486112
0.244391891086666341
0.109736863914841734
0.137469191099078319
0.328340524579580295
0.346979337379128949
0.225305263664959649
0.281829918645216393
0.252305294153170212
0.112429635100920688
0.251019663521424796
0.265837321959924100
0.203052161206709991
0.208655645241448945
0.195304670629575766
0.110098315603557331
0.242498104766095401
0.248952588291198290
0.157080641124596659
0.149864790450932345
0.160513392630534768
0.095913848910948923
0.181448358087286654
0.269268030382556367
0.204132375832609320
0.248656694945675105
0.257028267550882483
0.108622283324638400
0.185147270955941107
0.227675676036792368
0.306177828323783929
0.255129001860964877
0.192688550146172782
0.105196664788022545
0.318270917546692234
0.192508621565777555
0.176993595607113696
0.198987350514471278
0.139203595425902465
0.079052254772708372
0.411346655471422129
0.268227897401693283
0.197651980332999661
0.110726202415030728
0.104448838743577105
0.097017746179850442
0.218018107971690966
0.119699035535935611
0.220476704621942909
0.226928780998082225
0.160466509606041807
0.129668636124712244
