0.070165529593969600
0.029792517611759974
0.247835200340233985
0.144193353623256026
0.128617323165328867
0.155096057356261141
0.011292370978962931
0.019641191567929740
0.176627390435611542
0.050234585178369720
0.154838085925722374
0.386068822838241288
0.028394338027494373
0.007174826515950783
0.047638147812443674
0.101057397423765211
0.132179215134023309
0.143842208289628348
0.050004794870048289
0.025414592721320812
0.066764799277045775
0.075681554166002807
0.041628753443233191
0.041002022063234750
0.022351349783633727
0.011825274974165228
0.168138046097535659
0.349323953977272506
0.292192251960980198
0.161071729318188306
0.082286008715237793
0.040544475659627405
0.146562145494321117
0.332141109295855164
0.234345904154861950
0.228277529880269503
0.088404046951910148
0.077698712969289235
0.036252077237859545
0.077161816925640336
0.108097377061257258
0.102827450418494226
0.026173083871455002
0.020828120757874907
0.026171116377970777
0.020644773183369665
0.054321753675980050
0.012086187327649052
0.096371756815779946
0.066390206949478267
0.316967305094914331
0.400000000000000022
0.400000000000000022
0.103199708672475188
0.047640843609377800
0.023655640391905618
0.225336392309801681
0.128879409038386517
0.179943266736282220
0.226252761340797331
0.084996426227463603
0.009810611595523211
0.032025474412704848
0.116765847590437150
0.173154284300659822
0.109090374725204192
0.100711421611828306
0.001998682567762897
0.016294180337331446
0.069639433181572188
0.146143654118249366
0.098084003726155722
0.043298853370895958
0.018407126681126065
0.137983535671374696
0.315776813659702726
0.396358404221361149
0.239378025931752947
0.024287449580706333
0.048784422100268385
0.116288983761084472
0.235988023479282050
0.186903467634026516
0.181929815217778068
0.061221430025950541
0.042975968986533927
0.097743210915768430
0.049872527756774566
0.053198909246623717
0.057160742438057743
0.027831678927903992
0.046077076303624120
0.037573860178565212
0.048045819472863391
0.020369852314159439
0.010306453890642091
0.066035750179754188
0.061128494701263136
0.203814541011540479
0.377541728699716639
0.111304855090138280
0.089620938596021438
0.052284611186026966
0.013438916506367974
0.162396293449554724
0.252613867225068345
0.166300393784947820
0.068678287988198000
0.083332131357225461
0.033592952280691271
0.018871373949632189
0.075452789205459739
0.157916834732729883
0.114361966517656094
0.074621714890788407
0.050646291130790881
0.065184584249443886
0.053663488061789041
0.155586371918367494
0.069253308504349173
0.021075834638772689
0.029476357568754420
0.141994530945988962
0.271984548595944453
0.220316977595743341
0.066447441186293157
0.023494827822610281
0.013779414816700100
0.095799228605589939
0.356234288039239344
0.193315654168010054
0.101124915825890144
0.016983130484490291
0.012085123555456986
0.019226119528290429
0.099052957155304919
0.070142313938113432
0.026977700067881291
0.010027466677001906
0.015191060536342005
0.016097279234529284
0.044241101390079543
0.016636404164699831
0.006260902374424028
0.400000000000000022
0.259263043074879740
0.091427405169802023
0.248785656810890876
0.146637662972012806
0.123251776790657186
0.315579924543849033
0.079507423814295208
0.103810325401990838
0.234536775508747436
0.201486569675774108
0.233101176828757334
0.087580108927727968
0.038527525828514576
0.083426851236238678
0.322558822581008597
0.239834168019184724
0.228209765280430771
0.100323549164176767
0.019084479771415384
0.022342272514249369
0.120145386390557440
0.163408383471482010
0.118192492060079410
0.059647799461137831
0.021012983190999597
0.056223098004809374
0.075766893929784113
0.244079277360041924
0.050314724495628779
0.016501324321786449
0.037421569835983867
0.047342472712979297
0.166707545339943058
0.295727616887751288
0.046936479756871513
0.022346423234982569
0.013629350884165933
0.051532173869309181
0.089573366781784153
0.120332269311666143
0.070173289139845274
0.005133270528455623
0.004011407187065676
0.009581440405478467
0.033376850646080071
0.014982746870261458
0.017251847373737184
0.256257475342431484
0.137089938245825271
0.022131791120733268
0.109448218827465055
0.053253315460911194
0.144150370218105589
0.119400854328291367
0.038228485005250723
0.034969002611295159
0.184662607037346244
0.207281121876915192
0.292549484556977824
0.136297496790677430
0.048433958779668482
0.175004686895094574
0.292919149949488866
0.400000000000000022
0.248023579209392608
0.228430895876091944
0.047501816789303458
0.148458169127710704
0.157486856862459390
0.400000000000000022
0.333854494590592243
0.095401730347556682
0.031300889226734560
0.052274613310975361
0.031472772448076350
0.305864563404013690
0.165468793317810781
0.087557445523869071
0.059133542806183964
0.153737941131837835
0.187227935131890566
0.267307332804920750
0.217028388765567903
0.072078883441711400
0.068523493892575102
0.062781828587313127
0.086152012505940484
0.116772753585354244
0.092422275831612166
0.016614916081070328
0.027359096243644732
0.000741562717024198
0.003146290620953512
0.010153379955597595
0.023405924534946852
0.012189620796067269
0.012852375620763627
0.010697777702554931
0.078659252274653799
0.105045208616815822
0.075856139564600800
0.032349578488745888
0.012242302762819913
0.023594008431234867
0.147282277163386266
0.106618583730240052
0.087759755152109348
0.235325491433462652
0.060539030134479865
0.031251491622808457
0.133146281047609727
0.400000000000000022
0.197142678007908578
0.079607868866829662
0.026422372128082551
0.113371028850859826
0.249967455375306513
0.400000000000000022
0.168359259389993243
0.105714184802361999
0.034422327787649296
0.064666935180183321
0.222235116174139852
0.380702123390076363
0.137326472316864706
0.111381989773078852
0.103633988667715601
0.034720649844798487
0.099231797151164189
0.134803825459138910
0.084305675559201002
0.043021022949016469
0.108922726995280703
0.074666024868343700
0.085089799382419701
0.095845010797522612
0.074652817499189839
0.022937120026770234
0.050601767130179359
0.074652392259985226
0.034553542708804751
0.046373427699788847
0.020118903116204574
0.032971760680499312
0.015129901299094670
0.007617782531133212
0.029488672844767218
0.027885820298285149
0.102247350055073197
0.044225726065313081
0.005142588496655496
0.010171814590610307
0.185499186387992065
0.178784493593645344
0.144373830955685623
0.046445697688716515
0.006508299989651241
0.006846530895618285
0.175186650422915619
0.399576247351170810
0.152064917816737227
0.181229200621720377
0.086139084512842620
0.032780204506929152
0.097075520036502050
0.320246112148432405
0.210397157690098868
0.255659461482749761
0.070126312242782624
0.044709732706782475
0.102196724938048877
0.159673065487065391
0.183579366214260298
0.294575174617607516
0.122425921683707403
0.121804370906196641
0.121656595449626773
0.121490322526622924
0.184157842154049650
0.135082503397356085
0.120800063947133635
0.236583728824591888
0.194711116190842998
0.143463022266864693
0.088167828311898039
0.013355763170360666
0.063573056466628031
0.126956968602280784
0.083538209275832429
0.020165435796102495
0.023828061210594838
0.025168451290566881
0.047493803899032128
0.021103924658269244
0.198934497385198195
0.185701260784736283
0.183707120421351205
0.028982012805042812
0.044557629028344356
0.024903352624503695
0.137927470596310470
0.095351465381532857
0.170831769271218653
0.109108657208150356
0.006384044480868956
0.020406357228815723
0.085218306184393050
0.180355388274771322
0.115821104567679578
0.217572404056299767
0.073853457973590261
0.079104402652571626
0.244238250792083833
0.400000000000000022
0.168744570513558845
0.224584734385499279
0.220578467408477030
0.112995017790369079
0.171171116026089420
0.103191777992402853
0.058998596282624820
0.228590475038478402
0.252674744512370542
0.200159277735528218
0.206389271816707520
0.171843209351104115
0.220200128059462430
0.270132385373248574
0.252367937470224901
0.252808709484084293
0.149883520033050055
0.063889124817764903
0.090850354738150341
0.044213629721805321
0.094594371513074565
0.140601245579410727
0.032693615014807630
0.048694551199276292
0.043770178546950554
0.010361306459876584
0.064198863654721203
0.047377227814599632
0.140954767459846586
0.381640527322044232
0.305027054173116485
0.027022040680147630
0.103522576493184137
0.105933797280803460
0.210135934372193328
0.103240194235683563
0.103822096419609239
0.055486126151458627
0.011618342808659463
0.016389961760115087
0.142590397400518848
0.181451251849241879
0.107938473858119804
0.090193175870047687
0.028476655024341622
0.026666148071654676
0.115396390451821304
0.124565457990617717
0.205445123501996563
0.119279205644014646
0.180042518092739162
0.147824306055587218
0.152917638875349093
0.099373793946595596
0.353107276568187411
0.127040977243225911
0.138653514767894448
0.218114518450493289
0.141300407417704499
0.178861707401077180
0.207624780607646248
0.142967418793657652
0.259547152289907879
0.192460332105564180
0.198799192348084242
0.104654697702335708
0.117546210312172314
0.034808172767523148
0.154979998936544683
0.394207330472180040
0.175306470103528594
0.018754519073461529
0.028303461222535010
0.029174946425961377
0.072423510289507984
0.070950559333981464
0.025493170917261505
0.369192838937028811
0.340105030694724975
0.035177309151445652
0.100407023627612155
0.102206359908555922
0.148605528878819754
0.241530136240297510
0.185296113752272285
0.060468785395854062
0.001021691038300517
0.028898769252545864
0.138747359321722441
0.085848287523981118
0.061758845971878813
0.041811540460726632
0.000722125721048190
0.000000000000000000
0.061936707003741126
0.077868741193110505
0.124410645563693509
0.205828617945723935
0.091149684701041997
0.095130268815214858
0.060018847416319770
0.050126395474118679
0.131256294430098203
0.252292681081910941
0.150024721738785449
0.089334265874701807
0.121872222242674688
0.122210765415639105
0.108131664374781306
0.155469706805857699
0.101846359010266146
0.175935177147348243
0.152643078926700759
0.145787444851885883
0.094034202933827360
0.400000000000000022
0.400000000000000022
0.400000000000000022
0.400000000000000022
0.400000000000000022
0.400000000000000022
0.016914561797191814
0.025979005764037808
0.179759876161176446
0.079183871504443198
0.208488456456736471
0.262392012396046093
0.066646717044547096
0.052621483977855585
0.090353370003689523
0.111804597786040377
0.157022800698270071
0.143974456517592553
0.060033282251617338
0.005449038316781936
0.056054687915707516
0.127328861033038421
0.041884294821327585
0.039658279840499480
0.016257899578588739
0.004329998371005585
0.003497189333543615
0.058710250177215623
0.040362519287111202
0.109322797471128219
0.091282628703768312
0.035802775840039505
0.061010474420512328
0.076809391620916073
0.068326760400901160
0.170533674126756712
0.080250702239166166
0.077002743282625810
0.043515696626681331
0.129831940272681884
0.187147517625913945
0.079965630284379460
0.107887835665116172
0.140925009105487165
0.065240917860218184
0.066704402279664232
0.071926117211328522
0.119684502292800116
0.243993443171961505
0.381501519900739772
0.173203766938013148
0.032528525329702372
0.031053871569515498
0.140997035508903162
0.051951941462354143
0.109814317869490224
0.400000000000000022
0.215998601634729309
0.046350584860686717
0.050134490511149092
0.094391314982692404
0.094255757706956322
0.354551573048706603
0.100822155909740599
0.074227768493559387
0.042346450176420837
0.082553746235094733
0.024972567976775072
0.109084675380748231
0.114047415032089913
0.130539981556351020
0.085786692040592652
0.069182796441612071
0.034778127542149470
0.105420536173885998
0.082327920419930506
0.057766595331783764
0.105031565086133385
0.047437731272292567
0.081760567433583967
0.162274518193555040
0.021024252227668731
0.011929630384449989
0.103019323238097038
0.059319568222459193
0.062216642090551583
0.045357050733988512
0.109226131827860312
0.178802174137037528
0.154051702290766368
0.092157702452293461
0.082953263575949565
0.089825829441995311
0.095942872827103148
0.089673730774549154
0.121234794759123049
0.036981404916582743
0.024191543405567263
0.039399100829146300
0.004224378476993144
0.010792414531391382
0.039150631687571137
0.207805790236887944
0.164641946771698966
0.204762426911723833
0.099299811088308931
0.075431807512729876
0.035094968002663422
0.194013211388516210
0.165523802659493985
0.335664438262420317
0.075461731519550573
0.147030276280405853
0.042244733150770694
0.083256080642420238
0.191933550982773038
0.163095091318628371
0.151273261265909925
0.034009738821604116
0.031955637444344265
0.136943088759623882
0.269613720704127591
0.316366522539992701
0.096695794993802542
0.033843600607442459
0.059893525500901261
0.055247481974597820
0.096669060350158237
0.209232536057908480
0.021978185157683579
0.065886150066732818
0.193557936602707287
0.024830505270120734
0.095517335189379576
0.050000344602689199
0.022990221391025207
0.095278592508649909
0.170052597319923698
0.024603572593152465
0.119987350838565293
0.070212970444499770
0.052891027302992243
0.095794156401251621
0.069391318327060941
0.017350179730640548
0.043899841812328796
0.014855911117197302
0.004669956007042087
0.011501754623957252
0.021246622271317614
0.339354729271299838
0.400000000000000022
0.156900522142099430
0.162220884446981184
0.056314008960437284
0.083593097878273626
0.245272897152257502
0.380563400213053959
0.095034782947431409
0.126880935546884233
0.194145995258100557
0.059274635626695313
0.218501937455563705
0.400000000000000022
0.364533411699668797
0.231593255222973471
0.099177385428148732
0.093688129052333063
0.275102731634771391
0.400000000000000022
0.290887759844340565
0.177359419680459485
0.098418392130232610
0.154293011512086298
0.156948326061483345
0.199191506602206747
0.099519557377186374
0.086331136316237511
0.065251808327905544
0.134888832378629864
0.088972403958031757
0.052434379786202238
0.035210157443164601
0.085515306501279142
0.263958195686216646
0.187915378781789877
0.053153334207166600
0.085489624747937254
0.061667451678895244
0.061475053514205291
0.080214539944717306
0.095054401058530899
0.021459736074234237
0.061987489483609999
0.076913763592867432
0.026733241078471158
0.028697909739236541
0.021196206409909303
0.242906392675531213
0.400000000000000022
0.105588266180842452
0.008586343855785720
0.063780870396843395
0.046643130288034712
0.149064443749221481
0.400000000000000022
0.147718965768703331
0.040302225997554765
0.126439487337994094
0.043049161412556394
0.059668738832621165
0.400000000000000022
0.279325557052571782
0.155779691512324431
0.083560150382279735
0.110942358745064265
0.101288200936978171
0.200014653457516900
0.216288083139280440
0.277223096886531295
0.092251798766385965
0.057086329779579170
0.167297163394745901
0.216298666008680168
0.075554820914136553
0.079007684202521439
0.065233799458131736
0.032283816889688711
0.072408543759490254
0.168876147952133071
0.147493721539351724
0.096317610323083475
0.190079733967906395
0.239451351406565816
0.130956571526453014
0.129974294033888271
0.056417371195746212
0.061247016895681142
0.121608688141074145
0.173061969957437084
0.046044834407571122
0.051094305946350893
0.031181828434430067
0.017194716816817945
0.037269652703676708
0.042664803978521973
0.163886295959676326
0.178088460065626397
0.161868217025093325
0.039710809594300900
0.017900343837488057
0.028673498665862378
0.136831442294396033
0.400000000000000022
0.103080349910428831
0.030324875914676683
0.089861945838510773
0.018399021430721998
0.034129948159051723
0.176461799945579284
0.250608026393849381
0.089368780047959825
0.132533843729781553
0.088616520231641710
0.093688888104363072
0.199063144636661915
0.334464716700419606
0.334937682586410768
0.042931723890117721
0.183601725964876450
0.202223606271683787
0.400000000000000022
0.347310815055923261
0.246856785436463000
0.033723420689282163
0.203242295618763502
0.281638879352147486
0.267570425554638225
0.134922307360218208
0.041236906887221217
0.089742951830553724
0.068867143259068550
0.118436266334367157
0.156405450710855071
0.155188982377244156
0.092121238480181875
0.025387365374143985
0.087412115016058015
0.058126282528339901
0.089003423056863262
0.063119860000121500
0.038840108554261919
0.022135599921115249
0.027665325902086930
0.050846452869595132
0.109719250923897393
0.108828889712798291
0.035586134741081611
0.096153236562806221
0.081679775723134534
0.090932913380768587
0.217607099699239165
0.124949901686014248
0.032551685474205991
0.112966511704945788
0.119514841677437922
0.011202494497795756
0.033340152459300623
0.124005470203374962
0.056196724403530740
0.074147737532895941
0.102958243860582804
0.075010989190942082
0.113838909364120361
0.103372192459403323
0.054869817562105114
0.240560170951600483
0.164151194712546300
0.106072162634524861
0.338030618377340941
0.400000000000000022
0.115685255320835984
0.132525045906588729
0.240392857861391529
0.287443990377804937
0.143977407920275746
0.400000000000000022
0.098034699822422439
0.087492847002954219
0.174202912080653083
0.273133780582754615
0.095902718212546645
0.181913567994431646
0.109745961636538630
0.102446666072533832
0.070152506540081261
0.102429730210460312
0.020636880970266818
0.069717442877254704
0.033492516203163993
0.011302050458364061
0.001767643423923769
0.051093066499500850
0.258002871493343999
0.285667703767602643
0.066329587894688610
0.079856569908492700
0.067651018222213311
0.049545760334058470
0.046433768851163550
0.150995248897957735
0.031650323096552690
0.109203968759274905
0.400000000000000022
0.024094794175121285
0.006490232150729168
0.056847515206230687
0.069508061785755415
0.112539679021067388
0.163988920960911083
0.064493803349323184
0.068104727922920036
0.064749399203280517
0.236328146204215328
0.215971109311461823
0.093386224405046570
0.066462410404959815
0.119753961428795935
0.260441908081853413
0.400000000000000022
0.253333366025254858
0.206757189285247167
0.204990360894248935
0.189249827624721756
0.288750907167457993
0.207949957524025453
0.164002039614161044
0.241660018244660241
0.197323475784222407
0.177683894637685413
0.158710512690035943
0.101748340740260956
0.052311126299631895
0.077138737179752323
0.099093536084077088
0.042145439816150827
0.082855634974404624
0.044869519271935679
0.003408476284718974
0.002258273289427674
0.099340476019930957
0.102216027901267964
0.318785759674215408
0.169686524540517525
0.400000000000000022
0.400000000000000022
0.046469680130408579
0.120048215195541888
0.278833750344167464
0.198840114057189488
0.377705611090052795
0.400000000000000022
0.088863123423348456
0.008196517554251300
0.076536917064989524
0.239804756745487679
0.218027502658004413
0.205601054261507155
0.091816335330774906
0.026136718442369006
0.066764799277045775
0.137618261169743933
0.119497494636343696
0.165412667626928273
0.228179967729357669
0.102974959675207228
0.263268314912750490
0.386236134554803212
0.342318647435098877
0.292328023748286481
0.327261780048857254
0.190569197398412854
0.235896411369022924
0.400000000000000022
0.356556669570501028
0.336409194255050781
0.243873753757767875
0.179545071979555382
0.212187254385207802
0.229804895852341068
0.253884821913143099
0.196861653352321586
0.400000000000000022
0.400000000000000022
0.400000000000000022
0.400000000000000022
0.400000000000000022
0.400000000000000022
0.113286318612971754
0.092369212713516100
0.400000000000000022
0.400000000000000022
0.400000000000000022
0.362734760568079073
0.114287560653924911
0.076277124369761209
0.315689762313491218
0.240684006824426894
0.336966067434552263
0.361765431020873274
0.145029708479080921
0.015259649912305148
0.088080162328412370
0.244094708623475570
0.215038579121987428
0.148748654565703686
0.116969321190417030
0.006328680938768481
0.019791369670875063
0.128349683358787825
0.186506173405360520
0.207406801197283941
0.134581482074664249
0.054209902521165573
0.198994010091886997
0.379800951510604667
0.400000000000000022
0.383788315068240293
0.104538151819872513
0.125787165382894223
0.159804680387765824
0.365819963751963906
0.369207613269092239
0.261895445502157542
0.169109265691066740
0.183900978092021106
0.162984128775986586
0.116576930036438792
0.125125026457952232
0.176845244730857831
0.271825122099865535
0.397276521463501064
0.210777627116578353
0.080574344802565770
0.051423723883674936
0.151303489399545243
0.117987691642108330
0.170942812570753389
0.400000000000000022
0.400000000000000022
0.157655439950825010
0.139755429107170537
0.146675926168719384
0.107694674213324321
0.400000000000000022
0.341813058164779526
0.240528162278507235
0.111024738164618858
0.165885877592320208
0.058565520257466343
0.127956049330380406
0.189500204237549652
0.288456816289080875
0.200148658558248760
0.143804511332400464
0.085424418672940358
0.170605120423329870
0.135991408481719533
0.213352967250151293
0.174284873590482531
0.068513565911065263
0.111236925002338380
0.304269049139544057
0.293008800823613136
0.232246607980193337
0.169466764424390182
0.082814396045069474
0.075996056907251683
0.141156279339578444
0.400000000000000022
0.367956199529432093
0.255176618116656539
0.109140832936783755
0.095038387131406540
0.109051948970285736
0.194995829982408081
0.159816044712662558
0.148212494827004326
0.047008871593584661
0.039382603941909261
0.055496380063675577
0.048465479867072697
0.027428818696091213
0.045411534061995162
0.400000000000000022
0.395640425039151089
0.296189832081525883
0.348085467899199807
0.222069470484742681
0.158346744793320615
0.400000000000000022
0.245031226473789221
0.393538087849875318
0.309998507028298009
0.348516845956179877
0.275345909979528014
0.170836189570148178
0.230461076811287635
0.246521942554867035
0.395745389554531646
0.273843906840788853
0.260165402724775008
0.237266637923800650
0.288698200475543010
0.338708795054242062
0.216841181384359982
0.197251984078924469
0.178086017560980664
0.114895281435735672
0.117682043541157827
0.265455634062717827
0.097745079087467684
0.309965427426774742
0.243872661098336108
0.041331829591907190
0.132938905025363457
0.097342817315668489
0.189697766730968248
0.376877565017994354
0.216989077076795212
0.046949995828135027
0.133616701722731240
0.121745144313808978
0.142464394084776402
0.216126425712917791
0.139564607466906215
0.022483450259096170
0.047911248999394467
0.024437351522675770
0.038046806653122156
0.026484501494218712
0.038498469645054802
0.400000000000000022
0.400000000000000022
0.179032313262832726
0.271669103274446322
0.109567324421348491
0.227743468096379187
0.354320667971213532
0.397163876922575931
0.130003785558726576
0.311543542584230504
0.379973689032812978
0.348753705889459420
0.354799434246241163
0.400000000000000022
0.400000000000000022
0.400000000000000022
0.400000000000000022
0.331858750411233361
0.400000000000000022
0.400000000000000022
0.396524510637926098
0.333731745105803057
0.400000000000000022
0.400000000000000022
0.252350056409040013
0.230492395828941321
0.151794170688161756
0.117803908764313847
0.369016342178691892
0.300357625696440644
0.176529849481900841
0.111567922592386209
0.188948098575002443
0.272743241633169708
0.400000000000000022
0.388193178386219473
0.125232217648878014
0.154013118640512370
0.124449280266208356
0.147627066020145803
0.196987293530071550
0.187476676890143079
0.038074652155304561
0.089346585727254735
0.077655326309891637
0.029879531699424672
0.038851289694834132
0.044602130944856162
0.255096013471598493
0.400000000000000022
0.116286043883397389
0.087245596130439529
0.168826079013659230
0.122499269852635526
0.181414022237967376
0.400000000000000022
0.171312974199938184
0.187584503160941024
0.233058071068234174
0.130808916564665756
0.294994230266083790
0.400000000000000022
0.310577048675380163
0.288925972559934185
0.400000000000000022
0.308085036752972885
0.180896069803807819
0.226437025585599472
0.329659111990140252
0.400000000000000022
0.400000000000000022
0.225445589169572386
0.273011348197107873
0.250720993796329450
0.140221756094319860
0.301242800376661291
0.400000000000000022
0.169610289206553438
0.183790533532569078
0.272510136619848686
0.182214371384150198
0.195549407474247650
0.324883559427045276
0.323757026965766748
0.173977594475469510
0.238897021029168932
0.131083396064089919
0.146336816278100856
0.217453698938596729
0.247714787456626950
0.068981954434341367
0.101696073076530252
0.105834220694415296
0.051748259525622696
0.083643080403465561
0.062783707094726554
0.196858056640175610
0.193218361364721064
0.169485999556226508
0.069199482439068122
0.045786164135773202
0.130920848720935595
0.181057168359709114
0.400000000000000022
0.113252164501039143
0.215824062302668762
0.268646439432156048
0.162772852386407596
0.080575645847768218
0.182970099935230529
0.257454557289467700
0.264555430470875430
0.400000000000000022
0.240681438048378937
0.274918088726083421
0.285202229149504494
0.363947259959758407
0.384140024732084417
0.363177836038550195
0.361449549971253448
0.382324042483894622
0.400000000000000022
0.387719337405225128
0.349053510374511822
0.193396486176347526
0.373435648336069570
0.400000000000000022
0.379902386031483852
0.256726678266414821
0.162893502336848017
0.211233274357176648
0.253024985413118186
0.253518769731723215
0.276146963972516368
0.324911347884525803
0.278883140048104328
0.168850387641008681
0.175579943327956067
0.071482045698700578
0.152576479523491293
0.190076828602402298
0.122378317830094341
0.042301035717217744
0.051493387112681761
0.076014904160162017
0.157213054822929521
0.129932814371067545
0.234520632126279799
0.281854497347542476
0.265386896144485795
0.119914926185811385
0.262164728727583507
0.149853254310517936
0.170479156070516447
0.208317977086478645
0.290346610948656547
0.120311151705946112
0.039724196940169570
0.144411827432190665
0.141415030587923790
0.254503125807667208
0.218779348428262355
0.292583393247241863
0.187692367337710664
0.182476595111974976
0.299108068354188905
0.400000000000000022
0.327844981157610349
0.328847860129297009
0.400000000000000022
0.400000000000000022
0.286856371346925432
0.235716823898991568
0.299391454144016356
0.395314505816737438
0.382972658981203751
0.400000000000000022
0.304423971639129931
0.259336056354058320
0.383338666735131339
0.391383747469229992
0.318977602887559830
0.338605227170344469
0.259629481669588658
0.166335790890298707
0.161002861278231602
0.146643359932265627
0.115231252483341373
0.210318688456665404
0.066186131217971622
0.059996601657640355
0.045537821970874318
0.061454372959377432
0.322201735148065160
0.333044931582202275
0.207284355354535155
0.400000000000000022
0.366932537757044486
0.076567801014206086
0.149956345344347708
0.256929046178761167
0.241786257468746046
0.212444162994958441
0.400000000000000022
0.079580920326579915
0.018108574959388633
0.073237476966345749
0.212098459186274263
0.293990930870309308
0.271927394819030888
0.154686979219370857
0.096581382947261651
0.091415547274935199
0.345513226540562379
0.340536567302079540
0.298831347907043188
0.185741616048974489
0.299796479521535097
0.397174561260109027
0.400000000000000022
0.352707159971850426
0.400000000000000022
0.325531497486812205
0.327903342392616204
0.400000000000000022
0.349250364941729952
0.342863747015238252
0.397850263633861778
0.308506096999589752
0.349368604625843737
0.311966000456237125
0.282655016972934103
0.156965824001967597
0.194684947491924637
0.133901708851600243
0.197125438752695503
0.400000000000000022
0.220175989375464259
0.022162995358180507
0.030561734511962681
0.287238397614985042
0.293374069471041721
0.327349852254967100
0.302910152240976116
0.321984719584638701
0.302137188432139658
0.248303014296400754
0.268244092620390506
0.345002114873826038
0.279559159131066215
0.331798988427153718
0.367923526693352265
0.194775013111992135
0.173003630918878215
0.248390762399302328
0.245635075295707106
0.356548385039381632
0.332769784683743242
0.280785305833493259
0.204333007984466603
0.240816064040513367
0.256919179981478452
0.364473240826919287
0.320106482708006179
0.296936999218697206
0.277861324028664036
0.308559590690659413
0.327014360659415138
0.375839881613819260
0.365779481065362733
0.323091965464279485
0.260191734128615904
0.284748517060962103
0.349275032674256858
0.417406441354844449
0.369857739011758391
0.195023137359751297
0.179949510874956420
0.138421833328767091
0.104868414793288831
0.095945509875276544
0.099569307239173552
0.158313354482516516
0.202138563235350205
0.199284465079070827
0.117983980051842879
0.095062091432436380
0.107304001909792265
0.225747572107930117
0.301665789984986832
0.331934977405796527
0.312403101433453456
0.313553927580893232
0.253224684316462112
0.190469519782814345
0.270592963977556056
0.285242123618705323
0.332025540238298056
0.356377666102786206
0.323164673146589809
0.160625287134385564
0.171395571954624459
0.196288151149437706
0.349595100651783175
0.345987641137726454
0.216357308471822135
0.194589723988898428
0.199426871121687638
0.231076385030432374
0.330618188120838430
0.354605941460097440
0.238451651439591322
0.187577605291649685
0.256617629537759961
0.327742380285797386
0.353704753023629359
0.364733009515015527
0.322446299764220901
0.204429082163471970
0.209698380679134211
0.286609254102061617
0.345849018188748469
0.399219130642924191
0.360684634915853175
0.155505413779189056
0.149818224912267789
0.168063772240641701
0.131704240252525834
0.096635402384538868
0.090573899787982845
0.140827436702096020
0.181875734237482184
0.227146274779941731
0.138220644410842947
0.095593856837030991
0.101420637781280215
0.258029532608704038
0.265726994660434424
0.294379416337992528
0.260985641272065749
0.297740997248477246
0.290738207041410179
0.219012862836090366
0.245350810486015480
0.242048032141555541
0.214969475785345809
0.285236725778263034
0.329051428204657992
0.199261935435219584
0.171737473114034256
0.241027608880258898
0.283582934079009252
0.361517495238622144
0.264641177565526187
0.255258779003279035
0.188469169677176335
0.265985422874626565
0.256580807593533466
0.365097915774182824
0.364092170916026581
0.283447263817334150
0.253543171017502345
0.308747306702162994
0.285538624798154506
0.331731153280474866
0.370563964662172396
0.355003201164148685
0.253776423371346593
0.264737708615935041
0.289147708408986126
0.344066597553515541
0.337266301227907128
0.361199103681538236
0.351909532423698546
0.326111947563829552
0.313359499845696055
0.301913285099067452
0.292258872477503484
0.149949331081645681
0.194562940014244956
0.193824366112703594
0.117059563959196603
0.094620196396613759
0.106261317459418164
0.229981575155844081
0.276253956665242939
0.292387099023771024
0.283540907456135638
0.270466036991047210
0.227807356131499050
0.162758885562644257
0.251642494320161003
0.246008708438087781
0.224750872623932618
0.274039742793057872
0.284477501889283724
0.152850843397476149
0.173172039971457387
0.193131134994627113
0.336804478818027164
0.377821660053373531
0.221354804771581704
0.210504489338165263
0.185582290152474266
0.207756273940515684
0.364402071034592989
0.354325167420209253
0.239119450626169877
0.196434513080720824
0.247101140173334538
0.298166736821483314
0.353924886153488272
0.317424927330692441
0.276038112662338020
0.224258514501239653
0.230409927752478483
0.280704878672837554
0.316722459345320506
0.330493983193139607
0.297311020698481088
0.233598809050109019
0.283617230739248494
0.328665764185737286
0.310285778321935435
0.288758263565786100
0.285010352905217756
0.129116978663416870
0.171739017221598400
0.217814193892415214
0.134951979118646842
0.094961600927945214
0.100920109868998908
