0.083823183378418334
0.103290146226031568
0.163784988841072399
0.023154964532627366
0.063750908629459840
0.080661330199283149
0.134825540351549866
0.109325562552867364
0.153139900879569524
0.014626729515706521
0.051183553583211097
0.258221171929652049
0.137584683766551974
0.049852856703258161
0.039000383966136878
0.048082175324356852
0.044862037467397767
0.039842145872307222
0.026089752592435195
0.043498302545504006
0.037639223573627353
0.017916681097978664
0.018457515044627556
0.022475772046085672
0.051755488186506639
0.033511457197395469
0.056160707663260680
0.075957699114403018
0.010337018552072114
0.008001602785783296
0.063778978250643423
0.007019510355549676
0.021438434157912231
0.024208439844844755
0.004601322325030489
0.021946336512912199
0.072853251977120864
0.059472713558260989
0.036279557123889999
0.017811715593544619
0.062902432174936324
0.051352287413725314
0.110737982415296962
0.242287896162541871
0.130614435832091313
0.087634148854964677
0.110686410408279035
0.072062293308463213
0.091937773804939324
0.091121316047406559
0.051552806174465414
0.052687277527335166
0.040136046067737435
0.053513049232726852
0.101529365649106154
0.089355476900364814
0.194426593422184213
0.074923241706402272
0.015798607083415333
0.278320333373428319
0.077481896216325563
0.041329495556456979
0.082926261827313677
0.026296373903560578
0.000580313031230168
0.012929710953947210
0.046440963824672971
0.013731544327532342
0.096733281124151096
0.016845862617621225
0.001274795565820811
0.013885718616067778
0.119625198065299199
0.038804649971227886
0.119031676540139991
0.015116135552123872
0.000000000000000000
0.045999443339706667
0.056420076256600914
0.041062124829155611
0.065697883220637271
0.033440874833809732
0.002292074889762376
0.005759368333418563
0.068948215325623258
0.052940405396619095
0.036588073281174804
0.035507858999947323
0.018531480647980426
0.016717343565129935
0.027203066474646296
0.079562600471067044
0.063537723393700271
0.005627976642011488
0.001346229384760473
0.020240939533955397
0.078386235619909830
0.083344160396224470
0.106133545545993066
0.036006454782732698
0.066395981681108746
0.088735619707774660
0.121235938826137535
0.055974394213578339
0.068732993523948974
0.040929983108326379
0.024738001498043553
0.171367716059733416
0.007000550556353462
0.022494178126621384
0.084295197338338679
0.065355181091480322
0.023146865921297506
0.003260241578334306
0.010857820302886895
0.106959675279957256
0.098998489343736396
0.034558045232200532
0.001832389790489482
0.000930853108529422
0.068082558275768396
0.056173405198110093
0.063171783647649860
0.051363189653597235
0.006479348608521368
0.010235777819278232
0.100105538249061876
0.063004805472110501
0.051048358756833168
0.027667676942272047
0.023295783408014886
0.001198045499767551
0.121626267408117772
0.089173564980569137
0.042676836921760830
0.036973165107591605
0.045513125561327236
0.014612747464991624
0.025145374440248280
0.045947556953703977
0.154996923634844519
0.028367697722644643
0.056241499508435204
0.035687925744735297
0.041300966291759028
0.090608870821017692
0.023418451796664921
0.006566196585040826
0.052137084566714620
0.026162299784099039
0.063872685027374254
0.125256014588878667
0.050802707413228364
0.021549964127552921
0.047673944275526667
0.036063000577439518
0.102224014335824454
0.128763607669917735
0.141800375659008493
0.058089647653683643
0.014596767169239432
0.001272650229592262
0.050390441196646207
0.054808146501821725
0.111679383231201523
0.068769708885807870
0.007536096500129437
0.002254884793446197
0.115103530698538126
0.148569218551311388
0.090346822910033014
0.037580392553196847
0.023331783449787133
0.027479125663202996
0.033796103030908888
0.035074224203440009
0.042450939927180999
0.012861874936080667
0.022481770052106501
0.014356334187412041
0.027813018698032745
0.035346438333670828
0.048267107798420965
0.110236958097063048
0.000000000000000000
0.000000000000000000
0.019356028068498326
0.037290945570760084
0.017898851882569226
0.022662942775677184
0.028473720284589180
0.006814183581077934
0.265838882817610644
0.339576704390805895
0.213933288079071138
0.153484928714592295
0.130847992402743696
0.037680461430532372
0.274511122641696748
0.400000000000000022
0.183551797232500230
0.186745356428058146
0.377753498519497910
0.226211876176222959
0.400000000000000022
0.400000000000000022
0.265402805634794570
0.178300044859279527
0.244711950828228553
0.101202389364411977
0.319341891832785330
0.400000000000000022
0.308912071182465442
0.167190161620490885
0.207223963723816240
0.125932393588332248
0.198748743067431649
0.397868853824730140
0.108834302646553305
0.088820745812392160
0.292227879096879806
0.240357594564017424
0.165641601186982790
0.400000000000000022
0.183951804846314321
0.174932143999767142
0.241289538866887421
0.131380632630246186
0.180862232287957447
0.326663333363652719
0.400000000000000022
0.360687135724861108
0.037474316407373531
0.004256079050543495
0.187120918351850352
0.400000000000000022
0.400000000000000022
0.227836773200750353
0.125373255300020664
0.083137030214179036
0.086007462725042338
0.003266321219261049
0.020939560192136535
0.036078410008428118
0.069424581432408886
0.060960966841284665
0.098007634912523872
0.037508151975060681
0.065159164768033448
0.008900144254413166
0.155214567127420794
0.070456981485021233
0.122444964637614340
0.064895439923856879
0.040364488163281573
0.049512802506309933
0.280103838771768754
0.133741163980933414
0.092876697366838651
0.092060072815630112
0.013963906105655090
0.079697986996783238
0.264120425150556448
0.138853405330674307
0.018924467894304908
0.137670553487000302
0.007994457431561420
0.049387776846075822
0.285742932481714229
0.201689066011035506
0.011239406094205654
0.128418964352998988
0.049056586753981959
0.042241970597907998
0.289809157484602564
0.201065885391087662
0.002902034009751248
0.062837473380458780
0.065064753226258598
0.028026856890337726
0.046871221688822337
0.003553711601641421
0.000000000000000000
0.076766828214019839
0.116285151449390084
0.000000000000000000
0.003097532415206456
0.027637750348394240
0.221733810389591168
0.109618967248172383
0.028120369185664407
0.069432725638652534
0.095479681603438310
0.098553395897285068
0.195887459768954802
0.200250658444750068
0.004645675309174275
0.031737314393783675
0.068695896517105115
0.040395134926382380
0.220887884125240991
0.106369298546698438
0.040654323533278081
0.063169570196223046
0.023488837960207221
0.060632394857264515
0.254886365070524534
0.077305592082749688
0.048399604735439951
0.083526774308954235
0.022862852848960551
0.018130133061696641
0.197228533593156286
0.277454996866802694
0.195530177975018093
0.056781255624612365
0.049933544336678501
0.041799396591648844
0.104834397315496000
0.400000000000000022
0.244999820002640006
0.068222278343173140
0.301987380924028770
0.342699449682828561
0.076731571193038389
0.105272724798079767
0.217246926841748955
0.120567820803316350
0.193646441240295869
0.225576106536986676
0.090961596835790859
0.170476863062451217
0.266819968104876293
0.071246995135841984
0.088869493403382946
0.018699284026565163
0.350974180836320870
0.134500744466052147
0.052364509070804241
0.120994847348981457
0.082816171570919472
0.019226596310829985
0.233963089276275210
0.160942406106419911
0.056090118767708447
0.016617578949499421
0.009273736962565194
0.002224337739523625
0.165426814009628831
0.142591157016433601
0.191971456575089516
0.059423828106686997
0.017152170201722571
0.000000000000000000
0.381501744170557155
0.215092996564150041
0.108088505070564361
0.141903989729464608
0.034896701678297157
0.000000000000000000
0.380410134629640351
0.210519209676039848
0.184782979346826026
0.086435038544197512
0.080819222397791643
0.010353839466623639
0.249966477133526599
0.287881664041516605
0.268749399363729602
0.060450385473760047
0.242368580102081288
0.400000000000000022
0.217693657003958901
0.142468358580798871
0.234319076841021656
0.162331833327019670
0.222554879243175657
0.400000000000000022
0.263865380450388931
0.158145728083464832
0.339260638892655453
0.088588356197818879
0.044882378918061586
0.077322476125538636
0.180913922840319097
0.090425079097145769
0.089490618219481899
0.084010326365797472
0.116265687101609477
0.089021027646390638
0.153998798964510603
0.090874650615764052
0.090556825530530613
0.046982528155344871
0.037290086101897352
0.062328188461059100
0.055579748426796895
0.111778097610126165
0.159077343827035034
0.021605580179756202
0.029002261637468114
0.075394296899633700
0.183103131050695062
0.108734393886016231
0.147558671321833923
0.084072327781389650
0.010650278967851333
0.002733357705000820
0.251550972954503571
0.299229322928650621
0.282372279021880723
0.134455005686500428
0.022874210359478456
0.002537194890986067
0.127184347241661500
0.084938940086619258
0.288716739611400097
0.107135254033765809
0.034402710305683239
0.017239335796329490
0.247496816707924283
0.167350662264050154
0.140207076994776192
0.137952030351036758
0.107071642637903919
0.249339226978604889
0.203937691820368000
0.220842341671666331
0.157676218586125377
0.148376365944406147
0.063449516544733103
0.076109274719059358
0.193432399232289831
0.188385335924554476
0.131892862301061620
0.019063130883410467
0.047679134411752588
0.269991486929188285
0.237372932271478709
0.126919910308968431
0.181891330847768817
0.033219306975904889
0.037790833416905631
0.157674252947104215
0.194292868239644034
0.158026928338540651
0.117999333572132603
0.042848741275447265
0.036627946424089827
0.159102772177139667
0.316702582559397205
0.234545609122344623
0.156024044087326813
0.161636473409527165
0.020782951755979041
0.025234122031799189
0.342394895951740885
0.400000000000000022
0.225558139043363637
0.275610553443924267
0.046922302642511640
0.010094612039521670
0.328756584774030802
0.267203901807425981
0.319703878059709179
0.194167693135717634
0.085262397079839222
0.057141419295363663
0.268739654366335623
0.400000000000000022
0.365679158958543693
0.193574102348827271
0.143713734950080357
0.156387241891376483
0.339232551765170309
0.304033969477558952
0.188041006223072210
0.293029068669081183
0.142749553482299674
0.143480271995181152
0.085414478964841126
0.097636627945634880
0.062135983929255068
0.027623681766103202
0.072894465750833054
0.349797583705220294
0.106350862774506283
0.102726744850744761
0.022638827937388660
0.019307745796337615
0.033643008837986821
0.066819326725510053
0.069358097325498802
0.032767209624441990
0.061220628379524619
0.052033504606996912
0.039253632427632301
0.149257003988715137
0.256420182673053665
0.110209633892388206
0.193491540018790514
0.132363352642619281
0.026643039066250117
0.022794851033580969
0.218273257406456533
0.346243617540891502
0.396327262311662376
0.290966131844045239
0.088080290155142307
0.008014993204923115
0.382520005159879051
0.201427897424814817
0.311687719427981902
0.187005939828077783
0.046693655627328579
0.010700604072544938
0.232928335430592492
0.168869790464097946
0.138441126287240535
0.271856752495029497
0.065839257790318267
0.022296229759841867
0.207628893209371668
0.292528219534157197
0.194132381361297596
0.212566254353372563
0.259497477096956530
0.015031082254972787
0.155024439061893976
0.391110053886238762
0.172806860424869063
0.090633254079115558
0.117613758791344503
0.400000000000000022
0.129324275353054380
0.201927974365734925
0.224201950049188609
0.066912537280092721
0.067191238754094273
0.374512637832642103
0.099346048336486623
0.186956054942351069
0.196407057268791707
0.138727284605309337
0.051341854203603814
0.385941736642307909
0.223593988471742278
0.300765789932002814
0.166749313493205570
0.130793282345101680
0.074079590943694040
0.113479717691070403
0.344127981038716946
0.292299764302610621
0.169344133636276178
0.146221340314116849
0.063436741174965061
0.023362472950860323
0.400000000000000022
0.244264988944924599
0.208137421559770441
0.163060801052872406
0.133303047109403744
0.067219630582508141
0.231706633029421571
0.081154798842836939
0.258616052538069907
0.245067388217301119
0.217905416782956357
0.110354587092504536
0.257828153604217958
0.244071257153272547
0.142560666376960243
0.281157765199705645
0.339457313036064523
0.150974260130870092
0.074601835173744011
0.120598914445689279
0.097146983527976141
0.198301682526298928
0.289479582435473171
0.400000000000000022
0.073134224356343508
0.161067465739792914
0.083773533536350128
0.162259115680939259
0.181718468798170940
0.350734928831396120
0.099125042904031652
0.193051234952149015
0.214750485487551213
0.107463220584686950
0.134763821961667446
0.400000000000000022
0.054020675822912249
0.124478668278192720
0.285391768988139505
0.085586872564875349
0.076826102205979907
0.361381583075201629
0.042014279316297851
0.142406414172602108
0.187995453443314586
0.044040320123584747
0.049542712690959063
0.059596740549165445
0.192767290511318135
0.121030238109406524
0.208778648339368267
0.082787655845922514
0.057004355927171318
0.080459096359586327
0.205270875896474914
0.040485430418287720
0.123583886487689962
0.130128317679416655
0.126618958979687279
0.060643854102199468
0.153354135916965229
0.122972096857504987
0.133726309310898350
0.176429936896417616
0.200926923367681531
0.100679908087800071
0.245899266396333221
0.307988936235351729
0.400000000000000022
0.400000000000000022
0.262168203020778479
0.302401340935431695
0.261378885329760224
0.292703171581594146
0.397138363105107528
0.391284100403107238
0.323419444952827373
0.400000000000000022
0.232816071632891530
0.315542218693598664
0.378378460968728292
0.237884743243462260
0.334806542687726416
0.391362365269725565
0.151972866712445837
0.216071498310942689
0.400000000000000022
0.196994545403275878
0.357974711002244650
0.400000000000000022
0.230531118076823333
0.130340987063923719
0.355546441180100370
0.195841208325428007
0.342594283876354488
0.400000000000000022
0.289940781806136416
0.146565220796014473
0.191044849229387304
0.340683447923767091
0.214867974206704032
0.162498108058461321
0.138324948032051392
0.101678338558609707
0.288358771964375205
0.360691731008589866
0.228119125798699252
0.090253800521653729
0.139896968613699046
0.063208885525721931
0.156966149538666805
0.332404657331238473
0.313360985135047287
0.205675108909728233
0.109991829855509676
0.080068292257447105
0.084134575989279259
0.225161307803898592
0.098684001766745674
0.070429746151802766
0.021141616465304915
0.021874852917095691
0.098939934916968050
0.187986157607952953
0.139394555373492407
0.181012182641775876
0.026933583972056571
0.021190576557450925
0.010802431439811055
0.073094850624523075
0.327609193781051800
0.400000000000000022
0.008092941428244151
0.018340494719319020
0.091097863641654647
0.062940541641766837
0.298258653094578385
0.400000000000000022
0.007958782717267630
0.020561834655450202
0.078977388785914523
0.029377385725281084
0.262497370296009058
0.400000000000000022
0.012655648208121120
0.004954830531847174
0.021236762850246629
0.013286198170963100
0.154432432255216995
0.234905933662391375
0.040184959109641802
0.001461336590243228
0.040716078259938157
0.011265118062147781
0.042860260441156844
0.128779870129438451
0.053053820925281672
0.032707517199947751
0.127372955371552993
0.023153922606113847
0.027421016406888824
0.084836902542851367
0.025489353954925534
0.190544092454640213
0.117210310160944770
0.079397663261238274
0.047151389612473796
0.083920790953891489
0.033317063236338866
0.088099532408822026
0.151395837827043522
0.088425943257528505
0.146557698500941247
0.222505566768162355
0.055537391081815143
0.049062206327391250
0.099900399387138766
0.197670488599137439
0.069361873265511909
0.214814212792959147
0.006014640361123125
0.003834617950194228
0.156987228704850795
0.103851001888780464
0.146709006941738163
0.353256020179741503
0.074986603735118618
0.040360687935429379
0.120126971234502125
0.075869759312638438
0.093664287865650883
0.400000000000000022
0.136943799801618499
0.092171851859549014
0.072339867018767628
0.111567168055504651
0.078911347183382913
0.400000000000000022
0.116545057012630626
0.030161315679774127
0.110762419154169928
0.141454011521073009
0.096730013133689383
0.135235564817939441
0.114336748201204569
0.071152992920104866
0.109439193306064469
0.072969528174775380
0.052918172199835044
0.097342060321545631
0.143618238312397006
0.142391346558423199
0.124174222013402502
0.110256865383400335
0.089528976308040367
0.114439823003350094
0.091296390560580656
0.091447273877336005
0.068052110626174861
0.053627603598560863
0.057783723435346525
0.153779578990731081
0.150992518427892630
0.115721427647509104
0.055961524548777487
0.124078344094563489
0.056842515161779947
0.151916964796815213
0.040218633883992570
0.039814211292287238
0.091176753565862689
0.084697958140578788
0.035962232554762393
0.049064973844263678
0.048095855511166151
0.005835626080946234
0.161370359668353502
0.097259884899574850
0.028807601392947281
0.181793196994152056
0.062430582851907244
0.012763397244904379
0.040272497695462303
0.044987675441678969
0.047616551107152807
0.400000000000000022
0.163043808269515728
0.029567369950713074
0.103372782766042864
0.137048337177100521
0.123920310749552981
0.157349670188678792
0.112588099617560278
0.048934244026585333
0.116815258025728341
0.138602629557408236
0.096506349731222962
0.073032447462640343
0.083248760991499596
0.095938804398724598
0.048184421090047523
0.038059877842461412
0.060690683245468585
0.026773345521563734
0.041676926980361691
0.056323174345334695
0.072370454488453514
0.035341371697705834
0.081803627536019358
0.251790197792108483
0.033369304042745247
0.020417758760958825
0.047428836298016912
0.043654528168162746
0.032931506587643336
0.056388951300311588
0.006517375675276007
0.031958553030639714
0.008463405170709384
0.022353163857997394
0.004519729733364695
0.027363371004998891
0.013131321535197223
0.025443972257384442
0.060298900364321624
0.036759897762442414
0.000000000000000000
0.042065040436878365
0.014772778500007581
0.006306469683658712
0.024069023675030013
0.008913669080167151
0.000560284973053025
0.122019035977210297
0.093449530245394943
0.027208615690230132
0.138317824420760266
0.073654260574040065
0.027360323530123264
0.114380696654951916
0.149647510646044452
0.041119955737871791
0.084608177513830318
0.023809607546182072
0.018640595992532281
0.091859821156257723
0.277255582610708207
0.291675482150586030
0.295677851142134018
0.042218095416037826
0.111430043041212457
0.319851117672090068
0.370938870640632856
0.236245472861835781
0.335031231727338341
0.047846036491611413
0.088974387000116728
0.382199783885336153
0.331877552006196008
0.207879785041798798
0.156999717538269468
0.090930916599804124
0.081489983891487594
0.198944918049446889
0.342792335151832384
0.278043911667848642
0.193663267660954153
0.179553154507505808
0.039240466800606597
0.047709894077884868
0.386904184627120618
0.400000000000000022
0.281718846706624282
0.296174997127277684
0.057259321194583754
0.018096214825304963
0.389092488136495496
0.274223412162975633
0.341142312217621368
0.218376132980562382
0.089863719404869716
0.079087755808275859
0.341592906343456515
0.400000000000000022
0.395037382197853448
0.211385817942371879
0.206616167125016681
0.207739529305101783
0.400000000000000022
0.400000000000000022
0.318655442055163496
0.369003802091886324
0.253435963890578653
0.202156342834274499
0.177352252769780450
0.188757943993041466
0.113688790103720488
0.080310959293438372
0.113030511818570489
0.375195022686430679
0.207880228423612479
0.192082221751109589
0.217065421359572852
0.094230987502739866
0.049441615921402143
0.345058898948834347
0.146839993541824365
0.074096705180898975
0.144146890206838268
0.078329878510557491
0.039833945458862471
0.162186714942662347
0.302861146497726663
0.123941178219920539
0.290224821142941569
0.149209215260240530
0.027917834632070926
0.036680569649648748
0.337898455471755732
0.382410666226900231
0.400000000000000022
0.295058605969721333
0.088080290155142307
0.054014436544629792
0.400000000000000022
0.242490022253970428
0.377385602648619090
0.220446814661887536
0.048985730517090958
0.016459972405963499
0.301876550756215722
0.221810195860717041
0.175029199568415339
0.307364611494976792
0.084370738438298704
0.039013573324971795
0.234831959684017988
0.372090820005224254
0.257670104754997853
0.218194230995384042
0.260843706481717008
0.035272021788928187
0.233410674681803793
0.400000000000000022
0.278940405970862115
0.126639708861848249
0.184009740472453276
0.400000000000000022
0.250560214179191887
0.257902368579313257
0.292934943573137541
0.107842520388419100
0.091929240252137834
0.400000000000000022
0.106346598892840094
0.209450233068972480
0.280702254607130386
0.204082465696789617
0.074488720124901334
0.386652183354298185
0.234451808774629178
0.392887463618182387
0.265747802836941993
0.165351327577302198
0.075911980734183510
0.114410570799599834
0.393976022990513819
0.348473169500720714
0.232515917283926066
0.197584529967714084
0.069916089783486429
0.033598250770138560
0.400000000000000022
0.307269794417035114
0.259185780316603609
0.190728477995144446
0.156598830517418630
0.068417676082275697
0.352184532229492697
0.170328363823406104
0.301292889459830682
0.282040553324892695
0.245885054277810239
0.124967334557496146
0.282973528044466294
0.290018814106976497
0.297557590011804762
0.309525462922350281
0.349992035141216240
0.186662185875605430
0.115902801465503025
0.211207785266706999
0.120565435324641076
0.204867879111339746
0.313594481746910902
0.400000000000000022
0.137006909383717762
0.286323480328671609
0.134576240949578485
0.183809079808492148
0.229392413073697621
0.370503351847243256
0.201349057239856105
0.321814842622066777
0.356550861146559706
0.165552868238370621
0.149360589130906884
0.400000000000000022
0.104411117019558450
0.179286814780014458
0.388896595429404468
0.154356581450683233
0.084362198706109337
0.363636467868647839
0.157117810014835962
0.290975632723913469
0.278342276353347629
0.081620712676781587
0.072874496140746203
0.087075866212368430
0.226563393542227015
0.156104462312846526
0.251229588266549231
0.095649530782003195
0.079486125979277816
0.094815430546998355
0.233083894594507679
0.075831868751958548
0.171850994286110892
0.240365275776479703
0.126618958979687279
0.060643854102199468
0.172710163985463544
0.160263042428265057
0.151625161193467584
0.199092879672094797
0.229400643652270697
0.107494091668878008
0.400000000000000022
0.400000000000000022
0.400000000000000022
0.400000000000000022
0.321629416064061313
0.325692971367348316
0.400000000000000022
0.400000000000000022
0.400000000000000022
0.400000000000000022
0.400000000000000022
0.400000000000000022
0.400000000000000022
0.400000000000000022
0.400000000000000022
0.305679734257000235
0.400000000000000022
0.400000000000000022
0.400000000000000022
0.400000000000000022
0.400000000000000022
0.291098863889474702
0.400000000000000022
0.400000000000000022
0.397867497923140689
0.400000000000000022
0.400000000000000022
0.277068089119494210
0.400000000000000022
0.400000000000000022
0.400000000000000022
0.400000000000000022
0.374996654075701707
0.379454342356803975
0.321113200282466038
0.293878740688707507
0.319187180320008812
0.398303167033273064
0.400000000000000022
0.400000000000000022
0.248872952140841597
0.094509879572197239
0.327017886965549398
0.400000000000000022
0.400000000000000022
0.400000000000000022
0.353335318520401231
0.245077882783272305
0.195999292580551987
0.083334613476708175
0.105074136181415784
0.261239717812326688
0.168108583199154560
0.131390712993087411
0.119149251377828808
0.059383004892156366
0.164099099685001526
0.196886301862366109
0.283010770438462733
0.251469164126797096
0.149378548609670925
0.086086016481307800
0.051166919603092623
0.122607653130833022
0.400000000000000022
0.400000000000000022
0.100969638795082806
0.110400567534949132
0.105061769747309741
0.142638528638550088
0.377692516746529705
0.400000000000000022
0.026883250611572540
0.158232388142450497
0.086971846217475945
0.078765162571356906
0.359143416140206506
0.400000000000000022
0.023895054302326774
0.133373794884846159
0.070293349604228589
0.055528168768871095
0.329559668727442245
0.390361599165373108
0.043086993119393055
0.064298809970702017
0.105780831486196741
0.039291974952485501
0.089731482129979195
0.132333581731079869
0.053053820925281672
0.109474345413967583
0.243658106820943132
0.023153922606113847
0.030518548822095287
0.112474652891245613
0.247223164344516688
0.300163059702812540
0.145330679346609176
0.148830388899890809
0.142631071215912064
0.182474186851176556
0.229204523005293648
0.288350190853572053
0.156041513136217808
0.120163257651312194
0.215253595018046362
0.262900701694544769
0.276425275207056176
0.155431504874089715
0.140554722920416875
0.255522268680856313
0.092850711225719113
0.275446607650223663
0.260901005431647626
0.081140210032943916
0.205386833440290739
0.187377776197734686
0.169571859790698720
0.371386153241438144
0.272215137328274903
0.317815684802232046
0.315657149209520260
0.132651014937250789
0.143597832202329384
0.400000000000000022
0.241778197117114541
0.400000000000000022
0.317339687021407635
0.179789446398677805
0.322298958923505074
0.400000000000000022
0.193276628205669043
0.135434040477853901
0.328009345995918911
0.262021832324389359
0.260814741552935381
0.307815667975132379
0.205298345036995428
0.241629855982556097
0.373535030838878956
0.144216523310617378
0.141787665603217983
0.116041344348110781
0.400000000000000022
0.276892091024475373
0.176538731084206729
0.231251712732381820
0.172345147878959826
0.133666419314180107
0.325259479836855880
0.252389679983755943
0.124142229393883308
0.070245182548060281
0.067057460397911717
0.156003916730254710
0.316419332437521517
0.258312584663942690
0.247932981123867024
0.183502172201250480
0.073994685363502524
0.151916964796815213
0.398903743563091329
0.254907207856437279
0.199265258636427051
0.226601947870043396
0.070858934233059542
0.049064973844263678
0.398245475931618631
0.216354835756986053
0.346153339015179529
0.183694923443772362
0.109626823790738917
0.192147036460775716
0.312397059985433767
0.300645061286421045
0.309021897059191863
0.105438060915439030
0.268683484801730488
0.400000000000000022
0.371744010997377361
0.172035728531511944
0.337691859607064548
0.299380170504120136
0.291883044557818772
0.400000000000000022
0.376453480067949209
0.207079972110050137
0.400000000000000022
0.227190985755227115
0.141388728649284534
0.150354923588178979
0.264162683831818679
0.186363883495870353
0.137675039309529429
0.122070204208258898
0.176956370347078035
0.115794373167954351
0.195675725944872314
0.147197824961098761
0.162927280018984127
0.082323899853050705
0.119093713637916709
0.314118386253167625
0.088949052469542128
0.132195856371084997
0.206506180125051980
0.065260108347918955
0.061933768225111457
0.131783248199945302
0.189620506725971083
0.140692946916655931
0.156022076492543321
0.106425491639387026
0.015170008701216028
0.030096728709999708
0.264682294489700765
0.324673295186035049
0.342671179386202396
0.171214903448942857
0.022874210359478456
0.044602235327864427
0.141957125741669105
0.091245409770277980
0.312785763286430096
0.116048923113932972
0.034962995278736267
0.139258371773539780
0.340946346953319268
0.194559277954280269
0.278524901415536430
0.211606290925076823
0.134431966168027189
0.315218750192330088
0.353585202466412452
0.261962297409538136
0.242284396099955696
0.172185973490588229
0.082090112537265378
0.167969095875317109
0.310552503561365045
0.293088066714258466
0.201788057007763449
0.139972417166531804
0.096637731005624491
0.243169901911042763
0.292915836972000521
0.281278676282732565
0.246317889755274216
0.112554944088505263
0.149168166772842670
0.362743933331209856
0.268821220684063500
0.248690081545133557
0.277903609605147872
0.097612342211664010
0.144398944367976484
0.330165578935224080
0.268454429543898865
0.242898861748552686
0.294617735224194210
0.097887554133548396
0.121018054769665859
0.241876054609242996
0.292896310667754955
0.346122244642911137
0.347621197286607675
0.124025292335066831
0.130544910429460981
0.247014817691128291
0.332718429100855861
0.308452825050579971
0.309299501518885023
0.170272391559379260
0.151748779904675335
0.323608942733876137
0.338329332546355666
0.226523360673300422
0.329209074433613635
0.342832946007672057
0.171655367205275133
0.214604097298559948
0.302780519623166267
0.302594633144300851
0.368984132156378319
0.308970842994179928
0.261115261398959297
0.082869200543368035
0.261269165361932454
0.307717952590433441
0.252075996934458479
0.234597986450033880
0.232459106786329694
0.300221187510818777
0.265305609828033251
0.283102309529754737
0.278207945425871128
0.239887872121489376
0.266466506775684175
0.418899794873498044
0.270697892620249569
0.255676593562840004
0.263454250845186699
0.302115881403523634
0.276769110770936522
0.332714551644358925
0.278130172863724934
0.251063139733188057
0.275390288860023369
0.283727497133351825
0.250125353733928524
0.235831436151974938
0.316322075287240712
0.337918776229427842
0.314855072246886081
0.301402336097061962
0.289965267728919729
0.248796384025398415
0.331737172357850330
0.310598643021415377
0.311481460110801633
0.254473747856470922
0.379563580163374770
0.348805833775678975
0.296073587218248613
0.253098853258143575
0.344684022246470156
0.337385094782007289
0.379361924732371070
0.352486687843039770
0.288537145981878185
0.328375049252536133
0.346437596504995116
0.275127027916569566
0.307634553424273094
0.338503691737402634
0.342653331436202357
0.316693813739834906
0.214140177947096638
0.210667547882996797
0.156830205931627886
0.280453039718504382
0.304310461537533550
0.280626604711666339
0.219673066892973473
0.130469525612105536
0.159060460754212762
0.336762037954390747
0.271221002810769218
0.256304959442141767
0.235674495923952426
0.092386790019629739
0.142054260149907491
0.296995646588568640
0.298011055207229925
0.265930778334625084
0.316313779084908431
0.099707820730528862
0.135075260380060208
0.249480076051786126
0.331782696887612916
0.360308554595988484
0.355740664717463739
0.110362799237499129
0.129508204163461565
0.252492508407011707
0.301929129025378162
0.292955595803087721
0.322223547698557766
0.112375303474205837
0.110841786080079621
0.291980383551669664
0.274198004852867494
0.212402956886519917
0.319342187256469179
0.205932262539090860
0.075134432727991876
0.165094765130665178
0.302058440771883208
0.291502287214886691
0.318551265984404031
0.237214038058502386
0.112383091249528097
0.080471614206760994
0.272339091173658288
0.336619663143945758
0.268867609784669670
0.249570717207061532
0.364075193626530402
0.388723413467392698
0.256017708390830268
0.292281403280717333
0.277564425779356361
0.215408645370504026
0.300659070884044366
0.439296602450672147
0.250099142517347495
0.257934080184629155
0.273407965258269825
0.256133921161760092
0.266999789072419891
0.330373835763901835
0.300455068806368575
0.273514920154264596
0.302244968984407947
0.308601509402452734
0.253023373755038139
0.252273756648880521
0.342594588016455981
0.371403485636005282
0.331764355400477606
0.306999102474888985
0.273654844626693705
0.247943667747350660
0.322307091965726711
0.287276504746208639
0.288943121773336364
0.263137166060324779
0.291774277360130230
0.294520596381006194
0.273255851616617640
0.214058742221175435
0.321262442214224009
0.327627101392574005
0.225966444079120449
0.182843812704611114
0.264332759550575003
0.327704352598875759
0.333441502304580695
0.232014716108232655
0.249362810348420672
0.148981185359111090
