0.162948144144107104
0.141835868523436770
0.317309262576069950
0.141145112240163823
0.062867439217698495
0.035426321563899570
0.020402429650290210
0.110634516621451295
0.185293488560856340
0.101442164907170757
0.121601793154736140
0.028187176919328150
0.160474002459722653
0.109150014110364374
0.382387178486242596
0.119098393266983460
0.043706885244834216
0.024391721255898419
0.392154874487353755
0.400000000000000022
0.387265373101879584
0.236442782471560808
0.051321914140204476
0.032709752821205390
0.400000000000000022
0.400000000000000022
0.349711079671397529
0.166694082868889565
0.026376606551762612
0.088534167122583232
0.098105098433358878
0.100834742805025954
0.145465824318304127
0.094211096100772801
0.030359386534625353
0.008469018005006932
0.112464159911314504
0.185228943802217022
0.056394417345097411
0.165291131491571125
0.063485965077803339
0.033035604722232145
0.080173842260511566
0.081532389124572044
0.039447977724768810
0.119299585967346494
0.072586421915103380
0.038381722241137305
0.094208406550790991
0.239554314506709359
0.239592368277097983
0.169695773673142258
0.029543375312224410
0.011917374269206906
0.082856233235619317
0.331147227039161940
0.215724380716540570
0.072445672541150558
0.045949823341451992
0.015698107766051989
0.223581166527663078
0.325875128691130223
0.334470013703678182
0.127646206573359206
0.056951906730541277
0.010093994648566675
0.205828873017606412
0.400000000000000022
0.220417339576882254
0.174702409311830953
0.121006833817099757
0.031106224133040681
0.134219175258720902
0.163873597061125920
0.161854961218022814
0.157282185833073268
0.099405220124942462
0.047909040222511662
0.043731792456431724
0.000107395544858989
0.007943037348893548
0.087831344645687315
0.047763733886129443
0.017328105784772365
0.124893469105139168
0.045684723193942178
0.011288616400611833
0.088936296801399972
0.024519766349388857
0.001887707947294809
0.084833862084164782
0.035232162271343813
0.033833014522128849
0.026507253029003849
0.028969833047014837
0.038790041052614681
0.053442083713341686
0.400000000000000022
0.400000000000000022
0.111728455170367030
0.015178942644198390
0.039542447178396986
0.103147301576581252
0.295888445371410069
0.170778833300091748
0.129369101288097810
0.059642172164303502
0.015089172517608709
0.148526492772232149
0.190729238996652478
0.191376412235327586
0.187349669896601512
0.115077511487051032
0.017239519280206422
0.021165396920623407
0.051448024359477429
0.050990780777543127
0.129138238357488666
0.085679830121823924
0.041868239411172806
0.014999988130281776
0.010182209187450039
0.056719781389212041
0.064976090020118754
0.034541328882685560
0.028759447806863511
0.145710798156432730
0.039583863694365680
0.050519040160933663
0.091765331536117031
0.017731177291466373
0.019227590759373345
0.108284350309511251
0.037284295883367978
0.064189635296255557
0.191959116207056885
0.024257498841454887
0.028011539030448770
0.101533484965426968
0.033909133995659889
0.028777853727422996
0.043267349045401124
0.033266110486576475
0.022056511231169598
0.039169546555103713
0.114663378513992303
0.157721531145391280
0.199251837088864903
0.026741586508695944
0.018016905119682514
0.000369131656093347
0.042751601511664947
0.114616105159430784
0.259834578203547106
0.108473224076390790
0.040900087074414893
0.013428754405704811
0.176737750532269144
0.193144576892123554
0.231358150611473440
0.179813986155263256
0.002529105310925040
0.079418395954654455
0.050660599448445948
0.012463228892628578
0.132952875428431649
0.130118540063862254
0.013564057662523509
0.061712131891872544
0.030794912702138709
0.018688740503167659
0.162296935222334293
0.207111680018636723
0.034318697743628133
0.152758386820471631
0.077946082998729044
0.032125051045927548
0.094559145412469403
0.030277202327101745
0.013164501538687460
0.190553187504358873
0.129399048349565560
0.081687911257910903
0.158412579411652710
0.028415676602304596
0.015220618286616236
0.075477398159000786
0.028836496500374710
0.100683198138310073
0.143200507251034531
0.029807053268350592
0.026383364310836904
0.018212053025404032
0.090178056680399382
0.098377329629369473
0.215933161299955739
0.024960120460676860
0.028688624274219143
0.003719303872720885
0.222858386295881977
0.089406619756933203
0.193170245421242365
0.091299885160637057
0.053588519089229965
0.007619720568455570
0.050296736551618662
0.074659623810327633
0.315187230250237982
0.206653065942632941
0.007180300433772257
0.063608828773310866
0.030740339919026999
0.065087815269561755
0.370127523322285323
0.226164691275435092
0.021479655274685948
0.248385091632937205
0.081571716434523739
0.040919187603486930
0.205977159983018493
0.168607912567318885
0.043191763729996779
0.276881945350577807
0.142650870588028222
0.038748901125778633
0.138088769025206670
0.137274415925198789
0.046464247086623715
0.074482001306782356
0.098890376752896719
0.094471635223778994
0.212426935858860688
0.108659738665124406
0.005016897458379805
0.132188651518717420
0.039749952213060727
0.065486939398817390
0.079034052379495484
0.022160315043306851
0.000543900476045724
0.007545726735200370
0.103245595270332280
0.119105434624482434
0.400000000000000022
0.101613701670625556
0.041406759038076987
0.012241100851542449
0.400000000000000022
0.170127880281716437
0.272047820633931070
0.134892636983204306
0.058498962325280603
0.000000000000000000
0.135917234417421900
0.139490034624096870
0.127097827106135597
0.109451473825327425
0.011480752124002763
0.076884283516630611
0.062540249658205121
0.142522439124282502
0.147086823214784473
0.091839776684624425
0.022487863225961524
0.178021318586863320
0.121251607880901446
0.244356064767860870
0.201594492663987407
0.053413574878276068
0.015037572021299093
0.247087500316555075
0.098441154428591124
0.081973169100305096
0.237660277051421454
0.088709075291247025
0.008320917825656131
0.044036256730950456
0.081972127697940142
0.130899551424138616
0.400000000000000022
0.137884867614780360
0.007806537645587846
0.155896360393397604
0.070801967501518792
0.112014387577132002
0.343811846727313353
0.096267580757233046
0.123870883621607170
0.032740966988783218
0.157881674990480642
0.127758486051733483
0.364832773793198006
0.288693267334746984
0.115610514052563118
0.008155830721465663
0.400000000000000022
0.109160153447007136
0.307184660179378566
0.180676164051079585
0.046772812965406418
0.000000000000000000
0.251640120729293426
0.295910722619714572
0.261589904880583424
0.260732347313342550
0.007216988948137612
0.045867373072101522
0.244183551572097257
0.400000000000000022
0.118501018306912440
0.067518352460285452
0.006122114925919385
0.227965875398190548
0.082249555871486218
0.309367000619215404
0.336681406678539796
0.102616727642415195
0.020669384367730297
0.143513129436148273
0.182858455372762130
0.207389927405947194
0.400000000000000022
0.201114883802956279
0.005230304699731467
0.232223645814189000
0.151605983491697294
0.142195865996307819
0.306955196484717696
0.219830176874214411
0.029556049138957027
0.327099554337541010
0.097382713290820738
0.061499964052712235
0.331265257129189195
0.105468255861241575
0.100214850409251363
0.026209146256684253
0.062347725426201622
0.084452970816589770
0.254647935857650110
0.085263636908824617
0.035826880762773482
0.006353765090260723
0.149360736308979891
0.098953215963983154
0.285262240264243738
0.142690648435835982
0.031715607726085115
0.000000000000000000
0.223110111821774149
0.219633668566032753
0.117097910794757620
0.293498872978271375
0.040392108798797122
0.018259650499426766
0.159564659523090874
0.400000000000000022
0.160603980677967717
0.143901996479392308
0.050666583896504733
0.121604039423378427
0.093180208481365573
0.095070406621772491
0.194240390536233820
0.097372899288427572
0.048514682011547031
0.167705332304110943
0.203627912104352271
0.150521367618405566
0.298170297140379903
0.119645490042185484
0.025894538168622486
0.189001308873863100
0.277863934795408052
0.206787194800871293
0.131421549235182455
0.054133099263907802
0.129643396716162790
0.149963227178949388
0.203883724935194632
0.302961545061214643
0.339595047653382998
0.085471808527033594
0.035788200292844789
0.305861781955555412
0.270793034929238396
0.058865808053533766
0.185477189622130667
0.117136828549778332
0.083564018844207388
0.152547799143148061
0.400000000000000022
0.282851118520701050
0.256935033543815250
0.084277566571614490
0.078234089097747206
0.004003721448145314
0.115408928101028901
0.144317047975687701
0.051108089677266898
0.045369956128189760
0.014809863037125967
0.029279718075922417
0.067289546937611425
0.306977791833673963
0.125240900202916089
0.081715143388540218
0.040913384487736140
0.092861213822175909
0.053051623431607492
0.088269603940077518
0.261434400029864733
0.070583022872872825
0.049555954235751501
0.129353261231597821
0.121843021490971010
0.123295511798190066
0.357681645513332036
0.077385195637982046
0.089172811851305295
0.175708492831332136
0.110282534663397255
0.164575991176901637
0.120685606269278461
0.050943739079739758
0.077615423797077809
0.174513100271841332
0.137257461886403254
0.172855040010550187
0.224418170489787572
0.085117558019063067
0.068046902420454525
0.123290677472847832
0.100359009188114551
0.055491478383526166
0.030849323185654656
0.109061413724897513
0.056171598104840723
0.031546204189696496
0.131888767189928063
0.244707600075679904
0.081093847185709819
0.047406854930798215
0.025643466449380654
0.007057415676159622
0.069610189347158777
0.123054316922025661
0.049955153151048766
0.010843970232521320
0.010433225712347415
0.013185695317409388
0.022178398441413314
0.107808889150383114
0.109307694105260755
0.072474507974933974
0.089254076999403936
0.069540925761706618
0.023573615543169564
0.039944423984195246
0.084457567083682655
0.098732897221842031
0.057383935910343742
0.102159179385590715
0.024607632382766653
0.139453174873777008
0.077899863900238481
0.097728930901133521
0.069763076269868635
0.165928895080493966
0.073740533410382683
0.161707626602524468
0.087813278722910323
0.080099856475618236
0.042860834074348229
0.122555022287302140
0.129590220749844970
0.108440169072306858
0.139711022102236571
0.115936631743999208
0.129397421038506460
0.104360257607533938
0.069745669666322993
0.089456437010881032
0.062309793217087940
0.070103836011855047
0.007350422383251072
0.033444652658652971
0.058543079975160756
0.400000000000000022
0.172901180571831181
0.046597719783822072
0.014965887686668259
0.038938445697795351
0.155903282549758160
0.181909685305964353
0.095355906624342596
0.068829793166128861
0.030514688815345564
0.055377198791841734
0.125639910558103252
0.145324089315896826
0.106296274063630014
0.106173017331973943
0.092881228874000993
0.061558827048524320
0.039271154970276771
0.020420702033642504
0.010775325986821290
0.028981109314686788
0.042053600681183315
0.131700702183802060
0.141547088126057402
0.082669995752538680
0.042500545677032209
0.056711242328969701
0.087827023177964883
0.085216909836787855
0.107503334706529979
0.028456745036129532
0.018007887948261855
0.099565291714928991
0.104727411290246528
0.040467269991989720
0.133086145598419803
0.075038556878098461
0.027128050104471439
0.063210980055219773
0.026617682861799163
0.103800493900765151
0.042085896743928944
0.054476567722428169
0.071503065271274091
0.115628657120441347
0.006624177209458633
0.032120152532537395
0.015860922883918643
0.098660599501901050
0.134028279772268333
0.031432996414464662
0.027387694536410618
0.036792088417072648
0.137939164289703819
0.066185026724560364
0.325024531240120484
0.046631432737442323
0.032554239042546944
0.239934800981683072
0.205214151654610932
0.049643615013009915
0.052596673741507130
0.045845754165495120
0.041505123408600041
0.110105576186370138
0.070565634649911405
0.058784025036649118
0.037052331676139728
0.059473355034621263
0.040586026667957679
0.167192918911002852
0.199973859719022401
0.099486238625569365
0.046545662083423527
0.108806095845301778
0.058568288215376026
0.212013062644309330
0.141840709635546042
0.115717180969997308
0.022026688315499109
0.100578588543641101
0.072290295432562462
0.138208668083117492
0.072359322592435590
0.102688541873316608
0.057060875502787850
0.095117750857265440
0.024920427260417186
0.072346633181516476
0.018285828727547037
0.059305850597336805
0.047176542176959109
0.088024000443862757
0.005543539190799722
0.047649877253289133
0.008896968214178706
0.083400090612510136
0.118944824959322307
0.051452127437701667
0.046178346877439679
0.083691250016778837
0.100763821545325066
0.035951494350790730
0.206900382392003923
0.048151008524449319
0.047649139011389889
0.237600560375728853
0.180889920296385259
0.012178121002026622
0.049304796483049994
0.151542720631618194
0.098606007088293368
0.095127872548334977
0.058069954790453585
0.029521655865652939
0.086244117701663667
0.220303105405692035
0.146953706563974995
0.201865212988756870
0.243141863889010407
0.081070990563902767
0.100411254199820915
0.138383613544109385
0.055766442609073444
0.252910582974047726
0.227909902972710465
0.152365081889479614
0.047539717131095664
0.095203739505337615
0.059514000057195107
0.122933313956339316
0.203778372620624038
0.160913891990918767
0.064895707428280699
0.023963853146130421
0.016751009656118102
0.141131542628836176
0.061890439857839034
0.031334394288323020
0.110087061707660000
0.212943947581840654
0.400000000000000022
0.269922206770714324
0.104944104481827588
0.159411455432845656
0.088604030725232374
0.117369360079671137
0.400000000000000022
0.171156646320057365
0.048794968690921037
0.059359706516428412
0.136130739652236848
0.060798616760022746
0.400000000000000022
0.240863179355145507
0.061664599444623207
0.026415543302202985
0.036952448868893067
0.126152556258148751
0.400000000000000022
0.164709328299934871
0.183050013819819724
0.098573109939169651
0.068543445911011316
0.141382133740285465
0.400000000000000022
0.130017853053972704
0.295931994064501103
0.305988866186337027
0.193658760253350215
0.085307645498914897
0.400000000000000022
0.081422202088833565
0.153465971795256118
0.294650150908356556
0.160958453886657832
0.132901935358851558
0.400000000000000022
0.095900386278918545
0.232198172182826484
0.260910825691537174
0.087901241737153801
0.286323878717717140
0.400000000000000022
0.131551906514482397
0.030416957128629390
0.176084005659357140
0.100120228574772541
0.199376055195433777
0.400000000000000022
0.400000000000000022
0.105506930012767952
0.097412879841255171
0.098102839530922054
0.278416814469952645
0.366313260121122863
0.326262887938583601
0.065479869205602309
0.115995424963083890
0.102472319541234314
0.135907729342215566
0.400000000000000022
0.259410429462620551
0.056028831724368684
0.055874627957691159
0.088372905642096156
0.191107379178428377
0.399801345741981118
0.141417324122349919
0.198346208402635504
0.075588383938884271
0.102673114859910472
0.195874535371748204
0.397549524064709114
0.131200319265259963
0.203130722819225645
0.255619539620152492
0.183199524989443085
0.158234632283196480
0.390856362905466770
0.175300245123759746
0.224574598286127802
0.329402519587832343
0.210263415184318375
0.155342889063060569
0.400000000000000022
0.143152955445777247
0.180983228301475035
0.362469453135709108
0.217182740675321506
0.166442993333980410
0.400000000000000022
0.076592871945970947
0.038154721806405306
0.107212033174560878
0.074740340244466408
0.266457791699169777
0.074394162532170377
0.312791074853948081
0.096958083599242462
0.070706038668614579
0.060407378902617298
0.326872431452783052
0.073052554667686717
0.131561003112605490
0.029287809237951788
0.131464248896460689
0.283864075944193495
0.102714724067059032
0.159797837844215335
0.245074867531548168
0.100682094574926398
0.044377081884362291
0.197592025397285653
0.075776749723466069
0.026906931046533605
0.183498205176125140
0.271275450482869773
0.091451565024392931
0.233452112550766949
0.204292135760227089
0.080676810752497330
0.253760346175089357
0.134676344401706893
0.162061230947456336
0.171937298186177034
0.133674256718572471
0.137433507902655239
0.156420109120954720
0.088879348408424402
0.385000270792079324
0.227542146093673292
0.254291765330406927
0.267236949693979042
0.170348347842362552
0.159739990958005090
0.178775438912565393
0.086998047923571978
0.139388380425493841
0.140997230456235190
0.204325502063382625
0.106169729132784135
0.065016394899679100
0.075780933035874118
0.131820691679153335
0.103358272289147041
0.087038454810699439
0.161406763938138631
0.073122547378139155
0.030298870813477569
0.059034533373991366
0.030143370510470894
0.073691471211172227
0.066591744205626052
0.068533449444080435
0.133999773345989087
0.093391060486783181
0.108770299360334388
0.281149883276415047
0.083010949829235209
0.185900496712810170
0.114658103712566461
0.059134380388742247
0.029308177002088633
0.265479169661598013
0.278757592504669416
0.387874551641172460
0.323929122309396966
0.091369949772259706
0.109057648660238579
0.145048578268513362
0.142061269655971711
0.162836986424116481
0.158308166476699097
0.163879199677100934
0.133108841605972195
0.162194142197528535
0.243753145997989640
0.114777943890508799
0.163130977621132434
0.099732719940390957
0.104797861514379212
0.092211576994111089
0.128490580111941893
0.040242480052822743
0.114127170987428403
0.134321006161206818
0.120478077181061419
0.163687274224020962
0.175112013396399674
0.157890193567100212
0.062497466377831205
0.033174115944063928
0.030812874644939543
0.053282568952761830
0.095525970719782166
0.086905307483666094
0.026568590295439870
0.140612967459618099
0.026555355987477096
0.104412367425051889
0.058869642913648254
0.158748443047151633
0.053207907040006275
0.074549046081806083
0.015914964937063375
0.303016766337568577
0.271163979291925927
0.211561975731455965
0.113511782941034006
0.038050145204543001
0.004137741594308192
0.328206799947244887
0.179343482221435452
0.277440671786822524
0.171352626144127163
0.094655470607107883
0.034842682295581379
0.223286523219996341
0.062825292789498083
0.138538511114054352
0.057362523870810173
0.123025716892536718
0.030844044379121867
0.073629699562412526
0.158437233599489913
0.130002192090166890
0.043132440741742821
0.011401706649071034
0.003128929963074944
0.085742461701718453
0.148207683644881294
0.072863157809183926
0.038151266321419089
0.011812584701580010
0.066139547099631643
0.286238821616954908
0.242194877711551348
0.370755726042566236
0.171994435425818465
0.171928852942596022
0.091597919668740285
0.051948633839986706
0.242523283811379331
0.400000000000000022
0.182536012092880562
0.169008648085534341
0.053830643368708797
0.167531418135882265
0.178760203457523192
0.400000000000000022
0.169053546418032191
0.054550855477355532
0.034824946968245833
0.395000422385501704
0.400000000000000022
0.400000000000000022
0.343639554156052685
0.123796422115138458
0.121963829820609312
0.400000000000000022
0.400000000000000022
0.367085270750093728
0.251151649952572220
0.125109503773604636
0.145918103032926960
0.200264277818949621
0.125442375187792610
0.284918999192081190
0.172110960001011282
0.128088317435758881
0.078232094274875583
0.278393054991808497
0.258969477212599719
0.218102043947621893
0.253104410214481490
0.143585821553421589
0.075896438796580368
0.202728864547813720
0.211122609874417000
0.147888146797075681
0.259010608069583093
0.188523053659102602
0.167779143279643772
0.198568664158324915
0.309299984173032338
0.329048805287979085
0.232005566890230164
0.099647211324079457
0.019267796652457977
0.116300885894272288
0.373934413126993048
0.400000000000000022
0.245346853112981766
0.092547543125274065
0.030663995452720253
0.262519612225458443
0.400000000000000022
0.400000000000000022
0.223002113197701801
0.125781699896670152
0.040608683463912235
0.261206071809448104
0.400000000000000022
0.363841925332519134
0.280998683375461022
0.227179851149073686
0.123987453007041698
0.195778002307245180
0.203144752031402670
0.182275663251665360
0.168057511819894534
0.128386329439629215
0.089962640903694976
0.175432494640233777
0.141654483670916376
0.090613033101432233
0.130331890322719524
0.104474976215099144
0.105155128962737252
0.210110378941927023
0.153188057900472185
0.039745361436741365
0.106944184749661816
0.124085058064317855
0.106615119237541328
0.125301132076154509
0.168318307869763595
0.108871571400227324
0.053635303133475289
0.092180813102234610
0.065407723914413851
0.157242577614106843
0.400000000000000022
0.400000000000000022
0.183231520441641121
0.130807599764639737
0.046166624387855619
0.135267454109118640
0.311749368255328729
0.269439432801992784
0.263397381060366143
0.091075168578768170
0.042476867054019332
0.185318581189304776
0.328668403286356270
0.257561438959887978
0.400000000000000022
0.161708944224493362
0.049793758322753373
0.261100197902306541
0.256662176014088361
0.100634395790553041
0.181734912098995782
0.131525584287319031
0.083373362819772839
0.125105564316651902
0.080747843837361444
0.115503806425861166
0.102028421696258503
0.094014683917306816
0.069345474474821187
0.312903717067435583
0.239557723413388046
0.150005278786503021
0.138310993619540551
0.126537273136768158
0.077795878974749377
0.320297412953820526
0.179125005518914027
0.179906816266252850
0.213985804522556000
0.124836087385095967
0.100301834463011247
0.239742153048544432
0.106268456588095500
0.131466395600739611
0.100328224548188960
0.128383861343841915
0.046976938491586788
0.111516179736620188
0.132949207241539358
0.217027381742728065
0.246428379265824032
0.114765586952558701
0.023560444310482230
0.048019008909382474
0.051648569725843654
0.198016195771940906
0.375423166873604275
0.159925351514092484
0.087078433951854578
0.097120004422483655
0.277501572077594183
0.229096071242914312
0.395835136311500468
0.227964994679712568
0.050178244322314922
0.317018956330383295
0.231550519744831207
0.024641349894655204
0.182257671911481650
0.281661260695480475
0.112170064750816881
0.156840004440207514
0.088864867492592300
0.048210396368820595
0.248541052923997974
0.349493895756265438
0.181272404307603108
0.351401668203686457
0.321087946887739395
0.113196041609830322
0.194970399612290290
0.168660815871211123
0.068930944147760909
0.400000000000000022
0.357308951322275969
0.234052993147390559
0.205952296542748381
0.123619416107642210
0.074734618343811343
0.198410712115340088
0.232614869120998768
0.261597090129228826
0.208096214679315217
0.053770906414481012
0.043134373966955006
0.159343595654240222
0.152068496538238451
0.129711723917692506
0.326020223007615739
0.237904068042517514
0.400000000000000022
0.273641510643435226
0.327802490777709621
0.248818075189778859
0.281774276146474767
0.208669245240308165
0.400000000000000022
0.178776366888512950
0.099091705242539699
0.134019330326756059
0.400000000000000022
0.267451682702655680
0.400000000000000022
0.304472008128456373
0.092404939363650199
0.091503358571764726
0.386264103742136933
0.324960361254658103
0.400000000000000022
0.387368555092937772
0.264621730254343435
0.139492297542656601
0.274520605894029823
0.308423061738919257
0.400000000000000022
0.379943817814292650
0.389443363083289196
0.342843276720974199
0.331747529278556885
0.222582061424113714
0.400000000000000022
0.155904203395615892
0.252356348548152809
0.377470539706557640
0.373385389745518492
0.241561674023975936
0.400000000000000022
0.228089037797635924
0.271948124395887225
0.318352347857929097
0.166935294116649285
0.300352269968678032
0.400000000000000022
0.139097633249682773
0.133662552398961659
0.295189440283839588
0.400000000000000022
0.299797324614601068
0.400000000000000022
0.400000000000000022
0.400000000000000022
0.267540760122971566
0.369872916888334902
0.352476779124641038
0.400000000000000022
0.326262887938583601
0.201397103623024182
0.255485459587180774
0.229570146647369938
0.245359203167543005
0.400000000000000022
0.336294712979251176
0.118569081382573799
0.198397067081973688
0.235459728856880657
0.282947155863052857
0.400000000000000022
0.319438642709213239
0.319597816283537006
0.319944448706745155
0.304267607523897921
0.249288110250024286
0.400000000000000022
0.367290705857068522
0.301571877247816755
0.337592708720457602
0.399517343722551876
0.246943707574443505
0.394996171800709894
0.219336501854710209
0.306546725984067958
0.400000000000000022
0.400000000000000022
0.293227756677840956
0.400000000000000022
0.294828897931755207
0.251785195802993800
0.400000000000000022
0.400000000000000022
0.262710574091213456
0.400000000000000022
0.109333838934754166
0.196036396796885948
0.234970519226294361
0.400000000000000022
0.395337078585193069
0.190004676584733495
0.320946905575413721
0.400000000000000022
0.179866192115621715
0.367592039081995836
0.393526894500372371
0.119825367633093122
0.131561003112605490
0.280927929967245249
0.400000000000000022
0.400000000000000022
0.334497553764441513
0.167014826792352966
0.290942240603649649
0.344865646147023697
0.400000000000000022
0.316093043704198107
0.143295102183751522
0.033029045972452993
0.387023741928694598
0.347346654768763308
0.370673181926544582
0.400000000000000022
0.306885697106381694
0.101346195120227620
0.375686756784197773
0.317534799774469079
0.360252105774274800
0.400000000000000022
0.318737072577177982
0.142663812602386697
0.383156887205726437
0.240485331900121724
0.400000000000000022
0.400000000000000022
0.370755803362333936
0.296792998832936084
0.386648285425972515
0.257122704248825829
0.240275402965277635
0.368942549814615162
0.244856636286735374
0.241212080865486567
0.230534648320066871
0.168517454558985758
0.149469365716268898
0.330428868893524186
0.217084328587977965
0.139185153051920502
0.093392219900960166
0.310767500247118578
0.172075763342122323
0.315561111077721335
0.201725181809827320
0.061858978236556006
0.073691471211172227
0.289701856027400229
0.288167118010113188
0.251097684140746680
0.343172840627113451
0.149162408159131538
0.299409533775841841
0.242575609352326083
0.400000000000000022
0.275262084390534179
0.203036376868134583
0.079974760898593372
0.377791446811478471
0.358412589277720017
0.400000000000000022
0.400000000000000022
0.188742849060687251
0.157572330671785610
0.312753910572624250
0.345689181760324038
0.313358354042522103
0.400000000000000022
0.283524689719286460
0.159003379774594666
0.351195451071391607
0.400000000000000022
0.321565138691380148
0.294552526856314834
0.153865819204298759
0.234441258230541988
0.242174804173060476
0.320589739431149601
0.329882807836182623
0.385543717210253045
0.219792814688240412
0.156266277473906201
0.392373559533601091
0.400000000000000022
0.216756001620633965
0.247974655999961879
0.150310944493842247
0.114376893489146925
0.205830368095909849
0.400000000000000022
0.369756426004367089
0.283503623839255148
0.224890534031232547
0.104789445085224295
0.108416088873197203
0.174278571014677142
0.303065491022839306
0.104315996717273166
0.119919002209995851
0.030724827974189343
0.332296484413491022
0.338453526229537338
0.400000000000000022
0.238752683143950151
0.119765288593083219
0.045051126082044327
0.389054952533286702
0.232395105653042972
0.355723665946758083
0.390206059746998402
0.165238493479980708
0.084398636531332866
0.349995291158882671
0.184668314280469092
0.261834022912244391
0.398142167687072668
0.200410912530518792
0.120016856230427155
0.249338192393744634
0.268719768262887126
0.294578183267068583
0.163818047011021289
0.062345445728810789
0.080744353760152751
0.260255561973559812
0.285465145531284548
0.245718197819734113
0.262569436811206702
0.096930142720643098
0.134186449520086182
0.198653138069120216
0.248629504100625509
0.297833790353116579
0.327046726215118322
0.165572687979177957
0.175702132747425188
0.175894480667670355
0.346276291185535712
0.335510054423342197
0.337086854360868271
0.184541883821474406
0.163612247293434987
0.163616930412845391
0.241392379100956483
0.354617705774766978
0.400483079700676037
0.175378341133412441
0.158316915899320870
0.289215872613487024
0.290179741889378340
0.356490291425983985
0.338562127468059859
0.156462097473510697
0.167755035586133583
0.355362827238276280
0.321582098987887810
0.321581139045466036
0.360894355276563994
0.168538616483124681
0.198668887473874622
0.396692387752960562
0.327814643837369135
0.264207632083761745
0.345526944541489800
0.156853983099541489
0.189665667030893020
0.325539031726676309
0.289793628928666558
0.280391160676429108
0.325133404472830845
0.150054923205164586
0.209006774861798861
0.205026740369414928
0.189135931007963248
0.209959011431352482
0.238284107152523489
0.134906300008890867
0.204910689728342477
0.276198477766209094
0.291824495733779499
0.264635731306512134
0.290447970759556140
0.290946906815504169
0.179018600167942271
0.220591802219612804
0.400789711483414191
0.310022233420003457
0.288515977372705845
0.303842173228915657
0.166378960622292182
0.190005398923180663
0.312425744514603698
0.333951453707972412
0.306107841090253963
0.304588713833570501
0.160972576490992392
0.335114547171134702
0.306194255934920390
0.327908870000539365
0.271363888499077166
0.297524542966590311
0.172240170530712750
0.375969902058177929
0.297280323612520936
0.328836403950979517
0.350753919030234174
0.306509567471660860
0.204541359434171927
0.363465271491897057
0.319089020109776689
0.315685934552343783
0.345128162434363950
0.285548823971181254
0.195156783852878407
0.282026884817979495
0.298843524046670361
0.330455220360789781
0.314143838898611139
0.260203169609460550
0.214840292320340048
0.178876606239065178
0.172938115618478716
0.219996067843301280
0.237221458998658069
0.183670217457883367
0.200200301639904793
0.172624260610677704
0.247571889329256778
0.305137365812491845
0.347273005507539201
0.162612346993413287
0.172167498419696113
0.168720553595296280
0.343101935513849821
0.345452718366244416
0.343359032678465070
0.178182357630277899
0.157763939841429279
0.156864236633620979
0.236577021628848055
0.359022169381977341
0.362082264986586300
0.165328890935855483
0.155692186973850843
0.327121443057858008
0.280802020225808524
0.330490844751366031
0.311576591482766285
0.155447583020199315
0.168650468659994307
0.296331602822751561
0.234090228908577669
0.267751280354620480
0.359152191226295936
0.160409031822595916
0.192156247363125365
0.291600587025377167
0.257343623900310958
0.240338635398359007
0.326044037613836823
0.146761029394044507
0.180358152156473300
0.326649298326756321
0.308062617441551501
0.296916366032631163
0.330258421968147031
0.145566484916503314
0.205118653046956256
0.370141963888914738
0.313056343924447866
0.298581374323846627
0.352416562841418757
0.159974820420044433
0.213805096126908234
0.229999875843876850
0.259764278526340653
0.263494100137354414
0.297536371799752841
0.313575105146964239
0.177503524498064696
0.216180188115778688
0.386338180279871879
0.305948735340872413
0.298463672569113103
0.308618633017177568
0.162269848493459129
0.211319904416633342
0.299531508104410649
0.327289703929775966
0.309909796897897938
0.275382848825071580
0.157150988707338152
0.372277414844934540
0.335688951079786968
0.316725054777972193
0.239739087946111679
0.269973926510354012
0.171734669702952120
0.339118891450255977
0.249373133509668637
0.234194835255606221
0.281955800926192102
0.305029937929926609
0.199222821315076626
0.311096336799010220
0.234555913977627928
0.247822249369555631
0.318207371368115943
0.266904170568935284
0.187852435140735435
0.299289019815798307
0.299862744327689612
0.348315801096920452
0.329880045625133400
0.265000210744713693
0.211234096531595805
0.326968926142914895
0.322832704740300513
0.346209554557253552
0.342825788730510228
0.273630056459408577
0.219882594041671792
