0.037052105262922796
0.078777648580313997
0.024215905694711812
0.038540722976167466
0.052665190607153425
0.094314414373293895
0.133883432163403870
0.270853710350207721
0.066193675700540536
0.004953960857631789
0.064061952929976226
0.063400055797634816
0.191392173060610654
0.400000000000000022
0.173297810527123924
0.138830969162208356
0.058574531820820286
0.026129782324232263
0.182892310942816494
0.205248263048684820
0.037850220368580288
0.017199688444239282
0.048970721141650027
0.078990851991222744
0.211416970072614480
0.147626705694633403
0.046583857096601851
0.001291074937139063
0.018769756507223248
0.035945249592040811
0.108027753163736501
0.130062881470095204
0.041059167156098850
0.034439730415013733
0.216307901835842836
0.356877420972170567
0.074462224115734027
0.212891231402782710
0.151419040450066461
0.109049510459338625
0.151990949657885233
0.214131885964911783
0.109890438629982615
0.198705821853665310
0.120213818533988076
0.216819212749637363
0.182392757628749680
0.162427113043913274
0.173888499828762561
0.114627289925661263
0.034553721423386183
0.023493696700738434
0.021962627534116673
0.323021838816425932
0.152857870705608800
0.116172646559109333
0.024800032990053431
0.107246191221381126
0.061524345706430880
0.035322198234678456
0.085503076950152399
0.101196572181557184
0.093182381544271997
0.287729025263554039
0.121882567454243002
0.065707935851837540
0.219756882786303620
0.152207896387937081
0.031278052532730610
0.006211752432117379
0.061526375410262471
0.044648087369363043
0.283787476619944468
0.050341235058896157
0.007777079902278841
0.000000000000000000
0.006080678013475955
0.063847250045732787
0.178808701637681811
0.033383561188090737
0.021262257229864745
0.051452335250210590
0.013465800805262173
0.064777264731533585
0.212993304977857845
0.134819955408310488
0.036818885426215371
0.081863251845843199
0.087780711854524615
0.174129851988292422
0.164899455683126139
0.074308931147536991
0.019487902465771520
0.148614210919302658
0.214135910872388702
0.136882363135823359
0.172451829701319254
0.126022121977242052
0.180875467523761213
0.109195225495735987
0.355880958352567167
0.400000000000000022
0.222266012595172091
0.128110822523821555
0.173059236925374171
0.078269374578050013
0.039647001185754774
0.024913912350053635
0.289466440405240832
0.212600329453959153
0.052497671383513009
0.192355344985258692
0.052244941767042231
0.148037769564271893
0.144346417999763332
0.082296784355767094
0.050747465131485883
0.001517248564503005
0.003606128954203040
0.335735092432017379
0.207701484009774617
0.035968904148911213
0.003827547081305388
0.001224486407080100
0.008287550710548763
0.079859511257393156
0.091944165094584113
0.142766680815983343
0.048872219844990697
0.024554285446484626
0.007952667806460798
0.070742714982254040
0.176412876070928953
0.140688511747435824
0.118814712501003950
0.068072017604229332
0.104819483875485009
0.204786422636898557
0.342844568344225387
0.259306848573539306
0.149120810840099594
0.250083092026201048
0.219347448932859346
0.247479516587350401
0.115760373462436505
0.104896255988326609
0.251984366343684263
0.076054056874936743
0.115574058199865645
0.067259642474905179
0.291422981242316192
0.116598889216342649
0.168339946151078168
0.059227685338777508
0.138264007237629744
0.035750909238860346
0.072293977681940541
0.025557678132147509
0.064041589333699397
0.061224132780196408
0.018851687100511865
0.083696439066903619
0.024487428404724055
0.026429440159892733
0.046477783809488422
0.002812488953382515
0.016195115981298167
0.386665733797762590
0.037727868264123485
0.044565445926850383
0.008641045904772025
0.000000000000000000
0.004688236900458291
0.110247669902579212
0.126876628902616168
0.075544866843562736
0.171174736211534201
0.258055903983525681
0.030517984040863241
0.152661110840119046
0.223299046679637930
0.177875563798252784
0.266125969881117308
0.229867238650773076
0.036468039913857206
0.139927069853510305
0.370159335996761651
0.184834470148362046
0.105355983956095786
0.342574131775478297
0.073721071120296466
0.193703426786339866
0.250055816370520878
0.111506266673944296
0.400000000000000022
0.137411444008023215
0.206120809173737290
0.230151898790949494
0.311015268730252148
0.218258561712982191
0.297210768150977356
0.097735238969750379
0.030055926019657880
0.239741125548577821
0.277508184347423581
0.100237938494475681
0.018273108271325347
0.002988400222175838
0.026103819708855149
0.028383969310609162
0.117244643359718750
0.185342336005287156
0.056421078282742690
0.006016019151620354
0.018848460434717780
0.327425215121996571
0.172442687831398267
0.133201748142977416
0.052867578647454713
0.006779196473138043
0.007735677778994379
0.289172479433741580
0.109108054648750313
0.122069676351174480
0.226609482194427114
0.076664982257099695
0.003800232626477554
0.279587217174786629
0.376839114285958399
0.159100599074996518
0.108091584171665256
0.247612457453661172
0.024676766876968168
0.400000000000000022
0.330953071018679379
0.101190832209061707
0.253401863287940232
0.319328429327861929
0.063489785436477916
0.400000000000000022
0.400000000000000022
0.189648106513525955
0.175581843042477648
0.200769203607260305
0.069679833589613063
0.116178254696560387
0.347152292220492598
0.352608387447829186
0.223285980083113622
0.176496738339649267
0.100861120659030912
0.251763358315644115
0.327963833391243353
0.330673627170722462
0.201515391998582483
0.101249652430019613
0.028606574927484300
0.008547293858505221
0.097620337624919590
0.214449791740310952
0.257730773623573217
0.026552765452213592
0.064960841125087349
0.190488535019548072
0.058326768762909355
0.135835027873764697
0.367922860295309684
0.029665822332057508
0.001187505885390699
0.322490378276195200
0.102078817793770926
0.143031695476990156
0.393631081236537561
0.165633625818735558
0.006439252986951427
0.227694122387452597
0.156734426064522481
0.130798245732804269
0.226772409367144379
0.228133012907630828
0.003007406881572005
0.329930133775550694
0.185110535717429081
0.139688878153252538
0.111935442699968760
0.284236834852858167
0.087854437493392515
0.360584542671831487
0.226373038137023586
0.034922982402281706
0.033797694455394905
0.075991846652449124
0.101538710921766293
0.101463848612649427
0.142669753821979162
0.145964695444820824
0.087974057598485367
0.053812601766289520
0.089707225090136261
0.248226252797221825
0.117711929096869727
0.167791910372265485
0.066849656859419765
0.044166769838914960
0.043425061013749738
0.013819231311961517
0.049271048257894696
0.211239829281630737
0.315899091774268503
0.014427180168667893
0.029876444674559108
0.062152110262146579
0.017654036777597155
0.199521095390279402
0.400000000000000022
0.052745138499252248
0.010676799836808259
0.150178239405063002
0.025635261504403706
0.049692589278695992
0.389719211363095730
0.126362703264311066
0.003319835520831361
0.055723779972818681
0.115275066263615000
0.076185646650151803
0.111229413634657215
0.276053619381758542
0.011836879905748788
0.078526996384566991
0.118986256441989652
0.226639199720114176
0.085130663525707612
0.276899649633974176
0.051938930562277191
0.044088905688168034
0.105748964027766137
0.039141733175657424
0.045490639440802810
0.187941652331694159
0.128886548294026959
0.075747250830361351
0.103989414811528069
0.124754377604457484
0.043607204437596185
0.017581168430939192
0.102383325007236473
0.248187163196972677
0.331981341074658043
0.376578659135367255
0.104453148702839047
0.005702307526165758
0.024166551518764994
0.031088904694488127
0.215199242689051273
0.360553681573227369
0.126902543425000736
0.018511902387037458
0.068372270640355767
0.050876805073459611
0.017287423743134436
0.059746476504787857
0.026681824240210181
0.000625645576339392
0.002823979191690991
0.131398910363052568
0.041006140387154083
0.063687032174569724
0.160576117067142310
0.141549432430543687
0.004940241290160570
0.025921880379750066
0.064228954168750546
0.051810967660845406
0.220139045658612698
0.277174703285632706
0.036867189414092838
0.160188024804735346
0.196588911712387460
0.174612077027088780
0.123889009889878096
0.066182843170084188
0.110477748642711385
0.036501656037808361
0.121952614596083433
0.053054970136840483
0.041095238014342374
0.132419160394788238
0.254320902163784057
0.214291329631850130
0.123960116175389462
0.068661275733079549
0.034938981157383558
0.067936299991048874
0.151743878757629930
0.371917544878178741
0.243672292763686904
0.303002765351799486
0.120910167929819012
0.111032361893031728
0.042819404487033391
0.081279570526533423
0.101871695699044557
0.317092047223123508
0.069566814653986869
0.079984650995474027
0.400000000000000022
0.179650585513412564
0.133938913329576914
0.090087835982791881
0.009611687293181547
0.005705892153075980
0.104437843914637951
0.221196871624682045
0.114773299442151575
0.067537432391862537
0.020731786121336478
0.038592555777784213
0.025140642969359580
0.095839709821000527
0.165689652391367126
0.057608220825835887
0.068321125170080169
0.262467698680368955
0.137063129299862752
0.172343410498676741
0.130836678271496198
0.207176091510100857
0.096217780340049644
0.052082281323122849
0.069984319632549433
0.057400329830494368
0.204275464249783878
0.054318660919973762
0.012116149695745244
0.064179288352753411
0.361824193658859428
0.392318064888498297
0.347167932854198669
0.128605881556932589
0.059049587322839062
0.123482197599141932
0.252333295090511167
0.306017843482109031
0.080775570315967035
0.200689257484229555
0.207274853333182130
0.350000856281875938
0.197892606504690288
0.024427613310147533
0.144916680066237313
0.400000000000000022
0.100181614411180508
0.070498133750431319
0.130635142253803960
0.158153764143839526
0.394685911225636121
0.125406147300527099
0.017327330982766322
0.003226494022255371
0.059863847901591952
0.324311712752723913
0.067977964032179636
0.064697685677523986
0.118862503246892820
0.093467177838655824
0.029567290720565381
0.039010753055848453
0.059288088730944627
0.079291725290478815
0.104987293187039185
0.259205404125458727
0.129409956226822831
0.015233079430814922
0.041539414939967365
0.077022633347837377
0.052879720749215327
0.110733226206073856
0.084714702339505954
0.015835084433740758
0.235818863448491872
0.130729522221240763
0.006814791625555087
0.030942032853583566
0.074096678304338290
0.215820754066865517
0.114983664324638052
0.085754301140266137
0.080208417789155356
0.087175023672674462
0.085023760894385431
0.105170962536612844
0.022259985152677571
0.135066912547431944
0.114049172684341796
0.284055226253089599
0.099149503911736228
0.029668138738502221
0.106026363084204017
0.148706100912307460
0.016671462386971592
0.048384942543121444
0.037657319848067347
0.058740303954846210
0.389609063298866687
0.135106754535458090
0.010488008058489632
0.003264342775157223
0.007907532578991803
0.080639505136358286
0.146917007731915544
0.052012771966724339
0.062677427844905084
0.089527462389260404
0.015943645544936443
0.024961578388948268
0.110522797072906104
0.241282963542866824
0.047191171206347346
0.088171795583980153
0.085292664477573998
0.042949685113333469
0.145348546876828189
0.170211031562141318
0.111748105623046684
0.072636901716540747
0.056942808440030156
0.014035312190091931
0.146109273183561927
0.081125189758235461
0.134768066453299196
0.161236494116822837
0.123035299191671846
0.028732705846424011
0.039063221852487562
0.027926819539786603
0.067012695481616397
0.065462995412553709
0.074493297755508503
0.020089128122060734
0.060681527414030635
0.021940170759195004
0.070784588291749329
0.101265581709311256
0.097043401163451906
0.013107609154054432
0.096444525503343925
0.116319267786788333
0.062251616351281749
0.048377924409013347
0.022498116262258658
0.023834242179524002
0.203265138503118947
0.073746315487740632
0.003017012544664276
0.001926765375846628
0.004742885103833105
0.005157129898750697
0.183140876783203843
0.050547745815167376
0.002352512235374801
0.037562309117717463
0.066678415549729628
0.005778394550318930
0.118044340268235515
0.098908749247331090
0.013564980445223918
0.227372641055855695
0.145478581930961082
0.015327704352247722
0.047652721776914590
0.081108143265068697
0.070901415926575298
0.075426566747461676
0.032424698571420635
0.025003136457002244
0.237420762374379007
0.306743187386601834
0.112775938391314709
0.331977214100482310
0.102703683163448550
0.333691712450119193
0.123956926565786357
0.152281532753069576
0.109583331911960319
0.148270430198771674
0.051514645845457334
0.051456757970230554
0.015568176656008102
0.025223046467215932
0.117920191143611380
0.225405102008291836
0.034145086190959018
0.045583945554862886
0.132497427696345926
0.023653160934121419
0.061337412413075956
0.174744988660593653
0.032851427747342066
0.025051823594273177
0.183535533940247075
0.042114218426204567
0.027145101528634575
0.033334256764050531
0.028193245364418060
0.008925560779687713
0.273586036067829441
0.080772853642505554
0.024508413537598521
0.005402281734081023
0.009163372026849293
0.000593382950566127
0.173419807722403979
0.084017145414927261
0.035339072231899860
0.112474790846775183
0.162520408490858165
0.012734430582446367
0.044173255527338015
0.068459144617611156
0.133526715200379287
0.142763564761425488
0.137916876553029033
0.049226943890181084
0.188965918421429346
0.369978404592138987
0.344915721099304018
0.368571874796326193
0.072040298553340792
0.197972030278943584
0.074859856873302960
0.111895266232049040
0.195670159098769780
0.219797825826418602
0.129499785155100300
0.006168096655508278
0.051927813949950566
0.079797726691992948
0.196724568700514912
0.324374199196159285
0.121890805051105722
0.037192227124600748
0.172810456616808217
0.114036220443924252
0.341389119436767252
0.400000000000000022
0.023128082302393837
0.054578599949794748
0.190740256211264003
0.115696681309018320
0.232136918807655745
0.341047204260857439
0.055471324105114656
0.018603268281088707
0.209807677923926128
0.148595512566002758
0.035723757121089536
0.115280579472368500
0.137247018454137837
0.011272827977003661
0.066223472770124900
0.221568450570962666
0.094459192263151109
0.256172750388048098
0.257990113057662007
0.030794990396265622
0.071320606916277951
0.146792206849889750
0.173157905048904548
0.132204373749149784
0.193408754293410534
0.139774249773287257
0.170623111152199552
0.338675068923144584
0.249211676127051474
0.208465314808624458
0.041021582822441005
0.043527132826949380
0.247984366936738809
0.391147035258007758
0.225183940650384690
0.268628092968979493
0.132578106544081836
0.011055725454395288
0.203665389171476890
0.141039406613577389
0.266663499635230727
0.258785671995066968
0.133563832412556732
0.017163562998188244
0.102901168660373049
0.081615589950095296
0.400000000000000022
0.366043804441482878
0.017483334399006342
0.004675421410738349
0.158888576685620869
0.107040875708462574
0.400000000000000022
0.400000000000000022
0.074664396425414295
0.011532366862384642
0.183805434448538058
0.162237436602758078
0.087469821102223622
0.169353100473571688
0.111423140276743798
0.016153505978397022
0.262333503873857565
0.127972245509145849
0.062250825464546619
0.169406583204291528
0.216514385699325240
0.050052952053205722
0.108021650159029245
0.124747452788477986
0.109651205967789864
0.168177873202097067
0.235571498719570421
0.388211569271311174
0.045512533511283225
0.101206685638269026
0.152313120518458522
0.098856209657484817
0.027888536194712078
0.064972206866605070
0.031161207464468512
0.260022411918709284
0.396444008383696200
0.350590907355629144
0.058551929780007998
0.038050449911769507
0.075589389672329241
0.239995251060955678
0.397361758982193947
0.331724157055226676
0.125127238039354438
0.043145265653066249
0.113469102336583486
0.049307073153988107
0.142231966984797897
0.065692110258035952
0.121450783571468213
0.094679246765518199
0.111417971604724331
0.079734283568215436
0.164124140697555099
0.279210951024689680
0.053703035412752190
0.032592518367975970
0.077722307254996334
0.228975140072386008
0.190347425212042232
0.376894826234408620
0.096162457990128819
0.018264434129883690
0.124577000280054279
0.238613850631999441
0.096570283664265011
0.193995438988527308
0.246180906903840452
0.063929513848580463
0.138910483319918315
0.396674906915456926
0.200166479160251598
0.188631059801661144
0.284590743877217167
0.123532533930084010
0.015230835537700115
0.088654601347033610
0.072398236360205453
0.030589890027955705
0.041639300315551790
0.017343454352337064
0.040290832196518189
0.164490103441123303
0.248513740210751816
0.221630301792474171
0.098963130844721525
0.060361011826731883
0.056353453176126486
0.133369551820864796
0.257334659165357638
0.088683889272482663
0.290575220442674920
0.068552444050964501
0.091287470261422449
0.032967659534869999
0.066851341554381050
0.013037717110898153
0.208518703571270725
0.110933480259137948
0.110773145390375971
0.049363142377911062
0.045539504512287637
0.131945522037131141
0.030115677232931189
0.027199173579714957
0.078159675762939446
0.088875203905040057
0.126774821079903094
0.400000000000000022
0.302762536347239986
0.021601164371424526
0.201120438943890978
0.327540271696323049
0.105382767453711557
0.231612310826325940
0.254006724671135109
0.032854968468030557
0.077586540061516204
0.400000000000000022
0.242902937966316901
0.311646603387191579
0.236514166211047538
0.035492223482130943
0.055370823327350292
0.129446387199203067
0.050174381696565636
0.045921089775975442
0.021068876944236127
0.138152155895143625
0.034807397520971235
0.298545286527962916
0.122949124578660834
0.264336482130219874
0.197831793923406329
0.025985866723753800
0.081848775853062064
0.209123040688683870
0.215477436847287096
0.194593337106056918
0.285118057372360956
0.031018952490772016
0.182157422273311886
0.056948911268313362
0.073015391885483866
0.026148416401891007
0.155751242764330888
0.215150386458295872
0.222034974161560567
0.045559662330319814
0.007790656985049127
0.002972590972822910
0.041204017512576005
0.051968262997495879
0.096280145816783957
0.107129803685683811
0.048336655297295930
0.331391456179647992
0.375835046824794072
0.313669998482408174
0.120335717269865652
0.205061864938609395
0.194185819647015062
0.152938335037300976
0.175621824768773221
0.121441142350494385
0.053707384651014087
0.126947366677739343
0.117155821315666736
0.111125193992551219
0.115025515367814912
0.065540556743743678
0.241327569512706647
0.133096309500287752
0.036332055390457058
0.102720011328920877
0.378851448523271239
0.400000000000000022
0.398484682713905802
0.393089630756857988
0.125243263023379597
0.128436158456773725
0.310635605670161574
0.341679384773111050
0.272167743376577675
0.400000000000000022
0.362630255634513510
0.400000000000000022
0.256467138325510546
0.050557395634379804
0.327808991009053863
0.400000000000000022
0.138031834779760804
0.087697822194670594
0.179605863395453952
0.237144616135062269
0.400000000000000022
0.273032852995160558
0.063911188079368186
0.004517568959394433
0.078633604408815200
0.334397267544048415
0.176005717195916123
0.194760567147619218
0.159921670402991684
0.127906908253669571
0.245875192556408217
0.368908887777165573
0.133750312846678654
0.292182956693261553
0.256406333637105688
0.368254914584797366
0.281400905884708064
0.229364965395726705
0.151429853569949979
0.275728455201502687
0.173093539283203396
0.327552438955711234
0.267107459968255578
0.178262197477654039
0.380779573020457951
0.245356812146902081
0.041368513048941277
0.054435729554322000
0.096059305838454984
0.400000000000000022
0.267841535030246825
0.201926947699375442
0.105008450779208784
0.194421214894055588
0.146548106600816325
0.140493160771291314
0.107763062102829987
0.236263484728989115
0.207231554228613835
0.400000000000000022
0.221032071365979244
0.095376074590339754
0.325783245870507665
0.300913997300244540
0.047949514919702202
0.054596694975238821
0.099183695258329832
0.103388391324209267
0.400000000000000022
0.185447989594354240
0.018265087960768474
0.003264342775157223
0.013988210592467758
0.144486755182091059
0.325725709369597438
0.085396333154815068
0.083939685074769843
0.140979797639470966
0.029409446350198619
0.089738843120481859
0.323516102050763921
0.351081331312346534
0.084010056632562710
0.170035047429823338
0.173073376332098600
0.217079537101625863
0.310248002559954328
0.244519962709678323
0.131236008088818190
0.221251112635843378
0.271078719312418892
0.150917675325915268
0.318315457485234821
0.207147311735477513
0.315643533977060409
0.270431719612558796
0.388672221163054443
0.400000000000000022
0.261329234447659653
0.156037642063608151
0.240071932406990568
0.143732369990603737
0.114140298941263263
0.045003040472114370
0.339932717688973929
0.234540500213154146
0.123282259675262323
0.293620926694569961
0.149288342930494145
0.161145378718326349
0.240790943503107230
0.198616052142555399
0.112999081482767633
0.049895172973516352
0.026104245216461694
0.343675683339015214
0.386298280129254490
0.109715219636651831
0.006844559625969662
0.003151251782926728
0.013030435814381871
0.085016641156143866
0.275085041877787984
0.193314426631150699
0.051224732080365501
0.062116594564202092
0.074631083356190425
0.076521109532572962
0.294457216339164496
0.239597260994766914
0.132379692946227839
0.295444658660085013
0.250298065806446091
0.220114126989146314
0.369870393806204123
0.340414991838608016
0.220022226766674905
0.325509658773662724
0.251772147504280008
0.272482653044352652
0.342041167446713534
0.382998328495627760
0.364760304734998930
0.384720418532343678
0.218277741363314209
0.379074088851519386
0.367161778673420147
0.268880421969412198
0.277923278063038515
0.207498115537549155
0.189778653083087084
0.087207667209090900
0.087862154337948653
0.050780724599363440
0.181961780477310819
0.286629234788488230
0.052996773291470886
0.129280384621766498
0.156984856101070019
0.050082601094014162
0.107815196222564372
0.177557477613976167
0.049046543728640229
0.389899885030503102
0.221263402204370518
0.086679664353054936
0.035786147433406607
0.033334256764050531
0.032881482264876354
0.119173230682266929
0.382790688997950823
0.156317720486068290
0.195683149749132729
0.263458185717606708
0.039681356067712524
0.153254493790685148
0.370794956235248607
0.261892709213180030
0.301465042113017168
0.342342029497548217
0.198988448404715329
0.152661500435956665
0.388501514291615280
0.253293614765973230
0.238882699156475087
0.400000000000000022
0.211637947673325527
0.242930370676520901
0.396785144317650329
0.400000000000000022
0.400000000000000022
0.400000000000000022
0.278161107727078083
0.386131351868211348
0.355288137748634436
0.330153827945031231
0.400000000000000022
0.317448419042483276
0.159555711174758197
0.243210583592422369
0.328544125860880665
0.180035665186468657
0.214997676971840246
0.326439612590456008
0.147994624759960863
0.065576196435209913
0.290055099976526953
0.299378556449211408
0.380740584552328232
0.400000000000000022
0.041976542737111613
0.345608563735040897
0.353009968585541900
0.248898429451995723
0.285004497455110417
0.343468360678473639
0.063207001884109035
0.294392203421641629
0.318915732572676469
0.270665188917177280
0.262333239315516664
0.191945561729468223
0.141047251080615388
0.286484453170383069
0.388656772570875608
0.352915555588610097
0.202550776434816393
0.400000000000000022
0.282666879934630133
0.400000000000000022
0.372511950234419964
0.247983039058951471
0.396577780561272686
0.400000000000000022
0.256898539729888409
0.400000000000000022
0.400000000000000022
0.400000000000000022
0.385804411521722512
0.383802610304886382
0.110701416412054082
0.159705387523509795
0.400000000000000022
0.400000000000000022
0.392017414909527462
0.382251308881888519
0.233439227203112748
0.257982031230575726
0.400000000000000022
0.400000000000000022
0.398402073478829000
0.341741311633827483
0.162170407340041040
0.025710856856693463
0.200521506285292639
0.296065381690406193
0.400000000000000022
0.375687848517147760
0.082444175524093694
0.195163956430286417
0.217215345448530217
0.242875903582227270
0.400000000000000022
0.400000000000000022
0.075851902310804992
0.325726141532377667
0.285884252242309012
0.305269132079748207
0.400000000000000022
0.329686017348965521
0.117862393263695214
0.243847628365849611
0.374783175617657616
0.258770491241950118
0.289023234831691012
0.394241265537988772
0.219521792580897213
0.359988616692756058
0.293132185876458284
0.264436330941730524
0.221586648667758623
0.400000000000000022
0.323425936212962895
0.400000000000000022
0.271885571648306845
0.136129668040550711
0.186110814973853400
0.174848056309933997
0.129427247116478378
0.166436055479254497
0.173830961286447649
0.396244882438802848
0.400000000000000022
0.372623866239125134
0.148259154870144239
0.269629036652822118
0.193301318769198982
0.396863062099318431
0.400000000000000022
0.349381962204944663
0.168552299053104149
0.056964496965027769
0.162740150594478161
0.260546902435618899
0.400000000000000022
0.080119290426703849
0.151327228246027318
0.156831357027664792
0.129072008382321468
0.279255378958494893
0.400000000000000022
0.311653936656101027
0.064379835249560452
0.182770757773038972
0.103357568759400040
0.278667729351081972
0.400000000000000022
0.400000000000000022
0.099482293510960204
0.073988214102702357
0.239852066543669251
0.313804202765852192
0.207799697298922253
0.400000000000000022
0.258017786809589256
0.142456510233147454
0.257896739761907967
0.400000000000000022
0.285297142685959237
0.400000000000000022
0.336529674439494386
0.167621439618252044
0.120979799565466270
0.127796334522691041
0.117888875801008264
0.218531542359649861
0.170525848609578728
0.093090705182698408
0.144280247008046231
0.289244481045580815
0.292120944648348035
0.239211470223413353
0.201346455851957956
0.282139289713964903
0.356156484286819341
0.400000000000000022
0.354602916253207723
0.094386196798648431
0.314741771961439931
0.099641348745452649
0.306486712950473694
0.381655986997712859
0.193753884979381785
0.031549619497935610
0.276890974211626562
0.161810285332597559
0.128060569133510382
0.109109618882698919
0.072221328752497829
0.132571167613470542
0.032939656424622175
0.158598083942767532
0.119165816150093556
0.152562236079609781
0.287350938147045376
0.400000000000000022
0.306068228131897546
0.047523044751174588
0.265349393112641496
0.355392462716878077
0.321191508116279056
0.400000000000000022
0.290873914085227947
0.193042993272765917
0.274175451773903678
0.400000000000000022
0.366791947856194955
0.377829446557275794
0.346991914853758965
0.071993879519939297
0.177323437923433719
0.182501357336043557
0.091269619710908009
0.178340250170763659
0.275389779108020205
0.339255979763432525
0.158767513696360718
0.367206562261042424
0.157888105736044393
0.327542259920230894
0.332724998252680204
0.376280000248917834
0.325521068616748954
0.400000000000000022
0.336387604777106108
0.305625698999088646
0.327937461859394319
0.112298523017305432
0.284029117972356471
0.360744544043556881
0.142582206539470763
0.106133067397365041
0.400000000000000022
0.331531474107688351
0.347987807711658992
0.135647498313111708
0.017402344278230678
0.008678483125898889
0.145641861427213970
0.273165134622177896
0.211053445258935546
0.174667236077546334
0.069068441418632415
0.357852714910784298
0.382493405390131658
0.343228317586398268
0.286025369661232820
0.262670085764445282
0.262506944817095189
0.399581441899637069
0.312684954068635945
0.293784552849171099
0.184544062922510327
0.334123458187840228
0.213373601655716366
0.163207475315674061
0.185009835000364359
0.122940886574238031
0.320065901548830301
0.276227119356126427
0.280238253010405669
0.328637124392789803
0.240370121424151151
0.345620949465189509
0.271402598275590490
0.354946913278526510
0.344504815740067916
0.353523740844293610
0.292932791418905103
0.237596295399254059
0.256285373287746865
0.371876525740084840
0.359021067243579795
0.433867267275903579
0.222498770089788356
0.067047704550418752
0.275669900955613889
0.295564345730938760
0.256498147966860657
0.189538636787118964
0.166058419325819356
0.171240258541595691
0.426176735365068837
0.167837524639576879
0.205036472517768298
0.163110671492337128
0.066157756787511429
0.136850595046748152
0.277830297570757612
0.212054008211748524
0.242533164636859977
0.302456157069966314
0.178953342383323305
0.159112375999533678
0.240214252735953732
0.263162439741780219
0.221332885349299319
0.411504366119423426
0.264583623991882899
0.241247691210784321
0.254451017615775044
0.342785073671160845
0.252606416731046279
0.376196293246513269
0.276429885177971457
0.274110216546351260
0.418380772098695064
0.270885047217745867
0.230253065058428630
0.253245915084456208
0.334301549439973034
0.431682079482866299
0.422778104094240992
0.366685948504138437
0.260920288676736556
0.233108773086209420
0.239311232256710194
0.381368341977332770
0.358970456444328401
0.405130724681974863
0.286800750367000368
0.287461671069046021
0.189338204169039903
0.118168538542752222
0.259020095941835615
0.382402844833778066
0.245807716640498886
0.128462341903921473
0.171305917710610212
0.337292103014157518
0.354506869076144593
0.264179444888272275
0.226720909552451166
0.123243267761620853
0.045706217577650733
0.317064193363292168
0.275775806497919163
0.245183790145875241
0.310983290716402905
0.283382707090339747
0.129435430557203551
0.255128001580083974
0.335606952105155509
0.262037886231540340
0.225953428576780746
0.407474124839549590
0.229628570837990653
0.278197783738456272
0.334515769940845142
0.358194476618377666
0.243007738045506072
0.355891003760011704
0.264124818311017195
0.288961564360265877
0.307219174291494146
0.351321603962394202
0.294821373925045149
0.243880539292468085
0.182387530433327422
0.306765871109277222
0.282639089550713929
0.387915850239418991
0.348031434568496445
0.314809582841157620
0.135034489781355987
0.165021117084205943
0.231494889708910051
0.361454195151177549
0.367294479849224531
0.446888079260193027
0.240644966351165501
0.062471798101205428
0.227964805174147633
0.302241168738793364
0.310404176306070867
0.185172149604833941
0.186363893914490403
0.253235755868851886
0.352021487145285916
0.149721550576218804
0.218985565870671944
0.191264738483683000
0.065321374247181652
0.157667975076942524
0.274924915306533346
0.154140332870567387
0.217946667010713441
0.353007789577678033
0.215635121834380605
0.131912675212033537
0.373680965593194081
0.362779492804492121
0.213096456107866178
0.425243435300482864
0.337404343560003095
0.210879990304455700
0.288306970148236141
0.394592894592509180
0.285861137797856435
0.406726211532309923
0.329028788656862747
0.288945442789656892
0.322624895716927484
0.258134383759465236
0.289788614363037267
0.269089516454777411
0.266797127378786025
0.356038629095119796
0.382458595704100568
0.381325443116322937
0.283508793511315693
0.235873342883048787
0.209072248843357816
0.226497085876731868
0.372366674383925234
0.371849398689387212
0.277865236864672516
0.295087299113998558
0.196594731354324287
0.127805937848157664
0.319302772205918350
0.329536025639080798
0.251147246377330324
0.150263513170520141
0.165614371973170527
0.370737519064352095
0.331102310497375374
0.205811808684849329
0.212617739727279959
0.132828004096534058
0.068203802451304127
0.314843656516627157
0.215929194699211763
0.242619805434367425
0.251799858487273098
0.256710836508540263
0.162649157002304090
0.293472223712895830
0.371266270347235861
0.415929650212697288
0.311485447151775396
0.392310848078126329
0.237295276419858953
0.334700193290011383
0.385385216434700861
0.393309588661329701
0.291828772214981269
0.402742767121301193
0.285559663005253206
0.324464931611312568
