0.368852970428759974
0.400000000000000022
0.386603080865504434
0.364189763524862431
0.400000000000000022
0.384806087491151749
0.141383556337179417
0.095073775983339728
0.099569991626391324
0.035515140843311803
0.066187208925916535
0.050827788401276566
0.362530440550975386
0.134577099368807462
0.209991260311166716
0.393534882722854196
0.137530535557313233
0.055664314453046482
0.323729533637209077
0.091246366537953580
0.058709493086723935
0.036953416698524505
0.008788387816340830
0.002690853220826888
0.072675256425437651
0.096240141070220608
0.078163078543925762
0.128165841737789055
0.205107576645194412
0.024822647951177421
0.130193337364847977
0.204663624243353215
0.136366394032157195
0.388263605994678129
0.400000000000000022
0.053280374985233220
0.048182873037691434
0.059558634549827023
0.061461647920560483
0.029537189915687607
0.001023004257173273
0.001061961355624200
0.032415412044119844
0.029605622707987771
0.014519370093346001
0.004035851723275459
0.048614057096547980
0.035191103209422293
0.043111859757041203
0.064262527851205550
0.030358255960192083
0.061602203599032727
0.096622162915466367
0.005595390981225898
0.098183827801141335
0.071560046652195036
0.018857185841646539
0.052409331706308980
0.141768535715126154
0.032148619556541892
0.077106684194188035
0.143962517026557907
0.197237315123774737
0.360112670467539919
0.271154670611428950
0.028812562306965044
0.095452486281902088
0.059368445142084517
0.072479625649901083
0.018699429643837306
0.009423943015538821
0.004691604304125866
0.123964713886187489
0.125828715501376615
0.100933697488016227
0.071691267021366523
0.159612490899444348
0.039422231058092026
0.117126533756944179
0.097535556023804384
0.132082374041540163
0.150535825975310233
0.184960652845872653
0.075041855565268351
0.035364106905910894
0.039944970673783206
0.051144295032682884
0.035167512064819113
0.003260391733505185
0.002906493090330413
0.002849476947844475
0.028714323246182113
0.006512874716338067
0.026788475042431058
0.226568322002416583
0.075202300743543449
0.059033455433002119
0.203352138609850241
0.122312384950668013
0.121456313041874167
0.142213728033416281
0.030962121578850921
0.019909339442999191
0.017136501482600094
0.000968104477127982
0.069009260369015973
0.161171639350989410
0.046985957558017127
0.076716337413276645
0.110318543817755965
0.054198484001996547
0.169281138079542121
0.340846926585752885
0.055662826815646889
0.111152425836887392
0.077319415710619496
0.019755645832215701
0.015083275373145268
0.001822377958018794
0.000191854742395857
0.184548235663952093
0.180243558062381182
0.030628556864558950
0.025468095232715763
0.043602212072610912
0.016847300519460234
0.085235593685168573
0.023758842952848316
0.259297286412460637
0.400000000000000022
0.105277058724965455
0.055160047483031521
0.062659564190130440
0.018351507946001176
0.135167186364978320
0.234555458136329886
0.009203876269412449
0.006210698401645664
0.008495756532778564
0.010274742320572237
0.001007940431786184
0.039788628554437773
0.087937240001631264
0.035624547569504582
0.107228579970241614
0.149051702930091540
0.029126577294660456
0.143228197229411214
0.179190515348005314
0.018275212706260795
0.036879115948505257
0.020049269132236418
0.047711161661164993
0.105675324901990955
0.150356259052657010
0.109612183308729350
0.027255212419332021
0.074333016937864343
0.214905363754152534
0.082979756571474578
0.086612322925503679
0.037309330231865466
0.057145655300880491
0.094661491179268017
0.191813836823439915
0.098889902511969024
0.081420029491521342
0.006796481537500032
0.091093210907551431
0.048605826093660820
0.061770590325565478
0.021586726583790485
0.041912248037293195
0.027765370908306271
0.063813880063826059
0.015889387468667658
0.110461225666217355
0.389728530832082365
0.029870891445210788
0.013383381382739900
0.071152532181021091
0.027272090590357883
0.102084043160362070
0.102564549915595049
0.012629166519909387
0.012917450110381144
0.017375891680179223
0.009801499785824950
0.013978667135529211
0.010245825707810224
0.013983011497391201
0.034162711624783189
0.164140897662742757
0.095270650308032861
0.245927051424595589
0.334140076865588276
0.400000000000000022
0.019432801215090646
0.049131006521232097
0.134011587151485589
0.400000000000000022
0.397008780170017506
0.215466978979169971
0.027818248875772451
0.004686806093957809
0.123520401936425508
0.358850819416625222
0.309713195864344926
0.328964715195696256
0.100025083053961766
0.026279291008815618
0.084670241170029581
0.400000000000000022
0.400000000000000022
0.265869196072591629
0.224047960613306896
0.024892787856881805
0.035211774193883022
0.063196195454531270
0.080210269724834221
0.116066102564694767
0.394273224171084125
0.163981606803667468
0.008115399709836713
0.106085182156088087
0.395537666683163036
0.279547630968815020
0.299178046638123085
0.194092346465524257
0.012627575997873435
0.097134871265873224
0.166043267306686476
0.240673136740411631
0.087747925449642425
0.011359799055694869
0.001475562059421690
0.007301627009635043
0.058224948810086538
0.085709748844715355
0.400000000000000022
0.083791078513684961
0.206140299575696184
0.400000000000000022
0.343051000669814754
0.226626670295504457
0.015574533445022477
0.044645870425506766
0.189886740708476248
0.400000000000000022
0.291791142546367510
0.156591359707954902
0.003106083719900529
0.014965696378294244
0.038808094782176492
0.213365856725991732
0.155570079226655167
0.152985900274145908
0.094598080530822831
0.060449564817356173
0.032536369770995770
0.400000000000000022
0.400000000000000022
0.281248028206392831
0.249111282718706251
0.052643611240522969
0.007394961599948869
0.358538103473311054
0.286212343555560800
0.144245110950809774
0.181715045181489260
0.024990486921218878
0.000255406169216667
0.126801682563709606
0.094458395057676281
0.122250906185407821
0.075097189413824816
0.031334415775185170
0.002744973813231574
0.400000000000000022
0.400000000000000022
0.237044456680258753
0.170156056055015381
0.082678256935280650
0.001809237047085107
0.371010353549295568
0.400000000000000022
0.084207997673911364
0.071929389677933886
0.020378812840554268
0.188386549093163880
0.163711530182224063
0.071526897698668532
0.033216212331259765
0.024060536067335415
0.018433245526962357
0.293366829930844342
0.260068710214222010
0.156977874884202923
0.114443109940026697
0.077473284850674298
0.069346899982605681
0.008108105962426913
0.036254706310112406
0.062777412672347349
0.052320684714370222
0.121327060536292775
0.120720995927885807
0.005813384010813714
0.109572237216771895
0.092398910705079426
0.116787391813403058
0.074743677176658571
0.052398534567961459
0.010728029421606094
0.142230108871783223
0.096859201456887992
0.075261437458809990
0.048682479422738456
0.090778003936387366
0.006120314159338353
0.009220209156966776
0.018486645465840095
0.011349066882250139
0.005765104894669098
0.031084190692416913
0.012031619541904136
0.063096103551464250
0.090120652004342106
0.033896282571491257
0.014561198294056308
0.102011106774141991
0.023637732779735875
0.186213652559468035
0.234604973096354780
0.035794735244247283
0.010356403700011112
0.053233349534670613
0.385327818770998198
0.119318922251086243
0.032190082777485002
0.003719241961147049
0.000874219870080906
0.037344983213625969
0.359642221781103610
0.180888440300767117
0.116719817129969705
0.116819693593638460
0.069861036565635956
0.110954827721652494
0.023926622316638724
0.109766007557036110
0.068446703401450593
0.037541610871901415
0.036238915456215409
0.152879126143110111
0.041310934096951440
0.169976100179546757
0.028577358657443586
0.087104346419700329
0.058304344595604816
0.009621081137313851
0.036244274517664196
0.180670624868357776
0.099362161074748073
0.079424627268076947
0.041717331655479542
0.001467367901333181
0.013318114414502990
0.013426154171024593
0.013745727255487566
0.007764023149165519
0.000000000000000000
0.018938954574220346
0.022154420578263972
0.026184135513355050
0.011198409584228020
0.012836028158614262
0.012602354624203619
0.014812292754516954
0.007028239886738660
0.179718839829669408
0.400000000000000022
0.023526239743014446
0.013689811653071593
0.103477697584035619
0.245059505662818811
0.039181329736053996
0.000000000000000000
0.001320744971590204
0.022367316476174549
0.045909867598436814
0.178432814255741645
0.064417653813250389
0.032978872171063510
0.182810247169427786
0.111835730990738236
0.136769352800152177
0.016184175286082139
0.055960163436166381
0.054762505712517298
0.055042056988049350
0.022732589389824705
0.130449196325565758
0.034986260415506738
0.183925902832439592
0.130705977472915791
0.025008795481438799
0.002052097733498803
0.078494424851007980
0.072549710643225226
0.204488487370287575
0.162657222805597079
0.107925011265034343
0.058553548115462817
0.007649908207961996
0.052044595819956102
0.081010123471460416
0.003013191025317673
0.016509833882992989
0.002693291195428158
0.002548425664133602
0.016241622925944450
0.038700417404447816
0.004606176356324656
0.016727998377298364
0.021421950651205876
0.003057174130740240
0.033121979152213654
0.063717665500212683
0.171231896406882578
0.060202157000402032
0.045729701224414790
0.125447760091172117
0.148193162367985021
0.030160545279757214
0.006956984251977121
0.013600329971753578
0.003611144413710800
0.114192712376851011
0.149126209589713177
0.126299565935796665
0.165388063014609732
0.236723527417743329
0.044190968033865553
0.224033055291254918
0.047216007373223109
0.124423012585830273
0.252132541820472067
0.120508722460988232
0.009650315141304754
0.373680648328561182
0.058442449276515769
0.189019085606641823
0.087799799570380282
0.111355217415382207
0.029709443417130665
0.077541213199731465
0.067307283721151537
0.237361309559994793
0.396669200157862556
0.192884492570602528
0.014179819301399629
0.014464459501739947
0.055341363499426220
0.067251302745410996
0.017161229764296820
0.025059580696290332
0.005156674370745355
0.017992544242803728
0.031807530685729599
0.027088220502530021
0.004651357066885270
0.042902204642368207
0.043665483670522268
0.004957515237599716
0.024805795044982683
0.023430728728542648
0.296958689925285846
0.200838175998299867
0.083285251828815798
0.092111931233387082
0.007598780416782627
0.027384023540686836
0.005720749761666919
0.021164136384934244
0.001599394137367043
0.069643447487921784
0.052586666102201536
0.086006353110117145
0.148633811227597806
0.227398653273917672
0.033053742102271050
0.315043048116254887
0.082519388255269902
0.112367882184451082
0.199699990415348139
0.139041289672463625
0.010341686589871944
0.301516953028884871
0.152047988793705707
0.037662698108555978
0.064773442791887487
0.158109063026180552
0.028923335144813402
0.080530393964925742
0.152577666149986857
0.052641197634800019
0.214456977863458353
0.136898833494607047
0.013565332231953475
0.007819606250595161
0.076830160170911405
0.083532450215706155
0.021507793050579802
0.035411119333706186
0.000536611391328181
0.071042498372805282
0.048580939742948651
0.033082151781132024
0.008027188928141412
0.053382263666541488
0.018604196039770381
0.035858579001122035
0.017421464959363916
0.063824050874849492
0.230877403691695987
0.394508899360867527
0.057193414606753250
0.030954329213041247
0.114254340592379738
0.141606118672195136
0.034196009183690340
0.060001214067964770
0.036755383779017818
0.035372472446149800
0.058454881987134499
0.146245870485597285
0.070206357564940466
0.237966826812778309
0.019237103988914695
0.146389978351443212
0.103467888610731362
0.093294628008372349
0.053819676298900110
0.088530679392218620
0.026940225353877044
0.133946006548296581
0.082533363466051932
0.026867903768798058
0.088588535565661750
0.165455846216076979
0.028669385250947307
0.052569638413846272
0.036163254215307222
0.033918546161108655
0.264690100968917208
0.197164350126133092
0.026066762456272114
0.051007011034984916
0.037463322633058155
0.078955295107350595
0.021317725752818040
0.013703515555987696
0.005752194766095708
0.034757275691369084
0.088270943010882050
0.019533359670658709
0.009789373260373137
0.058342110803364530
0.056806957062686680
0.021190553908446114
0.013060842568731829
0.010255031821823638
0.175155341157961247
0.200503711239032628
0.109806298533748223
0.067974240949013998
0.114010919740188926
0.160276883125587077
0.073823744291135585
0.124582273822630610
0.189667872738143395
0.172101266207335041
0.053393009337374814
0.078143929097257411
0.068395130973328014
0.071830331532819147
0.067663233985255172
0.240159409057414314
0.071081179277095771
0.052204612361287157
0.033790222418611557
0.057571072169125326
0.089606594802266126
0.107061031098877407
0.095720625550107394
0.057905761824675855
0.149422292778443433
0.135485152292684902
0.040040934010908281
0.124862139783766535
0.088908959283024225
0.062991433465254168
0.197486683159651372
0.100036310168512776
0.051312373793607202
0.050261557895843918
0.058858266133786856
0.048399286187093785
0.028822184806358266
0.026986095871783765
0.004744087640770135
0.083147294474755426
0.082160975437845160
0.015978914489359546
0.013756879366863159
0.023330144257061716
0.008081868536700339
0.049938577834213696
0.037978854515323776
0.032791783145946080
0.046067883595783878
0.012187199800803789
0.002973955343716354
0.139266794061272875
0.098257353679186643
0.215555225863927585
0.214241514372280339
0.141833909042458406
0.400000000000000022
0.339316557401851737
0.123256840170275217
0.356485375017869310
0.072108328352050680
0.101405514754679044
0.400000000000000022
0.311474679819745526
0.081177702758127745
0.098866200056918888
0.057007977875098523
0.235564870862758596
0.400000000000000022
0.123364861339686521
0.120625175490476452
0.068609858603821683
0.101375636487665149
0.339216709765023827
0.400000000000000022
0.289167808337441490
0.077219137293707163
0.038421639655554438
0.047566427836776427
0.095951043501923267
0.400000000000000022
0.253689980090275324
0.045402137403540453
0.030194296227678295
0.051141417993443114
0.041574710414882657
0.400000000000000022
0.294249157464179567
0.111598449918289766
0.046808590590558606
0.379473409938327122
0.179675911120047854
0.400000000000000022
0.168666014541838549
0.117262922081764046
0.062048317446470977
0.306297992247557438
0.106588206410398831
0.400000000000000022
0.246728950996820073
0.039845963067925087
0.110429442273496575
0.293558352672346534
0.071960329095476783
0.395834853564210887
0.363967577271432197
0.075008181114707029
0.108631266911633911
0.185609104736996350
0.147765080177761132
0.400000000000000022
0.362808403626323828
0.025476590311341217
0.077779597663248393
0.198787673524335129
0.125954944442419808
0.346988098334757744
0.114545545229395682
0.028107485340963554
0.115744931818492436
0.346058766734598566
0.148914696491590615
0.351336899607792685
0.115121438233347806
0.078841612071920586
0.050738553085120590
0.138444431153786518
0.018513833845432842
0.300720657104568967
0.398790622650550763
0.026228585229334578
0.056544212798776784
0.214520507093072604
0.121448708026189983
0.400000000000000022
0.400000000000000022
0.084033178657765023
0.025085892415773525
0.251882011942752115
0.154782665134203024
0.400000000000000022
0.249436876546200198
0.157489267565529695
0.057328328149234109
0.094399799887888186
0.019202564555220410
0.334745926927551229
0.189165819292403531
0.241105780857820029
0.198303333957400046
0.134065827744799720
0.051622234377320858
0.322351373224585402
0.302674300702145349
0.121764006094823990
0.244216700163582684
0.117991982820072699
0.031841729597505884
0.091937500319346707
0.349014953370324954
0.067705105340419736
0.111833585162346760
0.069386724870246969
0.016055506357068452
0.007188824870567640
0.167391705805561425
0.107720557813546308
0.230317635320614167
0.384898401328666706
0.021941603301484411
0.016709404615926047
0.169998524041900162
0.120383202612208778
0.091671329293197296
0.123263238344983095
0.020855834185559419
0.018948953186153975
0.184255672615457167
0.144851788118605607
0.090314962956038608
0.047418260043930460
0.037834737586266834
0.046612603941728503
0.114987186011819703
0.068754123039269879
0.053516136207410657
0.036172872034611038
0.019205475715027263
0.008419718061313121
0.390815331395902188
0.219450790695014136
0.153440111113769095
0.018487450172635218
0.003176525693613162
0.001373674955421208
0.081454845560176611
0.216544927320595770
0.199962295575794424
0.102152882314916024
0.034868413435237125
0.052193796794975697
0.226618538917328138
0.097181775568611906
0.177298744572257111
0.082271181434309948
0.048758808650327237
0.024231217676994814
0.143989420482392633
0.097241710353465211
0.054148258606768383
0.059269334784396110
0.040367535276650920
0.022939242618070919
0.188173187295592875
0.239549677365593183
0.198617931016217331
0.118511878960162950
0.052621268214079864
0.012395675724534032
0.130563848010720879
0.148434126621636880
0.206236242130700187
0.066914734743666632
0.012850039989472137
0.014274032667163547
0.071662457582026037
0.133503888733403603
0.159997488133167054
0.031600513650478862
0.073132542928798866
0.033177853052917948
0.013099089713722525
0.030083636524492981
0.045956528410621950
0.026051126056359595
0.034293324747545977
0.005323337662306268
0.251990443368124983
0.065901136455647047
0.163813319460118512
0.066683165573233782
0.007746107053999953
0.003860307371335980
0.130868386718601293
0.397942898466447814
0.258740846727428642
0.183189386072434346
0.070893439257927515
0.144930799744081518
0.136206294685502188
0.112339435810597479
0.150404072462072019
0.055775795137184059
0.057057225501413150
0.038275339027016846
0.155527644695401562
0.031770920254482679
0.028860811273132815
0.056804524391287275
0.065641478403586959
0.047556495616696989
0.161783403715636043
0.044459222865915068
0.074049636659634696
0.014884886526116003
0.014346930441703216
0.004940453661324006
0.188707007165856422
0.068241351961356569
0.114348493643909713
0.036365030398936814
0.057882136468058738
0.027876147018464581
0.107022807083907989
0.188482818944551961
0.194068897497941817
0.183808496103610608
0.286045463109062481
0.205645770728078076
0.021926644703833688
0.039967883893038653
0.049073331054414020
0.012169903422673706
0.013853909894871685
0.007533775170494035
0.030706211990437646
0.019941256568800508
0.072688943896262348
0.020122516538821751
0.043392231796941357
0.043175271413148211
0.400000000000000022
0.400000000000000022
0.398403167975196926
0.369065448751158764
0.400000000000000022
0.385465316880700182
0.255576268714030386
0.244199985573052891
0.225869557562187989
0.200903203857921514
0.302910736343659892
0.095018756435142127
0.400000000000000022
0.181793106742030586
0.322168663015076240
0.400000000000000022
0.258039258018301521
0.065314629594351234
0.400000000000000022
0.149688815814469356
0.247728578693365786
0.124753216268904760
0.120143605231723030
0.032400296637957550
0.150216469625169102
0.163547424791372131
0.281855411264589906
0.400000000000000022
0.343916529262058845
0.039002467252577049
0.144657796866587918
0.260004987742779470
0.203617696777568191
0.391724634482061851
0.400000000000000022
0.058437049355978571
0.066175417280495169
0.091366165235556615
0.088549868423090511
0.034188546982572877
0.043925208899541476
0.044727445026146471
0.037372927281719558
0.054411417752970460
0.037950098821888642
0.299594642300542668
0.249452233094847819
0.118476355038238085
0.135223790990428305
0.071861308267988158
0.057742279500878929
0.067322953360699656
0.117786299300400632
0.007194785118592941
0.167827275289063133
0.124146712754396565
0.104863538951763688
0.201043142933906765
0.360778233866302589
0.065202361658812935
0.350694995093121631
0.226481905281827850
0.305686713526350407
0.400000000000000022
0.368553720528608908
0.039154248896836989
0.357382679266494807
0.211416433935790210
0.110142323758457061
0.083472872435724807
0.167533006041719362
0.033614939448939271
0.204495107851113245
0.278406381651363444
0.153574895122816246
0.286148244884824876
0.296511324394051479
0.052987563290045503
0.124946140007539341
0.174365716194715775
0.215614824257246318
0.172043619025890049
0.220371772179578845
0.075578466956596521
0.106406605278716163
0.088525910416731857
0.084226446813814915
0.043194700992960529
0.056642655400046690
0.021510689130100791
0.038708055948966515
0.046135788205546036
0.070336925591187566
0.257665878734127052
0.400000000000000022
0.132395715350296705
0.089987784646043359
0.317606479202230008
0.263918503622863176
0.155652322225564549
0.202214942101381051
0.067717505357868718
0.055281811889148991
0.075591383469734583
0.147213974962725258
0.139215617933956454
0.373831205946691170
0.066223061546931833
0.223106315764719898
0.213786432428487300
0.147493112010368910
0.223100814378442258
0.379882020633436457
0.082603052169523933
0.245098432385184029
0.159852779176671400
0.046623549601013767
0.103671810938807021
0.167278224174095796
0.028861239993343162
0.237117874077798385
0.216406812277688404
0.064547103025667601
0.290158196201633078
0.240766562198743983
0.042914062975732352
0.136242604720153482
0.061222165585906457
0.300123845877218742
0.400000000000000022
0.118980574280953155
0.060912242249127238
0.097416839881499531
0.106622450956883205
0.154700546035637043
0.244344831396703044
0.067545987072776981
0.063017655464332342
0.029686310441224672
0.023335584889304067
0.011262972253609820
0.214943969712399041
0.288440951240663879
0.145430846103252798
0.175202820919255597
0.263062622670280466
0.189403460420247527
0.217051941520546826
0.303772789170635937
0.207943085444404180
0.208980382155840333
0.073442278469611239
0.125855090758422383
0.174070455875318969
0.222186590585476157
0.177275417293984522
0.267414621476746384
0.145414196214960101
0.267109976115439685
0.116769978990086121
0.144183395094629019
0.126915925034131599
0.164206686399757884
0.190382116729375384
0.249719598648115798
0.248312195290412457
0.216905181784206230
0.046837415548408319
0.215955350691317965
0.137514785376685045
0.124762023790819659
0.219073409743441860
0.141948558205805986
0.079077744701913477
0.114075437959669970
0.074747653602454514
0.158860511853311154
0.395541307891391969
0.056856987316994553
0.018127469023510034
0.154299826655776545
0.109433066028203047
0.118062957649721606
0.116321429282458200
0.035959310776971107
0.020999318647081482
0.067314469514392905
0.047780354301148728
0.046770450281475286
0.056313709303594105
0.026170211298194995
0.037136666968499543
0.303407691724015605
0.193528003987219505
0.397931617280148475
0.400000000000000022
0.400000000000000022
0.400000000000000022
0.364534703363351476
0.257268427321760806
0.400000000000000022
0.400000000000000022
0.316872493733849014
0.400000000000000022
0.314641737728218129
0.204698104694553268
0.399368288492734980
0.366721173739443462
0.400000000000000022
0.400000000000000022
0.149644152348502174
0.205295416660506019
0.400000000000000022
0.400000000000000022
0.400000000000000022
0.400000000000000022
0.304805213434040101
0.112430911487590171
0.101617835110085708
0.127776697561610669
0.212017146066618034
0.400000000000000022
0.330374386086639604
0.053517537113377159
0.136279478383766417
0.400000000000000022
0.311722707840101365
0.400000000000000022
0.358647708899072604
0.124226025916163191
0.143943461856431809
0.400000000000000022
0.363329250401976167
0.400000000000000022
0.180025813597533418
0.118738484141185763
0.069349944456106039
0.344326691674252949
0.192297955255114200
0.400000000000000022
0.330520029510505076
0.245986262643621306
0.400000000000000022
0.400000000000000022
0.298586999390981211
0.398678049238269550
0.382574294970914497
0.264894921823183305
0.400000000000000022
0.400000000000000022
0.304356439885716035
0.400000000000000022
0.368512993165225178
0.064284685093517716
0.291145454389240110
0.354357752750990351
0.278940844716565772
0.393907954311394914
0.174995110046751862
0.060643855111959327
0.400000000000000022
0.400000000000000022
0.364489618433731732
0.400000000000000022
0.167765049473870775
0.086236573671869446
0.375282302350380181
0.389488188127931956
0.162758944796242588
0.400000000000000022
0.400000000000000022
0.026483991398551242
0.183345895362486383
0.308978902150748969
0.243699614211597804
0.400000000000000022
0.400000000000000022
0.086778152470996600
0.400000000000000022
0.400000000000000022
0.352246877729016417
0.400000000000000022
0.296758265036805025
0.159298504612614827
0.378541903327057838
0.400000000000000022
0.103410562229131781
0.395064054214392446
0.209544632132957820
0.384747419918886946
0.355065912838413378
0.205592725443468266
0.084838446708580623
0.337928797916440149
0.321107546229107699
0.383328123316869496
0.400000000000000022
0.274969857704275622
0.146284839537532574
0.169410785170021033
0.375448444348383870
0.075813211302846656
0.148088291472459166
0.132164137542594318
0.068376191071438677
0.128515885406860431
0.281556886015609520
0.113533941824360052
0.327484321435717263
0.400000000000000022
0.138728995114887482
0.091453081792584601
0.222397058609861614
0.131111232033814834
0.233147703141133200
0.220122439801871073
0.096117271644369395
0.067631432608892442
0.263191626320858740
0.150972102277943943
0.099535172113005374
0.065904905509770545
0.049183804468516973
0.052377708836397606
0.146071376704236616
0.080785742581174019
0.116612239758874900
0.126293524038953164
0.053101758286518516
0.022980916355369432
0.400000000000000022
0.243088523474750018
0.310617824630184280
0.253092423268989952
0.038971260937860443
0.011730078655432321
0.134688195094847196
0.400000000000000022
0.319281217826880626
0.134342965092401040
0.038587655396384174
0.053068016665056610
0.263963522130954087
0.391996430872817880
0.350666079714757772
0.198990998564279653
0.165578502243965697
0.094092254242630777
0.254944248204045154
0.121168332670103934
0.163914266163804501
0.127716038185846675
0.077909146148552336
0.059178158074286322
0.314917272386128044
0.280860611462544596
0.339032791710654591
0.147089237617606533
0.139725614633780193
0.070700020320138862
0.140184929148034737
0.184678401139301063
0.320245591795464912
0.166276895818414705
0.092274667257549084
0.055991364322643095
0.073129825483359209
0.146822003147906610
0.173423642304191633
0.045346240905966423
0.080896566077964388
0.033177853052917948
0.032038044287942873
0.052238057102756946
0.072140663923977000
0.037249535640587618
0.047129352906160243
0.017925692286509885
0.260468346578176357
0.072929376342385693
0.311880933513531855
0.400000000000000022
0.031272346797014405
0.017550119024407573
0.234346084302636870
0.400000000000000022
0.297922176463482735
0.183189386072434346
0.072214184229517711
0.167298116220256060
0.182116162283939009
0.290772250066339111
0.214821726275322367
0.088754667308247562
0.239867472670840937
0.150111070017755088
0.292296997495553712
0.047955095540564818
0.084820974709299210
0.111567030103804560
0.120683535391636315
0.070289085006521687
0.284153078071553378
0.079445483281421800
0.257975539492074246
0.145590863999031789
0.039355725923142015
0.006992551394822809
0.267201432016864415
0.140791062604581824
0.281497010157543359
0.199022253204533900
0.165807147733093102
0.086429695133927398
0.114672715291869981
0.240527414764508035
0.266451204301881850
0.186821687128928243
0.299481065298984162
0.208339061923506236
0.024475070367967290
0.056209506818983103
0.087773748458861836
0.016776079778998362
0.030581908272170048
0.028955725821699911
0.033763386121177887
0.053063235721014151
0.136406609396475031
0.191354412945704350
0.103594388797343367
0.088904972637563001
0.239883582528458567
0.331783401054410509
0.306955503507507999
0.271019046461004720
0.218006267451730795
0.242063009594189721
0.318876708724834979
0.276856305802796687
0.339493880621720590
0.252618955993774597
0.230582170903312123
0.190201602159201094
0.453964156968067245
0.175182380897008522
0.214324243536809539
0.279803781355654313
0.207616626810258220
0.172570618212586985
0.446658633489797396
0.179381107649448063
0.264609854191510008
0.304398542747896350
0.185149984633006387
0.185248171721244193
0.332871588246059946
0.227230192522701491
0.195101458922732729
0.275043502271927309
0.159164204118055014
0.208966233165028437
0.239453666866199955
0.139427632331367402
0.103497547608206994
0.261411439178766636
0.172155590539141312
0.201156599106020545
0.218968438872981341
0.107079689693094532
0.105834768076714339
0.195950423350672115
0.096670221298899670
0.148024472490319442
0.159838252653593638
0.135750467956404053
0.149046896364980475
0.284705366173584662
0.149731498842822913
0.210638090856008070
0.198036482003153602
0.390047969075327405
0.299821465489120309
0.264137747843996018
0.245765919355598522
0.210548273865327928
0.204099547061710129
0.291251619541832263
0.394676281661658468
0.268848002948462339
0.318653673212469457
0.175677810485288577
0.311421922551760932
0.154834735364455439
0.339136901475448171
0.325704186789316952
0.310572836861595314
0.158000314615776655
0.303420709763281005
0.206213305028207894
0.375679372452957072
0.328802073091239377
0.311144454598113296
0.174329999954509290
0.146843827779855912
0.185547233935008327
0.401515056847402740
0.349140440389167361
0.285691449705906708
0.200290227019351119
0.135470633018704489
0.100872828672389447
0.263410702838819621
0.287147916225552857
0.236135074107019560
0.193365450695680924
0.126198330343308018
0.070416238774684906
0.192086164754855987
0.223660926172735225
0.159139814545796843
0.144176059147028884
0.127178528170808186
0.041575817983104904
0.230649134587820576
0.384237827196628912
0.249828210627551756
0.200757006750638178
0.285328758000221006
0.397542574622937850
0.385670258371508257
0.302608185629143933
0.250222685864543604
0.282614492409858753
0.293225370572932464
0.208526328810217348
0.330581547406961163
0.266355989283616812
0.275767679776339036
0.219480680275481593
0.427337241216368180
0.133379347365629758
0.216393080432535301
0.309594133537293259
0.250232101985076671
0.202176189079262769
0.334305972208082003
0.158432725354397036
0.244903955305736970
0.274766994240390694
0.184338616739826239
0.190415874240574989
0.264682913789733965
0.126202314081992090
0.152551717191598019
0.251273169150725784
0.148721949569925349
0.201838278206613764
0.318893823473233029
0.176176637195375435
0.143101843627018416
0.291428469893169173
0.174075113372355011
0.203120621199782164
0.243067040769434056
0.114782848236405471
0.108188256294483004
0.207492651068324818
0.113431932607003558
0.157431199091114832
0.259627693002700222
0.125872621999686962
0.102377623646243796
0.261837296999622715
0.154972300346172431
0.212983712041084322
0.270095515057036106
0.443131002770609350
0.364693502028808680
0.349828319500188500
0.263422648102247914
0.240050308070966056
0.245350623959649322
0.261516197596275868
0.324093157760281081
0.260789994186292118
0.337639867102405233
0.191628746646221121
0.282180200925860047
0.140653172356242112
0.269256831879070069
0.328393121358488083
0.340422259772813707
0.180755548904882157
0.211833455108527052
0.140030572582179130
0.342817151291674505
0.307123359146056263
0.273913752822270706
0.173772625442698087
0.160403939412640001
0.145079917445451290
0.244989942809601652
0.283277064419554025
0.257862102784997327
0.190635632837597380
0.166114891765514250
0.143858909560654474
0.330971665343082755
0.324873496283306362
0.274981911809729862
0.194886835222437910
0.140814149830418567
0.083042868842254383
0.202513382937423519
0.228848722211959010
0.171483223945984642
0.152827568656339285
0.150374764771064290
0.082774582475253586
0.217296142215882004
0.294845764611255223
0.225487503743195622
0.204483843530898241
