0.003614670791127496
0.050483171491296462
0.054494018453210141
0.003061756814664561
0.060232973654898089
0.063753386855831276
0.048427517039197537
0.064363997578683940
0.053842048596003750
0.004193593851669190
0.012736865437246940
0.136549145473986028
0.080644947748598650
0.104240672538819745
0.100083595996138128
0.014398492278359161
0.156396070304864881
0.400000000000000022
0.031746544323921509
0.060406891084553174
0.126044769513386334
0.059221451773276271
0.012034974416844889
0.036611087157223624
0.037772286876096128
0.032638398103695461
0.046759099423814315
0.036142045214289098
0.006785180799694097
0.017874911853587340
0.009934097231366288
0.059938096768797938
0.020281016973877693
0.025109429500980759
0.010769431251514520
0.011807944211488040
0.033288775612351135
0.102415020498021231
0.064127754432736911
0.040045280101378922
0.048321348828173835
0.000293248536794461
0.018784737023099247
0.024362268361962609
0.009232830835658843
0.235133706250341357
0.326537398605028950
0.061264515572963515
0.058463015231670017
0.038219145382532398
0.087639178054925840
0.025726215579558433
0.082581044263987574
0.183633266955504942
0.060002774080868883
0.114531997557169765
0.056170112322077803
0.012402587974550155
0.020162715969740286
0.139451526791020686
0.024383690685221261
0.161850018017801717
0.129165641946256737
0.026461950450763230
0.330991320447502957
0.400000000000000022
0.043597714029412198
0.068054737578908439
0.044288184072375954
0.015978340152113468
0.060254280156781873
0.080666002284662419
0.045713655072919870
0.074573667754162687
0.039309140023420758
0.023164663167173916
0.012180328109568787
0.011141280642581963
0.055044538464100734
0.112694781019459081
0.084433448853489537
0.016982246834554765
0.010403285706836669
0.003804550322863197
0.048048317920006405
0.111487111778190290
0.091745793476362192
0.058522751674867361
0.022638674147553488
0.003324303978438397
0.007644617059297136
0.028070898064472587
0.030462637612754313
0.154185236921321800
0.116183874593397310
0.039847907890431369
0.037184057372458550
0.138768549698214089
0.042019678565124091
0.009477397491405052
0.015714373428345661
0.125504169812738126
0.058573258302232062
0.049638666243960780
0.043190475394767489
0.011142186604701896
0.013991747780681676
0.052246967269065137
0.074084518871678370
0.067728213800200832
0.078790210191964929
0.024667875312480488
0.074230348610022562
0.073598934723386411
0.101607171453580322
0.099583641262671163
0.065970329431285862
0.055928447593224406
0.022811862024689631
0.035130219332118240
0.033922259326904285
0.075566408122634945
0.130567031885735346
0.080211625186762711
0.005945898170853890
0.009419430560256997
0.077135041745716865
0.137509897815636994
0.166064830778228839
0.104746422750504789
0.038325662604379071
0.022779989751555912
0.047070808468005571
0.103681089179536251
0.085281915983576567
0.046993615862406850
0.011646302794248112
0.013369925978695801
0.012463313255810160
0.038810470376031199
0.017285848225208587
0.093043704373886579
0.017080729151532623
0.002038829136271774
0.189816271941693288
0.324283108610027349
0.191738447566522141
0.146985397236945398
0.024846341291513068
0.037589471857676707
0.087663448752588150
0.075569153103664632
0.049089675268861994
0.019540957539194090
0.008714668884603979
0.044718517854330182
0.061670156619497679
0.048925146243730101
0.056387124278737502
0.044738492410643441
0.045397161514761350
0.041946628906096489
0.078520124413783948
0.066139133336778400
0.002850814652843717
0.005880452166769339
0.113705508492171870
0.030786126305309015
0.038384374875459489
0.066630338794160526
0.225150508112898606
0.075742177499055235
0.060668687050767493
0.033226962429342387
0.058463828121474014
0.090947052269036890
0.219047231871665665
0.164511841138588188
0.109731353257282824
0.048928256960123338
0.035955893947583362
0.054434676773575184
0.072845372374731571
0.089510766159147409
0.034423972320344956
0.018640804616901221
0.024233939636133940
0.018089817478914257
0.031284550945697411
0.025988682124599267
0.008633227673235013
0.010405788776034063
0.400000000000000022
0.119535491913399267
0.341628245082258308
0.322434339853338803
0.004571401561894897
0.084059799436468019
0.400000000000000022
0.118866873312766574
0.191083378497797662
0.045231738757029030
0.007699481546940222
0.065517393372286334
0.400000000000000022
0.102198937577870089
0.092274972240158973
0.038283384339323184
0.218614953368248932
0.100485193453858049
0.400000000000000022
0.135591866447952986
0.058088103088832124
0.144359026834711274
0.400000000000000022
0.263943274641157022
0.400000000000000022
0.144066807134116237
0.133453863524982563
0.125717671365788264
0.400000000000000022
0.223931659674979189
0.400000000000000022
0.158733426916929377
0.073627274881773577
0.148380284957496805
0.400000000000000022
0.313121630153990749
0.400000000000000022
0.053903281489111908
0.026588651411301845
0.106661029516692596
0.390171308708091025
0.235280137664275607
0.400000000000000022
0.032632325219046000
0.068701052111494409
0.038060019388303175
0.158835694900440055
0.054964899283522550
0.400000000000000022
0.071799133998015074
0.361310549124541525
0.377243381216536000
0.010485298144723371
0.128383661658341364
0.269885041244950774
0.073734981735939981
0.243180671121176362
0.259355268812775264
0.009508779545770171
0.050062346759346323
0.351828620092263289
0.094015504939115743
0.122318764828195814
0.055227279763074476
0.234312497129162106
0.038238614108379906
0.359084197769318603
0.071358721167910644
0.153133634798620660
0.094964771931737468
0.400000000000000022
0.138196029154463940
0.276483165240306195
0.072151499669224683
0.223044079249441196
0.153254378680913739
0.400000000000000022
0.333311646190852628
0.294061277117895037
0.092508301781803109
0.155920817932038047
0.186257858222826034
0.400000000000000022
0.377808854087431867
0.276962870823831253
0.026964710913252917
0.078039467917658756
0.047798286980954244
0.400000000000000022
0.319947943980184724
0.293289276784686637
0.016587551063040117
0.033218863594397505
0.072825303745400680
0.235234919335881087
0.105605469405124497
0.056020270763255567
0.043367243000917696
0.149401117291820068
0.164112996008245804
0.007985220284358415
0.017618969523240876
0.062236339028154779
0.069773412238501295
0.335128067995401402
0.400000000000000022
0.014565077523467142
0.011171821189943512
0.047040535582425186
0.094964451839578717
0.086497352150139206
0.243025144925585884
0.201793522612730147
0.008205817310717022
0.093125129805390561
0.178545001881802945
0.359013671406988033
0.041519443280104651
0.277566138167674947
0.064427151539591221
0.058715956065192781
0.053297585714214286
0.219810089614451115
0.079583067841528868
0.215291696532309118
0.074197492332596510
0.012951727142574344
0.047668372241568648
0.134397481394242679
0.073594733831255615
0.053853272034379049
0.033924275574721510
0.014044197853693239
0.092889320698321259
0.109169396975970001
0.063507579493292582
0.033303185804463176
0.021589668227037076
0.037907429015957048
0.038036176933956778
0.087443525277383902
0.014854973269574086
0.003750622954068393
0.011889222764889046
0.140138121606920379
0.181108715862540459
0.080391035848931799
0.009505668884345956
0.002458195896867275
0.040715089314331390
0.084981358243246249
0.292564022405216895
0.127282440213283943
0.359615136995154350
0.111638723832970202
0.006343122790843271
0.086031080919511671
0.071180306344188107
0.054797088565042472
0.400000000000000022
0.400000000000000022
0.000984059438010342
0.144572194569168866
0.130129582309162189
0.210093708519898614
0.055756884542284016
0.020378155300810618
0.003935670274170640
0.101546701210040682
0.234220194695951289
0.261497745970191264
0.137638047726120344
0.007739328732233756
0.016343437197016142
0.028392086429763361
0.142279642933455824
0.084905030890218863
0.070444378113051348
0.005948327243065888
0.005609477049761112
0.007794695821710259
0.016918790821832164
0.042905269565319953
0.009800635728006695
0.011954045193869426
0.028910671849595341
0.157879256465224466
0.012574396107358894
0.022952530549811834
0.190025401888388096
0.034595155451657686
0.023703695205016081
0.045000168732140453
0.046128712993929691
0.023496458883774076
0.000860140794529370
0.001281400452412359
0.043802524688909189
0.022933748611299067
0.115557067074867570
0.145469368944935451
0.069060061692249763
0.037829592400953412
0.011776249121006378
0.058798978651899460
0.083042951623627986
0.098769968647411596
0.164410757380328482
0.226580408475257428
0.004304054319216478
0.131033838256808449
0.096463795897590549
0.056606396550048330
0.077229682595343588
0.028493298855200348
0.018128199510418511
0.086726385032283165
0.136916859946656005
0.214729789979093449
0.115172532107375131
0.007813880090624826
0.005495288904459313
0.020283621634766817
0.077218616449637734
0.246079679695233700
0.074248780661242256
0.019763179399359350
0.019410032152739162
0.009269847517507243
0.044296681440805862
0.048611063180825281
0.024174125503498688
0.011034936879125771
0.029052844912424589
0.118359746387220438
0.030247846205602748
0.245216326831142084
0.023325332633537598
0.003427550277191873
0.034793184657126046
0.061514570214175453
0.084969419242044375
0.067685822852542182
0.016749309590493540
0.009240246688770215
0.010757154942271252
0.077173115403203665
0.253740067516204981
0.139596339466244307
0.007775888624021133
0.012048675074059288
0.022010769470520920
0.040283615275454668
0.053562957185948001
0.058454198248104439
0.022590906342880173
0.026164232806441964
0.014909865937454685
0.076750010511080768
0.122536183425121709
0.120265021342355921
0.010576398198556243
0.005251761289909691
0.006455207754583470
0.091712151673549222
0.177437090329634645
0.170476500486009763
0.044271211739815082
0.012773087857770676
0.006800051153701525
0.016807243392200622
0.069682853161568720
0.330528753867405767
0.138213504388609881
0.029419075820269435
0.010852106230952691
0.026891772413104028
0.014663155547191189
0.082054413029160278
0.029096440012455836
0.022823000042799718
0.029479680981993120
0.400000000000000022
0.400000000000000022
0.400000000000000022
0.400000000000000022
0.400000000000000022
0.400000000000000022
0.063766470767001801
0.102353946214214564
0.111133058900353437
0.018879454083825142
0.020661581585869924
0.011769530868955122
0.085253105296619003
0.223181262313756901
0.138979255181429562
0.023257268334796515
0.013681595531236983
0.036443590665070413
0.021715001612552905
0.054333826958807924
0.056346747716700729
0.066154040577759421
0.046503647957209696
0.007881149177232800
0.053662722882074881
0.170251731946165663
0.131186147964655858
0.043865857508092666
0.003732134642958788
0.016304721726951792
0.121882896300288965
0.181621656254841002
0.055197022251661655
0.018385373673892941
0.009878029145872528
0.017490417119124812
0.115545807320035776
0.285636756978734863
0.190863148343921513
0.126125988951767770
0.071563319297837269
0.007950857360881022
0.029174957345331570
0.105748797986367923
0.057302684067213963
0.085129021751853676
0.040943203278993784
0.035747443926662882
0.056137661991958632
0.253094766368806789
0.228505236538761314
0.141511225825664388
0.035422683391773555
0.133782017944373000
0.039725116946493645
0.138729097716593419
0.064135460055638041
0.020207148027445287
0.102042439825544395
0.095400302749210034
0.057161794256753426
0.146198139058329901
0.167004676552486298
0.053624937528482242
0.067313297477231235
0.292119957917197137
0.021500058786671227
0.050909085888708676
0.119412573148783757
0.038831890369457181
0.136333757808905054
0.079010390386740278
0.093614964629091482
0.126111146648699018
0.136926571770980637
0.030749820374313890
0.008189986904409908
0.026359220884300164
0.082111567856020098
0.099119271401385739
0.045836797143032550
0.027568626831225053
0.012031653545320167
0.041007128960174000
0.064934620204382121
0.224877688537434089
0.055257819454148711
0.130302274437532756
0.093433329821352329
0.034671745310391633
0.042942803375159461
0.106698488245895257
0.110982637649948535
0.101295846322396549
0.024818510379759656
0.012341933992067899
0.060225476027721325
0.121983278531104911
0.092497573206494280
0.048453627136865525
0.005578936030249782
0.012545188475173778
0.032605582392655000
0.222584554497860826
0.101755366752297932
0.143325170231147103
0.216463460263465829
0.099494719975643478
0.066471924023159282
0.224704324205467931
0.263656589725746182
0.082739301173144944
0.153474732519036761
0.059576178513401759
0.075392348275556284
0.183149371814792405
0.273528789285972962
0.056273301929065350
0.176289917695755805
0.079465719338123256
0.095796205846208987
0.211245364468499369
0.184525809122255635
0.100148845375590656
0.023957695166612340
0.084644832396584643
0.049442961073579275
0.102513278365780156
0.047779997033858511
0.043263989664259039
0.015650815226222616
0.082279032424384141
0.064532468534215390
0.081600198486421485
0.190848136406630481
0.155642472535458737
0.046423143460014756
0.062899205611405593
0.047796588225189472
0.104192951871267578
0.160953069576914659
0.088240917122793389
0.017574410976616852
0.067958916667724023
0.020579835378350397
0.046826791314603156
0.073305443199593118
0.042639243901092846
0.007685579964664129
0.026851992917255176
0.051985385073363373
0.216103082693133802
0.216167543482493590
0.263824881958352742
0.368415670232133063
0.082009931835437311
0.050510823838886942
0.211349838057943717
0.274852021077872211
0.096567330998251169
0.190595805791538314
0.078990315420108481
0.148438451420066120
0.251811356340841841
0.162248579967186723
0.078505093464125694
0.102610136162254909
0.106361577238572411
0.065595706703504786
0.259052940620338457
0.215933578093735618
0.123706076620152150
0.088178952549901837
0.220886903929262690
0.111217153298627469
0.163639233043837318
0.228969740186489079
0.289504931226821416
0.195201093098931300
0.314352167010109984
0.098295785274816277
0.080288977819986007
0.252116636580702769
0.281581309757539588
0.159128015852931431
0.301075273144299049
0.161342533439410629
0.096054582861947999
0.165731125281240343
0.069928080755196714
0.128052468958970683
0.241604858022337388
0.050454055461500051
0.111057697097089875
0.110477129818205233
0.061364475193339166
0.029542953147830092
0.047196303412325662
0.091895261113741966
0.158282617520065227
0.120882961441666603
0.337082657142450670
0.323546311893997629
0.057743559884873522
0.040643096859735064
0.064012899722078062
0.153743198336785292
0.123562632882433562
0.215871224757449465
0.044250020350151950
0.098649334786891613
0.174915453564781664
0.248856494607028356
0.069932302970216353
0.157012581321392120
0.102465646751701195
0.119827559660991262
0.212616552477837395
0.365039584390335348
0.171186318195332976
0.211425670010698064
0.280096266337023780
0.094227520251758817
0.164658962013647048
0.306840040177013829
0.218361287314334462
0.224372486991914755
0.304437522719133991
0.077789813354773557
0.278163721489040616
0.198630544233508011
0.169913543301948911
0.119946544358669180
0.223954954536332795
0.115757942133083755
0.148085725510326310
0.188166095765653463
0.049973156719061815
0.033207268408480060
0.083578388648575488
0.053940683231717419
0.079944738991965428
0.058558319620781778
0.016956750843844876
0.006298546699678454
0.005880158805634363
0.060623579462039716
0.144105148635698510
0.098383407385194563
0.206384007580064921
0.244878130869462668
0.031254169368098314
0.020662436636334408
0.078968358971993238
0.053739597543272927
0.262907869242122005
0.400000000000000022
0.081022863107816728
0.020190888278339234
0.162447330566646175
0.138015954394001633
0.061070028815980476
0.271544201160667242
0.095485306826465194
0.011780365411875018
0.096943596180878167
0.305097342131192939
0.138259005120863504
0.018232207162336533
0.066978978537023559
0.067526668309297974
0.104863011668765854
0.324687220616585170
0.320338099878306526
0.026595089031962262
0.064423473679919283
0.093252727865516097
0.111299416009435506
0.157300402691333524
0.133870245402608362
0.013821365301333386
0.041899327585278388
0.079129926833774664
0.064603106486885067
0.112444869651717100
0.131345067638939050
0.021034061195477623
0.020853509240954485
0.035348252556611504
0.042450352898802925
0.030282404886727468
0.020451624129498216
0.008181638949081953
0.009782841266629060
0.060123391889720865
0.067474146183929648
0.119587296866753512
0.136494985037814764
0.240558465872235783
0.035956121598746227
0.069242162867064930
0.091203281942318429
0.091929615518077351
0.158443783141433397
0.387111362745111598
0.098462158919428736
0.084590347562813181
0.163437407287184810
0.277554222569183107
0.072569797981825890
0.154681515721247553
0.115854248661020121
0.024016874289971686
0.081467664025363970
0.142902849343255367
0.066423272985242643
0.022809746644000442
0.032726959958974455
0.022455138154975213
0.128178949447077750
0.166833245798020252
0.055069718347618909
0.006071715402676182
0.016474133090372680
0.086488075333877326
0.140079128183992235
0.077483198469400549
0.029758903790463528
0.005638065574957907
0.005890530332610149
0.075277410861974176
0.221289858715716242
0.145098524640430299
0.014125336518859822
0.003936171337709102
0.012995848270113951
0.034375013862629533
0.051022347076334219
0.185804591725957202
0.033880751466771795
0.008683005515005515
0.001965295463391087
0.072602693528665080
0.093295317845236120
0.094477729743073210
0.025438359114057230
0.055173059783725623
0.089302288079380704
0.021444670582401154
0.059790917715533888
0.044281751251431398
0.001471580467771105
0.004893910868216569
0.037646572093906219
0.042426344341758473
0.107838509818363779
0.067035271142697778
0.015886469617738840
0.014945642433959412
0.097760842943369772
0.030898032342445127
0.073598679785481055
0.159421639193557507
0.030915352373301348
0.026100860164551352
0.030364364685335869
0.056083748649433419
0.160951819766511434
0.119067738222094849
0.041797091177301460
0.001418801613920533
0.019545280392074031
0.163352445953104053
0.141506943938776275
0.096561125331449837
0.017695912045687587
0.000429702870156055
0.017889273758082896
0.098213806111152435
0.126267651147179583
0.088642927724137122
0.016282030597284752
0.010923825917981850
0.004824633715642850
0.048426303536519971
0.061088317833892916
0.066243593672372730
0.060336482844583317
0.019992742873432737
0.040546162537325854
0.065129241005302957
0.135452590733340816
0.122179841305752337
0.019811066405158100
0.069473220343668304
0.074510541798102528
0.125600632442401217
0.318104065094888921
0.193438388062248029
0.011969482475690324
0.024785540511306225
0.158559914944506941
0.120928563024053345
0.157803629724767747
0.158537794244242580
0.036989398621239337
0.182560303111306860
0.400000000000000022
0.108496554835002285
0.182943074509674869
0.246309790855742228
0.069797849971832526
0.017286735706754579
0.043066294911807093
0.129484438549645337
0.210075488433330071
0.217235599909824051
0.080413256954104187
0.019558268657464774
0.024674963007288862
0.026741340623566909
0.129620949930366658
0.350809770841283508
0.163322933889590627
0.040188507071783952
0.022660050442440731
0.060180548025455166
0.117078176045212409
0.146182167461897189
0.069141720113834765
0.071144348870973553
0.029772929518787586
0.400000000000000022
0.400000000000000022
0.400000000000000022
0.400000000000000022
0.400000000000000022
0.400000000000000022
0.122229485998671825
0.140573091596746941
0.198772236955279263
0.044605669663383585
0.103242625849857494
0.195402797824460045
0.145255879377487879
0.332321105833893293
0.195149367503507365
0.035659856309346670
0.033844311500977269
0.175895117456091071
0.046098692297774170
0.216183844976609668
0.185512389662957411
0.092615991028522651
0.373157397324909712
0.400000000000000022
0.097260436911487086
0.238306469525074116
0.175474332037031777
0.059844197660206135
0.063986414799740682
0.096970724011614190
0.167596551373208835
0.256195324009003689
0.094506162275082406
0.041550036841066854
0.022058357255441315
0.028631697761706779
0.170590345784136510
0.341523399762294511
0.275296597197411064
0.143108235786322507
0.081966605004673954
0.011755407683744220
0.077223275265337982
0.217235909764558199
0.149048477543576169
0.143651773426721030
0.063581877426547279
0.039071747905101276
0.063782279051255775
0.281165664433279394
0.258967874151515620
0.295696462746986244
0.151606557985170864
0.173629925834804355
0.076909174318952195
0.277497647414807536
0.106155138620762132
0.029684545518850337
0.117756813253890022
0.220904472561948145
0.115735052558985502
0.195836805302290640
0.210195151947253800
0.064767124133184140
0.081305045257912920
0.326219620403855104
0.095584577658349601
0.118637299688909514
0.198202783340748701
0.063499765681937673
0.210564106418927671
0.152609325110126676
0.195222136082671804
0.225694787911370209
0.202896901202266500
0.086678267967538289
0.031001848929099539
0.061489440216418403
0.116033827182924376
0.174685679524020671
0.176403829028767917
0.107780252017987771
0.017977551716174059
0.050426559520430993
0.142069661950099013
0.328264519658909293
0.221322650232377544
0.235048697188037559
0.131758992425731414
0.057451735061947541
0.090013611843165031
0.210379577425431508
0.196264553633525102
0.148289462184803406
0.036464813174007772
0.025711859970763702
0.072688789283531494
0.160793748907136103
0.109783421431702874
0.141497331510752139
0.022659665181782411
0.014584017611445552
0.222421854334348273
0.400000000000000022
0.293493814318820101
0.290310567468092473
0.241309801554978914
0.137084191833320213
0.154135372775747431
0.300273477309132564
0.304657501635489547
0.102280258712339048
0.162189401403640771
0.104294696367731934
0.137062504895053977
0.232074518058522472
0.324635915406856601
0.101011794339708777
0.221687079210517141
0.121412348244219731
0.174316330259992935
0.277384497805277741
0.187376623775099338
0.106029297542359999
0.137663203658784233
0.115430958701893654
0.087827335949038757
0.169143617159940640
0.272930505146757096
0.119006167163314275
0.076319502276990123
0.115505994853726535
0.122996296655689397
0.172547250755458376
0.380555768429479246
0.287501289543249883
0.156154496717297586
0.111827462571528924
0.083752482172772841
0.158627628644842755
0.233798441951646230
0.177751683281940798
0.051998383296961811
0.086599721284625245
0.044813775014484344
0.064916608793517419
0.104589994145290521
0.068627926025692121
0.016318807637899141
0.037257781693289235
0.400000000000000022
0.335638574606533013
0.400000000000000022
0.400000000000000022
0.370020010713014658
0.166069731271905330
0.400000000000000022
0.327164049110170607
0.373075718583883886
0.141799069755280172
0.198295287338478537
0.144507708792394801
0.400000000000000022
0.339549473461939311
0.254523552207345682
0.116788477803448892
0.321225089530503827
0.206846770692430459
0.400000000000000022
0.356844903669582658
0.274021681182567756
0.268065103454863396
0.400000000000000022
0.386340240183694172
0.400000000000000022
0.307706040177953610
0.362423603711471642
0.326162104582195078
0.400000000000000022
0.388621228004509434
0.400000000000000022
0.239022404736915384
0.325743911462476388
0.326660111636591588
0.400000000000000022
0.400000000000000022
0.400000000000000022
0.149957864351059900
0.192319776692542244
0.176589110271889282
0.400000000000000022
0.356631316333821946
0.400000000000000022
0.143690022316135868
0.179178181929699670
0.099424494581642348
0.188378648048270148
0.102161202695848205
0.400000000000000022
0.230081751518080302
0.400000000000000022
0.400000000000000022
0.327226143569235683
0.186127221543214899
0.310528138104685825
0.137747881458018057
0.347440791131337190
0.377975720575596530
0.225380004303219611
0.094312367109498266
0.400000000000000022
0.268930958503897422
0.351099592811856653
0.125159582733290836
0.383164939626212675
0.140704260860081115
0.400000000000000022
0.283975273645748039
0.400000000000000022
0.266151090127070444
0.400000000000000022
0.364548973505063323
0.370710685492065040
0.236810461682871731
0.400000000000000022
0.308356921838973341
0.400000000000000022
0.400000000000000022
0.368907716852850842
0.331196737433243737
0.354551362165546113
0.298407755401745023
0.400000000000000022
0.400000000000000022
0.375729143700161916
0.175050436423579203
0.266205563683312219
0.097771443700016045
0.400000000000000022
0.351499690292274125
0.339447050340972944
0.096532290055005562
0.091777183215179275
0.089782054589245555
0.241533466035559530
0.111485628210758872
0.116643850225295276
0.187472391636616220
0.247784524677014617
0.370497003588310725
0.252863351153821081
0.048873138891339186
0.082898775664489194
0.148741771210494533
0.355090104513084315
0.400000000000000022
0.400000000000000022
0.092194684297760260
0.067231423860764430
0.257411782406224920
0.224513306544140839
0.290279437552784625
0.400000000000000022
0.103691124137182220
0.104905495217265568
0.275488598062681112
0.400000000000000022
0.179778448400968183
0.295798345330011481
0.131406130076614780
0.126242624374490769
0.158160597382980134
0.400000000000000022
0.343543193341509734
0.241886785564271345
0.138620966012515834
0.106204455008090434
0.158967788251004161
0.291697884085576176
0.207464979233863978
0.067674637335712440
0.075823603159999906
0.093174124687467899
0.157492427185206341
0.221614266627687129
0.194852647132231660
0.054337246999940803
0.042443177467991561
0.073255681572568551
0.080486529832759710
0.117725930164111370
0.035306597399072298
0.011932261903150347
0.021672064031518109
0.200261513496641258
0.248582862046470121
0.199978332715685325
0.146000653922160717
0.243016661769103082
0.076671210913077617
0.154223521110311151
0.364002795042715821
0.219212055731361266
0.400000000000000022
0.400000000000000022
0.104805281710272008
0.170621428482324866
0.234617713631372904
0.326294149338334838
0.400000000000000022
0.400000000000000022
0.116838308099030466
0.168589068859140545
0.211597246334526146
0.352996557863153981
0.122180157527526673
0.043187901944811063
0.036662630233145095
0.124001839365015909
0.342832651783807063
0.400000000000000022
0.192707766073739267
0.013811044134909939
0.032817570287388825
0.114880161763640659
0.282358771117448004
0.162388229359619413
0.100203281903514879
0.011586392818023795
0.011500007382371259
0.083072106683684435
0.236298265584272055
0.188003794205750252
0.023925972246866517
0.015890216531578526
0.041906520119709301
0.192254270327853999
0.063596743183693100
0.208757122275769036
0.223906153355159898
0.043278160966663204
0.025668990668407166
0.117602862260805532
0.139424030839165797
0.117974188626847290
0.026298499908586601
0.056454460236137982
0.133104812768289893
0.044378419193700218
0.175347984790401479
0.189751120196366890
0.070531642160020863
0.042723503269169988
0.049422821214912593
0.101225322993657940
0.190881461441991751
0.165805239790109360
0.180297226998067328
0.241526050909216861
0.102064897262586260
0.161931870599253569
0.170062475683071590
0.216028035743605795
0.108145034968644929
0.054594159019751690
0.048492564195754380
0.142810133681716606
0.297868679713167439
0.333797528201188298
0.156969623284676590
0.009232681704545361
0.025040569296533349
0.183636067587870822
0.218725560388414009
0.342640805026683537
0.091944692706929843
0.020192882269515405
0.037299305910822061
0.107483653628659678
0.170564332587985423
0.137253990904962431
0.040456156100783444
0.021958762797107623
0.033877478628067441
0.166786049923740409
0.091336164039495654
0.311459920503514842
0.083661815478120904
0.023420293150624605
0.075339347194451900
0.228006214835729137
0.289092469116210560
0.218607193021117613
0.259846688860838393
0.258782954927660513
0.135354268201399730
0.197215948570152511
0.342441147325240280
0.239372316728106771
0.220224693695786566
0.186954667965080590
0.111486415391426452
0.220224079474094808
0.309488525194472341
0.264213157567779355
0.151851701356546215
0.323700041731244836
0.213748776053221012
0.249822387747024866
0.317973355954798864
0.339309014466224801
0.091274918150037077
0.199098669664170891
0.257915006852309781
0.220559195885831061
0.325831676196321529
0.339550930959933328
0.138079646358141489
0.188408626844031118
0.239116101757324118
0.214746610236634605
0.388277799277329028
0.358517005131202493
0.146514514606744528
0.188866295118744171
0.224101944617474097
0.166990508054440046
0.155207615915080116
0.122483632023454636
0.059040040913630250
0.129444161709747596
0.101290211976682573
0.213281244119905927
0.178363137627651769
0.201845930646234933
0.158513089497110182
0.159925503359399063
0.124148062690072364
0.214710429297139294
0.241359210676332175
0.330409982435840688
0.259405812885116382
0.155944198346839952
0.176223131255203419
0.177253858905125627
0.240478619137551558
0.411609916152772648
0.252669765190291884
0.170670416309761735
0.119640380765765816
0.196689447209128898
0.195685973592073542
0.334033715384754293
0.239987199082698693
0.355581123723783310
0.194893772742268712
0.223463601684848912
0.218563055840189729
0.353362307456072333
0.220394263033670323
0.204336813871329320
0.128379001798289344
0.195565544560565491
0.201099319865683995
0.380663936402309389
0.310035222158893287
0.194320798198928724
0.133126132813757708
0.186039030879854378
0.190792102759666099
0.362672134828558701
0.392036349816996366
0.199236257728987454
0.148419149052231469
0.173848214372936516
0.117163681776059195
0.135416248112807197
0.109361432685368160
0.141909955965451806
0.089684849633422589
0.245003311803601714
0.159751385175557536
0.219452985222783253
0.238436122639832659
0.183499272027128402
0.119036471548370978
0.226068628036459940
0.288372023569800906
0.217792025381481902
0.272490733490426518
0.266081790230263238
0.088326484706657507
0.193202184717560344
0.280334188719663757
0.216054234954485863
0.232963685743561910
0.255431245001323803
0.159793626913326325
0.212081503721503445
0.265547366175290955
0.161906896091167513
0.146659498550071127
0.382565042231466090
0.207992354115787426
0.237120610536790122
0.324007359821750607
0.284805586715913217
0.100446607252173831
0.202877020860279922
0.157932039129635354
0.221885881188258166
0.294804669471274261
0.330718100857616215
0.136139342524018520
0.188220493755011514
0.245249279794838543
0.221656486199829333
0.321875864354992935
0.267685186942550057
0.123853156623484492
0.177759404340763261
0.224460808180614091
0.208489155718136032
0.321588779569118910
0.277366628599006126
0.089490867158304913
0.159342706324419658
0.218559102996261884
0.199198748000377096
0.178663669019095528
0.203353579253418154
0.151419861766069391
0.153819125722643418
0.123943699274701863
0.210412792988377312
0.237862107127390865
0.329821524373478281
0.258438510660175869
0.163532385874904901
0.184041979324566479
0.178679890149601672
0.234047046337167802
0.345507702174441711
0.232648402916123875
0.179762225397134184
0.206984253280724784
0.190142098252852193
0.186480113246428519
0.286607631990333234
0.165314627300100991
0.340286855294528789
0.216309121632613094
0.211288518873349540
0.204866062862510939
0.360067867811034947
0.184992189172663163
0.215395787145239076
0.133006621635041095
0.199160229745683232
0.202637762658196580
0.344415580648152808
0.304422723275059870
0.192915018640291674
0.132860056154241651
0.196504690377522412
0.198657841246740602
0.300096650272954402
0.302730972528040876
0.183002703426440566
0.130990881290876521
0.180853350153019649
0.157732006666242708
0.280581244081821335
0.247651146374310210
0.166475852104772365
0.146621086771024617
0.205202076419845308
0.146425058997390445
0.219847621886324812
0.240300351966095532
0.174814702225799007
0.115143887901112532
