0.400000000000000022
0.400000000000000022
0.400000000000000022
0.400000000000000022
0.400000000000000022
0.400000000000000022
0.005913830044737790
0.035501849542158466
0.102349297186904165
0.131518560069771140
0.108834272678753452
0.196302239741177470
0.027797392833299205
0.073835684137465343
0.057944140308819517
0.126411224139726802
0.148692063680929715
0.251280972750659415
0.033312549609957547
0.068342084610426415
0.027753786462053752
0.071788979804752545
0.110022547152966152
0.227966021798344992
0.050138384697672636
0.227282265232428782
0.186550184318016621
0.056671103138626458
0.070586735975258524
0.278338546352530580
0.016458908116156457
0.143809972593938823
0.202317051031407513
0.179964283057789526
0.136204734081227435
0.163143801035969260
0.014940040671074292
0.090972104253131264
0.265379853216797967
0.349441121811770283
0.345236230107898612
0.159841861766784527
0.020944005132390649
0.071425981264167757
0.109467156329507306
0.220836782118620317
0.167275939546222691
0.206065964966374193
0.055466114759573165
0.030849380857578056
0.038121363200449704
0.035240150201476583
0.041009296434204319
0.058627658390847139
0.033545691433199423
0.083822253975555455
0.098968773682664601
0.068067078558766259
0.075032813339857951
0.148931063185845425
0.040214525021788183
0.061516180976936535
0.100351050811084128
0.085780618956803001
0.073281858789977797
0.212437438194476247
0.050382751914105094
0.155458042007309172
0.038403227719474485
0.025894485440305065
0.040751304373257226
0.194035140050437843
0.047573976488186426
0.244210617008790931
0.231646764363695162
0.074768538940783114
0.054254674508838016
0.156428545361476212
0.022123683406998912
0.125794417753738980
0.178179271744370316
0.117838376662062025
0.179760914674506528
0.128778401297050621
0.015832617669581436
0.068961522624408328
0.122531648470973031
0.163794141681435940
0.222535623097672053
0.036584685196936945
0.026321853028163471
0.040060769763582860
0.029197631984722083
0.044083923778933769
0.079052921792520048
0.181447014240827043
0.106592315657493400
0.065101190078360502
0.021121189539045213
0.014590203268287421
0.016502015991414511
0.016593163938083674
0.047506218873606169
0.139505437537998045
0.161761289181837631
0.092026611672481939
0.139819167502642061
0.219042341520998440
0.044114524237008318
0.100751710601445998
0.220512050761709655
0.190995232555858124
0.087731219792894777
0.212071604182568596
0.050447276748555203
0.156237745918809900
0.162564632525565522
0.292928295176246412
0.072148519634387884
0.174750589685590096
0.062465956954136356
0.255185528069084511
0.295072435188289739
0.202328203765624187
0.037299277246602924
0.193258319491703467
0.029656386220063939
0.244721588852790384
0.215360372624766649
0.133319520412198717
0.058006467720363719
0.135698946053968261
0.029208189202079859
0.091616316275211801
0.159237209708792599
0.268757203929534727
0.150610209000629491
0.127074884553122491
0.045958984725567371
0.076427700169825696
0.162102004863504123
0.118491110521984661
0.071027581549581137
0.109831590241470045
0.044926256362060144
0.053815403664507544
0.036569135593953979
0.012399754382354669
0.032781444615677786
0.040813208739871654
0.035262918084735279
0.135427050057741721
0.189604509289057171
0.022931293287078609
0.064241753223233153
0.127238415513348524
0.015246285902278712
0.247360399254913932
0.400000000000000022
0.192632034157486198
0.075186170774748678
0.104564983087811772
0.023713436099048947
0.100878978416981097
0.215615240958154930
0.296715013429891317
0.045014209768733021
0.025518344930271553
0.042037320822712235
0.092800628813040686
0.215396046416445358
0.126758074001681015
0.014455765322238001
0.063225749769759199
0.037566139860458134
0.131727657754795419
0.140996573031689137
0.114442975522849821
0.097147661609143454
0.042475014189722535
0.022697273866341305
0.074120144429278917
0.173516796783184046
0.029229421889320220
0.068721598691820859
0.132187285674517874
0.042276599550319718
0.089723419480041894
0.132568941391919493
0.096491998654198122
0.019025263357050085
0.098787514101965276
0.400000000000000022
0.065620104944267565
0.040796308500827064
0.017701536053120973
0.025261912360968759
0.048410222336641065
0.400000000000000022
0.215179285040155155
0.250135384849213882
0.051813855775331895
0.087241656904126996
0.118225742730877853
0.400000000000000022
0.276951645117055056
0.400000000000000022
0.164982756898735927
0.059372758785476459
0.191919076934648380
0.400000000000000022
0.235585548825751168
0.400000000000000022
0.255648923214619628
0.021190837800379957
0.204185588793101586
0.400000000000000022
0.077105134930036845
0.311741247040494274
0.119212645048835705
0.067069427546922661
0.049673605198425674
0.400000000000000022
0.214355600640501576
0.096694001760015857
0.108826648402700260
0.079874920567272412
0.169398919596771586
0.400000000000000022
0.274094950144523453
0.349309399873784898
0.186124984754275080
0.124501087504036378
0.171980188202217249
0.400000000000000022
0.258880169603835253
0.400000000000000022
0.127859087163037011
0.099941491266400159
0.336097505838959587
0.046337752715592907
0.003060252384991894
0.000973100009434480
0.000000000000000000
0.000000000000000000
0.000000000000000000
0.142726615884935848
0.034656754578153572
0.092730591240252153
0.010880752101573462
0.000000000000000000
0.011687292392742873
0.272187123858982971
0.096975093131415863
0.110374651659489162
0.055065837700878986
0.006180813781753032
0.075557375454280734
0.334987613883879709
0.085229301270040136
0.400000000000000022
0.244009271011187079
0.010802772775725895
0.032813703224958413
0.227418347935779724
0.011849507230858281
0.250897545937434407
0.137845337551079278
0.103586665505093656
0.036715745434047528
0.397592376136432668
0.070365269484965118
0.007348591979765176
0.152889293283926864
0.205830884418526205
0.107873211215138071
0.269456113350075188
0.115356012827186188
0.142500792223965639
0.007808449160173800
0.038357855210257912
0.079130747233900442
0.184209571289056684
0.036711285305112161
0.255630232870619145
0.320188197756610560
0.030993762681970103
0.006717720831108800
0.004323436169455421
0.004464187807752909
0.000807197990306188
0.001823867004024627
0.002281428479334163
0.008253931548642988
0.024666070351370500
0.045578908999239165
0.064417909355474881
0.032063239818191452
0.002086420759713871
0.001574126419927321
0.028989888588508879
0.244681004845768879
0.223686269506278762
0.107084699589023793
0.000861947205021993
0.051790647511835347
0.009589615038376714
0.113755633255568589
0.400000000000000022
0.318619243615233694
0.006040189927115207
0.041331893736479400
0.012270600199889081
0.021338115736659176
0.395076792702299562
0.400000000000000022
0.198647859771345636
0.024822248990311588
0.054651597554862333
0.031849231742989634
0.054669177458935361
0.368908658721381733
0.400000000000000022
0.037965054327942310
0.080521926586664905
0.203230754199007435
0.193025686231688004
0.108123493754966493
0.154196230465042217
0.209668931437829886
0.052630664119322434
0.141630971973978503
0.241916773353723136
0.261908014234661646
0.043335569685198354
0.048608344297354139
0.003370382957481766
0.005622771611590157
0.003150262417247569
0.005387294285333533
0.002617841471618703
0.003947567227205390
0.010089026974819944
0.020408056918834353
0.014786171736331595
0.013820929416569247
0.011682060995320990
0.026581584496170773
0.030505758689584481
0.149112885035345338
0.108894302395828577
0.036829147949136498
0.022229731452924964
0.157714508122806518
0.027728379384871861
0.109765294576589165
0.232724352194285555
0.111133982194428049
0.012858015681215132
0.035647302819755616
0.010052986780721120
0.027855592535804927
0.175655580221305729
0.400000000000000022
0.205883839345674224
0.113346553952195978
0.044446108150489112
0.135946944514351825
0.092345515956260837
0.325642366058964683
0.400000000000000022
0.110172478786054892
0.048789614869973949
0.176398756499555526
0.113886608175856247
0.069386701241225104
0.117320253597730684
0.057801029254562292
0.008699111700289700
0.067215335684926311
0.175485776334385335
0.196652819584876098
0.062382777216243974
0.052995662424205836
0.000000000000000000
0.000000000000000000
0.000000000000000000
0.000000000000000000
0.000935993397387679
0.005903121558702777
0.016055498381785209
0.013521281080346311
0.021230061044536497
0.007965792988678286
0.020917859926076934
0.022194548641296660
0.026490890592950234
0.158004277312388947
0.102774862842966247
0.092669495935650367
0.035000356989911816
0.193914711217985758
0.006197214154276630
0.095646359510784151
0.074044160329088893
0.031161748858545696
0.000813535096593875
0.023536337557046576
0.000204889428198519
0.021674081952741842
0.085314017989168905
0.296440260072381223
0.250677137857538979
0.065722239989879264
0.005442014078385571
0.082171577047949890
0.075586693596703114
0.065274325748581941
0.228727311118288645
0.146805968763677824
0.017633319547748112
0.182921472323658324
0.192675882314067570
0.025122027087158504
0.149256458758753541
0.142305355679596429
0.000664715369249587
0.054498855833384326
0.170446750669509706
0.092909756620431008
0.072452965341834499
0.094594174037463813
0.003241180076426062
0.005632524908793035
0.001109383642833451
0.007547078434410799
0.005683508050326412
0.009008022647052426
0.008112561728037737
0.008409848620587025
0.001801562886427826
0.012112124407831503
0.042756823142275871
0.028968395787518211
0.022142061187903850
0.044034031166100607
0.030623986435143649
0.000163018092395349
0.074310919175050907
0.131150530547112093
0.036372312064615421
0.025631697466845252
0.034508741742028698
0.061126067495043582
0.014535324818727798
0.054346213216081761
0.001690052231724662
0.023766738103577822
0.115519844929020871
0.344972507728948274
0.112169956567832629
0.097742959766398269
0.011267171998979589
0.061658798254652397
0.096831043373343750
0.070741317959525429
0.100543375277405825
0.177937104097928900
0.010357147166185264
0.083109379584906579
0.136107697445281978
0.175538158463963367
0.133010797982284379
0.141621175691446999
0.005567051686803192
0.052079101299700274
0.149519416247349296
0.315927758396907454
0.266072000631300376
0.260918614526323978
0.000000000000000000
0.000000000000000000
0.000000000000000000
0.001291021524248439
0.002126019634256931
0.001713809484784677
0.013829057427145892
0.009021683852852343
0.004943966416110022
0.006696095832829345
0.039315564709963724
0.020751522037674067
0.011267422742338355
0.018507976280897984
0.023345974367967405
0.007290390723166850
0.037368919816511144
0.063625885268078844
0.000000000000000000
0.007470690368303902
0.036394731037230260
0.036083241009882354
0.006040189927115207
0.005450520276368681
0.000000000000000000
0.008195707439334845
0.063522918602650399
0.080762853402116169
0.263217953232303126
0.105807772008561091
0.003211020711281444
0.003899774123041079
0.029224462475033665
0.076040616696331609
0.243439001985812420
0.136049608601651856
0.001396431848401087
0.051473585386567662
0.069134911752250422
0.007937884592069322
0.097301037459164311
0.155392194172531223
0.000000000000000000
0.013685758988536353
0.044830181924210268
0.067841568823594170
0.056745748564322587
0.133632684404345170
0.000000000000000000
0.000000000000000000
0.000224129341938562
0.006946440631441826
0.002657306418427026
0.002810132602417396
0.003216699482629873
0.000190075922002675
0.000887867838658300
0.018672957828769092
0.017076766903459259
0.012195670789441643
0.006009681428138812
0.005790137912660137
0.008086716028103498
0.011642391057473511
0.054393184863015309
0.063394251592337567
0.012601690480974228
0.016483483283688108
0.016870829169416186
0.056834913896891874
0.080036781743787422
0.068630851143089935
0.003873105408212279
0.011196575781304355
0.027769215023355272
0.050465978984914714
0.179613617912047718
0.104401296531671142
0.001491167274783839
0.013616769483682570
0.018565320398436929
0.031592346752282265
0.113684024951451912
0.185186933516338997
0.000000000000000000
0.032941481399427736
0.080626620642577779
0.023477759859283420
0.034024282200007798
0.066087190791055489
0.002445980581874669
0.036234011643513857
0.180872638478001863
0.078152923346562639
0.087849903495534565
0.219031472883790851
0.000000000000000000
0.000000000000000000
0.000142243184547557
0.009863262244084145
0.018007833743331935
0.004985121656779962
0.004132414371066975
0.000558139067464613
0.007164133956674627
0.046066544247056876
0.052516535931428625
0.006153793272682844
0.001071669999526250
0.000186836977249991
0.004546211811519512
0.027359465494168820
0.013827007611285974
0.005005338539147356
0.000827254774669007
0.004704898485524825
0.012248556545164258
0.039981708538859795
0.052216213611134391
0.022049832027127847
0.001024447140992595
0.013754928518432446
0.004715750576089756
0.004703503682433103
0.101872111725860456
0.104259403788022606
0.000000000000000000
0.006255887655711731
0.006494324994451926
0.109320989052319933
0.138729577664922610
0.103669765989193974
0.000000000000000000
0.000000000000000000
0.030569471691146970
0.051212000821046974
0.070813017306838616
0.086190116628533361
0.000765429819135888
0.008625829635031715
0.131510319048649238
0.036830838486844528
0.126304724200237001
0.200755545413951020
0.000000000000000000
0.000535217299025583
0.013206948128969652
0.016195297779093384
0.038909695942938888
0.006103124587551276
0.007657651724596369
0.009581083245828596
0.023884356448853748
0.059459232829645992
0.086551806171617618
0.036716407021710883
0.009915468478084890
0.010778728691512291
0.041507641312976580
0.088405668935324491
0.166230898425521023
0.091305627336981929
0.002114054755281338
0.010233307828828989
0.106019857745128177
0.141656341122290724
0.400000000000000022
0.299764186643562969
0.000783939890619271
0.046460814011496543
0.116700712379994409
0.061438395755033924
0.242210109112180855
0.378187053571933607
0.001235171261920222
0.075401024580121309
0.301268326960504762
0.244663475052428664
0.206233845823155931
0.400000000000000022
0.001431553736328019
0.030260923214609492
0.124978397428909024
0.205395143688902604
0.261167991849278636
0.316471305663252156
0.003675335094200166
0.019909289265760150
0.171513488894946858
0.219516336127879741
0.400000000000000022
0.163675009257365833
0.000000000000000000
0.000000000000000000
0.002923482591907032
0.013091037479475681
0.033213367433865701
0.005056840150905397
0.000000000000000000
0.000000000000000000
0.023041416144830636
0.090386562798695766
0.085684272337669926
0.000000000000000000
0.000000000000000000
0.000000000000000000
0.023180659709535881
0.123293798565510579
0.400000000000000022
0.041418059858105323
0.008498559278005146
0.002760860034786591
0.004234284947607009
0.018270776937995049
0.332599985931243014
0.140955064927915485
0.001888987192105564
0.006770176388409697
0.045825297654650626
0.025503874891813286
0.377412691515421561
0.322393619551781474
0.000000000000000000
0.023237556046335560
0.168332131926129780
0.147062117361487527
0.155141350029981612
0.169054239010577451
0.000000000000000000
0.025022866947289085
0.198499199642742596
0.113538031053653662
0.034127586965491438
0.060456952495549145
0.000000000000000000
0.000000000000000000
0.040870241050358400
0.053715110264022689
0.020897697450299117
0.019627644504042321
0.001162700370835290
0.000835847929962246
0.005225053780853099
0.028506822016156771
0.048450255628605637
0.008062915761622606
0.005509885828089301
0.025011513353738846
0.073972118200581014
0.270756537653026153
0.261642032578333739
0.033473584772264517
0.000576005317153308
0.012957035744505362
0.053649802479958569
0.226980416373762456
0.400000000000000022
0.096934333808066722
0.013255022861274604
0.005685488282292330
0.015019106711358119
0.047798950539474153
0.400000000000000022
0.271283355606141696
0.003505885771396880
0.020822258795836428
0.188320700422540649
0.133105836183854603
0.278715708208502000
0.371140071496156410
0.000000000000000000
0.005037208242261394
0.119373674645176300
0.286228681947038044
0.112133300960777005
0.149743621411222411
0.000000000000000000
0.016052753207687540
0.132359729816058286
0.180096029461213170
0.197752180328071625
0.088364430393500115
0.000000000000000000
0.015426381260787514
0.048067636585191448
0.070513382490052345
0.164796704002080074
0.066052345607117202
0.004562008502541987
0.012446348079686181
0.086265783683596775
0.051626448148362196
0.055454209875302432
0.047015824551150637
0.010920471211295604
0.012492327238894086
0.102269072592726468
0.267120513777844293
0.186076547181696639
0.100997137022085459
0.003132866508904443
0.009177565535032737
0.042772605110352142
0.345352967423953605
0.400000000000000022
0.208834195958076702
0.019234376735953920
0.017925195080764622
0.010845334284982994
0.039630486121999868
0.400000000000000022
0.353170495140327168
0.002474274852644997
0.026038098422757901
0.131310394831014920
0.076937246030601578
0.112699388912498838
0.133969613107279034
0.001065119481988457
0.037747694878791135
0.141753573844165620
0.114016197636486766
0.075747227613251700
0.073436220067276986
0.000000000000000000
0.014235200694190105
0.077718648265089479
0.213151465881207480
0.182792739400569060
0.114949785288590331
0.000000000000000000
0.021421880802874237
0.020571159752691644
0.214514348106346314
0.175392176192238070
0.248052369164472486
0.006190662220296322
0.012003569437340147
0.053371232073640973
0.087100049199095281
0.025127858807996929
0.036560635109647396
0.004104725799846245
0.021891259364333879
0.139658568386289011
0.271795750184499474
0.133897069672418267
0.128598770340943580
0.000000000000000000
0.005580071901177338
0.054426914202394608
0.380507980913877275
0.390496529444354756
0.246488342318333165
0.013183407320635649
0.014144239725971338
0.002963119389209217
0.091086538374158046
0.187099188800985083
0.228352301390598533
0.013053386550673979
0.058172161785867031
0.201637504239577797
0.081648043546044241
0.033489976414582588
0.254059046020884693
0.001976012745403965
0.052398740659190521
0.137106579131255180
0.129298730629208020
0.100112627479211486
0.172165862617352672
0.004253746245898695
0.008663390620021846
0.152663288976771006
0.204810564915161086
0.237490211141462043
0.153261633506377171
0.008641299800244629
0.025738581777509602
0.041451560434268654
0.107442542789831369
0.287058033786216305
0.069511511842805088
0.400000000000000022
0.400000000000000022
0.400000000000000022
0.400000000000000022
0.400000000000000022
0.400000000000000022
0.014026391772775527
0.043911698162745490
0.104150860073331991
0.143630684477602633
0.151591095821029337
0.211741629048846663
0.049939454021203054
0.117869715303565950
0.088568126743963166
0.126574242232122158
0.223002982855980608
0.351538990833564491
0.069684861674572968
0.093973782077271653
0.062262528204082457
0.132915047299796141
0.124557871971693962
0.282312235014426760
0.051828436929397294
0.240192757529274159
0.302070029247037519
0.390699962106349497
0.182756692543091154
0.364706739739091401
0.027726080115136047
0.205468770848591220
0.299148094404751264
0.250705601017314983
0.236748109358633274
0.341080905133898216
0.025297187837259556
0.174081483838037870
0.392166573344517377
0.400000000000000022
0.396512239426843438
0.301463037458231553
0.026511056819193843
0.123505082563868052
0.258986572576856589
0.400000000000000022
0.400000000000000022
0.400000000000000022
0.055466114759573165
0.030849380857578056
0.038121363200449704
0.036531171725725016
0.043135316068461250
0.060341467875631806
0.047374748860345310
0.092843937828407802
0.103912740098774603
0.074763174391595605
0.114348378049821675
0.169682585223519478
0.051481947764126547
0.080024157257834530
0.123697025179051540
0.093071009679969854
0.110650778606488948
0.276063323462555132
0.050382751914105094
0.162928732375613089
0.074797958756704752
0.061977726450187426
0.046791494300372438
0.199485660326806535
0.047573976488186426
0.248662663280416335
0.295169682966345548
0.155531392342899283
0.317472627741141211
0.262236317370037331
0.025334704118280357
0.129694191876780052
0.207403734219404001
0.193878993358393648
0.386641984539606742
0.264828009898702421
0.017229049517982521
0.120435108010975983
0.191666560223223481
0.171732026273505284
0.319836660556836350
0.191976879369468167
0.026321853028163471
0.053746528752119209
0.074027813908932358
0.111925492602527960
0.135798670356842649
0.315079698645172268
0.106592315657493400
0.065101190078360502
0.021345318880983778
0.021536643899729247
0.019159322409841539
0.019403296540501068
0.050722918356236046
0.139695513460000698
0.162649157020495927
0.110699569501251024
0.156895934406101334
0.225091794518533256
0.050124205665147123
0.106541848514106141
0.228598766789813168
0.202637623613331652
0.142124404655910086
0.275465855774906176
0.063048967229529435
0.172721229202497994
0.179435461694981702
0.349763209073138237
0.152185301378175319
0.243381440828679990
0.066339062362348641
0.257310386794915302
0.322841650211645015
0.252794182750538887
0.216912895158650698
0.297659616023374596
0.031147553494847782
0.246890698663238817
0.233925693023203540
0.164911867164480974
0.171690492671815631
0.320885879570307231
0.029208189202079859
0.124557797674639537
0.239863830351370377
0.292234963788818081
0.184634491200637241
0.193162075344177953
0.048404965307442045
0.112661711813339546
0.342974643341505958
0.196644033868547313
0.158877485045115702
0.328863063125260924
0.044926256362060144
0.053815403664507544
0.036711378778501530
0.022263016626438814
0.050789278359009732
0.045798330396651613
0.039395332455802255
0.135985189125206352
0.196768643245731789
0.068997837534135478
0.116758289154661798
0.133392208786031363
0.016317955901804963
0.247470234373038084
0.400000000000000022
0.219991499651655015
0.089013178386034661
0.109570321626959136
0.024540690873717956
0.105583876902505924
0.227863797503319199
0.336696721968751111
0.097230423379867412
0.047568176957399400
0.043061767963704839
0.106555557331473108
0.220111796992535136
0.131461577684114123
0.116327877048098438
0.167485153557781791
0.037566139860458134
0.137983545410507141
0.147490898026141071
0.223763964575169755
0.235877239274066064
0.146144780178916522
0.022697273866341305
0.074120144429278917
0.204086268474331034
0.080441422710367194
0.139534615998659461
0.218377402303051193
0.043042029369455607
0.098349249115073617
0.264079260440568730
0.133322837141042649
0.145329987557287071
0.299543059515916310
0.400000000000000022
0.066155322243293152
0.054003256629796714
0.033896833832214354
0.064171608303907640
0.054513346924192345
0.400000000000000022
0.219032467332100744
0.254589169650667968
0.111273088604977866
0.173793463075744614
0.154942149752588743
0.400000000000000022
0.279336557391510087
0.400000000000000022
0.253388425834060460
0.225603657210997455
0.283224704271630268
0.400000000000000022
0.245818856654580087
0.400000000000000022
0.394821556229762005
0.400000000000000022
0.397993012899692911
0.400000000000000022
0.123565948941533388
0.388261952765796226
0.180651040803869622
0.309279536659103571
0.398356479150678344
0.400000000000000022
0.246157345849296466
0.374165885518226493
0.341799713446412579
0.286108766390428371
0.400000000000000022
0.400000000000000022
0.278498340130559074
0.400000000000000022
0.372309601677084656
0.358403520170053391
0.399802660726875092
0.400000000000000022
0.261631797955090561
0.400000000000000022
0.347375423290916752
0.400000000000000022
0.400000000000000022
0.046337752715592907
0.003060252384991894
0.003896582601341511
0.013091037479475681
0.033213367433865701
0.005056840150905397
0.142726615884935848
0.034656754578153572
0.115772007385082781
0.101267314900269217
0.085684272337669926
0.011687292392742873
0.272187123858982971
0.096975093131415863
0.133555311369025043
0.178359636266389565
0.400000000000000022
0.116975435312386078
0.341100296596564878
0.087990161304826717
0.400000000000000022
0.262280047949182138
0.343402758706968902
0.173768768152873898
0.229307335127885314
0.018619683619267979
0.296722843592085006
0.163349212442892577
0.400000000000000022
0.357178143361906564
0.397592376136432668
0.093602825531300685
0.175680723905894981
0.299951410645414362
0.357699658729574654
0.276927450225715521
0.269456113350075188
0.140378879774475246
0.340999991866708263
0.121346480213827462
0.072485442175749357
0.139587699729449594
0.184209571289056684
0.036711285305112161
0.296500473920977559
0.370614601191595172
0.051891460132269217
0.026345365335151118
0.005486136540290711
0.005300035737715154
0.006032251771159288
0.030330689020181396
0.050731684107939802
0.016316847310265593
0.030175956179459805
0.070590422352978008
0.138390027556055895
0.277135497388077523
0.262051000259615363
0.035047711192191841
0.029565893905662187
0.252298006429091060
0.277336071986237331
0.334065115962786263
0.400000000000000022
0.148724981319902055
0.022844637899651320
0.119441121537860906
0.400000000000000022
0.366418194154707777
0.400000000000000022
0.312615249342621082
0.015776485971285958
0.042160374532495604
0.400000000000000022
0.400000000000000022
0.400000000000000022
0.382011097158591606
0.054651597554862333
0.036886439985251034
0.174042852104111662
0.400000000000000022
0.400000000000000022
0.187708675739164693
0.080521926586664905
0.219283507406695000
0.325385416047746345
0.288219523216179607
0.344553634637668915
0.298033361831330001
0.052630664119322434
0.157057353234766023
0.289984409938914556
0.332421396724713991
0.208132273687278435
0.114660689904471327
0.007932391460023754
0.018069119691276336
0.089416046100844346
0.057013742433695731
0.058072051346921130
0.050963391778356029
0.021009498186115548
0.032900384157728439
0.117055244329058034
0.269870178276790607
0.197758608177017653
0.127578721518256222
0.033638625198488925
0.158290450570378077
0.151666907506180726
0.381582239047276950
0.400000000000000022
0.345245410560536259
0.046962756120825781
0.127690489657353773
0.243569686479268549
0.150764468316427896
0.400000000000000022
0.367796625439539449
0.012527261633366118
0.053893690958562827
0.306965975052320650
0.400000000000000022
0.318583228258173090
0.247316167059475039
0.045511227632477565
0.173694639393142947
0.234099089800426402
0.386404154752953199
0.400000000000000022
0.183608698853331864
0.048789614869973949
0.190633957193745623
0.191605256440945698
0.282538167122432571
0.300112992998299744
0.172750814543152609
0.008699111700289700
0.088637216487800555
0.196056936087076972
0.390572231490820099
0.237774953408482037
0.301048031588678322
0.006190662220296322
0.012003569437340147
0.053371232073640973
0.087100049199095281
0.026063852205384607
0.042463756668350172
0.020160224181631454
0.035412540444680195
0.160888629430825492
0.273380539276951218
0.154814929598495188
0.150793318982240188
0.026490890592950234
0.163584349213566294
0.157201777045360841
0.400000000000000022
0.400000000000000022
0.374510294568880853
0.019380621474912280
0.109790599236755479
0.077007279718298099
0.122248287232703728
0.187912723897578932
0.251888638947645127
0.013258275978872497
0.079846243738608880
0.286951522228746703
0.375217470680490162
0.284167114272121601
0.319781286010763943
0.007418026823789536
0.134570317707140397
0.212693272727958321
0.194573056377789960
0.328839938597500159
0.318971831381030579
0.021887065793646809
0.191584862943680184
0.345339171290838576
0.229932592002319608
0.358846112395017958
0.295566989185973628
0.009306015169494216
0.080237437610893914
0.211898311103778353
0.200352299410262363
0.359510999128050845
0.164105685880268914
0.126684048795560139
0.083969540579587096
0.088434745194634817
0.089987481241978265
0.095976204613616278
0.088667894346905654
0.103055124684423960
0.214985137295514606
0.255276915134476923
0.263055533832686483
0.284380647583150126
0.289601766536927929
0.122400056322565509
0.262123474104396070
0.227765436745292260
0.261679136820296310
0.289890906469585707
0.333316548330913842
0.132632290445919926
0.232223851083898786
0.250072633260263189
0.263974870219135349
0.271858334253984757
0.322043665856912575
0.111920712411126666
0.242150355426413499
0.352859732773957324
0.317834512717963147
0.348742872172141394
0.370228137413631697
0.125410010237278602
0.305009161417692021
0.275648308961876587
0.347347819017423065
0.395207659616460538
0.352475932791232738
0.114332606545787419
0.299995888987598214
0.348454708932284030
0.326761632872249907
0.369318432077835268
0.282360177816179114
0.100482055955807295
0.204234413774616597
0.298010771507579098
0.344289894287402587
0.266870693709473861
0.264171488344791927
0.125826118457780772
0.078257996082396503
0.088693413096471718
0.088411499100083168
0.093994824736872845
0.088699844550138490
0.088141858182363794
0.065216395176542000
0.269850742103497965
0.270702890795241402
0.247162395831768050
0.202100724975279200
0.101583133599301378
0.084885264831438587
0.231403700158897774
0.260256734407407320
0.280109555432013546
0.212284335038753519
0.108920457220529496
0.063106074300993881
0.267740459160142386
0.245565391800077415
0.252167877298104082
0.246640324876534062
0.094496968335701440
0.055601533303108817
0.433463886053036762
0.334581651075293862
0.297549204906332243
0.304378241467051114
0.116681027439666449
0.055819176643233152
0.276396952530142515
0.404313587549786246
0.375285120855264220
0.300705798815848913
0.096688885856698936
0.058389979590269335
0.307483826255998127
0.301614831635401370
0.356638275938144123
0.313400858492608514
0.086579200758856223
0.038079506873723024
0.285004318396754330
0.279422137918005964
0.267200562799568830
0.321592872700543264
0.123285769681099514
0.073895652432529546
0.077413237253056072
0.078573681963986799
0.082546251986420432
0.077163473262734789
0.087186513645430272
0.055281126575278276
0.061004289493916161
0.082088647431681858
0.069236524602684688
0.046312350871478822
0.119080331250769042
0.286587565904560526
0.238345632824422254
0.264270016402592511
0.301167309330101107
0.349572029058877021
0.137412750105466108
0.215942880760056355
0.255767619126615942
0.259849061822002236
0.258925608094697279
0.342275170886015279
0.113520261585501381
0.208351046749980673
0.301931501490712462
0.311525887425602943
0.339156415525384947
0.375826364324699069
0.125801218142768595
0.270892990688058610
0.189790557487986261
0.268434592967283170
0.348845694540056372
0.315321999131242481
0.120022619127002461
0.303967627527292950
0.311467707313772935
0.225343926446405024
0.263079125656332735
0.266689741939070801
0.103026996206894469
0.203188181417123664
0.314903471644155497
0.324373969188917255
0.262965208218913671
0.284590973869084662
0.131511925601393631
0.074994587955904482
0.077327416424377876
0.077396195507617255
0.081513541140949539
0.077270890397825767
0.086126241233316733
0.046708100430484935
0.061386416844310662
0.079069327773799422
0.066427464036475981
0.046347982079027468
0.099892940750537007
0.081140971302355480
0.248433163926769618
0.280783096740930327
0.281482717778132552
0.235907963468368981
0.112443318048336835
0.066634767249734772
0.258884264426995025
0.258436607099727822
0.250436937827457240
0.222186380415276274
0.095109271729417605
0.056974432479093812
0.346060909649204607
0.296375265425596890
0.289152476891443244
0.294703569621172723
0.116793152397239988
0.056520650976660217
0.239829549239933520
0.288543832604903128
0.309624465312974939
0.261640567244068756
0.101002461772541186
0.063334567031733208
0.312313634127839468
0.269599685965398406
0.245662301676676159
0.221472123613466798
0.088351950812507796
0.039896273551497441
0.283420166926182382
0.298237380359381132
0.254470855193953738
0.315876892484050653
