0.048834670373192779
0.010204275139994669
0.116181357929288340
0.201177552791854314
0.006363399073455336
0.000000000000000000
0.048149016909626842
0.205910045497996796
0.163426200098542140
0.110168761707469198
0.219706309634860708
0.084718691743463595
0.101363275687110996
0.369498544747809077
0.316635543829407784
0.248129059363956933
0.389503302121679162
0.194433893270210045
0.024132578225944265
0.097447587628031546
0.179309372158595381
0.133094633560082221
0.391304895921839924
0.261923384839023166
0.012557057871095579
0.038665830260808026
0.065116184802742144
0.019048313898171874
0.033607990183583174
0.012263843016492464
0.018120578741919732
0.027948343036194326
0.184307266599966185
0.108240440438707453
0.068506704831470353
0.031565941722614517
0.024791221973119656
0.281238850505363680
0.400000000000000022
0.392820977616923139
0.291308022007788880
0.126217829055045694
0.014322204762051580
0.358836878414825144
0.400000000000000022
0.337754305525312715
0.082348580045195185
0.134154489896256196
0.018161986509746132
0.028021831338895110
0.072368808709380936
0.191757345605374580
0.025336454632500793
0.004163320174807803
0.015191019023369407
0.148307535830704523
0.096449310068646363
0.217336945763145967
0.269811741604846111
0.163022420787245020
0.239785974861671025
0.317368939941768069
0.362805408586970690
0.346881507028029057
0.372805490742158741
0.227042300713902079
0.036589473433636339
0.069727182187042783
0.149000759548718831
0.067295195062999719
0.188756269386435749
0.125460197292889986
0.009343279728826143
0.117316357443856351
0.131990429880211257
0.034484118931398168
0.061498748473598215
0.012847776744356281
0.008831492498455712
0.036959919959998894
0.093851204181471498
0.070547045745051273
0.004491857937385960
0.022491277280221340
0.017964401736521560
0.026823869100277307
0.181910624931302028
0.145924285370602341
0.039725239699845108
0.163869997243596049
0.022934301213165340
0.040963603073475435
0.047065709640917136
0.028639543534605180
0.033472125812465357
0.239483414138999928
0.003155752109260844
0.025708674678773698
0.390451545062683536
0.368268821974796934
0.144053712288039426
0.006581385359554240
0.021810211516146195
0.080438360138350568
0.399853521152167768
0.194491371930332030
0.059220475257453817
0.042332841024546895
0.204401704901099213
0.050320221805816280
0.234205808480025257
0.235512392967186512
0.065523641853671030
0.030491767001658343
0.048882922216806318
0.008660724546127138
0.080981082530133697
0.207288268303655376
0.077011113947350801
0.000482466521205087
0.007268311477646495
0.064760315350628844
0.057810272763882967
0.078896858259818931
0.015325861476714104
0.001913983217636597
0.016822542859159195
0.021176912400427499
0.047110394845166492
0.101493170951209674
0.032564323184719274
0.010239779510218473
0.008669160252316028
0.009250987946834176
0.035384474594091893
0.107484306272462263
0.044846115837149987
0.038509226777312375
0.017404092317958159
0.036000184642920464
0.026925560463710679
0.061074366234245392
0.049499246333575719
0.003271301560253358
0.001497107015370026
0.026687198503769757
0.189626644313328291
0.101222913471952711
0.123744603378625112
0.015467606524681782
0.007598429223277203
0.040188007846951368
0.075895804484569604
0.041222320599934026
0.088603754121411818
0.074201401936000194
0.046628300573613370
0.034981424738328264
0.035592424520931039
0.056718782973625745
0.084777249244177774
0.058502953886900064
0.028087508546363046
0.024069482039822211
0.016653627683193728
0.047883933793634662
0.055774435027281188
0.025791249017238296
0.026572866202094172
0.030268279576374121
0.017997823137365535
0.068329820116038331
0.149574060643813983
0.040794326883855134
0.048588368754898317
0.011103624580868953
0.010842134994631294
0.048551729242318542
0.065013203873521414
0.035655700458308306
0.010804807538563398
0.008062361110311014
0.000000000000000000
0.056267598346205899
0.061474151378286650
0.116075569029145786
0.017967169549032741
0.061603118031576316
0.034270290075610346
0.086924007684870089
0.095247847838264649
0.138929563801229256
0.017705750245350454
0.027779495798407133
0.259793355074354637
0.219769898196908120
0.397635271579429794
0.307833095604542084
0.004407201630524888
0.020500698891491986
0.265638042483427261
0.048658668952974472
0.116236531319203015
0.186852508536495987
0.105679525618815606
0.015935633240639457
0.033261266957779055
0.021502781562178414
0.026458771645098102
0.140323156065848775
0.091413316646176621
0.027904406857955137
0.028195686638015496
0.308907025422242465
0.347521032433006583
0.200486571958012089
0.058703213978951764
0.026384096172716705
0.027633712638829456
0.326998503235654048
0.396884073486182709
0.169060453932278670
0.108447485577844852
0.013143401707548949
0.033732910309774551
0.062547410551470117
0.162598520575291228
0.053400083649871789
0.074741512983851399
0.010997025303106331
0.003419753187505746
0.004109434017862098
0.048982078943950770
0.215269964459918473
0.158845461436178087
0.249511662253129651
0.070314682789228353
0.023322932654340076
0.334606599474559174
0.249126323862534360
0.069507759165739119
0.009905024058256193
0.038971179720137715
0.174456004033806150
0.344859661765280601
0.157884365353623074
0.038699523930342927
0.032498526382784262
0.116384228536826687
0.060546451845382182
0.105829787227514946
0.181299670798430401
0.083582186693213142
0.012141005789650019
0.017237300406894945
0.030026265599674758
0.033351879293920729
0.230570609984694863
0.138848389283228485
0.024245964789040970
0.015440109353660785
0.392429066695528461
0.344902750091172328
0.308575721800780856
0.065449977431574047
0.009984164339128632
0.008580299950189002
0.400000000000000022
0.400000000000000022
0.266211146252886888
0.210440039027291692
0.005099773302156240
0.008796996417190067
0.100839874670654667
0.264850229290883754
0.392747942852623044
0.074065582304751451
0.002601745456653102
0.001988146427960584
0.011044282194211259
0.157189019524820672
0.376976460391532542
0.199622748454554744
0.076515834961954438
0.057208468365795670
0.007778883878472710
0.328080235159572520
0.210736051599674512
0.028519605266790399
0.006463251325643469
0.000000000000000000
0.045591604424973266
0.045133036363277826
0.023373924851449533
0.195654936435514931
0.077519935673678098
0.004272806563490071
0.028178455830745842
0.052398057761366912
0.095737892005728090
0.105660111669376180
0.014899236826152944
0.005794583182644794
0.058897657354219611
0.046021431515000343
0.008533488484125233
0.176980359507677432
0.034053627318002988
0.005579365151827913
0.065394290294536722
0.115715339698688330
0.036462502693300224
0.014387552015492419
0.013612034814681906
0.014673731853150412
0.133169149262427289
0.206459670681264640
0.026650628679444011
0.014492567206984164
0.006548094320954926
0.010863441874079366
0.069215024266114089
0.334271512123679559
0.143318029248470730
0.046421279865974358
0.023698083000330300
0.002999588719263557
0.015334301492316823
0.208928875013817489
0.116899825964163998
0.084810423687817549
0.159434812237875673
0.082389816683581737
0.013775265044884483
0.220105405865117953
0.060221926598601885
0.005193527228831478
0.024595711727640648
0.016240762733085758
0.204679349564228980
0.093552203510912632
0.007794015048909472
0.240198521135107840
0.063502595661656613
0.119037870371615576
0.162105695972276198
0.097835923857788026
0.048842488320175001
0.141530337306162851
0.018044307383545077
0.046873214503147333
0.096713377070095710
0.142784904498783394
0.124762422924741490
0.051469797954849218
0.054406767496639218
0.013255741145068717
0.014094100242141486
0.058263979041498798
0.024314970507891241
0.019226118135900722
0.035667878707504527
0.006106447339109800
0.181619609900314699
0.117760701592785635
0.012492306933124277
0.016114213733140828
0.001068696863797038
0.006982315943511319
0.382301126484295817
0.335292346161519483
0.015169312725577706
0.025465195700173426
0.001105529237739628
0.001564193557819246
0.023548302024710914
0.049440826608337381
0.058378321512940111
0.038850569397178611
0.034215890989583102
0.024050435865923179
0.028932456785198200
0.038376495754869344
0.006711579207108455
0.090321242893489972
0.072534652766300667
0.051476383907406463
0.108891593492775968
0.118284158887475455
0.062145671509498485
0.137084059034754402
0.179137460728105075
0.163524315644684282
0.236051376487014297
0.359815476954998048
0.297259569648043454
0.079973870621817655
0.050170124975365521
0.013254683235297850
0.098691184118131478
0.377256617374184366
0.277279889199804064
0.005375209452197368
0.040322275572097582
0.041059643761330679
0.085190171597730069
0.023605005761318999
0.006463931984989286
0.007365755108171504
0.044663871647430423
0.027949522440263136
0.030860601743437091
0.042153083697268307
0.012361184805740930
0.000000000000000000
0.004130916268544480
0.016775354187055405
0.119033255975668315
0.303442366030292121
0.118741382902081888
0.004096282341846160
0.000840331512399538
0.013007733742602867
0.004858005320019615
0.182695223541072899
0.135084701961314502
0.015413952879413330
0.017852082836077511
0.052428318298812282
0.010806492060344579
0.010841810545810546
0.007913316631760580
0.389697621754886092
0.290111724205059041
0.303333855436605959
0.250688291701868904
0.138241092703969809
0.022503593909571684
0.102556714816220126
0.128458762684981576
0.400000000000000022
0.353065413331421163
0.400000000000000022
0.153222293519331976
0.024262959340159221
0.033846955529018327
0.056707484697710232
0.188010484328228006
0.372481103240868028
0.193310769526438220
0.057774780632796480
0.119323169903564605
0.243102085771756293
0.124510139630999300
0.036375907945946924
0.004159912481419038
0.004019737831277625
0.088718931264814643
0.125979352173627157
0.015304807407070159
0.021952309423411361
0.028611962599381896
0.000617778036934179
0.004191987831806920
0.012163484389842088
0.021848063222646659
0.344509356510152687
0.400000000000000022
0.014218869381480741
0.002917983177535546
0.017395317474608377
0.021715751712467705
0.066720624360554592
0.147747360899596336
0.029888779340713163
0.032837593596524342
0.009477907911323231
0.009397654501736959
0.006998909114202629
0.005852644426241950
0.400000000000000022
0.376841444820419147
0.216468178981093162
0.164610485725910111
0.012155198805492927
0.014192460058424301
0.080761692674995084
0.339939184862291244
0.400000000000000022
0.343682494235851066
0.026852186875886294
0.037832936533984771
0.066415690770012026
0.117486846997460218
0.054015314230030906
0.020224543291001061
0.031339535029795113
0.026988904188352061
0.048270201325767252
0.245502441415473976
0.384084587452372728
0.137383742617953775
0.046406604655976416
0.003271909298985605
0.048192748068693732
0.192861907987682824
0.295586733585103734
0.037419832747592238
0.028829605130774018
0.003944912117941807
0.000000000000000000
0.000000000000000000
0.026487741175523487
0.021080046567137713
0.021230584560097340
0.007215430394801238
0.008368798913174998
0.016711606794780582
0.013984175460071500
0.049748848049802563
0.002619954103355154
0.000000000000000000
0.023392026651535138
0.036261678621435339
0.014443337436680888
0.022275998494974861
0.007258338692261139
0.000000000000000000
0.336349956224373470
0.355733357038512499
0.214937511926707236
0.198356818028885884
0.007404915744627457
0.001323223980791873
0.170605140684465389
0.219746251976693036
0.383151137105824824
0.313661452779159577
0.004427762082520699
0.000100413571877942
0.089344110632097198
0.100026558269785154
0.025326352138059220
0.002859048867873982
0.000000000000000000
0.000000000000000000
0.075670543611050856
0.289638078522454046
0.116197309955233863
0.087752571973859717
0.061963720352718091
0.006164080968219611
0.056650742975651480
0.324238956130905920
0.081843802687172063
0.014213668348762504
0.019865085663825083
0.006725196994709698
0.014128720531390134
0.011163805618526503
0.087693361983677082
0.032253889488221443
0.019058035637714972
0.010431465645316738
0.027944791518852249
0.020059212841054705
0.027363629002056754
0.105654873981904374
0.004187566150917808
0.004431962934125525
0.052455562926393445
0.033640006235685270
0.013608916215713845
0.049535096489102690
0.011860328399954691
0.000000000000000000
0.355949500470697844
0.179696514700226823
0.028522357579905802
0.037874942167193344
0.024947940871334433
0.011115505635867585
0.224264657897537273
0.154477183454256317
0.037199029049362183
0.014088954287615411
0.012447857328966213
0.012078763636762137
0.176423893799649317
0.215467498969641791
0.184695342979879690
0.033588473532919459
0.009574915578246843
0.027172733038398358
0.065311773996429706
0.327077016825045142
0.129707119726472253
0.062420102859008786
0.020268311539096230
0.006329522466811097
0.156355876890709455
0.239770540669587418
0.049872836016839076
0.044728384691186562
0.010164073596016451
0.015396671975969344
0.062729959331562210
0.009918679319511188
0.182570789760052810
0.069522988688209192
0.039195189720670667
0.108190283738445206
0.041710698185537694
0.005252292604482784
0.044754657874943669
0.026949484849525696
0.029207707519947803
0.048970369889738796
0.059683288436205628
0.087459464475199061
0.047907017313924098
0.074107460187887997
0.031618493215917004
0.006201328678919312
0.373829691803844510
0.198364664629105014
0.109441802656593756
0.108796316865804238
0.079149176887006623
0.400000000000000022
0.376782799618165409
0.196129601967239386
0.065329956565483599
0.068369657075593435
0.037305394417183710
0.395904451087392362
0.246098823444211745
0.163950526369802202
0.284619109989801389
0.008047305806323858
0.003678597241723956
0.383802163095431581
0.138176583583363405
0.126907924432034691
0.051471619638038431
0.148871899801537505
0.087249190963668094
0.400000000000000022
0.333527170158141928
0.147975175304467521
0.063356231842762026
0.201285085691451093
0.084927428198755248
0.400000000000000022
0.253834984278313303
0.090791934954115278
0.110166585401864248
0.181423595739546389
0.033661179786269278
0.400000000000000022
0.173451042206034411
0.084461924420659265
0.032791934369501383
0.030222188479694552
0.028130932579029842
0.396697021259914906
0.246012787951564477
0.253901605139213671
0.178335901765475785
0.372141360592067816
0.135775452371023703
0.400000000000000022
0.182961928877497737
0.087509584919046396
0.099399314661239940
0.100997514450946527
0.085408800537786225
0.400000000000000022
0.380259147630854777
0.149294357221804397
0.092072499040577696
0.033000422255389426
0.022232038836579732
0.359419676892574647
0.227671062007252789
0.121481838520003715
0.161654445678458797
0.020086531261235704
0.003737885003267702
0.335445623069941967
0.258028761462751610
0.128280870492048005
0.071870259143523074
0.221740146419259349
0.111016994908221478
0.400000000000000022
0.400000000000000022
0.272389803060052171
0.050551197768522502
0.311880693237125861
0.132413764882910540
0.400000000000000022
0.400000000000000022
0.377588583351428642
0.083343402023651147
0.173960219039030833
0.051561381626395980
0.344052471182695330
0.120722056741883466
0.146474547483150086
0.044625213457501520
0.072915498735815654
0.044387571512952667
0.192027194479536006
0.171321500227679197
0.074692584235020565
0.191012142386721151
0.400000000000000022
0.099455643744460434
0.400000000000000022
0.050185390386663864
0.047869234484849144
0.107618908257580526
0.091270990793169332
0.023243151828808740
0.022544859636488990
0.081876490628208967
0.057001797820690592
0.038632385276512422
0.013362635318634086
0.009746575195237198
0.067982861786034465
0.098735793310645331
0.211349383801664820
0.101512802565198734
0.026953860590590285
0.012206284741910321
0.041830469827484285
0.356620172135556524
0.132991955547639512
0.098003217423010491
0.033429564263921165
0.005595876772766560
0.070480180598439385
0.385154600944445757
0.335868759700470587
0.132483089096751078
0.051328494918581082
0.007170129513701908
0.015154953207357970
0.335000136261064507
0.400000000000000022
0.102143645630529287
0.212730834690563975
0.062134533786495555
0.016624239103549956
0.197742989221719401
0.264943272446174272
0.056720590270485344
0.176192306359505169
0.119616544024859259
0.026550191565234284
0.067763204171426950
0.134607115288213758
0.083635028060792954
0.228479684848460152
0.139284661319542563
0.005064489220001848
0.019345798583674578
0.027926676676115678
0.082664079663993251
0.127587006622950999
0.013328211490095939
0.002591828821719348
0.131491160379586913
0.108229064801548786
0.095091891290846775
0.076364606155448267
0.006390267741065820
0.005137351564252074
0.181033599469427375
0.261962411519366389
0.135145325161051044
0.099026720064061990
0.029490010671270647
0.010411075540515853
0.305595987339856101
0.113601205375888775
0.084297230324555730
0.039073344491999576
0.013078976442745173
0.003876031271117929
0.237639288155155587
0.201580179463344888
0.177852931079416909
0.032714757461429621
0.013109243169724866
0.027024117103834899
0.350549005780455669
0.310579661786742511
0.138656182234529135
0.154124198632912546
0.062488129443333408
0.017491007884688298
0.400000000000000022
0.400000000000000022
0.175130299624853214
0.236376852865287923
0.153808870112660867
0.039410660165916440
0.159023208041790376
0.298526292152740402
0.033166184566423118
0.156755948168633447
0.067122498845875705
0.021558040788853004
0.013198549275097581
0.036537710843233637
0.098954881297327157
0.162388553361850652
0.009795265776798271
0.000423532246921172
0.043412712353211293
0.137102873624546762
0.120249778862405149
0.082623969498420491
0.019307613792766024
0.027918184169073695
0.120743037227798555
0.225277253467364103
0.071397737771768860
0.061797470351570953
0.091965104098229361
0.059514448324247696
0.074075523114155120
0.057108630773753458
0.104585854570996534
0.032399326606041258
0.082591848057524647
0.067559712064083538
0.045688195892452127
0.083259443495512925
0.184007811897092421
0.043665006835573887
0.017713191165464933
0.009943018992077623
0.048679615923389472
0.133694343002928817
0.168620182396424345
0.125318986787682440
0.072336194640718110
0.034555487190288572
0.306056648100084372
0.400000000000000022
0.400000000000000022
0.399043384180216787
0.383281770250728404
0.189850922365910335
0.069937699161393863
0.386767112773198307
0.256795415843530273
0.230309101740892419
0.255553979377345697
0.116164048858294677
0.400000000000000022
0.300315999345053763
0.385710870462628197
0.400000000000000022
0.144604491777425126
0.022503593909571684
0.150705731725846975
0.324079800282583985
0.400000000000000022
0.400000000000000022
0.400000000000000022
0.237940985262795612
0.125626235027270217
0.374656141887126037
0.344709347286933476
0.374238106047103058
0.400000000000000022
0.381795901766093904
0.081907358858740745
0.216770757531596192
0.351566659126850145
0.257604773191081493
0.398919889082446466
0.266083297320442225
0.016576795702373207
0.127384761525622642
0.191095536976369273
0.034353121305242033
0.055560299606994525
0.040875805615874360
0.018738356778853913
0.032140330868001249
0.196470750989808263
0.130088503661354105
0.369548992770280860
0.400000000000000022
0.039010091354600401
0.284156833682899235
0.400000000000000022
0.397157421619176554
0.325757092063171494
0.273965189954641974
0.044210984102764750
0.372457590404454475
0.400000000000000022
0.344306428396318864
0.089347489159397830
0.140007134322498117
0.400000000000000022
0.387128361698274803
0.288836987690474167
0.355989384681001719
0.037491653437993717
0.018355780233232106
0.095952711698364501
0.392763962740337313
0.400000000000000022
0.400000000000000022
0.296663928480732420
0.200855357321229777
0.302123729474228941
0.366263299835352218
0.382084843544864217
0.359598401260637801
0.385996967249065182
0.254031204902254115
0.084859674759403592
0.313523576770033952
0.400000000000000022
0.204678937680953493
0.235162874042412151
0.128732106591875561
0.057536027797519859
0.310178265431539202
0.339738412453165273
0.071903951678990413
0.090328353604372247
0.016792688862298091
0.008831492498455712
0.036959919959998894
0.120338945356994978
0.091627092312188990
0.025722442497483296
0.029706707675022578
0.026333200649696555
0.043535475895057886
0.195894800391373525
0.195673133420404904
0.042345193803200259
0.163869997243596049
0.046326327864700471
0.077225281694910775
0.061509047077598022
0.050915542029580041
0.040730464504726491
0.239483414138999928
0.339505708333634248
0.365747886286081236
0.400000000000000022
0.400000000000000022
0.151458628032666909
0.007904609340346112
0.192415352200611567
0.300184612115043659
0.400000000000000022
0.400000000000000022
0.063648237339974517
0.042433254596424844
0.293745815533196397
0.150346780075601427
0.259532160618084429
0.238371441835060538
0.065523641853671030
0.030491767001658343
0.124553465827857174
0.298298803068581198
0.197178392485367560
0.295040840277515093
0.138974834300068906
0.006646547489424699
0.063919054453297985
0.350874697564057925
0.139654075451055043
0.093110526608581420
0.035190947140539185
0.008639180212346293
0.030951263390549329
0.032340718018954009
0.134803756828843574
0.133747060439431131
0.051622358822434260
0.020671245155535208
0.036613951771168274
0.029310200787888881
0.062748103596148644
0.213139180254366623
0.049033681988067790
0.042941189711437899
0.069859655244351601
0.069640190878605762
0.040534476679424530
0.110609462723348068
0.061359574733530403
0.003271301560253358
0.357016568905494602
0.206383713203996566
0.218149001893234051
0.139097855639146034
0.148692544249959535
0.026583112160549364
0.231863087120814465
0.194665191301207685
0.113094833533931766
0.055311274887549444
0.101051611450378026
0.086280165572762330
0.223052194373262680
0.250448923707970061
0.220287767500810694
0.090307256506545197
0.094352164822424603
0.085675686925298408
0.093399282542792755
0.343380693609640020
0.146360747409665981
0.110304036652643447
0.076042746566377425
0.032120771484049397
0.182928743092803631
0.270038820245961486
0.067870659154204607
0.113058204807224907
0.159738134239830437
0.056190998859824474
0.111318328086460527
0.021022303900380141
0.193412924754684107
0.118074717930527762
0.104208393594192095
0.143845984196753512
0.052515505724101096
0.013314653714793800
0.044754657874943669
0.083217083195731581
0.090681858898234435
0.165045938918884610
0.077650457985238369
0.149062582506775371
0.082177307389534451
0.161031467872758072
0.126866341054181653
0.145130892480148571
0.384380012284972317
0.226144160427512120
0.360444232377026164
0.328566215062712330
0.400000000000000022
0.400000000000000022
0.378666764434648473
0.216630300858731362
0.330967999048910888
0.117028326028567900
0.153541925736386697
0.400000000000000022
0.329366067884183655
0.179886159610441632
0.305281695617670379
0.029550087368502273
0.030137368886822058
0.400000000000000022
0.229589900229539956
0.154812331289989835
0.079667306276053923
0.370054814013728306
0.382011509237814684
0.400000000000000022
0.355717288150504962
0.174359271477184219
0.090989944481591478
0.397951156464985023
0.400000000000000022
0.400000000000000022
0.350683831798817236
0.103935336661664227
0.143899495711638792
0.243971006291016534
0.196259700361560513
0.400000000000000022
0.248192555189885783
0.095458949723765590
0.036211687557007127
0.034331622497556655
0.077113011522980612
0.400000000000000022
0.371085015557816145
0.398231690022275986
0.248650584554704124
0.381943679069009723
0.380533578198409717
0.400000000000000022
0.252469688043236884
0.097414608977302614
0.138370494381377662
0.275453518484752691
0.377321231375535526
0.400000000000000022
0.388776209447591947
0.181792883604588673
0.208456727577404383
0.093546874100771615
0.128061826064094664
0.400000000000000022
0.305458279622755624
0.133622844309653765
0.178891746085353742
0.050112796860910469
0.037089764297188431
0.400000000000000022
0.339015771064539895
0.152526835281088957
0.087310368497183877
0.400000000000000022
0.388788877234929831
0.400000000000000022
0.400000000000000022
0.282373967399180803
0.059131497718711505
0.400000000000000022
0.400000000000000022
0.400000000000000022
0.400000000000000022
0.380728777430235032
0.092140398440841209
0.274800093709685500
0.305443905623892564
0.400000000000000022
0.194787639046634903
0.149076292939803179
0.046613359885462100
0.083959780930026928
0.201576591037773339
0.400000000000000022
0.348376876541793057
0.151208419196975002
0.248220610752516807
0.400000000000000022
0.361721789317218656
0.400000000000000022
0.078704995653454263
0.054332485810492610
0.107618908257580526
0.136862595218142591
0.068376188192086573
0.045918784487938520
0.277531427063723912
0.134521733494368689
0.042905191840002493
0.041541091149379927
0.062144632956604107
0.163720753791762541
0.204395904980021498
0.226248620627817726
0.107307385747843514
0.085851517944809899
0.058227716256910658
0.050363958311609516
0.400000000000000022
0.167045582865642500
0.103582582574838419
0.098823854558457908
0.121311216471454902
0.106942683291739615
0.390593169895023296
0.341076720917377840
0.147156820949901512
0.184497644181008363
0.213629800194966524
0.041805581886801980
0.345028367219882781
0.400000000000000022
0.113007087504608653
0.281945858956678064
0.356982079345295356
0.159942268352020689
0.244164269087693786
0.288641355446504544
0.059720178989748907
0.191526607851821989
0.315401147165394358
0.143450017529398288
0.152573627859244526
0.294041927526089431
0.166024844744374733
0.242254949893344618
0.321566157069756664
0.065286415818603727
0.024539325812506056
0.052522388403756323
0.098904842397079001
0.332266356187179979
0.106880415001008588
0.010385843870628820
0.358887734514674872
0.171731660463205399
0.214129761662462337
0.238470302127724493
0.104226191598853851
0.053979839884427082
0.312924465190190626
0.280006718902911456
0.182018539664198398
0.195740097134157714
0.172274915170054027
0.135173498465257363
0.325131296727388885
0.168007972872528000
0.097552971469624453
0.053167444734141062
0.071342955484243978
0.028191001779009170
0.256865406291056309
0.237248058170849430
0.183959378418526748
0.214334367361744327
0.130869944762510515
0.039516424036959180
0.359959093131674734
0.311237713697072649
0.145638498178040449
0.400000000000000022
0.358132154844276296
0.032660320610266004
0.400000000000000022
0.400000000000000022
0.176694493182672469
0.259925154889998844
0.203249696720998213
0.097788981678856551
0.197873777438968973
0.328113524002880352
0.057216620432346293
0.185688404953831654
0.105498994600745050
0.028269619995961462
0.103519792168587560
0.109072363609534331
0.150431265204733627
0.271280146854626647
0.128079424664273717
0.062569203756419639
0.180496771387965715
0.313584629013765492
0.283774094507089403
0.318675345985434788
0.368066796157387799
0.325177753817117110
0.200716907849616211
0.275447378442729596
0.084652421007066714
0.160488654469702452
0.400000000000000022
0.336794337524051690
0.079450732566352489
0.097430906345851026
0.145645498332327206
0.117589498203771348
0.106196853818843640
0.074023644049072829
0.053053951000623642
0.127923315142943334
0.211957334337355585
0.074525608579010971
0.059866274862733243
0.022304203797818552
0.048679615923389472
0.137825259271473294
0.185395536583479736
0.244352242763350769
0.340963069150432285
0.153296870092370446
0.310152930441930486
0.400000000000000022
0.400000000000000022
0.400000000000000022
0.400000000000000022
0.324935624327224781
0.085351652040807191
0.391345053759749373
0.309223734142342555
0.241115593801236983
0.266395789923156212
0.124077365490055269
0.289215598995374190
0.166478255281199999
0.235839499893583160
0.299282632337974364
0.173632400584434687
0.171764772112064090
0.309330218922608979
0.217844255088009475
0.353510653555212107
0.264278254098627929
0.207858546541747374
0.265036321860799895
0.374828825326782911
0.322875112054392233
0.274213972321541266
0.170067606443541630
0.223327139460182900
0.253380012231409990
0.293867850703156241
0.289605546027925431
0.158818934051533356
0.204067052824851464
0.197823956372189941
0.215061456998597050
0.245813157335924237
0.336539625097057704
0.123383329630091160
0.194750652939197910
0.180463154755548555
0.166752134243346700
0.240344059263441878
0.166821367775489227
0.127118372149744557
0.212365429039781201
0.221113917412210703
0.245880509180895768
0.206610978889474689
0.194521211320627385
0.165476158019554148
0.205356703243941535
0.172641787360511972
0.252764873185143457
0.225797258987479460
0.302079578490989265
0.185349185055291410
0.218831246375938815
0.154200006955622165
0.214913694809915595
0.254540732084287125
0.255823046314498981
0.288379146144006449
0.315861035428394166
0.221381755983112133
0.183553894436007808
0.216252009010113572
0.352946834910258467
0.385666154508733428
0.322295049018623270
0.249250471535663987
0.287648053499917844
0.195164920932303892
0.320941278145752407
0.351522911432851415
0.275815307304929425
0.272769632385024163
0.293491063615379022
0.175515250916059656
0.202572723284025008
0.300114086103090372
0.307662737729578140
0.281461697916849107
0.234704148285242220
0.192766331532133045
0.191333228521203186
0.249463362489902585
0.297496746282758573
0.238597970210884719
0.178393624557653563
0.203637671925572639
0.149631336506322904
0.136808178229423316
0.300502112769569285
0.347219021797646521
0.274873552424903522
0.190397013680188409
0.207121313194181866
0.167866607797885092
0.236697395259685028
0.291064448585204749
0.313100236840614721
0.158137089405563286
0.335599853688487160
0.228424005533900271
0.288739951023280039
0.289109524739833923
0.244187633935535719
0.281297518859956575
0.192273632098969999
0.279709790958145854
0.354522579584886144
0.158053073393099930
0.159550998115726872
0.295873532637292602
0.197711212693065436
0.324642293625680811
0.264359513527008594
0.193103139804442853
0.234792058016529664
0.322393872717568031
0.173890487992457626
0.175152463462793839
0.150187481699877112
0.227597115986883064
0.272342087900516117
0.297993109442422910
0.207481615367025446
0.169616818388572205
0.204524045991237524
0.213512456743676193
0.224473484382567728
0.262627435237468176
0.319105323883785374
0.108503643861381172
0.186916821544436312
0.179385403044885788
0.166042872870925173
0.260761869979585503
0.209696972968573342
0.118527629895835915
0.172494759978271295
0.193420991128562786
0.239746791199808379
0.186487528633189653
0.209419709595350195
0.172816920809027497
0.192895710268794929
0.167633874896409268
0.255427005717787259
0.157733758540496510
0.226395575087425749
0.173540797901587107
0.228643823093198306
0.174500593079517541
0.222315694406928027
0.308387776180558626
0.249261336741543937
0.325758530421374315
0.377776914592698687
0.244841501176639359
0.173345291777325022
0.263142978935013094
0.333811087632671033
0.367449715597248372
0.279003392263977079
0.249298121358294350
0.265567253061202546
0.210374550213495687
0.282639109065243366
0.208252730581371559
0.183468438657759775
0.262925911811534574
0.298201253615161199
0.166610439134062177
0.206026468867086809
0.226001569826528442
0.325143020096876734
0.281775311006621287
0.245840536126934156
0.188844591031639142
0.222150670566784864
0.234891246541883703
0.275867528165403386
0.230938884478556372
0.177713670629746079
0.194403574930477746
0.164502553702851301
0.242201445421086459
0.283379736429309581
0.311720812939876080
0.258614015644271333
0.160013217585665335
0.192882004144158348
0.178803526205752544
0.251381506660877219
0.272122074478247877
0.306752801447214285
0.141696422524153931
0.254853005641604624
0.177784773527936507
0.273528756749613300
0.300244510935407050
0.263923124830899580
