0.018457515044627556
0.022475772046085672
0.034633566033414775
0.231349244231094986
0.400000000000000022
0.335356608115204069
0.010337018552072114
0.008001602785783296
0.131529586041005120
0.141635309028192852
0.106446816621955084
0.147043469644461328
0.004601322325030489
0.021946336512912199
0.150280068822416124
0.296994242151646048
0.383102599535067478
0.355008709086029772
0.062902432174936324
0.051352287413725314
0.216788096655638945
0.400000000000000022
0.272809923309943914
0.014030783615583728
0.110686410408279035
0.072062293308463213
0.158677108475161421
0.398464372496173058
0.350345794685761991
0.141012255757149985
0.053340305551525712
0.049991629238411495
0.024707480344007653
0.031830224477818539
0.052466190193553509
0.015109900702933176
0.066938728721709861
0.022843859742982496
0.017001293930005126
0.005367800540920667
0.004331781444270721
0.000000000000000000
0.056884201481494416
0.031791610165603189
0.001404405229475132
0.000000000000000000
0.000000000000000000
0.000000000000000000
0.001274795565820811
0.013885718616067778
0.057316845422515139
0.283383852771646683
0.234772761880435554
0.125040189427840592
0.000000000000000000
0.045999443339706667
0.127876426631579693
0.091104152150001394
0.068438953295793387
0.075908088738392804
0.002292074889762376
0.005759368333418563
0.185286562962385465
0.166072866752870169
0.400000000000000022
0.225484758117004025
0.018531480647980426
0.016717343565129935
0.062544793318006373
0.185927152886524616
0.078728440238212696
0.042207745676489924
0.001346229384760473
0.020240939533955397
0.022797292221062308
0.089529039921144749
0.071125714368935805
0.073111988396678859
0.013534473662844927
0.000440097170405725
0.008022931172804983
0.025610418152334443
0.006259566710386921
0.025247450550602790
0.026786760687056523
0.004676133214520275
0.017721983030675712
0.012826938861042692
0.011592041151212389
0.019102206390271048
0.048613854664125898
0.015737860210570484
0.089088080448648577
0.038542539381786971
0.013862909829270565
0.020477090849185340
0.001832389790489482
0.000930853108529422
0.024953710716237702
0.312831843757326866
0.123405945430692887
0.097829834387240272
0.006479348608521368
0.010235777819278232
0.027925759597342479
0.068171244984080726
0.019268532085536083
0.055650965542665465
0.023295783408014886
0.001198045499767551
0.095372851571103145
0.123693826340808638
0.236828635130218984
0.253795748069839733
0.045513125561327236
0.014612747464991624
0.075504885981250255
0.143170535044821107
0.030656124558803871
0.027746802849361769
0.056241499508435204
0.035687925744735297
0.052026919998807056
0.151688234954916346
0.021114797134166960
0.114628689489974858
0.022469875945729696
0.012525385052496067
0.036509323703505452
0.092072811748259681
0.010172402582090529
0.053859897026282112
0.020285498144197611
0.002726252849407140
0.040594837088982101
0.019239675277103161
0.002725863908542390
0.077018906253156702
0.058107358184513479
0.006651854688177495
0.069767669275006799
0.053505212818690855
0.006418064832310926
0.063127937288183417
0.007536096500129437
0.002254884793446197
0.028027802011189467
0.151657130901860365
0.070659838575407086
0.235899599008706773
0.023331783449787133
0.027479125663202996
0.013379932940047105
0.030489266545755705
0.001065048236123973
0.032283513564216937
0.022481770052106501
0.014356334187412041
0.028448180269574123
0.056484744351781815
0.092908931829150887
0.058270847236291681
0.000000000000000000
0.000000000000000000
0.062971281278878841
0.053679127819996744
0.041174966981700589
0.042815792014193284
0.028473720284589180
0.006814183581077934
0.050998969841037745
0.176721433876197015
0.088317777506763354
0.252326637146027821
0.023008605226836371
0.068391100281049666
0.020694797778799828
0.164611266999390549
0.068818052920590719
0.101833840365679482
0.016459123201740436
0.023697862868749864
0.237074531108423303
0.400000000000000022
0.064515982841672231
0.118337611088375788
0.000102084222599050
0.003941860390769584
0.252771007274936010
0.293741642826384042
0.050436104536197263
0.125105344607582991
0.207223963723816240
0.125932393588332248
0.019509734754970684
0.216560926918049595
0.044517919885684924
0.319022319273343236
0.292227879096879806
0.240357594564017424
0.007026760231060435
0.138869842790776188
0.048408426083560725
0.349575010933298458
0.241289538866887421
0.131380632630246186
0.002494435043845299
0.073025196588601210
0.117969554453184050
0.275479368627095877
0.037474316407373531
0.004256079050543495
0.039392444607348046
0.052963472425624256
0.046608668092343819
0.242067232081666001
0.125373255300020664
0.083137030214179036
0.390748886138439055
0.357983326125113410
0.096695702992097801
0.369542188978864983
0.105243070953435838
0.105946815579731693
0.289436112932743794
0.338942180071820254
0.153490293819664003
0.350829081752478844
0.044667760707156015
0.036390611743567329
0.243123697102202996
0.400000000000000022
0.166009465311895477
0.230934918113941429
0.065131230268453133
0.045581043344835252
0.399589698827013451
0.400000000000000022
0.125676568654552123
0.311060790387043429
0.264120425150556448
0.138853405330674307
0.000000000000000000
0.400000000000000022
0.353669107012858919
0.089591590349945988
0.285742932481714229
0.201689066011035506
0.000000000000000000
0.400000000000000022
0.400000000000000022
0.219042949090023226
0.289809157484602564
0.201065885391087662
0.000954888643836570
0.073011185592228744
0.150443603282492677
0.321352945604026163
0.046871221688822337
0.003553711601641421
0.093165121732688483
0.082922523872493950
0.107285109640206947
0.385777791410988002
0.003097532415206456
0.027637750348394240
0.359688865299470084
0.266295604304844613
0.027320925023605003
0.187386070536509686
0.000000000000000000
0.026992057369584609
0.243125575580963288
0.400000000000000022
0.110404106640163008
0.140056835623872888
0.030836674057982946
0.021286728424924892
0.181686307759755306
0.400000000000000022
0.115267130193129175
0.355110482907305069
0.089680056621193979
0.141982891744714956
0.112814471685950185
0.377163565362984121
0.118982820574123460
0.267793120000455909
0.022862852848960551
0.018130133061696641
0.004978131698012827
0.367470093050899949
0.145559398895822839
0.196899179985246170
0.049933544336678501
0.041799396591648844
0.014573256265800978
0.235123667197772529
0.181079998854433405
0.194819699697747623
0.301987380924028770
0.342699449682828561
0.021576311424499322
0.167594874094533497
0.400000000000000022
0.205359684568147516
0.193646441240295869
0.225576106536986676
0.036088336980493227
0.173449481235938452
0.400000000000000022
0.266144463827975353
0.088869493403382946
0.018699284026565163
0.065754643895925363
0.090286759817072681
0.039278006512241712
0.177664196600557628
0.082506313727728903
0.045658251944935738
0.321800992987579026
0.400000000000000022
0.074961941172423219
0.226429453100248063
0.015615065601651179
0.006502664607570660
0.208833355586892894
0.400000000000000022
0.117734269170385375
0.268987810366143054
0.039812846813629330
0.067647906538039065
0.170075335492093249
0.334720707331233880
0.080453329413723004
0.194653235753824705
0.034896701678297157
0.000000000000000000
0.021935162481894192
0.065041780201043869
0.036225897252608982
0.199037382345243485
0.080819222397791643
0.010353839466623639
0.020706844169060681
0.172086018701222143
0.257160215260045899
0.202518626727898415
0.242368580102081288
0.400000000000000022
0.047369716194748293
0.039370251698636990
0.076558271191810301
0.095428156970759806
0.222554879243175657
0.400000000000000022
0.151049840878047487
0.014592533263613455
0.395722169039353200
0.216617969528324517
0.044882378918061586
0.077322476125538636
0.025600437539201222
0.085945546540663012
0.078275133645729036
0.125143887690213007
0.068800620157639047
0.030673276284112580
0.276356227232182727
0.219550656502097319
0.048582516259669126
0.079098288263257904
0.136207489428943312
0.046534129172193468
0.022240416694488650
0.077466086448474733
0.064854174567370679
0.091381431103573191
0.110027833046283885
0.083767869393165509
0.041623457458144088
0.086220256192988093
0.033040578184952894
0.024016386554562182
0.010650278967851333
0.002733357705000820
0.010457541648914560
0.040298163405019100
0.157477559128375438
0.154722625068229619
0.022874210359478456
0.002537194890986067
0.026950756400399456
0.112084249539766034
0.395520646462026115
0.174973761901242753
0.034402710305683239
0.017239335796329490
0.033328187325016502
0.042447913634565015
0.203312913687900193
0.020668484395040904
0.107071642637903919
0.249339226978604889
0.079095855746710408
0.008020228788071057
0.306799621475804363
0.279010735121828612
0.063449516544733103
0.076109274719059358
0.046702018608372309
0.118228798074977992
0.121050743877063910
0.128240293425684215
0.060228407799659926
0.057161518982270038
0.056338546256341271
0.086905642721205684
0.027463774478036128
0.030438938945627287
0.018019990308018374
0.046499962540739084
0.088218991106662731
0.045738380083777140
0.043125535356001117
0.093613658678098594
0.052000445044087538
0.102289429025125195
0.091429417039691555
0.061751109401970511
0.033369054091291678
0.090458628773560007
0.020782951755979041
0.025234122031799189
0.020194637494730383
0.039090881255674684
0.092679073539907189
0.078848820795218821
0.046922302642511640
0.010094612039521670
0.053580872754421152
0.073171823060042801
0.327570818081216741
0.139476496377656661
0.085262397079839222
0.057141419295363663
0.087915752069503125
0.102410028151734819
0.203399774529253924
0.106808834151699408
0.143713734950080357
0.156387241891376483
0.145988064079767860
0.071167332276194109
0.102884334828532542
0.128294360443990840
0.142749553482299674
0.143480271995181152
0.072649744165799626
0.115058377532290451
0.033654107808370443
0.057673871581014738
0.303396631576763276
0.137457298661836980
0.027569373352713294
0.025977021022755110
0.016700997221077707
0.013162161048709689
0.246050157923503071
0.043502934025314063
0.013566172511011061
0.001208724905632033
0.018346279327897383
0.080137617875637376
0.324468249954659060
0.115180833621369827
0.024129066144654626
0.016580619390524510
0.003930960468546212
0.065796712797315263
0.026643039066250117
0.022794851033580969
0.121134004286927152
0.114168288056635342
0.092897112154519360
0.041629268154094373
0.088080290155142307
0.008014993204923115
0.018983679639896677
0.036315343833619687
0.275913867605168728
0.252264651373264259
0.046693655627328579
0.010700604072544938
0.071735057944403186
0.124115779593768918
0.102288165505629969
0.095483286890030855
0.065839257790318267
0.022296229759841867
0.069259390484811154
0.102225722342727587
0.021052594025416534
0.050076404493741837
0.259497477096956530
0.015031082254972787
0.005460789434335984
0.059659253345547433
0.036777726531960486
0.022190284773843775
0.125561624013335621
0.073081335821947063
0.037232278183978632
0.034566985951920377
0.033901260514985342
0.007602253086612989
0.266643429388129016
0.087511502446842360
0.016524462524332224
0.010807359382478791
0.046746369553262980
0.032749200429079556
0.380824935482651727
0.070536074329674875
0.009626738280136641
0.015997376276513917
0.034417190832909582
0.034182499872428815
0.074079590943694040
0.113479717691070403
0.159541689821580845
0.071508185703599625
0.032124236141102346
0.022137699385082775
0.063436741174965061
0.023362472950860323
0.025532545506784680
0.025127275635557611
0.082986650486992303
0.234569347195901862
0.133303047109403744
0.067219630582508141
0.092152856626630433
0.266395632183521747
0.079050460017513147
0.042755011298461799
0.217905416782956357
0.110354587092504536
0.202373062006397597
0.215803380545355417
0.042154835655129862
0.017015438269607327
0.339457313036064523
0.150974260130870092
0.072129191706746490
0.063313232997250779
0.033963273900021324
0.032747431465786986
0.212556476676415584
0.202938545524288527
0.329306072574801267
0.049068114218882783
0.112644598563976156
0.077570434916379327
0.205598660398305932
0.225880633731550734
0.158299589246846228
0.016232681219300518
0.124270898824273404
0.177296042007806354
0.179742255030130638
0.071367727157042149
0.060709068160524612
0.042364500655874111
0.269236879724260858
0.127327528990477251
0.076826102205979907
0.361381583075201629
0.242717069930449836
0.064288090559929817
0.041027515816233540
0.082661026688316902
0.049542712690959063
0.059596740549165445
0.046756253758120724
0.038564583436655531
0.073235185200769604
0.135906903313138705
0.057004355927171318
0.080459096359586327
0.083349656617750983
0.066298712526824566
0.077436091524434564
0.122369771484880194
0.126618958979687279
0.060643854102199468
0.190017338334119490
0.057196624036280432
0.096662909985312448
0.183720123630184390
0.200926923367681531
0.100679908087800071
0.103278964234681733
0.081632307447384700
0.071906576653642876
0.077426513609283515
0.235193078361480151
0.280203374500362923
0.375902435107164812
0.124899773525047192
0.237862512123005521
0.234800143890072477
0.173086660835867212
0.348211436173620603
0.338796542363287156
0.126188323170195876
0.114757927949157762
0.158366040209529074
0.149215266318387774
0.072982621291884028
0.047859875066270076
0.016844892997640967
0.209931202527600974
0.134272587056222442
0.357974711002244650
0.400000000000000022
0.133419985990342327
0.054609149407954069
0.092454525261206941
0.088649674198118325
0.342594283876354488
0.400000000000000022
0.134084356289060291
0.063388728151269433
0.091761999019180404
0.117004707855715831
0.214867974206704032
0.162498108058461321
0.112123709747726605
0.056603740815447459
0.062672065790487508
0.140891857990581376
0.228119125798699252
0.090253800521653729
0.168390587547497805
0.131033502667058877
0.061259237915229581
0.134356524711238240
0.313360985135047287
0.205675108909728233
0.328980690846685631
0.042255972416333450
0.089220727712534142
0.146179054464428415
0.371780702992100753
0.261765323150578100
0.319322272821499997
0.075409232799100681
0.332875495557595324
0.291532088177522297
0.287916373632825018
0.377541352491773896
0.330186624063615319
0.028291828805505681
0.400000000000000022
0.400000000000000022
0.141678509962960858
0.263289240310967065
0.197812306438196306
0.037673197819742960
0.378665060164223910
0.307011368967502862
0.298258653094578385
0.400000000000000022
0.055274680111878513
0.024002544964451096
0.088165119052610111
0.122451480011133207
0.262497370296009058
0.400000000000000022
0.120908075324650310
0.029009656650617031
0.113436784867786647
0.165244737440015527
0.154432432255216995
0.234905933662391375
0.038931917710428754
0.060153514237939090
0.075961964914552524
0.065750370772214864
0.042860260441156844
0.128779870129438451
0.094400897317247462
0.083820890200877310
0.105119598465144168
0.137699097044688745
0.027421016406888824
0.084836902542851367
0.275141065440558719
0.024387921617502379
0.124925122911013362
0.191682783847472893
0.042336677080474915
0.019438690536772756
0.123007823480983450
0.060916160363001952
0.231509064979125934
0.303751189203074590
0.042028151924613011
0.255761689679024462
0.197087193974546104
0.046526819239849769
0.343816252389047783
0.322720057648770653
0.021874659383704156
0.283907299281848213
0.325882275791788245
0.062755436926926450
0.284543280433093959
0.218459293641528801
0.146709006941738163
0.353256020179741503
0.056402121252937962
0.043666746144025818
0.031442015285587321
0.081368999910864145
0.093664287865650883
0.400000000000000022
0.121976906840387631
0.118259901071188875
0.032874581258593022
0.010034648587680115
0.078911347183382913
0.400000000000000022
0.205988277576019535
0.080402608156172228
0.061429084961682437
0.041448435215853202
0.096730013133689383
0.135235564817939441
0.274714409034207574
0.086250255825425892
0.108718526094305920
0.067332221721806459
0.052918172199835044
0.097342060321545631
0.082968412976669473
0.016301940598143223
0.084139057730492905
0.066356592615760782
0.026730585484118725
0.046992914988073287
0.101034843613230563
0.090225500156264501
0.062596357075168071
0.089377177729236576
0.043608192385537953
0.159369693957491954
0.185681433012658048
0.085151181895353339
0.055245196773683579
0.062838632751615373
0.054095667165553848
0.274477507642417295
0.395081847877035819
0.052372823779363122
0.082764074707180391
0.076832229851428152
0.035962232554762393
0.049064973844263678
0.128883441322526049
0.057012965293982892
0.039515819964690523
0.033278704919046442
0.028807601392947281
0.181793196994152056
0.166410921481241647
0.134940759653387699
0.146067803293597587
0.013013301813593250
0.047616551107152807
0.400000000000000022
0.332121453310290637
0.063712353030606947
0.064320816690198485
0.049825826407688824
0.123920310749552981
0.157349670188678792
0.174761637268855852
0.114101327222826079
0.237913905629481170
0.045440316998548870
0.096506349731222962
0.073032447462640343
0.061529606125458269
0.043498446772391237
0.387274134038806617
0.163713187718988573
0.061417660918327857
0.032566001136489768
0.019721548391350499
0.067803683857290006
0.071568155082397833
0.032119013389015454
0.055593525884248679
0.043656158128656232
0.027994898006266228
0.020143306905086960
0.026372571229128599
0.037306647263667586
0.077005067074609274
0.116884787601287010
0.078854410589638019
0.005645951844229090
0.017091451902347614
0.100679166370124681
0.004519729733364695
0.027363371004998891
0.080823771320853499
0.075908722858604338
0.329746843871644935
0.331509006068240741
0.000000000000000000
0.042065040436878365
0.155537485604624132
0.120212486414391070
0.071993695468677343
0.024227906484331218
0.000560284973053025
0.122019035977210297
0.400000000000000022
0.238498374713847605
0.163675023867507902
0.120516189952112912
0.027360323530123264
0.114380696654951916
0.273234994410981147
0.357862800348808130
0.388263500344128265
0.111495866138200783
0.018640595992532281
0.091859821156257723
0.093949155242647991
0.281639450842236294
0.400000000000000022
0.367203921136827205
0.006090513148280217
0.027629255902677799
0.019509032343709203
0.053612545414351245
0.014454168435657576
0.036426594988624064
0.029278516230182364
0.040801235068755798
0.037018052717076921
0.015950279408309238
0.010472644419065055
0.026728418991731583
0.089620106570125396
0.052232678331411292
0.035437147738451330
0.005766768083133190
0.012328072386196074
0.060802794476437334
0.039240466800606597
0.047709894077884868
0.054828203528145159
0.270440125486769711
0.400000000000000022
0.363444616871305026
0.057259321194583754
0.018096214825304963
0.185110458795426286
0.214807132088235653
0.400000000000000022
0.286519966022117989
0.089863719404869716
0.079087755808275859
0.238195820891919263
0.346692340820765998
0.400000000000000022
0.392370581988017442
0.206616167125016681
0.207739529305101783
0.347552408742622720
0.400000000000000022
0.375694258138476511
0.142325144059574554
0.253435963890578653
0.202156342834274499
0.231326852640961061
0.400000000000000022
0.366708005322249730
0.198686127338164736
0.345205748606332297
0.187448927900248474
0.052276853696720950
0.057807245500573652
0.069167187414631209
0.028272061751642864
0.301094660907453071
0.066346793768296553
0.030567466441016183
0.006576525446552700
0.022678060772168100
0.080137617875637376
0.360584266275696397
0.146972443786973023
0.025533471374129757
0.016580619390524510
0.003930960468546212
0.065796712797315263
0.027917834632070926
0.036680569649648748
0.178450849709442305
0.346814044842189140
0.327669874034954955
0.166669457581934966
0.088080290155142307
0.054014436544629792
0.146860106271476387
0.127419495983621095
0.344352820900962087
0.319872760422905300
0.048985730517090958
0.016459972405963499
0.257021620906788650
0.290188646346639101
0.400000000000000022
0.316187811011374331
0.084370738438298704
0.039013573324971795
0.131804183802817526
0.288152875229252148
0.099781034263629234
0.092284150170231755
0.260843706481717008
0.035272021788928187
0.028258081655398289
0.149188293266692168
0.107903440900896291
0.095302273170522658
0.139096097676180530
0.073521432992352781
0.045255209356783607
0.060177404104254824
0.040160827225372259
0.032849703637215774
0.288528242026900750
0.092187635661362649
0.034246445555007936
0.023634298243521479
0.058338410704475360
0.051851406819350597
0.398063832486141966
0.086273934540245345
0.098714818728785222
0.054539915658300887
0.048280100662180143
0.054659590721614144
0.075911980734183510
0.114410570799599834
0.184495400537818544
0.341934877277638771
0.155530181571795240
0.119967533772323068
0.069916089783486429
0.033598250770138560
0.053458305104127163
0.093298520619638337
0.102255182572528386
0.290220312738567299
0.156598830517418630
0.068417676082275697
0.187525708197733565
0.343271216797390255
0.315879095147732158
0.296550759368301553
0.245885054277810239
0.124967334557496146
0.277877947987647866
0.335979856475657979
0.072810960213933740
0.044762241118969093
0.349992035141216240
0.186662185875605430
0.124156111705553560
0.215001467952167125
0.055078071034188297
0.147376120955761858
0.235026352622145274
0.215463930576784590
0.342826447463679962
0.141140925967142450
0.122817001146066682
0.131430331942661460
0.225884158542503544
0.228606886580957874
0.198894426335828323
0.035472356496403679
0.126996762732815766
0.254314948260963070
0.237849613214644123
0.078019581845219663
0.130476737435531398
0.095869713474564966
0.275654944556571802
0.190455466278660668
0.084362198706109337
0.363636467868647839
0.270744871941639320
0.215945221461790154
0.111687354391640639
0.312590933350182509
0.072874496140746203
0.087075866212368430
0.060136186698167830
0.069053849982411236
0.074300233436893570
0.168190416877355642
0.079486125979277816
0.094815430546998355
0.111797836887325100
0.122783456878606381
0.170345023353585451
0.180640618721171875
0.126618958979687279
0.060643854102199468
0.252988619612998289
0.110875751856277183
0.137837876967013079
0.226535915644377667
0.229400643652270697
0.107494091668878008
0.154277934075719492
0.258353741323581743
0.160224354160406202
0.329753150755311308
0.258201683588316522
0.295087778828065639
0.383566269871434717
0.289511040524437768
0.306680565043596309
0.336633984255751972
0.189545784037607634
0.354389442498773577
0.400000000000000022
0.400000000000000022
0.179273910790829993
0.276703651297904862
0.149317350540986826
0.076924481682653603
0.300630882341206107
0.310586535824025067
0.260367307063798237
0.259377931663805406
0.400000000000000022
0.400000000000000022
0.152929720745313025
0.271170076326003651
0.136972445146891886
0.350601647917573589
0.400000000000000022
0.400000000000000022
0.141111116520120733
0.202258570942045607
0.140170425102741109
0.392313714057659690
0.321113200282466038
0.293878740688707507
0.114618144791571897
0.129628937404048683
0.180641620243671530
0.351402105007623811
0.248872952140841597
0.094509879572197239
0.207783032154845865
0.183996975092683146
0.107867906007573386
0.341784431852379555
0.353335318520401231
0.245077882783272305
0.400000000000000022
0.378721953018333002
0.185916430704631930
0.395959045794182452
0.389563778769686064
0.287964104730201342
0.400000000000000022
0.400000000000000022
0.400000000000000022
0.400000000000000022
0.316615310164340968
0.387028344241752142
0.400000000000000022
0.400000000000000022
0.400000000000000022
0.400000000000000022
0.206809740231413963
0.291225249113200135
0.400000000000000022
0.400000000000000022
0.400000000000000022
0.400000000000000022
0.377692516746529705
0.400000000000000022
0.055274680111878513
0.400000000000000022
0.400000000000000022
0.212043070361079194
0.359143416140206506
0.400000000000000022
0.120908075324650310
0.400000000000000022
0.400000000000000022
0.340370055615267064
0.329559668727442245
0.390361599165373108
0.039886806354265315
0.133164699830167849
0.226405568197045215
0.345261284854100625
0.089731482129979195
0.132333581731079869
0.187566019049935917
0.166743414073371232
0.212404708105351087
0.400000000000000022
0.030518548822095287
0.112474652891245613
0.400000000000000022
0.290683525922347030
0.152246047934618378
0.367859980442327983
0.042336677080474915
0.046430747906357366
0.335588948589086944
0.400000000000000022
0.336688725168812208
0.399564794509899790
0.072864825982595957
0.268578313294876969
0.341402672633266902
0.400000000000000022
0.394709198866671107
0.400000000000000022
0.111554716004898136
0.333114805425936966
0.371499905764542171
0.400000000000000022
0.374586111254707754
0.400000000000000022
0.169571859790698720
0.371386153241438144
0.061380252950950794
0.383596007033263797
0.177001414181410160
0.278268179896110301
0.143597832202329384
0.400000000000000022
0.136550163106188616
0.333272529543400808
0.213954580113026427
0.204854348285427756
0.322298958923505074
0.400000000000000022
0.227564589000518874
0.247997482250705725
0.400000000000000022
0.246808119784000718
0.260814741552935381
0.307815667975132379
0.310802746014700815
0.259699737061364344
0.400000000000000022
0.325607912740489724
0.141787665603217983
0.116041344348110781
0.148723056872594822
0.106588700415215898
0.123417064242734631
0.244020789216318396
0.109236899211847621
0.092651166933009010
0.359216886351797826
0.400000000000000022
0.137558298247591276
0.315806630829484680
0.059223257987189137
0.165872358565062578
0.347279166166319264
0.400000000000000022
0.172979465944068961
0.331826443117758441
0.093908513979183178
0.306097126417502752
0.400000000000000022
0.385074272405781182
0.163217404120903353
0.271485465605252885
0.070858934233059542
0.049064973844263678
0.150818603804420220
0.122054745495026762
0.075741717217299512
0.232316087264289928
0.109626823790738917
0.192147036460775716
0.187117765650302303
0.304682340027001231
0.392184443225335577
0.215531928541491696
0.268683484801730488
0.400000000000000022
0.374220226813168855
0.103082604729243937
0.140879087882008786
0.145253983378448609
0.291883044557818772
0.400000000000000022
0.322328325124116577
0.128693860486439521
0.400000000000000022
0.262058286526873407
0.141388728649284534
0.150354923588178979
0.087130043664659498
0.129443993313054256
0.400000000000000022
0.288857075409201636
0.130218281075966891
0.063239277420602341
0.296077775623533213
0.287354340359387339
0.120150671342066959
0.111217301652273337
0.191801015313191991
0.090190287300849700
0.050235314700754874
0.097609393353561696
0.091226745796499281
0.128688078367240805
0.187032900120893131
0.200652656994452505
0.120477868047782100
0.091866208037217179
0.050132030087300508
0.124695552924686842
0.015170008701216028
0.030096728709999708
0.091281312969768047
0.116206886263623438
0.400000000000000022
0.386625245015810193
0.022874210359478456
0.044602235327864427
0.182488242005023615
0.232296735954157119
0.400000000000000022
0.199201668385573960
0.034962995278736267
0.139258371773539780
0.400000000000000022
0.280946288348412621
0.366987937555408095
0.141184674347153816
0.134431966168027189
0.315218750192330088
0.340424702808648338
0.360900875017021394
0.400000000000000022
0.347088900727162364
0.082090112537265378
0.167969095875317109
0.140651173851020300
0.377129658319488303
0.400000000000000022
0.391411012876327069
0.066318920947940146
0.084790774884947850
0.075847578600050480
0.140518188135556915
0.041917942913693704
0.066865533934251362
0.047298506538200745
0.087301197609494896
0.125237043823739652
0.061688659492086378
0.053598179775066174
0.120342077669830169
0.141620551614212942
0.154522107356536487
0.126866564778142871
0.067517877485103711
0.045697126477487762
0.151261423249997362
0.121018054769665859
0.241876054609242996
0.144023945671029635
0.254244266553503073
0.302715939995549910
0.400166942882323129
0.130544910429460981
0.247014817691128291
0.166003279255042741
0.200784487306875509
0.329059812476126534
0.381665700965138022
0.151748779904675335
0.323608942733876137
0.250055463114687793
0.175579888756589392
0.334971669915802128
0.374839889714920382
0.171655367205275133
0.214604097298559948
0.247220252641615207
0.231094933629790028
0.345607143204047285
0.333296746437251545
0.261115261398959297
0.082869200543368035
0.212654261375226916
0.290456562372407912
0.288723589146387016
0.352724429107349025
0.148730312717872154
0.081882266049666294
0.232281585054845419
0.278111938686768034
0.240648180599054323
0.255705548956204454
0.142201283494009983
0.140077447208790312
0.217831587803279714
0.252520970254203336
0.230850155634122534
0.304764303126857206
0.186558726821514531
0.135943151669728507
0.248252419576353828
0.233702161766499994
0.234303356604724261
0.265683629047059389
0.250125353733928524
0.235831436151974938
0.134147235980457719
0.366227115909270595
0.287043082420106788
0.243269644134346652
0.289965267728919729
0.248796384025398415
0.127673413953680953
0.303045615201049001
0.327710220256178131
0.231466579983102438
0.379563580163374770
0.348805833775678975
0.235475714199745473
0.313197749394350911
0.340421425674196365
0.218931750373158401
0.379361924732371070
0.352486687843039770
0.360797254798588651
0.313304032090586271
0.344410339801199783
0.232506181919959559
0.307634553424273094
0.338503691737402634
0.314393155728550366
0.306234483078954733
0.270345699810792095
0.335653974351605433
0.249268704507032202
0.236389643560508372
0.378018210898870555
0.270542381374897445
0.178016939923550360
0.277171742487256956
0.216085737473519723
0.266572656346268533
0.339942332375108569
0.248762525421547726
0.185641356680785491
0.314437454551532103
0.193944627647276074
0.271843042816113545
0.333620786422497706
0.228381852643365968
0.188219500600061956
0.269688889875475180
0.135075260380060208
0.249480076051786126
0.146546549178158902
0.240235136899172974
0.273774632145107610
0.383420808543675051
0.129508204163461565
0.252492508407011707
0.144184117139324858
0.183020541336647857
0.314208496026270379
0.369076484342581224
0.110841786080079621
0.291980383551669664
0.249506013296655643
0.187533229259574802
0.358698505276427104
0.389798389787637589
0.075134432727991876
0.165094765130665178
0.273803794278550228
0.219081094526776571
0.322164764291172578
0.350450724164739880
0.112383091249528097
0.080471614206760994
0.233600764690547691
0.235476970785004014
0.229022711307399346
0.349976052014039196
0.209014881091406868
0.082743563580741447
0.249281473817741211
0.271923107831010868
0.195008211978040996
0.238357851999375231
0.165739241496691531
0.145049698273023914
0.206845598560253058
0.248181304030119482
0.222873181490770900
0.282187932314591994
0.226898151018414040
0.126634563368091646
0.231848234732379921
0.222323110981002409
0.228114359802325362
0.251334024988304039
0.253023373755038139
0.252273756648880521
0.141058385885879545
0.370990315147773475
0.270815346304257520
0.215721895853807188
0.273654844626693705
0.247943667747350660
0.134296423392694153
0.269409857344629466
0.298610103697763751
0.216824846562157031
0.291774277360130230
0.294520596381006194
0.202780056640598977
0.312349679741248332
0.357178540021459934
0.240513542539603248
0.225966444079120449
0.182843812704611114
0.254130623435559699
0.336855640077210361
0.328391892107524452
0.211264281717315622
0.249362810348420672
0.148981185359111090
0.308997432302540953
0.328838339040871286
0.227956641013275590
0.231705495456417360
0.248197918496323944
0.296587170729291860
0.380011070856973499
0.283442417663821777
0.172023875070311999
0.223062828294335685
0.289431363546009401
0.293706526156944203
0.348662471254949646
0.245726306921954157
0.176244225005193156
0.301919942138918873
0.306588707816907002
0.323645608361546822
0.319503549103410944
0.212029082362951343
0.176739363170963643
0.260770992123690204
