0.400000000000000022
0.400000000000000022
0.400000000000000022
0.400000000000000022
0.228884535680023288
0.010221380527595865
0.381223808737584380
0.264413262449948561
0.370182785182414542
0.155201906628548186
0.264056874126575858
0.029126970105919994
0.004204574214792424
0.074679156263255914
0.131022431190332023
0.018603268276643568
0.066703548093330622
0.009087651285742900
0.046030280529996269
0.129621961756873072
0.327171937305299976
0.316102816197901038
0.246454565639559392
0.031358000111316141
0.017370334943171549
0.164503957023518027
0.022849879002097329
0.105823437010391763
0.239011372676162376
0.014382515622344848
0.203947584881888577
0.271537527764349085
0.310208382519363612
0.195882025340145344
0.110929855325258522
0.016856409138464500
0.400000000000000022
0.374033329564006478
0.400000000000000022
0.400000000000000022
0.161449568769990254
0.005190674576908787
0.029055854779737017
0.151615843461939431
0.139497528093820711
0.264724183951326963
0.116211363304092763
0.011505419893506109
0.085368542017403654
0.400000000000000022
0.400000000000000022
0.088122153866393063
0.073904003621569431
0.010944245048709928
0.076291289364342235
0.191402049831726290
0.102880357530425251
0.139313135122342474
0.273245040492415048
0.037260380282672985
0.027884772741650781
0.116315269822055506
0.084682243350836600
0.089000573811735567
0.183580174895902393
0.019852367192198371
0.084938965612958009
0.398381062065889857
0.140299721286239298
0.148827587404564254
0.226923929623316589
0.038980804279513656
0.142551276878009309
0.130028779465117511
0.088666532137440371
0.143635103321584690
0.166015578804617092
0.040418720218623756
0.049524241708171615
0.181409589984704134
0.126480584545951236
0.225517164755949712
0.243802171799467893
0.054207452095560618
0.287637096587464280
0.322773976115514505
0.242000028060307598
0.294100865550428192
0.205595988347368752
0.025208332578256956
0.092852093402922650
0.106417593761909748
0.078621415755609325
0.040817271487865042
0.058524884843998523
0.001951352030346110
0.032764581124162959
0.400000000000000022
0.110290390251423176
0.005224493315521367
0.038763548164167161
0.008207848065227414
0.290660783807604794
0.126691541974699673
0.031407552467691682
0.057669364814729923
0.243887787806306128
0.038051793248576334
0.067439043436409385
0.044709391560772166
0.015368570963231357
0.068963373553193499
0.128392649474929677
0.010482412798122332
0.020622162423007573
0.148204195102318997
0.037652057199044013
0.047387110118782584
0.177353305296785196
0.027652491584793562
0.054038812500755942
0.034558359671422109
0.052520047841829696
0.153592747889250703
0.400000000000000022
0.028979487396859301
0.022975529779515114
0.182783778759226190
0.131065315176768060
0.199481325471695614
0.372894724044206594
0.044226604273219630
0.052259084268758291
0.111865772317132642
0.244222786176245404
0.258829272836680002
0.080980515105974912
0.012979095928661484
0.097905281909170569
0.054144034198367053
0.037454568642504897
0.077078383514214754
0.015795354988326505
0.000824173139836683
0.121183777799632936
0.000586027211868820
0.002517070084264830
0.023222173876605287
0.104259485826906598
0.004496211649582977
0.192714916936698594
0.012109778030224011
0.000944486393142341
0.046862230102436939
0.180823194994897463
0.026167729480125402
0.136780898892058356
0.023090376666752000
0.000165390498944810
0.104057374451633197
0.194191349021107573
0.002700996344660368
0.114017819083651495
0.046867588722253023
0.021819545086689165
0.140206990748659249
0.205435244924922600
0.022408875603138756
0.085528354496081954
0.068802756970740508
0.063318865064410729
0.102047697311467733
0.082904167289764200
0.046550608228843077
0.026994148450734824
0.072012110788405304
0.046262046987090237
0.089398670257023041
0.092812315432739712
0.006514932489259338
0.082803513573749460
0.009968523131808790
0.011571506725753715
0.124398766615627335
0.031895206348708890
0.000000000000000000
0.126423439284427924
0.028970427946607289
0.016902494429369169
0.054125210206626778
0.000000000000000000
0.000000000000000000
0.109589749885381255
0.005594680760115493
0.005256149146154371
0.073996539424021332
0.114560264040467305
0.010535424094194248
0.233260948315607564
0.009883205347672050
0.000000000000000000
0.023708734551941703
0.057724513694408015
0.010752921124892926
0.400000000000000022
0.014745344163325149
0.010173152484903622
0.215793659713587299
0.203350768824773931
0.000000000000000000
0.225266099263753822
0.083541891343965724
0.007082264649494854
0.126528116337333296
0.122255420736488679
0.021747886018396945
0.052997232803152258
0.031341592795382053
0.000356583307254014
0.082054324326704467
0.145922688915305299
0.035281201731457011
0.055276780658357158
0.025339424108194009
0.014936462164533027
0.103656168842760951
0.144162672774904466
0.017367625191612668
0.082872458258300252
0.055229636370633231
0.074545676002574529
0.265843994516922089
0.078354978996735630
0.014723347377829951
0.064244658840758861
0.014771891060933295
0.064938278121260531
0.310456708091709888
0.009988356072481479
0.000280533148737535
0.057563763370957588
0.002666261545867064
0.007017164579696456
0.061934645436984292
0.067559516801942207
0.003972328639633843
0.248801591541798012
0.004585676048336942
0.001534116106754521
0.163377906789600569
0.147830564995064778
0.038521418015898916
0.263920512677967123
0.029009840021944837
0.000000000000000000
0.164987262146697344
0.317428414179095342
0.016924360829339260
0.081903231384666111
0.092601266968576221
0.005814067276600159
0.088014210289846351
0.070190998994153750
0.012009864293850529
0.082244351790395409
0.042060028614995054
0.015107745693578230
0.091697454898520186
0.026138457958147010
0.014100097487467728
0.021805286724665859
0.001466241044494153
0.003702288624203927
0.038398355889708982
0.030827416134190697
0.003060170736420311
0.030196205383566585
0.010402404016893897
0.025661771325163830
0.104783894747574990
0.036217852243708985
0.005351530462160626
0.049136442486817540
0.007501109015420219
0.022954895934016180
0.073653502304854526
0.010602291991821902
0.000000000000000000
0.027063178941071415
0.000340944831236752
0.005151651077263179
0.028339164462957249
0.097008107165687849
0.015542829366138843
0.074838715276613024
0.002014982152105026
0.003215639400260672
0.040518848667631599
0.130478909388109743
0.013671634750410746
0.053517650978088402
0.016371916216865404
0.037080064756775138
0.083605791887961828
0.200431754370846593
0.012000739550455348
0.063791365654950097
0.041537122020370722
0.047817022644814119
0.033836091747766216
0.154971072052093484
0.033835208979502748
0.246651510181706030
0.053806857163492282
0.062701590296683749
0.056608754896609145
0.051588546539398067
0.021787133780080216
0.059340231116765910
0.005963415496214508
0.012179468983782048
0.004892657469336063
0.094427997851183151
0.065960039038417476
0.051912309757190744
0.016533344304228537
0.049694646302719934
0.209273314304062569
0.141472592526435959
0.047289636526969443
0.017376615688843362
0.005049747185901421
0.024006724576868310
0.173252747138352148
0.055756705140102898
0.006281718178385834
0.013601720722341934
0.004878372975259901
0.007729242415192921
0.017157150289657606
0.062538789644045009
0.031567745648615787
0.033663408686357817
0.031477692686642432
0.013222839303608978
0.025803324803882970
0.096108728893095824
0.036898472469480817
0.083103206850154904
0.127864992355976925
0.062366537455175772
0.038140101131165380
0.250001697943414147
0.006591040346634967
0.081268590483366862
0.253493324599914582
0.110653139321615301
0.093674012320036151
0.221720951619156892
0.035602716719122116
0.400000000000000022
0.330900036380890494
0.308585421957259298
0.095293272462732365
0.088043575139386224
0.028001201367871823
0.259684280280782331
0.085286710157616671
0.011197523632253173
0.040565122183830127
0.112961785731693382
0.007689473303446630
0.044337512296092910
0.040025395708991357
0.005135730007069116
0.049464270583679401
0.046086604538523368
0.009036143171750907
0.058304311748602539
0.023888416457371504
0.022676485567899793
0.144087015994886047
0.125689526024743287
0.008910036757993440
0.020614031310044814
0.010051554541386331
0.051224397954695008
0.145674622169898654
0.252373075200720831
0.069436052657943503
0.036221432402724463
0.022695120426319368
0.064028742697844573
0.195624846380705486
0.363369445861572438
0.030230667641135890
0.039886561996752175
0.114193296507649700
0.287223200770107434
0.088667941174658038
0.178902428799758040
0.029942663231361466
0.058045849151112813
0.225960278114029134
0.381060808051116973
0.193815570855997571
0.088396043271948582
0.034639618308698571
0.288756619714011509
0.393697027182248860
0.380961346271445289
0.155116799163586866
0.193094891715092226
0.025980035828474177
0.190600513657172260
0.092625457870359362
0.027967846003364757
0.065652706021114920
0.399756951973820940
0.081980156064978243
0.191483689738536800
0.065811133597317634
0.090951301599960913
0.133875832803515560
0.053907286084370912
0.013395230323914060
0.143060941835369243
0.165909537859341150
0.073337188167747883
0.330161673446194126
0.121656024962720655
0.007049893700528747
0.109021167454009166
0.053986139949120160
0.215227580866028667
0.400000000000000022
0.369441991385894897
0.014045695946509165
0.136632279551671620
0.107738156747052782
0.337208304991887253
0.382829820891398886
0.341103680185863956
0.014440050232015805
0.148301014927592456
0.312833164547794751
0.400000000000000022
0.090723585186074152
0.052896593794338205
0.022577285116597887
0.232408704250897186
0.243610877025187744
0.210047818385023261
0.104964410612548964
0.201071635411360000
0.047927666262239689
0.139520115975225040
0.285015622470918939
0.362665209880378814
0.324777766745903307
0.393230979510611089
0.060376411306380912
0.132966826492426193
0.286596865339694473
0.118517367015914227
0.120059522599238064
0.346546569786820524
0.081648497160095951
0.342602299182333536
0.271668159706840329
0.347670919674287038
0.255058674090126003
0.210174927029076170
0.048774703554658072
0.399717143925685692
0.384655095412288150
0.400000000000000022
0.400000000000000022
0.400000000000000022
0.400000000000000022
0.098262516712913361
0.084711095918080209
0.271947281401396790
0.204323203366225642
0.062921317491776374
0.008756124095833833
0.072764015027376727
0.188774924377055897
0.400000000000000022
0.297678193691200743
0.010065625978991355
0.004049810694460317
0.141336219622095471
0.211131813525344020
0.299657422087422076
0.045570614486970480
0.066832266858906586
0.054612416778627167
0.393461858135202291
0.192043229638091006
0.183950728186113466
0.206852200038354528
0.294313930562565051
0.049447814583841267
0.321781542731808867
0.230547096632568921
0.377323843505441681
0.400000000000000022
0.400000000000000022
0.115980127135299566
0.039210379494835405
0.320412258596226684
0.158985318631894496
0.071655175311346936
0.103837210644224603
0.148265541682900681
0.344466729854608078
0.309709264921084082
0.400000000000000022
0.379948334351953965
0.102986151583837143
0.117215168140195614
0.296341673497528213
0.260311733928685562
0.169471210225739743
0.149552407929273268
0.070693843306170331
0.035488774934317700
0.016193244954094476
0.028933098065184248
0.064544570986253574
0.049771130304945392
0.015058971135206883
0.033545946163272083
0.028802442411244404
0.104694752527061841
0.061556627794075829
0.046824608999522781
0.015246958364694096
0.021954232219416631
0.137843471093801434
0.400000000000000022
0.157023596253171860
0.075589620909850580
0.064160670243530935
0.123966585033070786
0.319212645832404829
0.399072880427647436
0.073874003787820886
0.035209068872958708
0.026592782167637510
0.038883859993381120
0.166107029740663326
0.268748216926762984
0.057158976488616356
0.022415910743459701
0.057429232423107268
0.076473420843242532
0.021004945126987459
0.251620189593219079
0.179204813432816551
0.011935940845386763
0.068274250324215455
0.206134352025676842
0.147799066328858197
0.158983247404512001
0.088984369650186884
0.119957280874519651
0.109616661653053976
0.100231183711467373
0.203687827225613044
0.114781722743233991
0.021323069116182911
0.107382502663248114
0.055730843593401545
0.119860003638934509
0.002888273812485556
0.019016773163662348
0.048804080401956496
0.052313832738386572
0.118112866835925714
0.173340994207782206
0.039343352474253364
0.049282828780989628
0.069481144993045918
0.062702442568932176
0.061991868556299325
0.204758515743569125
0.252791813926947162
0.188602787845473463
0.101104507695674084
0.132212227307992536
0.151096273505641421
0.177924093929329175
0.202919494195771016
0.288174055799943929
0.107520935221756125
0.132582591866230781
0.043438940421472672
0.111712446380092603
0.059628975230998651
0.236121149909564260
0.069538263829033123
0.002316048096363154
0.060030092820493861
0.180855902333596053
0.015312129639181788
0.038941915398817591
0.084552392001267129
0.003911299165348670
0.031905192188707368
0.132348831466343325
0.156858160345023812
0.199404517293183675
0.000768989111853631
0.024160577816786787
0.080113157695859916
0.049482351569228353
0.076515261091189987
0.077946239179507895
0.000919990802697249
0.010636179666182525
0.034802245520733986
0.028871589170988265
0.035221610020607523
0.003765297894415166
0.014831131189047581
0.071946148868061485
0.130319398037288703
0.400000000000000022
0.023560736489366643
0.030926830602810221
0.041050111570471955
0.089988218336337175
0.080230503177980028
0.400000000000000022
0.065505862825898098
0.117952546738896241
0.042064401564414620
0.090580979976199849
0.041088266437542445
0.400000000000000022
0.084613503248060676
0.130170536049406815
0.087824301462977122
0.066786632531419671
0.040951318542789931
0.400000000000000022
0.093613754317002501
0.215136514326684097
0.105379559702629841
0.001640652590318522
0.065001960764787620
0.400000000000000022
0.023954665061150168
0.027149125389790491
0.049400352305694832
0.001686247463572389
0.055572248163040745
0.400000000000000022
0.038247470148946916
0.117754419163616203
0.015066714147175777
0.018024455966926266
0.151449057119795061
0.400000000000000022
0.002071969251892570
0.003920412869402501
0.000768545968912819
0.007791321620290368
0.068812378300195209
0.375450827186932679
0.049315566525472462
0.009731044150924854
0.008855083003521865
0.000753237255931812
0.129341692085268772
0.400000000000000022
0.014776977613559686
0.066296849813350309
0.072176863665139313
0.081210079368486288
0.090001112453939658
0.400000000000000022
0.039809860234107527
0.050936155224135540
0.129536937110420719
0.400000000000000022
0.151961670204765836
0.400000000000000022
0.016888327264226555
0.070006600792987497
0.048040332547422897
0.113868141832429992
0.065073522369142073
0.400000000000000022
0.058470881593647869
0.097634872755097218
0.050960354076109500
0.001962358750982231
0.035134542201824978
0.395724085627087496
0.151922289121262627
0.018924968846213940
0.015837902056471193
0.008500483911781551
0.060117005131513870
0.393036616941360883
0.037586011724736509
0.035821662123116972
0.009459436351908745
0.037718620754249532
0.086383147785425884
0.400000000000000022
0.011403280945978894
0.000000000000000000
0.000000000000000000
0.020864611554860059
0.065120121820061438
0.351547098437796357
0.178586175323708241
0.005921668355461507
0.048436608412004527
0.034351174698510886
0.015614759157377287
0.023208910883426172
0.012476888043233535
0.108094538027304357
0.245125340757449184
0.189711973211328683
0.072689497196915309
0.213778688468980349
0.001476827710606975
0.007015164915712333
0.137832674692728946
0.378473495294199158
0.138917995567257313
0.168758717285562104
0.009270865638658018
0.035877836152639321
0.063876820729859299
0.155160731461945089
0.078403431018264316
0.107563717692828478
0.098577617215533542
0.107752278982694405
0.078570025311457986
0.020987263065763054
0.041465695575400384
0.119873958194725128
0.181151559725881428
0.043237285491008907
0.022557281750069859
0.019308722732965800
0.028422204102780953
0.088799054875684874
0.066793818662396254
0.054402249659121868
0.035376033975803835
0.122318002581317725
0.215269553917462553
0.255564421103735506
0.000000000000000000
0.000000000000000000
0.000000000000000000
0.093809927300836024
0.056837013457946631
0.077716092899332123
0.309385905018793816
0.001850282384838077
0.000583113154990799
0.003452360364951060
0.056311249441976206
0.041524468076480768
0.077520255827819434
0.089055011940512491
0.233711533973265329
0.096954681831700959
0.025815051930777707
0.025034381926362873
0.040349074788876921
0.022020232586600779
0.085499687782787326
0.064837990735823831
0.061397557108175335
0.133421513979265910
0.024937575347229186
0.059961003082438832
0.116475747997569629
0.383505046873299171
0.030293428414985196
0.077631515763188108
0.166047865610955525
0.173282348890914512
0.065707994373636711
0.033762678777068199
0.006256662567922441
0.013995049986942752
0.205085925036725902
0.078997406331518027
0.027270298927595034
0.022193697050370553
0.089882536728602955
0.007590758003567637
0.007238103896524500
0.056529189592568578
0.032129372900120037
0.080378689865364020
0.146297137715015069
0.043387922384859196
0.048938030139582298
0.017222150438764967
0.007023745718807966
0.125264466497958055
0.067818491333746234
0.033263469244349107
0.067677432211079469
0.017182413006133934
0.038512154554632583
0.400000000000000022
0.349657861752270704
0.013966978298340354
0.062323772918306312
0.085889960003612251
0.358966154009152993
0.153478088794318651
0.100704810382152524
0.033516611495306527
0.022564361339808655
0.051787826545053130
0.179342138354949859
0.059270118237638406
0.095834537724290916
0.070951472740745744
0.002232119562459176
0.143868429201964132
0.347776248389416009
0.237126589173359159
0.145156021891188231
0.104120359203811477
0.045790480038995246
0.042839722422710502
0.039419661579908401
0.033778497688327969
0.113459442518680259
0.010498423478809202
0.076868823482938040
0.105772377540754109
0.042959862587286082
0.048389700032234459
0.063383316666970460
0.028369595928692988
0.081984589060290353
0.116066205306984166
0.088587203335110776
0.111865836481470443
0.187343382059548258
0.041719730316975699
0.153104327939091983
0.173708362166171054
0.135178616549319480
0.014048672825312813
0.045377400307716850
0.099783797869632554
0.400000000000000022
0.400000000000000022
0.400000000000000022
0.400000000000000022
0.400000000000000022
0.024267076474105032
0.400000000000000022
0.338441081325393189
0.400000000000000022
0.400000000000000022
0.400000000000000022
0.043567020337935795
0.152505589142384879
0.370333313126966046
0.400000000000000022
0.109326853462717713
0.119600141887668862
0.031664936402340790
0.278438984780893461
0.373232838782060816
0.400000000000000022
0.399956226589390895
0.396157566384195525
0.079285666373555830
0.156890450918396596
0.400000000000000022
0.375793308989326058
0.397374088116126067
0.400000000000000022
0.074758926928725780
0.316770554786284020
0.398547475153380071
0.399791660371321300
0.315941547939383449
0.392713409141021264
0.098504906298560457
0.400000000000000022
0.400000000000000022
0.400000000000000022
0.400000000000000022
0.364680714722740995
0.053965378131566863
0.400000000000000022
0.400000000000000022
0.400000000000000022
0.400000000000000022
0.400000000000000022
0.400000000000000022
0.183631058730317043
0.400000000000000022
0.400000000000000022
0.292445357232618719
0.136825321113345805
0.019700369144543761
0.149055304391718990
0.343583133502365967
0.400000000000000022
0.380526552276850893
0.283310666471406403
0.041310190977133301
0.169220992363746270
0.327447083347399526
0.374495971175369813
0.134571188298706068
0.250412441754808979
0.074464783970825538
0.400000000000000022
0.400000000000000022
0.324250449472352820
0.355679787442918782
0.400000000000000022
0.088428618863354916
0.398181099127619731
0.360311212173155704
0.400000000000000022
0.400000000000000022
0.400000000000000022
0.156398847353923315
0.088734621203007041
0.388604602700471369
0.285465903177845703
0.297172340067296648
0.339214045420950849
0.202472993778461285
0.400000000000000022
0.400000000000000022
0.400000000000000022
0.400000000000000022
0.308582139931205923
0.142423500718452556
0.322568071139251344
0.317129179859887644
0.248092625981349069
0.190369679417138282
0.129218728150168854
0.037440126964663804
0.048957826078257438
0.400000000000000022
0.174834961237676750
0.054995623620466755
0.053822519299374039
0.041753794228499494
0.312879826121951810
0.231386294501761486
0.092964180261767504
0.104493973814252697
0.259134746171000241
0.060006025467992975
0.205282514530210819
0.400000000000000022
0.172392167216403214
0.144552994463044093
0.192553319718460569
0.134448997831193129
0.339834808255412402
0.400000000000000022
0.111526060986864919
0.082596178991741293
0.203946087464422693
0.066536351578174668
0.220145842241419254
0.303306576598185051
0.109679024330446045
0.176008658632710424
0.400000000000000022
0.105452908240101825
0.043980474906502573
0.376700907176960254
0.310270128609584639
0.211417266317082408
0.393860688390691938
0.250360956298896487
0.200058150597616502
0.270849019721644657
0.333207155826432344
0.373089604703994437
0.190597176759028875
0.113210279640128864
0.285186025605788540
0.168925756941601030
0.058777637758687801
0.184460886177462841
0.071526198581728040
0.120684176778771218
0.124072051612118484
0.019602800375531169
0.051321150486221330
0.075536006614991852
0.222372352662832340
0.177837205857365177
0.232058269410951923
0.061392606811213647
0.070425631386188250
0.109564672671369101
0.242815063551196836
0.230926245223694537
0.364620549518071935
0.211693164512225446
0.101269898194618901
0.236269601759625747
0.345287622526749050
0.180625090273989541
0.316937313279422483
0.335041644522196924
0.129340480308445249
0.272789582614890114
0.248874185346395271
0.134121321983231345
0.145157329727080620
0.304923906880304685
0.132857128893443865
0.104363745407830874
0.142934260110258060
0.227406510562439129
0.042306278089916612
0.110954026187222901
0.130814438988357373
0.093309969422371700
0.124717507621447066
0.138863763955602681
0.239661673918773244
0.209373040424992440
0.012340495837607348
0.148559344432414142
0.112008364044568806
0.049482351569228353
0.202938700375617925
0.106916667126115195
0.017822485232066421
0.064761389872809300
0.034802245520733986
0.028871589170988265
0.144811359905988812
0.009359978654530657
0.020087280335201952
0.145942688292082817
0.244879662077755994
0.400000000000000022
0.256821684804974248
0.040810035950482278
0.041050111570471955
0.113696952888278885
0.137955016872388037
0.400000000000000022
0.400000000000000022
0.132697890902221394
0.052237554049318242
0.306374639689787176
0.244439035262316362
0.400000000000000022
0.309879602511814511
0.213712427393372484
0.094906566112472002
0.193314748868752967
0.163206739279278618
0.400000000000000022
0.146610987120154745
0.246478107122066165
0.105736143009883862
0.083694976917022990
0.210924649680092918
0.400000000000000022
0.079231445719507326
0.052488549497984496
0.064336814470227849
0.105342416306333342
0.199734920937945204
0.400000000000000022
0.121119928407247182
0.172984055534249448
0.089612390149750309
0.283868450483848345
0.229804036116530747
0.400000000000000022
0.066316628092651431
0.018692303930335798
0.065706824090173352
0.315670231235078258
0.078800734372676692
0.375554211232250579
0.106879329896430050
0.012397305696791917
0.015872247583218320
0.062687882692916100
0.196901208887210966
0.400000000000000022
0.263578569155357711
0.070882525861687251
0.073710979771893836
0.244587986158086884
0.237831677449004464
0.400000000000000022
0.303730372912074664
0.079945995246080370
0.129536937110420719
0.400000000000000022
0.400000000000000022
0.400000000000000022
0.098791558648892663
0.162607867761563718
0.053854399824023055
0.201882352122276371
0.135264521363295837
0.400000000000000022
0.140715233384043265
0.139694901370092245
0.066068099769687721
0.093659813649502432
0.061273000159971988
0.398397335265685548
0.173727575845928461
0.020391209890708091
0.019540190680675119
0.046898839801490538
0.090944421265704553
0.393548044748450676
0.067782217108303094
0.046224066140010872
0.035121207677072573
0.142502515501824523
0.122601000029134891
0.400000000000000022
0.060539723432796441
0.007501109015420219
0.022954895934016180
0.094518113859714578
0.075722413811883327
0.351547098437796357
0.205649354264779677
0.006262613186698259
0.053588259489267702
0.062690339161468128
0.112622866323065146
0.038751740249565014
0.087315603319846558
0.110109520179409365
0.248340980157709862
0.230230821878960268
0.203168406585025052
0.227450323219391126
0.054994478688695385
0.023387081132577738
0.174912739449504084
0.398119462965593807
0.339349749938103906
0.180759456836017435
0.073062231293608115
0.077414958173010057
0.111693843374673418
0.188996823209711284
0.233374503070357758
0.141398926672331227
0.340826136400731616
0.161559136146186694
0.141271615608141721
0.077596017962372185
0.093054242114798458
0.141661091974805337
0.240491790842647324
0.049200700987223421
0.034736750733851900
0.024201380202301864
0.122850201953964094
0.154759093914102336
0.118706128419587012
0.070935593963350418
0.085070680278523769
0.331591316885380349
0.354081115103750399
0.302854057630704943
0.017376615688843362
0.005049747185901421
0.024006724576868310
0.267062674439188186
0.112593718598049536
0.083997811077717963
0.322987625741135709
0.006728655360097978
0.008312355570183718
0.020609510654608663
0.118850039086021209
0.073092213725096555
0.111183664514177244
0.120532704627154916
0.246934373276874314
0.122758006635583936
0.121923780823873562
0.061932854395843694
0.123452281639031825
0.149885224942577749
0.147866225237963111
0.102978091866989224
0.311399255051589496
0.140012554325900901
0.106206165830596042
0.313454327682353429
0.227128887319184958
0.400000000000000022
0.252014380034142060
0.113234232482310224
0.400000000000000022
0.400000000000000022
0.366265710211135187
0.129055951239800570
0.094300237707308665
0.041996251354814579
0.361083862520693688
0.164284116489134713
0.038467822559848201
0.062758819234200652
0.202844322460296322
0.015280231307014270
0.051575616192617413
0.096554585301559942
0.037265102907189152
0.129842960449043421
0.192383742253538464
0.052424065556610097
0.107242341888184850
0.041110566896136479
0.029700231286707755
0.269351482492844074
0.193508017358489520
0.042173506002342556
0.088291463521124283
0.027233967547520270
0.089736552509327591
0.400000000000000022
0.400000000000000022
0.083403030956283847
0.098545205321030782
0.108585080429931619
0.385048715102448258
0.337062328381377341
0.387002695156392962
0.063747279136442431
0.062450923336560833
0.165981123052702850
0.397992280611167648
0.147938059412296430
0.274736966524048942
0.100894135972107224
0.060277968713571987
0.369828707315993266
0.400000000000000022
0.400000000000000022
0.233552065163136813
0.138759977512510041
0.333374530373508171
0.400000000000000022
0.393754175048318222
0.188895296851914807
0.306554334233772541
0.036478459307283377
0.267469337140110341
0.198397835411113471
0.070927708590650840
0.114042406053349379
0.400000000000000022
0.110349751993671225
0.273468278798827180
0.181877338904301827
0.179538504935071674
0.245741669284985975
0.241250668143919184
0.055114960640889755
0.283652913446631461
0.308470097949970101
0.208515804717067349
0.339562271249477854
0.167033425270437519
0.106833691570161288
0.213239931794933391
0.168542837543543489
0.190110736868055158
0.249248893396266130
0.313144014296679318
0.164501425584212102
0.307374827504982462
0.176072755924519930
0.307930247553301395
0.329543088627967384
0.360177314956612260
0.211420568009853371
0.245147400601091470
0.216363610653812377
0.266166784202590101
0.286898919297078892
0.338202387624096490
0.215003808637496824
0.256911157269249679
0.346671219600314828
0.260601342549964976
0.294312715208156828
0.297745784601485042
0.206237816273343616
0.300938982041862368
0.376557874156361438
0.274073783788157388
0.215694842110128071
0.321107402838767764
0.220339207529035908
0.158184524569149360
0.253038311615935985
0.168321559328087844
0.168987858345982678
0.337157145909085076
0.251446616888530761
0.318141737231313726
0.328348154388243274
0.247176704210210180
0.333105026728427900
0.267010330924442152
0.209058821098838998
0.301080081052929327
0.265418181255459962
0.156126632881855631
0.299101479749266430
0.183181749528436716
0.212941258425849211
0.226567402338017670
0.176659595827532295
0.203469692025298993
0.228617513907634490
0.227136757624158719
0.140108332726122525
0.233970465724409993
0.253381185363198869
0.329735729847380366
0.281156131462253489
0.309642596575847306
0.173526145528887288
0.195060442579659432
0.238886638390876982
0.281134113110689310
0.269099346440733911
0.296086450270268808
0.181575294828414530
0.238211006707599593
0.355233044716779411
0.290540453872874915
0.303705479495762043
0.247039135891049311
0.167726184133464434
0.349319310428688412
0.352815177477845132
0.288473225933428945
0.242311582196268305
0.297504158039447852
0.173095837412787890
0.125711737890693814
0.173963648688667094
0.151780537132576943
0.156292840739358285
0.303797991316036853
0.201331389640431568
0.255347179785718692
0.226296281193201582
0.256308295486933402
0.328240464301079726
0.203443838848306552
0.164508215600251112
0.284614266792785342
0.215846181052799346
0.186513150499279690
0.353078419401572252
0.164433390825603654
0.169732159589209619
0.175556919707640618
0.169293020703905978
0.201747134585426702
0.254286352875696731
0.299889344336022545
0.158192684392366612
0.201115200388885806
0.119940050453800337
0.235308934860577412
0.248122149528288288
0.314415362387660990
0.197427046130166955
0.264707588649765180
0.193545817238067713
0.221407705669945359
0.261002118863931876
0.308427014906399732
0.211958129140887297
0.267870615239468479
0.335412681165024096
0.262008005969181501
0.333801745758890878
0.322563230898908648
0.204317462838762287
0.279097653300805493
0.315096383650688261
0.224374023388792032
0.199312836200005589
0.311257891699108280
0.207837450789613853
0.244323331870551580
0.289565251181501671
0.158288118608596678
0.126932345894451321
0.271930362094291889
0.219153859141397706
0.317814450860498365
0.316272096859585627
0.266249769321276142
0.384990043959151318
0.288350725504000593
0.205625485357477378
0.161229262112644045
0.156618083604136205
0.113103431187868322
0.240695832911057256
0.165397631802329831
0.198431481944517346
0.202185349377449669
0.168664805575843985
0.206489739913394782
0.239205608969371514
0.237747941480197317
0.137437391937580616
0.217252214293614687
0.155833212315644648
0.261539979773128317
0.201573322760139534
0.220368109101379328
0.161596450932787378
0.203338362470120354
0.257828356191529273
0.249582786952173702
0.224358974360401586
0.258019433275477106
0.173889808163825210
0.208953626842884321
0.368866491578605904
0.279912482885889047
0.305344808687400437
0.282394818958877913
0.173848006254044840
0.258419676894904471
0.325785345556414918
0.251003668700097771
0.204169315405778679
0.279143273552794113
0.166759904868367309
0.290897368272758527
0.268694920617175592
0.173690573093793599
0.146976417111279678
0.242287943333352934
0.169072184779602092
0.262249257450830997
0.226022985201237009
0.249350236173798701
0.363150787798344921
0.243200007675398899
0.170121098915809982
0.134659987234041600
0.112027423444711921
0.117043026196991140
0.237403246949951685
0.137244328561667739
0.153706245441608436
