0.196302239741177470
0.202031222736397925
0.233214946070292195
0.192199635614986486
0.036946339556209178
0.005409710219653295
0.251280972750659415
0.290248462691905629
0.400000000000000022
0.302923489630873566
0.082068190802242147
0.001972579725132072
0.227966021798344992
0.222508223403618477
0.281654419055015426
0.290792153516202301
0.063807298202108925
0.001665377542544746
0.278338546352530580
0.274073073072965856
0.378074207192732215
0.294696328422778819
0.038840759635785510
0.000769863667821168
0.163143801035969260
0.209430547276366952
0.168135930781123072
0.141204852295944261
0.040439149519569562
0.000000000000000000
0.159841861766784527
0.158144105311341571
0.178048272486539538
0.073118397176539382
0.023554126205026994
0.002868650509696809
0.206065964966374193
0.160193564606551764
0.232267376808651060
0.063731826050953386
0.013954371970378236
0.006040680335046331
0.396543304017936027
0.308857855977943407
0.142136351261941962
0.088043518076514671
0.005633847773745492
0.006776929895772004
0.148931063185845425
0.201283039125193297
0.206150819068686070
0.135464358272999880
0.051561027846349736
0.003008165934690713
0.212437438194476247
0.313468196650778519
0.359679584278672304
0.120558811147949516
0.045257540231212340
0.002908065102385901
0.194035140050437843
0.171841187753996621
0.227279699548167069
0.169539677938729316
0.027207378265188056
0.067564547804273387
0.156428545361476212
0.174194436781076156
0.373987734386766135
0.187762434559921587
0.043072731687040192
0.023285674643056906
0.128778401297050621
0.122074423779676838
0.168553624756842269
0.056004179527380737
0.034327407849732004
0.003598360275738157
0.036584685196936945
0.009914445523501566
0.030756221401098738
0.052609421482006306
0.009146114747842963
0.005956116745013033
0.181447014240827043
0.074580349747032287
0.054125415121932079
0.043074882106017072
0.003212649009117511
0.008550966110788719
0.322533543504213982
0.102894083213510609
0.053156006126176346
0.043585198445283371
0.005002604460013190
0.007808231067215109
0.219042341520998440
0.092016078785306793
0.077275745889823971
0.048427976373189179
0.011778352658617932
0.018968810579193536
0.212071604182568596
0.193405849901865101
0.213888901337907972
0.208586768645939558
0.015093686246136788
0.033843743154372462
0.174750589685590096
0.138871058664862712
0.210920883180483548
0.195356420753595661
0.032321948705181645
0.001231932022256553
0.193258319491703467
0.214810276334603645
0.260037801547900238
0.057825799070014131
0.016135534275983739
0.000665747537411218
0.135698946053968261
0.059310544496969597
0.106946851858140013
0.047323566011998171
0.026573562695700693
0.003746343739970951
0.127074884553122491
0.051483937311119575
0.115017678291429365
0.069104420764879854
0.011224759674099177
0.016583970574580095
0.109831590241470045
0.096637164498122874
0.136807491539357479
0.091994839740821566
0.010008799981600975
0.042623278478454985
0.041084220761626669
0.013069336073417620
0.063332281920546352
0.046247095180948772
0.005527603171083275
0.025047388216057533
0.127238415513348524
0.031607792074217968
0.120744679131506702
0.030329854033273387
0.003198571279714115
0.088038028847184813
0.104564983087811772
0.023899110236161116
0.130744423443597546
0.060883722447740221
0.034009663282266157
0.072770800449374215
0.025518344930271553
0.090981790361420692
0.179069612700036629
0.110132111132401123
0.072788490007334714
0.076369511464380369
0.063225749769759199
0.017623033825946339
0.067748955658664567
0.064395135945034501
0.040030979424575355
0.098115379035310479
0.042475014189722535
0.013601296633728889
0.067852529967575098
0.027270386463351930
0.033757259530073858
0.042034249915755419
0.132187285674517874
0.024705535720484426
0.069155070571975299
0.033188637001697052
0.011099984035974344
0.096511705605209303
0.098787514101965276
0.051752655016861569
0.077555005717052747
0.079081317245268345
0.024601432455088230
0.113633929916202706
0.001190363867145845
0.026200748092562440
0.020408030930979017
0.017312264174036394
0.007945553496836727
0.111678684138809409
0.118225742730877853
0.065245627282376276
0.110791912706064491
0.046921126482878862
0.321543663161210524
0.400000000000000022
0.191919076934648380
0.210224226493234884
0.162740052939698288
0.032040674444938869
0.342351207033043836
0.400000000000000022
0.204185588793101586
0.380191636062184424
0.153599111626032514
0.076543492441927569
0.326588959483087193
0.400000000000000022
0.049673605198425674
0.306350420237151588
0.304866026240409149
0.076676245931406123
0.344020828270200252
0.400000000000000022
0.169398919596771586
0.298357533720576606
0.400000000000000022
0.103270177642109121
0.311664044669178297
0.400000000000000022
0.171980188202217249
0.373016755713567905
0.374454774995268469
0.161001128560547574
0.329222609899034957
0.400000000000000022
0.336097505838959587
0.343552019108611217
0.244220503465068350
0.205982443323882936
0.381801305158309789
0.400000000000000022
0.160958086682079365
0.298529665687059187
0.249629580266668316
0.130642801179529006
0.331012785093162787
0.397516341442330057
0.011687292392742873
0.026953534274810828
0.001852974888612802
0.024713617220431573
0.017642181232647366
0.097416692209395195
0.075557375454280734
0.084958731121478254
0.006066356390874193
0.000542793798289061
0.057678700426423139
0.161651388365099291
0.032813703224958413
0.124917349311804343
0.024715160489358377
0.000000000000000000
0.194035567710185597
0.400000000000000022
0.036715745434047528
0.066947744504485568
0.028894734592846319
0.000000000000000000
0.216104196165508522
0.322625774333465676
0.107873211215138071
0.034067874255989512
0.006585253733483190
0.004527330697678065
0.302725311874331271
0.400000000000000022
0.079130747233900442
0.057475939855244483
0.047221169402483609
0.019268389494890768
0.262385067041344955
0.400000000000000022
0.006717720831108800
0.007577980739671475
0.003778260992118871
0.000000000000000000
0.214811080561802009
0.400000000000000022
0.002645387996548847
0.045264122702827883
0.025997009307690139
0.000973976188081935
0.168818801305412602
0.325087933773869908
0.001574126419927321
0.012548765211555193
0.007055198279804232
0.016175922151079141
0.012459196699076887
0.021330990487679106
0.051790647511835347
0.107227738236301939
0.002593766428787946
0.012409959342983739
0.004799626750728145
0.022839011184234079
0.041331893736479400
0.093672420409499871
0.029493390302651166
0.033867482413872246
0.005520126232082354
0.081863777432635662
0.024822248990311588
0.013432198798931736
0.186344367967420793
0.049300096503535715
0.000000000000000000
0.013902751003421924
0.037965054327942310
0.023171509629064529
0.056406547348863544
0.028727237006186311
0.024975290497694494
0.036300230993208747
0.209668931437829886
0.085438213002107993
0.114989276902828425
0.041340232054745456
0.008120426779479733
0.055467588153062401
0.048608344297354139
0.033731709078213643
0.035454765978034500
0.028728844566670367
0.006971380068890532
0.128849923190802296
0.000000000000000000
0.035937788672270023
0.072889551460960461
0.066804401228775179
0.067851118099074889
0.124498948054898126
0.026581584496170773
0.033655686403964359
0.013258808996922649
0.024474128547520985
0.010580134766427930
0.012558166238992570
0.157714508122806518
0.062002857558940659
0.015034303669522938
0.006796853452142038
0.005578849549547260
0.010223762231372006
0.035647302819755616
0.159412216111549293
0.063037426995076196
0.007796132295080759
0.015935795605811754
0.075450024095540552
0.113346553952195978
0.088699436763849865
0.060711436346911334
0.007344223928024174
0.022492994625579125
0.003229963199292608
0.110172478786054892
0.113895873914936441
0.150391918993298901
0.059390725953560930
0.011695660956793193
0.000365589560924598
0.057801029254562292
0.076863343027868652
0.116223196221305919
0.100164415503291096
0.005087431704064950
0.000798794542226977
0.052995662424205836
0.052888565054764372
0.087891196653015105
0.049778834637233621
0.006991733809325898
0.005667199051527729
0.051301500793968370
0.073699263571903886
0.079723016516966796
0.057780936113769860
0.007771666139636660
0.017402593930141246
0.022194548641296660
0.002981774797269713
0.013606453825336732
0.000000000000000000
0.005026326296693609
0.001287075972056723
0.193914711217985758
0.052357246816767761
0.025916102185700687
0.007036574885196966
0.003242991047789287
0.004070496412414300
0.023536337557046576
0.048996984668336310
0.038688351329293616
0.016311177191975234
0.000000000000000000
0.018413082867471543
0.065722239989879264
0.137471111481355046
0.313965413145668282
0.066188952992285374
0.001259612175622938
0.000130851662167542
0.146805968763677824
0.095255005766968423
0.080301931405607194
0.013898357732210605
0.017441677136739674
0.001977227861532008
0.142305355679596429
0.041438677785276733
0.054611202562738971
0.026956775350053714
0.010028163923936941
0.028177009952100880
0.094594174037463813
0.070372066991376117
0.208251503190952758
0.044998593415054439
0.007928017194080674
0.050189482874273085
0.090032438545234406
0.117466681006191925
0.172312461679220791
0.092634898257455134
0.035363563596516788
0.006735612328696982
0.028968395787518211
0.064305677412337184
0.063869869936734491
0.029974595433387995
0.001089862523781982
0.000000000000000000
0.131150530547112093
0.087467159473537712
0.055552228287372461
0.041195152857778541
0.016765579977743625
0.000499086436479199
0.054346213216081761
0.109007601213888250
0.127544512678895272
0.079182389639535389
0.041449857989638308
0.002206413901544055
0.097742959766398269
0.135101128175607377
0.194212276513193560
0.100295998347632823
0.018660286674335308
0.000923836401385402
0.177937104097928900
0.161109674221949467
0.105941155727668504
0.084362343222999375
0.024569534295690865
0.004680753139390459
0.141621175691446999
0.225020236922853750
0.286253530932379596
0.166287067083112722
0.012476549274662784
0.007390139710605136
0.260918614526323978
0.155691297604917012
0.306981642736811111
0.112685993631127940
0.005015037674995746
0.001577596834779540
0.353630444022114687
0.235968791653789811
0.246773512946912910
0.089627509406227074
0.040821294009336283
0.016893750137073400
0.020751522037674067
0.055355474861917504
0.028771399620036768
0.007413964319244607
0.002345618938457018
0.000089795998050469
0.063625885268078844
0.079175963843608588
0.029669468709146985
0.010618831190388148
0.000648598209557858
0.003589198922527194
0.005450520276368681
0.114740309888597999
0.127032348593413308
0.025151586204419825
0.010016358082407495
0.050079142129308751
0.105807772008561091
0.146939038169224739
0.060288387729426456
0.001642134614263175
0.007010932245182071
0.000000000000000000
0.136049608601651856
0.222715665739205315
0.037094757611606077
0.061008152321742400
0.041091393250542903
0.004539149027751456
0.155392194172531223
0.125392101292315761
0.112616277200256756
0.083918284870902776
0.037478258294212530
0.005378187885950560
0.133632684404345170
0.105285718939053488
0.104549942638657425
0.063256949089945336
0.007199109778508949
0.007213284087343891
0.130030050881416948
0.105701030831183818
0.015802638895260297
0.064868109728275752
0.021285162067652724
0.005038022248565249
0.012195670789441643
0.030134967436173759
0.031043461449525623
0.035191202442109666
0.008997329189661512
0.001753289839434097
0.063394251592337567
0.042347701675444521
0.090764203499588525
0.038575269575802845
0.012443022279627465
0.001491993188183051
0.068630851143089935
0.019838996516960684
0.140957080658179773
0.042396646803801660
0.025790086174776617
0.003887219578303634
0.104401296531671142
0.083935810799010413
0.152718847121683488
0.097032776746016347
0.043756335834567547
0.004139354238324801
0.185186933516338997
0.107087985742400638
0.083244220525957646
0.128539964733086515
0.075412518594175651
0.027211462440805335
0.066087190791055489
0.038224492691756790
0.085989296004856330
0.114463224439222216
0.078020526753134478
0.043060882328205902
0.219031472883790851
0.118670593050045417
0.109717183417608499
0.142371657214930947
0.019004459124495752
0.000477016262268985
0.234974136969102521
0.180537906718712338
0.030595305275626265
0.130831931809630597
0.064126158726793531
0.026533370748183509
0.006153793272682844
0.007170722978031539
0.001612616749669539
0.024713214397482024
0.012735020335880348
0.007569258864653849
0.005005338539147356
0.026825531897731868
0.042768925571468469
0.061098083899629507
0.019233503231779785
0.003199213265752812
0.022049832027127847
0.003400421648906621
0.124528654077731588
0.102000239939459669
0.037750924590222043
0.020250985111439010
0.104259403788022606
0.056588036588257368
0.049147649338140420
0.065849325248018939
0.025052167317390361
0.002411829955790917
0.103669765989193974
0.105194997643460575
0.028521805850727902
0.091281288218729523
0.072620663572445690
0.011523848128356632
0.086190116628533361
0.085743349849291592
0.015181811556168349
0.123472156086792920
0.046658300586375295
0.040130435151467900
0.200755545413951020
0.245290325147998783
0.131689175481105897
0.127900068674314693
0.050509463175680294
0.036131567921281048
0.083293050413805164
0.146913851644398408
0.070339003428261548
0.062315056559996695
0.127877288006224665
0.069166827765312522
0.036716407021710883
0.068272038092625706
0.075048224025873633
0.053652851267360406
0.106557726642956013
0.047665047901562244
0.091305627336981929
0.097573506245625607
0.136442667174884569
0.123008968170185903
0.130538694729343041
0.047742237410371299
0.299764186643562969
0.169105207721670842
0.241640109433871070
0.224170394203877382
0.181506741997082000
0.181450246510525520
0.378187053571933607
0.221305481265814147
0.086352174806344717
0.240619186209808600
0.194224344300079094
0.211103195762552570
0.400000000000000022
0.373837134975917085
0.241764181560091440
0.214914283750968826
0.252207175212281420
0.190515073712918453
0.316471305663252156
0.240608542959162175
0.309832707803771756
0.251224647266450218
0.314053897939230775
0.203864412027593311
0.163675009257365833
0.400000000000000022
0.379007513395227091
0.220427812879851248
0.394892018043328186
0.293610481746895968
0.250945463951755210
0.400000000000000022
0.235447076867145721
0.162329641961016541
0.336054696095495431
0.217159050069464010
0.000000000000000000
0.018013500629205259
0.020097650714954243
0.072123601766917789
0.160939179049211012
0.084741210934217465
0.041418059858105323
0.028970096421110328
0.037550826877201314
0.084135454803752438
0.156694823591565419
0.070781686072046796
0.140955064927915485
0.028416359717145789
0.041745938467674534
0.059933641344322691
0.054000470165924117
0.114559727336125156
0.322393619551781474
0.117059838711127448
0.068194674869202082
0.011935100240077438
0.114062375169673796
0.113941559107975043
0.169054239010577451
0.217184940711159097
0.044909482884919055
0.027484506027131879
0.139088308839875885
0.133865607517699214
0.060456952495549145
0.187781752514476097
0.083739919634815863
0.032278669581184541
0.143055713911325100
0.066401095172902422
0.019627644504042321
0.137540174265532500
0.083166189461727838
0.056631216224643142
0.163257988089188039
0.092642522687936657
0.029339757779905391
0.061271313599394812
0.029175544441154735
0.045875427576578393
0.189966928514152950
0.085965082549171401
0.033473584772264517
0.083510288070131417
0.068032269126683670
0.041085637957491372
0.110786995831291549
0.021684599049902022
0.096934333808066722
0.165993139803540773
0.115460703530776851
0.097581484368682359
0.045888559404030652
0.008248047165042566
0.271283355606141696
0.222508224591752624
0.155645445910090247
0.056011770726271871
0.048919981297825932
0.004756124686035729
0.371140071496156410
0.256893360694108452
0.048049767110530245
0.047253770374071448
0.058813696917622574
0.006860195451319267
0.149743621411222411
0.266673266592153457
0.026565703752890999
0.042921216955362607
0.021627143569348493
0.022961852411784320
0.088364430393500115
0.310728848288469861
0.058412135853504063
0.049957632539396626
0.042639696704242155
0.033874398637031164
0.066052345607117202
0.123351556732264139
0.045650473812158338
0.080281790943225101
0.037149599234258465
0.029189258784991099
0.003571091601437534
0.052515631166887330
0.034507803301894929
0.068097740394241671
0.035315110451504095
0.007805146899216529
0.100997137022085459
0.192327375788653193
0.180846546413096720
0.173746530012589551
0.072376182271392642
0.005408253504572948
0.208834195958076702
0.398895236978585865
0.379928719625726496
0.195794053654936268
0.051142758223032832
0.002232210239622601
0.353170495140327168
0.292846309266918514
0.226982078465290171
0.126074530145171393
0.036734490299781000
0.009089298188185685
0.133969613107279034
0.230143475191201818
0.278705460589646348
0.160948288689381214
0.077610237131030477
0.006473607009266330
0.073436220067276986
0.152134127106283240
0.122774154270332919
0.101844133370122242
0.032221531409402301
0.012712080683904219
0.114949785288590331
0.142656024054772179
0.111077607168197062
0.061939906939902811
0.013661933222933343
0.010067023935995168
0.248052369164472486
0.092071259235724442
0.113435107641976507
0.075640088232303782
0.004606294052429556
0.016960636008484461
0.056380353311472675
0.065428905498865500
0.056733143968864169
0.114710090881927185
0.020716934288798363
0.012755817345989340
0.128598770340943580
0.243600323450601175
0.124569953423078666
0.087308795667605049
0.061902540883385336
0.013498574012389818
0.246488342318333165
0.396019633177368435
0.245475554987966305
0.124683148515176562
0.121072419724352315
0.008238984782298167
0.228352301390598533
0.244999543281097409
0.123854050903461133
0.070067541526406998
0.072544268364019462
0.051399886908149506
0.254059046020884693
0.195056020527429652
0.262005154813630736
0.109004018301038813
0.064369745137522458
0.014941486020267068
0.172165862617352672
0.157226646379921675
0.137786024892146114
0.133524625075510467
0.042868049791500829
0.002165929167477555
0.153261633506377171
0.313782782187152276
0.145419857488415960
0.128733644913824774
0.033465549927223393
0.003261356726414355
0.069511511842805088
0.037509090981059250
0.126369481719613347
0.056394419697273504
0.019967466578430702
0.048379002644573156
0.011915723893652988
0.038221435701344030
0.024510215429383322
0.042192989162012806
0.023117572784956051
0.019968190620739582
0.211741629048846663
0.234434878572812394
0.240874112641749322
0.203676502635210810
0.038036202079991165
0.005409710219653295
0.351538990833564491
0.377715622165443410
0.400000000000000022
0.313967440828225142
0.098833770779985786
0.002471666161611271
0.282312235014426760
0.331515824617506727
0.393009201351336657
0.312948742206787478
0.105257156191747220
0.003871791444088801
0.364706739739091401
0.395198680608316033
0.400000000000000022
0.322590239984071880
0.057501046310120818
0.001693700069206570
0.341080905133898216
0.369598172197938168
0.274077086508791534
0.225567195518943608
0.065008683815260426
0.004680753139390459
0.301463037458231553
0.383164342234195376
0.400000000000000022
0.239405464259652090
0.036030675479689779
0.010258790220301944
0.400000000000000022
0.315884862211468775
0.400000000000000022
0.176417819682081312
0.018969409645373983
0.007618277169825870
0.400000000000000022
0.400000000000000022
0.369535221267681346
0.177671027482741717
0.046455141783081771
0.023670680032845406
0.169682585223519478
0.233180967644055354
0.227202979900520491
0.142878322592244533
0.053906646784806750
0.003097961932741183
0.276063323462555132
0.387137051978349134
0.385365772260688355
0.131177642338337674
0.045906138440770190
0.006497264024913096
0.199485660326806535
0.286581497642594663
0.354312048141580349
0.194691264143149134
0.037223736347595557
0.117643689933582152
0.262236317370037331
0.321133474950300868
0.400000000000000022
0.189404569174184745
0.050083663932222258
0.023285674643056906
0.264828009898702421
0.344790089518882181
0.205648382368448346
0.117012331849123144
0.075418801100274907
0.008137509303489613
0.191976879369468167
0.135306546815817330
0.143372498601355480
0.136527706352909062
0.046624373042055495
0.011334304630963594
0.315079698645172268
0.179866068686085762
0.158675357760589497
0.106331831195962401
0.010411758787626461
0.015764250198132608
0.399639862333844187
0.208595114044694441
0.068958645021436643
0.108453308173559110
0.026287766527665915
0.012846253315780359
0.225091794518533256
0.122151046221480541
0.108319207339349605
0.083619178815298845
0.020775681848279444
0.020722100418627640
0.275465855774906176
0.235753551577309650
0.304653104837496524
0.247162038221742375
0.027536708525764252
0.035335736342555511
0.243381440828679990
0.158710055181823378
0.351877963838663321
0.237753067557397280
0.058112034879958266
0.005119151600560186
0.297659616023374596
0.298746087133614058
0.395866731009686390
0.154858575816030464
0.059891870110551290
0.004805101775736020
0.320885879570307231
0.166398530239370207
0.190191072384097659
0.175863530745084679
0.101986081289876351
0.030957806180776280
0.193162075344177953
0.089708430002876358
0.201006974296285723
0.183567645204102098
0.089245286427233644
0.059644852902785983
0.328863063125260924
0.215307757548168333
0.246524674956966006
0.232210337404693212
0.029013259106096721
0.043100294740723966
0.276058357730729176
0.193607242792129930
0.093927587196172613
0.177079026990579425
0.069653761897876795
0.051580758964241039
0.133392208786031363
0.038778515052249503
0.122357295881176248
0.055043068430755418
0.015933591615594465
0.095607287711838657
0.109570321626959136
0.050724642133892980
0.173513349015066015
0.121981806347369715
0.053243166514045953
0.075970013715127016
0.047568176957399400
0.094382212010327302
0.303598266777768189
0.212132351071860792
0.110539414597556757
0.096620496575819365
0.167485153557781791
0.074211070414203689
0.116896604996804987
0.130244461193053440
0.065083146741965719
0.100527208991101402
0.146144780178916522
0.118796294277189449
0.096374335818302986
0.118551674682081443
0.106377923102519534
0.053558098044112060
0.218377402303051193
0.110448885569776029
0.084336882128143650
0.156660793088489986
0.057758284622349637
0.136642140756677188
0.299543059515916310
0.297042980164860304
0.209244181198158630
0.206981385919583039
0.075110895630768532
0.149765497837483746
0.084483414280950991
0.173114599736960889
0.090747034359240572
0.079627320734033086
0.135822841503061370
0.180845511904121903
0.154942149752588743
0.133517665375001982
0.185840136731938110
0.100573977750239268
0.352212184507246673
0.400000000000000022
0.283224704271630268
0.307797732738860519
0.299182720114582912
0.155049642615124772
0.369344274345327017
0.400000000000000022
0.397993012899692911
0.400000000000000022
0.385745383497076988
0.284144895478522508
0.366041612642997172
0.400000000000000022
0.398356479150678344
0.400000000000000022
0.385646022656459753
0.288244903772456373
0.389131189184797277
0.400000000000000022
0.400000000000000022
0.400000000000000022
0.400000000000000022
0.276811790368892141
0.376743430426780157
0.400000000000000022
0.399802660726875092
0.400000000000000022
0.400000000000000022
0.282250570501027975
0.400000000000000022
0.400000000000000022
0.400000000000000022
0.400000000000000022
0.400000000000000022
0.265958734872835834
0.400000000000000022
0.400000000000000022
0.384270038752062226
0.400000000000000022
0.397642984819188916
0.245585796200400969
0.400000000000000022
0.400000000000000022
0.011687292392742873
0.044967034904016094
0.021950625603567041
0.096837218987349358
0.178581360281858420
0.182157903143612687
0.116975435312386078
0.113928827542588595
0.043617183268075510
0.084678248602041498
0.214373524017988565
0.232433074437146114
0.173768768152873898
0.153333709028950105
0.066461098957032921
0.059933641344322691
0.248036037876109727
0.400000000000000022
0.357178143361906564
0.184007583215613058
0.097089409462048401
0.011935100240077438
0.276684172875125367
0.400000000000000022
0.276927450225715521
0.251252814967148574
0.051494736618402245
0.032011836724809950
0.338262857030866226
0.400000000000000022
0.139587699729449594
0.245257692369720587
0.130961089037299472
0.051547059076075305
0.324496328831445635
0.400000000000000022
0.026345365335151118
0.145118155005203975
0.086944450453846717
0.056631216224643142
0.327576626900238255
0.400000000000000022
0.031985145776454234
0.106535436302222702
0.055172553748844867
0.046849403764660333
0.311220953476988083
0.356688976277740433
0.035047711192191841
0.096059053281686610
0.075087467406487918
0.057261560108570524
0.123246192530368448
0.043015589537581125
0.148724981319902055
0.273220878039842685
0.118054469959564798
0.109991443711666081
0.050688186154758799
0.031087058349276643
0.312615249342621082
0.316180645001252536
0.185138836212741437
0.089879253140144111
0.054440107529908285
0.086619902118671391
0.382011097158591606
0.270325559493040102
0.234394135077951038
0.096553866877607170
0.058813696917622574
0.020762946454741193
0.187708675739164693
0.289844776221217959
0.082972251101754546
0.071648453961548925
0.046602434067042987
0.059262083404993074
0.298033361831330001
0.394613137958599536
0.173401412756332529
0.091297864594142089
0.050760123483721886
0.089341986790093572
0.114660689904471327
0.157083265810477823
0.081105239790192837
0.109010635509895468
0.044120979303148997
0.158039181975793391
0.003571091601437534
0.088453419839157360
0.107397354762855418
0.134902141623016864
0.103166228550578970
0.132304094954114659
0.127578721518256222
0.224220740244126471
0.194105355410019359
0.183117342686274637
0.082956317037820568
0.017966419743565519
0.345245410560536259
0.400000000000000022
0.388563186950455830
0.202590907107078333
0.056721607772580084
0.012455972470994605
0.367796625439539449
0.400000000000000022
0.290019505460366367
0.133870662440252142
0.052670285905592758
0.084539322283726237
0.247316167059475039
0.318842911955051656
0.339416896936557688
0.168292512617405354
0.100103231756609595
0.009703570208558939
0.183608698853331864
0.266030001021219709
0.273166073263631848
0.161234859323683172
0.043917192366195484
0.013077670244828817
0.172750814543152609
0.219519367082640832
0.227300803389503009
0.162104322443193921
0.018749364926998295
0.010865818478222145
0.301048031588678322
0.144959824290488815
0.201326304294991598
0.125418922869537430
0.011598027861755456
0.022627835060012189
0.107681854105441024
0.139128169070769386
0.136456160485830952
0.172491026995697017
0.028488600428435023
0.030158411276130590
0.150793318982240188
0.243985839137755733
0.138176407248415373
0.087308795667605049
0.066928867180078955
0.014785649984446540
0.374510294568880853
0.400000000000000022
0.271391657173667034
0.131719723400373523
0.124315410772141630
0.012309481194712467
0.251888638947645127
0.293996527949433706
0.162542402232754762
0.086378718718382236
0.072544268364019462
0.069812969775621056
0.319781286010763943
0.332527132008784698
0.400000000000000022
0.175192971293324201
0.065629357313145398
0.015072337682434612
0.318971831381030579
0.252481652146890112
0.218087956297753266
0.147422982807721065
0.060309726928240492
0.004143157029009564
0.295566989185973628
0.355221459972428932
0.200031060051154952
0.155690420263878498
0.043493713851160326
0.031438366678515239
0.164105685880268914
0.107881157972435374
0.334620984910566133
0.101393013112327957
0.027895483772511380
0.098568485518846241
0.101948162438887394
0.155688116707535962
0.196822677108604127
0.134827887419467940
0.058481136381472842
0.026703802949436570
0.289601766536927929
0.299199286827139255
0.294553473929998255
0.116184194553134015
0.077152086523264246
0.104215316107083025
0.333316548330913842
0.324813263869314417
0.303207834367569151
0.104911216136874277
0.076287761072615964
0.102549053533344273
0.322043665856912575
0.313631891154966425
0.292983306064776017
0.111612917627348415
0.079272189637138252
0.182695825492811048
0.370228137413631697
0.331337531860709966
0.393973866126573091
0.104745975201286895
0.086835086333082553
0.140399557129716940
0.352475932791232738
0.350013119292155117
0.263421477683708549
0.071501039218241164
0.104854950453782944
0.153396587189109646
0.282360177816179114
0.301807078915832527
0.286222000664675569
0.060305407466479853
0.106086782586904113
0.167668185737251035
0.264171488344791927
0.273937398643974650
0.322489829833367048
0.053004070982233142
0.133976876403799794
0.200559870986116134
0.234887059478303711
0.269052111901116053
0.154050859072068363
0.051779811653701498
0.099609444632270408
0.129634468096708422
0.202100724975279200
0.282457430334823179
0.274599171510676365
0.291506680776722926
0.223679208596709117
0.104714449306170326
0.212284335038753519
0.296528630572135909
0.277653661355147130
0.261292037878747496
0.201848678194980924
0.104145919847397392
0.246640324876534062
0.283954423884448859
0.269838361288295914
0.270192683449753224
0.214275045279993803
0.188727063716811638
0.304378241467051114
0.304621260036129660
0.348750569632348462
0.276313267994074296
0.215611794118343553
0.146327226394251331
0.300705798815848913
0.331022236864653652
0.236977450452020677
0.258351803919534495
0.238343867652558855
0.154442138566727699
0.313400858492608514
0.305273889549334487
0.253323606532116274
0.298918537965262243
0.198804486929354568
0.163648647498940480
0.321592872700543264
0.260998205272996497
0.270035903825363965
0.317039751362022115
0.181856529262237165
0.193312269851946050
0.284482570516203237
0.263930446618973635
0.181888808964826759
0.206045403073077310
0.227836966100553290
0.154353969136251434
0.046312350871478822
0.046197674292035994
0.040038131741712446
0.042285436098692231
0.064746074268292875
0.087077328365750953
0.349572029058877021
0.324175864036325034
0.297182666862064182
0.098487783362237735
0.069008547247256677
0.098259489279620096
0.342275170886015279
0.340292669762357280
0.328883366552007228
0.115133779745971998
0.074702891466133486
0.180789896475766793
0.375826364324699069
0.343284539344687445
0.392317536777685272
0.116107061322093849
0.088517402212393695
0.141792199633667237
0.315321999131242481
0.316241818922028406
0.240244556919399721
0.084118808256620936
0.103815513322090783
0.150285952092501396
0.266689741939070801
0.305912000109685556
0.292147898764799574
0.085370169058228751
0.115251537915568456
0.168331654581741152
0.284590973869084662
0.274912274426133973
0.305782481980448329
0.059505473089086762
0.138273327502231286
0.202410503101237815
0.242383646339202202
0.284384697544584841
0.234907336545851775
0.052528003475856025
0.147156768806815635
0.211751788239698563
0.046347982079027468
0.046725556014238022
0.040324663008906823
0.042126168009653173
0.109813620467155343
0.095456510138832343
0.235907963468368981
0.308906109002412332
0.277016315721014095
0.255829765326127223
0.192376280193781418
0.098706537775540421
0.222186380415276274
0.304852018454338625
0.295463198654020709
0.297523949982444247
0.219547369148325067
0.183283076393219196
0.294703569621172723
0.310801185552573078
0.361325437447777786
0.275349786803072816
0.233884787980181613
0.148248848782554427
0.261640567244068756
0.290742738424946634
0.218078557134159551
0.230666588556266650
0.262586767662724707
0.153845745544961582
0.221472123613466798
0.288331787627821301
0.256769097092153731
0.304473237403019570
0.235753305316394685
0.169641351456074535
0.315876892484050653
0.277528658858977761
0.271196637874902613
0.297802792281954110
0.192598538721233087
0.196488096278165686
0.284928632079787414
0.270849467263626131
0.194456062356946457
0.314192190390640669
0.229766796021459524
0.203740970595873483
