0.400000000000000022
0.400000000000000022
0.400000000000000022
0.400000000000000022
0.400000000000000022
0.400000000000000022
0.013284289542766378
0.161426493217648126
0.112940942326790569
0.130989182270792398
0.078614081225934773
0.020565022943758105
0.038426768483567630
0.062635084542039893
0.113207653410199255
0.175982182802722625
0.182220040079438539
0.317987346840641893
0.028084798612330424
0.052609253228541666
0.007786333968123097
0.025987988235903182
0.072217943360163267
0.087314267326967718
0.026492084475802948
0.063788082946753380
0.018326599294788269
0.056192811450545180
0.025155536945464942
0.057042584899903243
0.036404420625164025
0.034576425906447890
0.032673500312182670
0.015078515479524397
0.033603206076289527
0.030389590177886880
0.058944688727478024
0.046022015683704301
0.066437490276568478
0.008040574863584470
0.228259774974586410
0.400000000000000022
0.012875393854372599
0.045461564843235602
0.054361436138811545
0.014592348629537948
0.040777756990641255
0.034805942110875843
0.107367051315082826
0.090250774400746109
0.360428139862441821
0.145714907572484953
0.180114071177540969
0.122512585798893389
0.023548312038586941
0.123505253036473611
0.114451710005209470
0.124682888838335296
0.052539684784370919
0.032933569793776193
0.012843190640962954
0.017247074930722198
0.106627394992960672
0.394272630213834852
0.165161951075620983
0.397116689977625392
0.027727171476419329
0.051938049078677100
0.038091951880781766
0.070824872249931309
0.116701595613537074
0.184039280209152972
0.024473237241491710
0.065091161924798066
0.038555036884796778
0.216515242542308195
0.052790672316337037
0.391833570850269264
0.030999555729110860
0.050372131027699718
0.003782117070692472
0.007095647207394157
0.116370109964940752
0.065746441499457381
0.016707641887906806
0.051893294869700755
0.009051626586485985
0.003617668159835186
0.203458788721247064
0.196489001656745654
0.039821468555120650
0.052541203610756343
0.059979085887445785
0.016940204723329941
0.048156245085869624
0.091689913235147275
0.163131356345031731
0.156967813569100223
0.199217654974180980
0.071262018362465526
0.086522230328191507
0.095851924772446029
0.122750516371016222
0.308635971859147262
0.084057326270423560
0.137814197603137290
0.069120641439579508
0.081900671627150756
0.066502242384590127
0.112491495591058449
0.198522146711664405
0.203059230820861886
0.126800998588730701
0.187310532804605134
0.027126626621165745
0.075192159712277370
0.149962529769878672
0.133169222986365882
0.142406434942544680
0.159799390319887324
0.054651339743225585
0.086404922007364160
0.037657401948314191
0.232602187904632995
0.381177563469719982
0.400000000000000022
0.026513220377160602
0.027018712678314315
0.007867648403356268
0.008514121707275731
0.152014520069702952
0.090592895496473938
0.028151978759392626
0.049840319048426854
0.020386925508202595
0.001899444381816322
0.043245881787881434
0.042229568409043509
0.035468071372194016
0.177508061600012701
0.115150603329380680
0.016307242379297985
0.045862032766279301
0.029797596939638751
0.138715799374619669
0.048353363280819239
0.146576371997156452
0.081241610342134285
0.062471378022755819
0.120346914046825515
0.067869580747544581
0.152314282853860561
0.131213702062629389
0.157048974316319923
0.074439903748787228
0.126181400155263440
0.054224014559253686
0.113977800984819438
0.231724746096246936
0.104620468070814446
0.161751921832146983
0.332653751914316786
0.030542729011399813
0.127437248076286813
0.287260344167751147
0.040586242170222317
0.201174379168791828
0.172978810480940270
0.030772744205550706
0.095687968696734987
0.095729554059682836
0.086029051920365834
0.198795938984807463
0.355530818783934999
0.079521515662735007
0.190743458607549321
0.105044535051415394
0.026902259172546700
0.168759696125119929
0.214608703472130402
0.019361708936068017
0.159803743347102400
0.150575900020724435
0.000739738163915656
0.130099009699862933
0.100039038577499337
0.047160096676804542
0.128337935979328771
0.212791351774507032
0.008071196054907772
0.068556234097116295
0.051125701101209300
0.400000000000000022
0.124226863798596876
0.144088685081681295
0.086658698428146719
0.071780285164747284
0.400000000000000022
0.400000000000000022
0.192676022853096096
0.095085579248731178
0.078795106643151258
0.087292035812897295
0.400000000000000022
0.400000000000000022
0.215825836140026261
0.149136448282588985
0.193766055035153872
0.072328669036897414
0.221102326692487805
0.400000000000000022
0.215788542925350768
0.364439305162271243
0.145784046799482619
0.250876160904226098
0.204332723554823625
0.400000000000000022
0.317532410107843721
0.400000000000000022
0.052634582051996073
0.204830080607514897
0.315150760686623677
0.400000000000000022
0.230792992122934082
0.301272554524893044
0.026967719338526742
0.133108448520807832
0.198519205883051775
0.400000000000000022
0.285476129743970741
0.263698327150283407
0.001543851103734422
0.222588283991392327
0.142979016197494091
0.400000000000000022
0.339782795498303036
0.245899317719951521
0.006111947697776125
0.400000000000000022
0.392014767709566336
0.236179565390770091
0.307693217781312145
0.231489043008767742
0.139973813532831504
0.045645130048566261
0.076497448002018686
0.284420285419067553
0.239682319085482376
0.145125314986472631
0.122888384697021735
0.041440767310592354
0.310117250236782993
0.282921385277485449
0.240805492428161072
0.078378926784954228
0.075196953413164347
0.103210370649793340
0.159009985611991533
0.294832852098270204
0.088823522662471593
0.153196962142698428
0.056005279440593157
0.259884791527082382
0.191636608617500787
0.394963446726288026
0.160965556615642269
0.233004868756517880
0.052961284437422693
0.076036941541063940
0.079752442998836826
0.400000000000000022
0.220574951949428000
0.242799839870990852
0.039846711748932916
0.206188892371134858
0.146392564591026397
0.318865758304908542
0.119714213353084936
0.217983140967712208
0.005083977601582313
0.400000000000000022
0.249468921167711771
0.261439129156886774
0.106717857981271244
0.107712970099051980
0.007855936975229908
0.400000000000000022
0.340585478924148699
0.120610613019884419
0.140180360862731251
0.095428137884968012
0.074711527960714674
0.045647104232447638
0.035628489714868067
0.059072394769015754
0.083786367275377915
0.106272835281017039
0.085159329009661777
0.064799451424264007
0.099789699956924355
0.079468802214634343
0.188070134466025440
0.151748405235113626
0.060136643343740220
0.024076192799915283
0.062340822816060334
0.011493952240742341
0.022396945336712010
0.118765151368861913
0.141262041060125410
0.097911583420761339
0.137176866547562726
0.061473601299184319
0.085423193156399763
0.106311270923679049
0.030736178121225491
0.135828782219210797
0.084535794939172598
0.090300650220013809
0.160642302924876884
0.256302195244204056
0.057613630720063654
0.252107610692422823
0.155353883128079656
0.124338871307483625
0.171292277531844062
0.236618541696263618
0.008796368908612986
0.044919151072785282
0.025368600068836247
0.261821664777831919
0.076694580672374835
0.062165723197404509
0.003180929140910989
0.070926058527998062
0.075136157807595555
0.001121824086696672
0.025426671038582316
0.020919861170965885
0.046013477311492176
0.039040688348569691
0.065689853510980556
0.095910002181629747
0.136557547923492589
0.051601797647513728
0.075282302623898650
0.081984689125641441
0.057660658550453089
0.086763095570677379
0.290992983046578835
0.049834077862823678
0.081745820138944270
0.027981905095196144
0.062143209773192404
0.020912326367490158
0.080899304370946806
0.041596772187849303
0.096932350627384131
0.048383940964059277
0.026132174407360764
0.065872260745236805
0.075892926372904165
0.074132156705246657
0.015106073860659656
0.067420018065762602
0.057980658873190975
0.043507373254726131
0.052223203838437010
0.235372702935374517
0.184039700677364498
0.259232738540022878
0.400000000000000022
0.006552823537433944
0.044439361216578016
0.106919424215709463
0.170067415979900216
0.027461752817374025
0.236495290236899275
0.013102100667139635
0.020961657313068725
0.002354882224206075
0.004347939055480066
0.000000000000000000
0.076076720525691338
0.052096013119175277
0.044243917688043956
0.136011429461402961
0.051381647515784085
0.042216062782023167
0.033914458510745059
0.024847893551434304
0.018832929351113609
0.201116080573833178
0.080085065127020405
0.105524960385870073
0.142506227673512148
0.011584492216540388
0.144877491503645733
0.098609898218640774
0.069131664078762742
0.070504949586005769
0.163115688516100671
0.013812700787634280
0.067996879864861373
0.039618675294104518
0.179459995346714390
0.178836379774448162
0.355558854919675094
0.025724033022678366
0.014237965914071275
0.011723389582135934
0.022784897056620294
0.052385250890810212
0.103319375903314706
0.035370185239418546
0.062213524914522950
0.011346050683532949
0.030495806977860480
0.082272049510977163
0.400000000000000022
0.021958829214631086
0.055870505191835937
0.045417994336150957
0.050450003669500268
0.155988228279410335
0.185518073593983895
0.004709712420603288
0.015573813236645577
0.032163703851567138
0.001254211812714394
0.072207605053037638
0.141690007211960012
0.074907829246790486
0.034187049824616601
0.036768424483782952
0.031650040143760730
0.015798158588803020
0.020132700228231069
0.047072054980778447
0.030091121471625806
0.120672946703846568
0.118149506318794270
0.166150556284222872
0.183934314929576292
0.020317936172656523
0.263329360708068616
0.066479861884842228
0.106660880567682609
0.185901028338987473
0.252927440998424902
0.020979283970923100
0.096744699140799112
0.039092813790717010
0.160930258064082121
0.267380871252457575
0.357216587108100003
0.005406916630168740
0.005462271635725751
0.029051647395366566
0.063917058082433753
0.053851941714400386
0.073380083411308583
0.016704143707296757
0.016681834078263926
0.016424886187873949
0.101870651619115793
0.012178908339467984
0.094740682642755897
0.027775204095961018
0.096316020113522943
0.103548723271572371
0.266656027620153668
0.079331942657585613
0.057717197161286773
0.001305633560316888
0.022229060470555367
0.061421926875864827
0.012969908856964748
0.119780053096667394
0.400000000000000022
0.030138344896438785
0.021543374935147613
0.018560240467225826
0.036338531368026214
0.023798560879174764
0.003579928510377154
0.034450267818936509
0.019425763243822024
0.052314040054051630
0.053162566822164442
0.190434458645899862
0.094526299393680846
0.025589244439694306
0.069192607244717014
0.099897495206111270
0.400000000000000022
0.396450917331601871
0.183637164817697762
0.005114156876560513
0.063884556759530101
0.089705761039735279
0.258229067574923865
0.389416094888597075
0.385200816174567140
0.007737498199468165
0.018285665803999276
0.069310219529072056
0.071224347577716868
0.128514398763858284
0.036729292325818105
0.022719974647750912
0.041887598488488373
0.037545657676064964
0.025766123541103060
0.004656969981108393
0.024335314245758164
0.030098729231342599
0.102500364895365417
0.018749504506761182
0.057308955939691084
0.013265009520886085
0.016104594917282347
0.027146294130347547
0.050451237430333050
0.014964607555099575
0.025851000430171221
0.008805331599094470
0.147927325532109744
0.173968361999708110
0.075130288684154140
0.086575430927058522
0.060380530132266623
0.068059004419299157
0.043329178431414005
0.071057679998440509
0.040872465732006431
0.161060723712287857
0.101993777605361866
0.145273988667209697
0.069570470742581159
0.038257400003687644
0.104532055211096528
0.097929166460865621
0.376065804972972928
0.209027380734040757
0.105556895412645763
0.022086408989775541
0.088994734267894990
0.101752108020772947
0.324170980431505384
0.229065031176674511
0.098868488733149379
0.072571620206614035
0.105617599483379149
0.034842853474935473
0.081184893915696860
0.060563838758542418
0.057299939014882631
0.020739504028644697
0.016735825095142709
0.006132420277152393
0.067955769873268720
0.047753615876571912
0.056254438058736519
0.045502867061305866
0.040358125905834326
0.033248462133420885
0.181857831537743903
0.111570133284468923
0.015843712122727571
0.060409200384507811
0.046475200574529515
0.057179555138473150
0.100413532201819311
0.033722979041351527
0.110540539763048812
0.050354766224946931
0.070720700641931145
0.076201493935365294
0.118847358628176580
0.072119568434744513
0.050390740769299711
0.058723401299944682
0.026608966548153572
0.066049912146972742
0.089102402276607984
0.130099276468620767
0.069666234936658883
0.087242466220509893
0.104113810670794893
0.049776098548529837
0.137964948786362340
0.150649247931571362
0.035438809137362547
0.091424932353690452
0.063215502593285955
0.144811473276067776
0.212170353867174200
0.033049039444385267
0.018297974735798229
0.110218594589681196
0.142750528355777756
0.090446571313008900
0.083814061259046696
0.015401766042961187
0.010594686566535654
0.128152282314435345
0.251488037383826746
0.049634408261475985
0.081016467464659903
0.216000293570002777
0.013210807559923246
0.062591643711939315
0.244677682925636686
0.197123206970494680
0.191951408067748353
0.162080135167661010
0.037820478451271844
0.061585942032900784
0.251169310296837922
0.289728653120900015
0.136747905151705706
0.082943808703018873
0.179542615955379903
0.110846626528369810
0.208678571344040414
0.165179771958125110
0.143649309253649604
0.039546483013865354
0.037536844978646074
0.248390818261950641
0.282998158161000102
0.191811782144406862
0.135806655510768010
0.111789331099284711
0.063967832489945434
0.166112247634357418
0.371136047823074522
0.311672164606206281
0.181703953769811716
0.173127688078739433
0.026387267773244273
0.376156142953184003
0.080430328221557559
0.390677760148425923
0.314365688869772175
0.085613783798694679
0.023854133684549073
0.242177326738092724
0.259383447675200551
0.400000000000000022
0.340602431344862400
0.348488702510689252
0.131567604117983850
0.134438835748457219
0.283732380466359513
0.121607960496131678
0.108820260287756709
0.227962426250599787
0.220136383495196486
0.134535051648455140
0.177115682764732052
0.281597118143604830
0.244831426843945710
0.052000472910267284
0.084834980569974683
0.126345641563745253
0.329441831481968928
0.376248633019219736
0.348558377165131383
0.093607810861166874
0.336577148609299659
0.192298653750655663
0.237971910691944344
0.070978100255418924
0.148916242176633323
0.093056766038734168
0.058045892779097066
0.228879388314254972
0.316770736479810799
0.118083448594020785
0.165257485388012576
0.154723308253770564
0.044585295925714162
0.113330511383245749
0.275562326347465358
0.157117974926217235
0.134442032689279262
0.197307081045471538
0.069853060230883599
0.249126467424994169
0.046989688175957084
0.343060958475025546
0.231685827024048385
0.276143850109364986
0.028775216016065402
0.111074804191020504
0.138434383009275824
0.386019686752853142
0.184014907787777127
0.400000000000000022
0.061249965866659324
0.155257709928629972
0.167864344690134421
0.208114470488221792
0.124140137722176663
0.376030528226453331
0.049835254792142222
0.092197557272632194
0.153414817681856608
0.294942122359630243
0.307757296205405262
0.076508804082090945
0.022524990738075026
0.200477836014534866
0.101866259892029548
0.187602589797127128
0.344024774000709299
0.180124034039232245
0.025940671096091456
0.076475707108090291
0.201814572231249545
0.168571224992500046
0.090744888166922541
0.132079727941576214
0.062542645157229640
0.213308184738061540
0.248824207701582784
0.071674267633718952
0.063367418053210528
0.108339155602221571
0.015263568152949172
0.104781047243597991
0.261652186472520754
0.140898157891173104
0.041800981165537307
0.028070121918305060
0.004885873136848232
0.078473252649311140
0.064427863541940814
0.140350961252058259
0.194147885370813456
0.034891572599430931
0.010200776234403099
0.067207290766805275
0.014669200493899808
0.310455532965813741
0.192895961108482727
0.030671892948645391
0.014220062137644025
0.098270683101546449
0.063024177038965914
0.400000000000000022
0.386269800602389468
0.051817236950886282
0.107300146369378124
0.118810502808452428
0.144413053453765511
0.144974944316979354
0.362132340240601813
0.184736746271282087
0.038218682041012454
0.196340567220211010
0.137403342838413961
0.072585212075986255
0.384227845995920303
0.210913800350396641
0.073565567793906578
0.028156442591322627
0.043332042893218535
0.089342543887770409
0.156020012007063003
0.072893783455271061
0.050858452774932839
0.074906593936424681
0.171020388483247021
0.099975522126699551
0.163105686520377741
0.086974386840650106
0.039892701752220767
0.050182582913849590
0.123190172864298592
0.140836146635735737
0.033004081292782005
0.060083209841741425
0.062483926704061526
0.039947033039359821
0.114343018630496993
0.045252767305251004
0.062038044342544917
0.028807340068804588
0.028502525607233382
0.074595952442223265
0.060392436794356824
0.036756915464957005
0.076977130751029771
0.017387541184160429
0.002848404019702447
0.036381072210156476
0.102655112826012668
0.277791177844208426
0.400000000000000022
0.044284642863012820
0.099725048577875230
0.083797316818565171
0.061435153037979633
0.077768735808388903
0.264846349478206733
0.050148755619146050
0.228480372194459297
0.126516454257282140
0.104387979060263342
0.053263303906110608
0.045487502269918462
0.020498979482643492
0.051988415543310205
0.052498796053093447
0.203598647036784347
0.309583575975634351
0.112544266314100083
0.245817989706905105
0.110846040797094217
0.096700093313745572
0.091718579297447048
0.060151987696734813
0.090870528299352799
0.077989767466342924
0.026245474753359966
0.043768284787355456
0.037230167126975723
0.005621388996494898
0.050478431017367577
0.058729544144050877
0.017446749092926338
0.029165769421954653
0.022952268878267068
0.000305718249998418
0.012367941520207962
0.040884873591720695
0.006994964015055000
0.051716173743612072
0.072374950643983027
0.009784426274028375
0.029000626562876112
0.022808721338008941
0.009156348991564044
0.065778338006304921
0.089648833134157474
0.055226909340666347
0.174643491493982006
0.061468392474224323
0.104422784489499779
0.079164654494225939
0.094192063805461440
0.031485445777541247
0.057205022146558260
0.092612171374692395
0.400000000000000022
0.010571808604793646
0.054081942316512706
0.085864401521359435
0.008389316279858169
0.016311613062344237
0.039821829635414904
0.400000000000000022
0.400000000000000022
0.400000000000000022
0.400000000000000022
0.400000000000000022
0.400000000000000022
0.060356344523544818
0.191517614689273918
0.233613889030637178
0.249138688589586654
0.244764637510157645
0.204499337873334408
0.058744704656224160
0.325964445250108481
0.179687515295041511
0.282643063370405234
0.357382981982983350
0.400000000000000022
0.049064082583253531
0.149353952369340792
0.046879147758840112
0.186918246299985324
0.339598814612620814
0.398883199700213242
0.031899001105971686
0.069250354582479134
0.047378246690154842
0.120109869532978947
0.079007478659865335
0.130422668311211826
0.053108564332460778
0.051258259984711813
0.049098386500056615
0.116949167098640200
0.045782114415757511
0.125130272820642763
0.086719892823439046
0.142338035797227258
0.169986213548140835
0.274696602483738117
0.307591717632172079
0.400000000000000022
0.014181027414689488
0.067690625313790970
0.115783363014676371
0.027562257486502695
0.160557810087308656
0.400000000000000022
0.137505396211521608
0.111794149335893711
0.378988380329667640
0.182053438940511125
0.203912632056715726
0.126092514309270542
0.057998579857523463
0.142931016280295642
0.166765750059261086
0.177845455660499752
0.242974143430270795
0.127459869187457053
0.038432435080657260
0.086439682175439209
0.206524890199071970
0.400000000000000022
0.400000000000000022
0.400000000000000022
0.032841328352979843
0.115822605838207207
0.127797712920517059
0.329053939824855146
0.400000000000000022
0.400000000000000022
0.032210735440959870
0.083376827728797342
0.107865256413868821
0.287739590120025091
0.181305071080195335
0.400000000000000022
0.053719530376861765
0.092259729516188091
0.041327774746757438
0.032861770748497221
0.121027079946049138
0.090081755745215542
0.046806371119249401
0.154393659765066193
0.027801131093247174
0.060926624099526282
0.216723798242133142
0.212593596574027988
0.066967762685468196
0.102992441041089400
0.074943693442545367
0.042791205153501155
0.056961576684964099
0.239617238767257046
0.325120524841554959
0.232098102253254363
0.285793085901239530
0.131642548494732142
0.154581234747490665
0.139181103203860013
0.193808196369456731
0.345222117201035350
0.245118049982711472
0.239807975208499169
0.214394630106789219
0.151471142369731915
0.104759642388277757
0.217023550802154991
0.296451313172530040
0.400000000000000022
0.334804571430720288
0.292867428217250869
0.049213035610941279
0.164186893980172388
0.251714637790651619
0.400000000000000022
0.364968914580908466
0.258667879053036676
0.127222959949839620
0.192022521490743309
0.072500255423249671
0.313787081820329827
0.400000000000000022
0.400000000000000022
0.047252724405805302
0.043754537773457024
0.014000068680508663
0.076469891580544458
0.199768135946274822
0.146847333555210458
0.073654845820698478
0.090198444954261187
0.053635387641623483
0.183757275919560203
0.154816015072350349
0.058073280531771077
0.095877271756701826
0.223983262174542230
0.172330158467853822
0.116720774581117293
0.079585011807630834
0.140338136702687577
0.189070565599566587
0.119074063922750398
0.222777865932521774
0.200088968970310865
0.134590946457500332
0.170737654816125212
0.126592982047489255
0.178923249402014151
0.197263614209602145
0.246151376592927906
0.204539180217408023
0.195847635091922267
0.141466480779763565
0.218091611655614331
0.281500844644776760
0.242585416857176800
0.312401169763718345
0.357319757161749796
0.121967661365090282
0.190652750669572768
0.400000000000000022
0.252756596037396530
0.234223418613177081
0.191276785216738493
0.140991338795231846
0.238438497052512743
0.186176125372691736
0.169843113179412530
0.214197705027768664
0.366125505350470615
0.207673797977170338
0.389559596810884701
0.154678943312891365
0.107918726637206586
0.352847895239909226
0.227819511032053640
0.081953352648007335
0.358446656612629533
0.344680639550113188
0.192691146231664029
0.292179144867523943
0.137859517028771167
0.108746038709705325
0.338953843846953484
0.400000000000000022
0.144819101206613510
0.151500042800135182
0.230668317056589245
0.400000000000000022
0.332905435142637263
0.309268457039806377
0.230308007681796295
0.111326768178612645
0.400000000000000022
0.400000000000000022
0.397556598971570363
0.286897361393138040
0.214601762153919295
0.199081366912182006
0.400000000000000022
0.400000000000000022
0.400000000000000022
0.400000000000000022
0.369405197952780706
0.245456357115636847
0.247489594465732099
0.400000000000000022
0.296218871146908369
0.400000000000000022
0.400000000000000022
0.336489944702920762
0.228186857239372681
0.400000000000000022
0.400000000000000022
0.400000000000000022
0.388077262178095794
0.400000000000000022
0.400000000000000022
0.400000000000000022
0.400000000000000022
0.391536533006915988
0.135787979626283473
0.343437271856081638
0.398685952924914488
0.400000000000000022
0.381210115737075195
0.400000000000000022
0.246375277947680105
0.274588756901659625
0.227813996767468774
0.400000000000000022
0.400000000000000022
0.400000000000000022
0.351026565994602580
0.400000000000000022
0.400000000000000022
0.373772252468153932
0.400000000000000022
0.302467143264186666
0.288890055709464855
0.138701896087300436
0.134543340781115767
0.400000000000000022
0.400000000000000022
0.263208763580493388
0.288145870085034284
0.196164075564362939
0.352754821156014309
0.393860712746285535
0.400000000000000022
0.235496901711171464
0.209638986102443609
0.300517451695264892
0.228863045842875118
0.400000000000000022
0.135813210838428677
0.400000000000000022
0.287691106464641522
0.400000000000000022
0.220411824633566178
0.400000000000000022
0.299399939624918066
0.400000000000000022
0.236976192225199861
0.400000000000000022
0.141002408865496143
0.400000000000000022
0.366501927438327435
0.400000000000000022
0.163986849471109586
0.400000000000000022
0.196227819383168606
0.396892170605059436
0.273129031034941516
0.400000000000000022
0.311908740633646875
0.400000000000000022
0.271993911905786812
0.400000000000000022
0.208584117873300778
0.295315559896179136
0.347197238302775824
0.400000000000000022
0.366526150020240138
0.197086320127974723
0.341994933093980769
0.263999362877468058
0.165456416127637201
0.177726832174023880
0.098171134872097707
0.272380579507077281
0.332610574976960727
0.177947102914736033
0.148526747062872277
0.173138607026485591
0.115053268109873527
0.184249849458232362
0.382967238948177413
0.292646563126286730
0.101937624509277541
0.052146314718220343
0.067226695952908561
0.089967204890053470
0.086824808878652820
0.259116112620920158
0.335409926430938921
0.132803156020192270
0.147377642781965829
0.128680892065989594
0.100092393650299580
0.398943850837888525
0.223632139229708232
0.166500675167856216
0.098755857076816639
0.188571333321560231
0.223666479963842785
0.400000000000000022
0.400000000000000022
0.303924847643309126
0.262654029497457753
0.243149374115936068
0.313302312705736496
0.368532579832698326
0.368090721099014917
0.229655897344067328
0.063587282109848708
0.400000000000000022
0.214097923510788796
0.134750935273390771
0.385512401126487436
0.281839858878394689
0.148701725601502133
0.029278266678019291
0.068758713931800844
0.110262405058736301
0.202033489318555137
0.111934471803840765
0.116548306285913381
0.170816596118054442
0.307577936406739583
0.151577319774213293
0.238387989144276391
0.168959075966291533
0.097553360302673864
0.136945678484526989
0.368508310411862328
0.190670224498559415
0.114749901431726281
0.088065114936937555
0.124627136477253930
0.060859359406849979
0.195242323001443813
0.086849539493100314
0.158970394969929069
0.077191281032863865
0.054634700014594147
0.140468213187460084
0.136285363167260976
0.110889072170203662
0.092083204611689423
0.084807559249923031
0.060829062892893429
0.079888445464882593
0.154878316664449678
0.400000000000000022
0.400000000000000022
0.303517381403035691
0.400000000000000022
0.090350140355999115
0.105874514254557656
0.184688160024098380
0.385561346836492569
0.077610508436520079
0.400000000000000022
0.139618554924421795
0.125349636373332074
0.055618186130316688
0.049835441325398522
0.020498979482643492
0.128065136069001551
0.104594809172268710
0.247842564724828268
0.400000000000000022
0.163925913829884168
0.288034052488928272
0.144760499307839297
0.121547986865179897
0.110551508648560670
0.261268068270568032
0.170955593426373204
0.183514727852213011
0.168751702426872097
0.055352777003895848
0.182107658630621422
0.104231287215135679
0.119610095096130339
0.129234493730056660
0.180562437609027016
0.042978470209588934
0.090949148743128441
0.039924393544102946
0.191827936866922372
0.219721253366168878
0.360552634820071827
0.077440206766290445
0.086612916558054323
0.021507815856164309
0.051785523619496399
0.075193972228819156
0.112475724894878740
0.101148523245723473
0.151862358048680424
0.066572960024199310
0.205139298471842479
0.143740441985201500
0.400000000000000022
0.101123483708857043
0.150062568997297391
0.076903440113692226
0.107655025816058542
0.248600399654102744
0.400000000000000022
0.015281521025396934
0.069655755553158283
0.118028105372926559
0.009643528092572563
0.088519218115381867
0.181511836847374902
0.241632495743832998
0.289050466104012471
0.339993788098600203
0.255251251223085562
0.200474858138113748
0.194140986426605350
0.241521777555648964
0.372141123479238001
0.279712000266057303
0.238929500686394736
0.194961806406921623
0.200108885032603462
0.202924310369857308
0.426747060584472593
0.255505733130187540
0.298397087870314270
0.242547644327916478
0.258356441500468825
0.224537287993947426
0.203593112347364685
0.292071134168359670
0.313375559549680327
0.282903622494777796
0.267627898531229924
0.228027652407285730
0.236108949372095450
0.287639392036034724
0.226983547639145300
0.234960740828390025
0.264127883341371550
0.219976909442754609
0.303430658939419395
0.306220028088344198
0.218563137187082479
0.238282946619039870
0.280022407496551218
0.201072870603565573
0.320912228413304190
0.321313181325435682
0.222827348593624741
0.216619099945981525
0.280305015979476047
0.226364419761599212
0.305339135606160050
0.271892957084531151
0.158156427214618645
0.190137803947644568
0.291217696665315440
0.254509991849903749
0.238792154440615134
0.307136331249187933
0.236565198933354537
0.220974755090879604
0.228061460505397495
0.250640539493839298
0.255790880709055479
0.220347862181857507
0.253354406604861193
0.237506464080686208
0.241476958371733191
0.196765297137558165
0.301487836738826842
0.257776422899460289
0.321329078101825871
0.275783324641235617
0.322429119591553959
0.205694733780162869
0.148919827982306130
0.308693574050761366
0.327165148715143683
0.366671572008375524
0.311042831371367179
0.220340530722578087
0.192573962030010648
0.281341473866836278
0.237642815175873490
0.305471360617334542
0.272514450161179811
0.212063789318949286
0.211148717522346124
0.295824524453184856
0.241469367576022081
0.352088639204526987
0.301668382678615177
0.188183450417020115
0.192097998969473466
0.273811495507060798
0.324344825772714951
0.318894822971546033
0.300017489423193062
0.210930904907256467
0.179763033440533265
0.229917556464116657
0.200254958743972672
0.267069441085547643
0.315087294432986276
0.293182558833959661
0.313855803690307689
0.318214448721928000
0.226643217293813953
0.200108379949807819
0.192779549292388858
0.255164646559915997
0.345529596735531241
0.230446468164291318
0.229321739927895063
0.201073655050881095
0.196750113470445270
0.193249884710685632
0.401720893521870570
0.305651477104545211
0.348565630895165290
0.279592042638914240
0.302719524295891051
0.204477658717810012
0.189524369807379384
0.286587360672021951
0.292416488947063846
0.303192595523282926
0.261548278742449958
0.215026886172063503
0.237682875770225094
0.271356462425574374
0.208384957216358413
0.238642427874603824
0.244318935744002125
0.216722033122319219
0.252179200569436157
0.260853255733470901
0.206307040822284127
0.232297401253604180
0.286945654623835644
0.203769224258753684
0.280889355668504592
0.249681214545696556
0.221594529236146753
0.221073625568684456
0.283386946563632891
0.233962818246611137
0.299109332346737422
0.260962227681314107
0.144380620123479325
0.192653505025676158
0.297899592120499768
0.346215211417592650
0.305840090092467709
0.333796181365227873
0.222477774212475915
0.197078543124926814
0.227741715941961159
0.273344430774084324
0.273743805730541412
0.204590955305914701
0.208731224046217467
0.227955926039427242
0.247569218683562825
0.200104134487837509
0.282765016342154840
0.240782124072802223
0.361071647224250003
0.330317837408165005
0.371077716029262705
0.198257233055679633
0.129738126023554001
0.289134274120532497
0.321022468519930160
0.345300777211511645
0.327382439582734996
0.197913505927584554
0.173855061037873709
0.282588444778252401
0.217554603223231197
0.291997930605214617
0.276008225467640922
0.209684699823428272
0.205681097325472517
0.253820052667701579
0.213781609304451337
0.330285981933554851
0.296458892908573857
0.193908791954151699
0.195462869251205595
0.239662835311324568
0.261141275807683315
0.317391306422245167
0.305425017068066740
0.218319390073191455
0.187384266991031556
0.223131111809423160
0.197393554730329684
0.252019063116714404
0.320882181502856023
