0.000551094117273691
0.002247229659549656
0.035986891562024954
0.022539394257089302
0.023535736870096170
0.008626836701864319
0.004554596887039789
0.005136273970869822
0.021411359994323573
0.083631373575144108
0.002824011906855653
0.065103431395955147
0.006143934503605663
0.015778068532460776
0.044683082853884164
0.101170758126064200
0.006595812920709226
0.019565814113247343
0.036823959601529406
0.067791304310398717
0.066834386997599152
0.069029620437122893
0.002129486726038519
0.000851580617788184
0.056801656124152763
0.019466764432450295
0.021426724860880809
0.064588623436387146
0.013461493640615449
0.028658221655657099
0.359767250035632813
0.376585294445473284
0.087403462060148887
0.020322802660638503
0.016845073505567517
0.006384952456501197
0.222409978451857615
0.188293075697555268
0.213947736893579460
0.108200157278238784
0.046499607584311389
0.017265863282766684
0.095297342804566781
0.102901809802119271
0.078435269944799199
0.116926400485480544
0.132546332228609676
0.066255422306223444
0.003148372758911003
0.001214531564160412
0.043000877429521717
0.005194753384509792
0.004267463241612722
0.009565499128277248
0.094395891794622461
0.000547367491106477
0.032606912375183636
0.126238346180697208
0.000000000000000000
0.074639601323863783
0.008652739467358622
0.005119966260109384
0.041615590716826238
0.058831587460094058
0.000000000000000000
0.009221673513244932
0.052955685425195499
0.006873903876285142
0.035750789437015880
0.064364709262559966
0.005087630628326399
0.013879660059705069
0.041014691505799859
0.004026741013516886
0.035633964750591468
0.172145532638329185
0.010864893057022328
0.017020309051847596
0.104355223624152282
0.091595744212080499
0.074951243444314267
0.021404646499293883
0.001352508477505999
0.004937491385647116
0.061519698808483736
0.083250635250190136
0.125126870668745477
0.050404426621171457
0.002011713991613877
0.005849931466356088
0.035855091065407171
0.081087391320658689
0.189845999223299255
0.023120443292537506
0.062536334766403023
0.046960762021898292
0.014796943358275630
0.003341127678176421
0.031323625397977332
0.032198177824053424
0.022968970247392889
0.029463913912429140
0.129843389022964495
0.002098118424687138
0.019192866300464757
0.125139469387965357
0.011858164322480840
0.099931113694320575
0.005028576335595853
0.014581162931784918
0.016630008070889796
0.040019223773710769
0.006896561334940184
0.009890744342218641
0.061083680742860517
0.065428421363907821
0.055261941360142404
0.023259402491209582
0.008342055502625730
0.000351325742449254
0.046065674913323584
0.014798111350874240
0.045130613664473393
0.121617305988391725
0.046201972249596129
0.017192469557132120
0.032866165323127632
0.036823173897128678
0.089342750517923980
0.059680419076410821
0.021902525341714964
0.036582872017673802
0.094626167728372013
0.120224660412260848
0.110717472500317493
0.058139076732993025
0.021016621428355184
0.034288500706194755
0.110991913882858534
0.048068716471001638
0.053590048780926020
0.096939839383870338
0.049486099300773925
0.011957913167911114
0.026587503237402069
0.001340125993997913
0.042277600244241695
0.221751872067491113
0.021114775122710053
0.064131319295057998
0.025432911518755909
0.005573379721482984
0.032966065406983068
0.073765382694292281
0.007337128556084537
0.206479422194470297
0.016315021294428664
0.020119644693076914
0.023092237386566124
0.044726689165399042
0.010288373546603840
0.012380594878494480
0.091470587855944502
0.041170240656805149
0.045741825342744007
0.041748585606259915
0.015793797664966486
0.052429964775309812
0.048851756410313883
0.001488207697290422
0.048324253193443842
0.093534446662780255
0.045535613025890223
0.030661995087455894
0.026787180831510729
0.007933812251643730
0.021958678869775445
0.039827313753600949
0.033693996042286081
0.041366768677438770
0.041667473566959670
0.072186439439792832
0.087471887062111606
0.028347528620986259
0.083348442310479623
0.023416855464286374
0.036513231457291545
0.044035425204616577
0.111114597797143069
0.045767888051005637
0.091822886296887993
0.051893217501692228
0.171752316383204928
0.056577509032441395
0.044624275319815776
0.361963563243886455
0.400000000000000022
0.386312031011858070
0.276422243568993531
0.105306689710904539
0.043250669518998301
0.377776444294731228
0.400000000000000022
0.351434379525706164
0.224700400743131495
0.092277207507270018
0.018007048294740809
0.400000000000000022
0.400000000000000022
0.139759308753514389
0.089784157034139028
0.068164259151354503
0.019635760683820128
0.400000000000000022
0.400000000000000022
0.161896459293864925
0.009845354629593106
0.019070063163676390
0.060618250692555539
0.103839523604108197
0.354415608539580040
0.198536478680066408
0.010086752808403361
0.023049611269631565
0.028308999946245559
0.020910926678615781
0.400000000000000022
0.240739202659674939
0.029004952202185384
0.229083287046074058
0.193069160724227140
0.034959942540899638
0.400000000000000022
0.142388758236373869
0.113421712376970504
0.259546917133938015
0.309107883724493160
0.056326619422174755
0.196463141597528590
0.156587352830764470
0.400000000000000022
0.354066264834675348
0.047594465621721781
0.399007008972711796
0.106944641054338874
0.067347256785042262
0.400000000000000022
0.363180524566576568
0.033507223079823054
0.285599897539323633
0.193741311090092350
0.040739502521493762
0.400000000000000022
0.398411574126497581
0.022940522159085770
0.332037254486407973
0.223025039090205657
0.029541580870752079
0.395397353980388333
0.262158749365392518
0.036768730975729892
0.302080658645949074
0.334534878994225293
0.027767933874004041
0.092791059459680289
0.023933536494912661
0.125771807346185399
0.202551468996960193
0.377909291277938264
0.029560118778093711
0.049420276397253347
0.017332893895642874
0.107391163965941547
0.043860897125871927
0.177088131410185007
0.040833626299473749
0.027764599103701281
0.236861428864965001
0.218538440877915269
0.090219999953277175
0.109968738514112041
0.017205152442139070
0.289548819418861736
0.332406409145456494
0.389342018169483661
0.194101500436166641
0.196915864316773243
0.119860786275548040
0.040571118729527483
0.024069958889783416
0.081539420934905599
0.332563918839587580
0.057018130028757802
0.109134790588084410
0.028035029081029981
0.003511554891303154
0.079290325081662116
0.256219150802319051
0.015061092741039724
0.009445981276574632
0.093740657418247664
0.027552483813846850
0.021752482889589017
0.078261251302005452
0.012851564927962415
0.010122607186586790
0.369893233685708700
0.320510001777247311
0.107589396217369904
0.096108759731054066
0.065263737658502644
0.024509022782672314
0.140501054090327537
0.198213406067622500
0.179896390498905739
0.172427695483463761
0.400000000000000022
0.040555120426015681
0.013716763181851988
0.109185813898002249
0.396996246090361771
0.139419280395884609
0.163982253828698077
0.023913789471615814
0.082841504631847335
0.109345495319388378
0.200523442149890679
0.189946675275106114
0.049247816389092078
0.014287366415515618
0.289094866834609776
0.202325281871716778
0.336095072478877821
0.090068402561105015
0.137021931789041540
0.053457510665748789
0.011058972973543921
0.011417523283086440
0.083390951820979026
0.393738685765064322
0.083901080879373743
0.008770401840132313
0.011961906608787484
0.000000000000000000
0.129487828940076932
0.400000000000000022
0.093779787210539797
0.000931062079051072
0.075433331385168306
0.011180930769774049
0.014744787656414765
0.143124940785824134
0.020476913625848164
0.001883055780008710
0.166233277860925011
0.210640710484814753
0.121204220192777129
0.104229291287357029
0.039105427076211161
0.011644081748968728
0.196198416490069860
0.400000000000000022
0.345473915565726986
0.087150791969872382
0.180358196043417407
0.018164558803510082
0.045784223500332337
0.302903146419609359
0.399061104126342381
0.357050149445496678
0.095770361248485092
0.019199563159663199
0.021246631523183405
0.043218778756351592
0.258150534211415095
0.400000000000000022
0.172248918257713324
0.001559482177577418
0.132567312198099418
0.150277645020597095
0.189891695953680634
0.308906595035095211
0.377474579238441299
0.102771167047420897
0.000800463845989247
0.137856595755853406
0.400000000000000022
0.389934094275893650
0.018744339996157364
0.084641686514772649
0.000463778038357342
0.008534188707699437
0.046576998332043262
0.162620182185440443
0.004271541143005466
0.000000000000000000
0.208515846365101454
0.017816610537718571
0.020591295598624867
0.107848999197791867
0.004030274124359533
0.004812585973133918
0.199524196969989909
0.037546099821398157
0.064986995770357700
0.036906398908497402
0.009279671674662638
0.015887769375947474
0.081080879638683323
0.041259148128960532
0.062316317298649490
0.031917750871099125
0.004629466840762866
0.017048475350933387
0.010294460236200276
0.051776889684910538
0.180134305923541710
0.225695364225831613
0.091682386304226537
0.050256560849781196
0.004735841119830487
0.050762130921093877
0.135051707970112206
0.093095067461838238
0.092062235622319910
0.010649383721164371
0.171429172024140736
0.115354143466610728
0.093106592644798869
0.130382229633444924
0.387946132803121790
0.219663561476320879
0.004229962454904093
0.121809404721562695
0.347790107579549201
0.161484369982257514
0.039422247882552018
0.201551604766595949
0.004629174534900077
0.000022091698170380
0.010739507652373548
0.154657465906295033
0.066946064884121401
0.021555462428165542
0.062630478888653446
0.010529799927985004
0.024521221630393025
0.043758584378469807
0.002297607172970108
0.014904041365291115
0.149436651705459306
0.057395189773898708
0.051226609975832900
0.038412968917067594
0.007538519362262833
0.005117589433315465
0.121587285372061413
0.037586223759807885
0.018021849919401964
0.061486474443762124
0.004195291986651701
0.006423950833833902
0.317493011113457846
0.328433063487291066
0.089244447670163110
0.096985447353095638
0.058954410362250499
0.026938543852800464
0.289943199624665970
0.266708222864273925
0.055011734981840102
0.059051301942980562
0.024284605343543073
0.009743699285800659
0.198635909447814452
0.142085559863172395
0.140994777570342011
0.129558802131260697
0.356474582990818467
0.393805883037652349
0.000522813784711442
0.024130077178478933
0.012359062627929617
0.081770212158051692
0.089373852749397464
0.140014523191336948
0.002403583281980575
0.000000000000000000
0.005197675510872103
0.071785606062569854
0.023709183217646781
0.021552850033870783
0.051912301969040626
0.001509214194049294
0.008048719528684165
0.047715028908653999
0.008025065906558021
0.005054669044774928
0.094647871366953212
0.071190665996136160
0.128876842957570764
0.021414777646535814
0.000615847579918718
0.005634316908786486
0.031628805827473329
0.016089324436561775
0.024473070388939113
0.014727291858956916
0.000186679715141176
0.016273933651232284
0.254924612489766389
0.037684943424249190
0.039584998804653618
0.063008107273682890
0.055823581372511165
0.082574303292187748
0.241510023332507900
0.063994159095211806
0.074675630306030305
0.041798220297669969
0.028569433709144519
0.036263886315234910
0.294102459344615152
0.095468936604003338
0.050426897512118735
0.130081438728619436
0.076630085996817462
0.193102245880258483
0.000534663147070748
0.032466836932653835
0.015863385622803428
0.061578494593019867
0.090133357420688134
0.138653446006673786
0.000000000000000000
0.006691528256100084
0.015818236542179526
0.171761383670587381
0.072856047300934382
0.031275410475156883
0.038864649433229030
0.004999322056939787
0.010908742013411929
0.040716609488793160
0.008113834245194792
0.037969868641487485
0.061526912100089391
0.188781982646376301
0.137523636627971679
0.027891228604049099
0.001427235413364393
0.025240105182027062
0.048930263330197232
0.052317090242310918
0.025516868975034551
0.029618771653959146
0.004576868838810744
0.003663281679740858
0.011409989697787806
0.013770926200709818
0.020949457966215390
0.029638218898957448
0.012845091107075667
0.009050319968664041
0.115174093939612865
0.016056869425353455
0.058939722135795639
0.021766817129270519
0.011474095123132565
0.016996124139147879
0.203539257543716351
0.017092202199486106
0.028658705012005525
0.054238462966252642
0.058019840989649352
0.051344196867434619
0.008430108740413845
0.036837780069087583
0.005004510763834757
0.182161781077781748
0.212643776368277693
0.080784606747509979
0.000000000000000000
0.035435138035844929
0.015878611498668087
0.238617929796275552
0.056877753631240424
0.017790394687535450
0.000000000000000000
0.033972187365212153
0.055099105056045990
0.046808770299801669
0.008009887071082597
0.023974790366521441
0.012264484235826921
0.021868603813640575
0.074535900519660164
0.022746780966064778
0.005054389939703945
0.056934545173854739
0.036124679018576231
0.016115048425178673
0.007990387818064408
0.060440289743269232
0.035518544818174021
0.021941597720005607
0.052393804580736211
0.005790621811296488
0.001742298963137256
0.018238176423931600
0.024485679986633858
0.026061775875482508
0.100517282409822772
0.024239536955886872
0.014872269691313259
0.029608715893135705
0.010714734722966034
0.040697642648443381
0.108728340753631664
0.028770340069915575
0.053204802725386316
0.062795877742725062
0.028424691001202741
0.040846898433357565
0.080257333999033981
0.213548647266000702
0.035194265736971451
0.090876398303365261
0.146578003606147200
0.400000000000000022
0.053588406278626106
0.184345294887547889
0.096702271875666115
0.071368796481484142
0.102288516050541234
0.400000000000000022
0.028195345484888938
0.224838923206180846
0.219643841831725473
0.087511780099793726
0.036805670862600615
0.396676227516513769
0.029015510655694993
0.174383307559989015
0.117206881632070811
0.067431325140718881
0.051675497435857073
0.400000000000000022
0.049301770656356624
0.025874935244849448
0.025643468384754235
0.149279867513104986
0.090464057298836678
0.400000000000000022
0.088676032902693852
0.039100186873694098
0.013494713297885652
0.044222601794887399
0.095175120748534375
0.381237391013989568
0.344159102250149451
0.090210116419240899
0.087411765111687856
0.022191435361604100
0.029923304460015836
0.214121206703678651
0.268782192571280221
0.098914563637101480
0.197763674914043980
0.131268901642585756
0.066924738843957610
0.116037998829633754
0.392761943166684002
0.400000000000000022
0.078904367214356286
0.124696542866765514
0.137496215754577877
0.057867865188903189
0.390103896796828442
0.400000000000000022
0.166572931260025509
0.066009563296567986
0.102382930466720742
0.323630436703618962
0.392588351486544584
0.400000000000000022
0.291495865542466370
0.089514132161646470
0.010658569322733310
0.112181388873738713
0.293715488639754385
0.365610058775383995
0.101926990781020368
0.041845313142565621
0.027133353954545358
0.251395527698161092
0.051108776591522978
0.040536043984196961
0.006498149676282809
0.057227934689980137
0.053661714276376324
0.291315869921718096
0.085073523067882462
0.039689098448729476
0.002901984520564146
0.071756190906191050
0.113770740896626227
0.189246606735989420
0.257311679855054987
0.199016179403574883
0.216581468131136823
0.021312206254856275
0.025811679706289642
0.248805476211490462
0.070052832960640243
0.236346772694041724
0.297353665821928792
0.312917694079930031
0.076091553426806124
0.097609103678318709
0.003343998693100265
0.147567106101811063
0.101835909237671496
0.099863270932593340
0.093346213191569938
0.031761691521295966
0.001720050878264912
0.127527323358427508
0.332505917085792968
0.125916131271008702
0.052134170484321438
0.016609783770819866
0.004644074330621610
0.086339659897696569
0.302146344737340700
0.109052630519038671
0.028834065677548745
0.052906786211681794
0.049871959000657488
0.147668889377592427
0.180453525169520679
0.177427161445005699
0.039135236879632336
0.017999918353201444
0.075457355291793676
0.122095912789989464
0.055041662981299297
0.123440732695978883
0.075090254445902838
0.046840348778926302
0.100192832900500683
0.023214558971617685
0.033662608088237816
0.142138847850349026
0.052936103386905561
0.068372403375897950
0.360128769476262434
0.042416301684990332
0.066451399436339126
0.129165383576133469
0.056408642781190947
0.054950162481073983
0.106369893518190248
0.171979463575398117
0.101786720417704091
0.073963401563003781
0.047681147326485943
0.060246496334153909
0.003418668395353883
0.047303071006286876
0.105532955636716025
0.039546087728871804
0.016181810259111282
0.032183867560254147
0.001909573247210081
0.056647160637832823
0.154757583372821639
0.103898669233267890
0.012212219851203431
0.165310050239858952
0.002408836769930253
0.114624155455518031
0.204796524873952335
0.138791395049947974
0.040819428526540261
0.031664113769262175
0.031498576115082430
0.171790465841091422
0.242919668130701732
0.209323495933606774
0.031856701716449366
0.026579321139976214
0.075558691162585900
0.390731789920469641
0.400000000000000022
0.184280787646298794
0.069097810144925997
0.046163291519898196
0.115277089998873830
0.056641207584035028
0.400000000000000022
0.400000000000000022
0.089303282147991561
0.034748701672650345
0.070221027849099921
0.086325949885179470
0.093979605890982865
0.400000000000000022
0.400000000000000022
0.054940931320995319
0.057787040775154050
0.353542243062575423
0.090394892650358438
0.164620274380886333
0.170438156839534061
0.055488354158051513
0.002190957214146463
0.003046611712545873
0.009546781622152939
0.013392630391717491
0.039975660995952352
0.081416423609867658
0.002647302630742448
0.005505914685856246
0.030624932599578547
0.031593682441984579
0.002074802094153274
0.095673910779170340
0.005300854954213228
0.006623836592912767
0.058833733903994767
0.174589362839281670
0.030324522179619659
0.023377276129426930
0.046739431062413919
0.027369687247589938
0.061244665802193093
0.194428947728899459
0.026526640351673288
0.000000000000000000
0.092793387205840627
0.059361630112661198
0.049449665538382731
0.208889440714002339
0.065310025585054443
0.015576965012162892
0.375144839023874188
0.071177433828644082
0.023620121459969688
0.024175110084024697
0.016097335519110297
0.064625237517739492
0.193327122945409630
0.135833397161105179
0.066799140595160303
0.048697420799494365
0.043089047694620880
0.054666611197919254
0.065092971274676614
0.193062983023655543
0.088751383974157036
0.136370980536771241
0.046533313539486337
0.084162408456816190
0.004781056572177784
0.124056634381112349
0.362018776170449363
0.184023764239346854
0.062957984752648188
0.210178441468460264
0.009183771421939865
0.005158365669040203
0.032150867646697119
0.238288839481439141
0.069770076790977062
0.086658893824120689
0.068774413392259093
0.026307868460445780
0.069204304484277196
0.144929342504534014
0.008893420093679334
0.034469855478538459
0.186260611306988705
0.125186494084297412
0.118060996973432045
0.107442589354190488
0.009668006088301354
0.005969170051103649
0.178388941496214148
0.057052988192258174
0.039448574780282769
0.126075097880149284
0.017656785627267149
0.035082172489490998
0.400000000000000022
0.400000000000000022
0.176647909730311969
0.117308250013734142
0.075799483867818013
0.033323496309301662
0.400000000000000022
0.382719538356568578
0.268959471875419576
0.167251459221219367
0.070784212927854473
0.027009562568567350
0.293933252252381205
0.244987369665291693
0.219430047515141224
0.246485202616741256
0.395463716611432703
0.400000000000000022
0.003671186543622446
0.025344608742639343
0.055359940057451332
0.086964965542561473
0.093641315991010166
0.149580022319614175
0.096799475076603053
0.000547367491106477
0.037804587886055743
0.198023952243267076
0.023709183217646781
0.096192451357734549
0.060565041436399250
0.006629180454158677
0.049664310245510400
0.106546616368748071
0.008025065906558021
0.014276342558019857
0.147603556792148705
0.078064569872421316
0.164627632394586665
0.085779486909095773
0.005703478208245116
0.019513976968491553
0.072643497333273188
0.020116065450078661
0.060107035139530578
0.186872824497286094
0.011051572772163506
0.033294242703079881
0.344133535724712947
0.129280687636329689
0.114536242248967884
0.084412753772976773
0.057176089850017174
0.087511794677834875
0.303029722140991664
0.147244794345401941
0.199802500974775782
0.092202646918841447
0.030581147700758406
0.042113817781590991
0.329957550410022282
0.176556327924662027
0.240272896735418018
0.153201882021156921
0.139166420763220500
0.240063007902156816
0.015331606505346379
0.035807964610830259
0.047187011020780760
0.093776672417073284
0.113102327668081024
0.168117359919102927
0.129843389022964495
0.008789646680787222
0.035011102842644283
0.296900853058552738
0.084714211623415220
0.131206524169477479
0.043893225768824887
0.019580484988724705
0.027538750084301723
0.080735833262503914
0.015010395580134972
0.047860612983706120
0.122610592842949923
0.254210404010284163
0.192785577988114076
0.051150631095258692
0.009769290915990122
0.025591430924476313
0.094995938243520817
0.067115201593185167
0.070647482639507944
0.151236077642350863
0.050778841088406870
0.020855751236872978
0.044276155020915434
0.050594100097838504
0.110292208484139370
0.089318637975368265
0.034747616448790632
0.045633191986337848
0.209800261667984850
0.136281529837614268
0.169657194636113118
0.079905893862263544
0.032490716551487747
0.051284624845342644
0.314531171426574940
0.065160918670487733
0.082248753792931534
0.151178302350122973
0.107505940290423277
0.063302110035345735
0.035017611977815916
0.038177906063085500
0.047282111008076451
0.379659304559302857
0.233758551490987732
0.144915926042567977
0.025432911518755909
0.041008517757327917
0.048844676905651162
0.312383312490567833
0.064214882187324962
0.224269816882005812
0.016315021294428664
0.054091832058289067
0.078191342442612111
0.091535459465200697
0.018298260617686433
0.036355385245015921
0.103735072091771435
0.063038844470445735
0.120277725862404150
0.064495366572324700
0.020848187604670432
0.109364509949164551
0.084976435428890107
0.017603256122469095
0.056314641011508251
0.153974736406049501
0.081054157844064251
0.052603592807461505
0.079180985412246940
0.013724434062940220
0.023700977832912702
0.058065490177532555
0.058179676028919929
0.067428544552921285
0.142184755976782456
0.096425976395679708
0.102344156753424870
0.057956244514121957
0.094063177033445661
0.064114498112729762
0.145241572210923181
0.072805765274532155
0.164319400522529413
0.108563765793730713
0.120247577298090713
0.092740115935049786
0.252009650382238881
0.270126156298442111
0.079818541056787234
0.400000000000000022
0.400000000000000022
0.400000000000000022
0.326000227792120734
0.289651984598452428
0.139952941394664382
0.400000000000000022
0.400000000000000022
0.400000000000000022
0.252895746228020468
0.317116130713450850
0.237650890126466285
0.400000000000000022
0.400000000000000022
0.400000000000000022
0.118799667689834021
0.242547566711343532
0.136842642315890939
0.400000000000000022
0.400000000000000022
0.400000000000000022
0.059147125285949731
0.044944998408525838
0.086261719077309770
0.253119391117213210
0.387462081828158555
0.400000000000000022
0.098762785711097228
0.062149798143325663
0.041803713244131208
0.065133528473503177
0.400000000000000022
0.400000000000000022
0.371861539048864043
0.318859210570968443
0.280480925835914996
0.057151377902503742
0.400000000000000022
0.344014918730351171
0.378184767249521936
0.350926082140984197
0.400000000000000022
0.187595521064760518
0.263387880441486200
0.272625351660398252
0.400000000000000022
0.400000000000000022
0.126498832836078073
0.400000000000000022
0.244440856808916751
0.125215121973945465
0.400000000000000022
0.400000000000000022
0.200080154339848548
0.344659144043278465
0.296124241556813050
0.355438209182266929
0.400000000000000022
0.400000000000000022
0.306453353638637571
0.378260906364798366
0.233683608412938976
0.141722969744490807
0.400000000000000022
0.400000000000000022
0.138695721756750268
0.336075724763889361
0.361668232948770707
0.279163461572165150
0.143899836051203267
0.064469580479109626
0.132269957022468215
0.259779403686940302
0.388459032265165871
0.320875988699811820
0.134493799465135816
0.057021992344372351
0.110293148486505704
0.115617088032062956
0.290858872306811234
0.230080233035463155
0.285076278958756313
0.379242838756512546
0.382318677369348214
0.111532206208133450
0.135780418220401683
0.266010628653629511
0.359601652379502035
0.400000000000000022
0.400000000000000022
0.400000000000000022
0.273007417743579395
0.217469889953866735
0.043915117422627756
0.171637064991594479
0.183375330172577095
0.393392499211475566
0.150364343220327740
0.140896482109380355
0.029755079959294894
0.131038878249730678
0.362154621243363783
0.365899816229443064
0.067195263225361151
0.026055765047394496
0.098384731748869275
0.113892143711543423
0.316329217368874538
0.187313881821044137
0.041685630605511163
0.063029393398268574
0.388496808692268769
0.400000000000000022
0.281974833751699627
0.273535921176059793
0.104398974538134973
0.042508941135873765
0.215958409382121241
0.320309318857611935
0.234938053480205022
0.295868428179442644
0.400000000000000022
0.087395469204941983
0.113909596082352668
0.132400372869619948
0.400000000000000022
0.281558128246233663
0.216918357215603597
0.092286192847513770
0.398269144447583101
0.151761797004378723
0.266974841586229861
0.319112058851239611
0.105656459170283018
0.069237528896589601
0.387836599495306023
0.357825329036019157
0.388188353029878419
0.164031804124108782
0.184703079115527469
0.113704006999902699
0.014477641368897806
0.058720594289373318
0.188923907457695051
0.400000000000000022
0.100082891138485036
0.040954269400386462
0.013871479855997564
0.056647160637832823
0.284245412312898571
0.400000000000000022
0.105992007061743221
0.166241112318910034
0.077842168155098562
0.125805086225292073
0.219541312530367100
0.281916335835772081
0.061296342152388425
0.033547169549270887
0.197731853976007454
0.373676702535975180
0.330039966695405140
0.313552787220963802
0.070962128792660520
0.038223402888944949
0.271757107652655761
0.400000000000000022
0.400000000000000022
0.271431579616171148
0.249456006188343404
0.064327850323408278
0.161061313499206160
0.339461287740956352
0.400000000000000022
0.400000000000000022
0.185073643396476639
0.053948264832313533
0.091467659372283322
0.129544728641531076
0.337125128286749509
0.400000000000000022
0.400000000000000022
0.056500413498572738
0.190354352973253482
0.400000000000000022
0.280286588604039100
0.399216176314719395
0.400000000000000022
0.158259521205472431
0.002991421060135711
0.140903207468399266
0.400000000000000022
0.394580022580566459
0.058720000992109722
0.166058110124640335
0.003111080669099790
0.014040103393555683
0.077201930931621823
0.194213864627425015
0.006346343237158740
0.095673910779170340
0.213816701319314656
0.024440447130631336
0.079425029502619635
0.282438362037073565
0.034354796303979196
0.028189862102560848
0.246263628032403814
0.064915787068988082
0.126231661572550780
0.231335346637396855
0.035806312026335933
0.015887769375947474
0.173874266844523950
0.100620778241621731
0.111765982837032235
0.240807191585101443
0.069939492425817304
0.032625440363096281
0.376804548946058748
0.122954323513554620
0.203754427383511405
0.249870474309856316
0.107779721823336838
0.114881798367520674
0.198062964065240099
0.186595528082199036
0.201850848565272523
0.141792488261332617
0.135151283316940818
0.065315994919083631
0.236522143298817322
0.308417126490266313
0.181857976618955891
0.266753210170216193
0.396867357961596223
0.303825969933137041
0.127208833369776064
0.200052557670365866
0.200124962290666758
0.321318801260680575
0.160730677474410527
0.216440118260242037
0.161226886297204552
0.170759751815461130
0.199950475310035652
0.311412507553681994
0.145090958528958369
0.262080121829187274
0.184099164981631758
0.192692317593988832
0.226482673414443753
0.223868475260014188
0.107533558922467049
0.125544372320043812
0.227720992125899885
0.253764856743797618
0.196720950386161664
0.231029539035802062
0.133722190566095078
0.134860280569363750
0.108704484499881682
0.159884185639925791
0.173094821880222266
0.213851554512204001
0.223767658108392692
0.153929822494763058
0.246385987265039824
0.194983508789684512
0.230938426487707821
0.200947333381181592
0.185238925022200351
0.182604874185212318
0.316625057329915804
0.230783115347594631
0.251866140910117553
0.217437853131300485
0.205908675663971003
0.128901223806280163
0.314652099640508165
0.267125697485109170
0.316511420410750255
0.296020775729869345
0.343421169055316167
0.238471617854911139
0.143981221373787605
0.164995433175300382
0.145549069903676914
0.341139678565717308
0.168425792680774511
0.194638966625534260
0.189070430403894402
0.148427748612522226
0.119611355273839717
0.402394226435841551
0.142693032501723799
0.215071491406507498
0.218490788460507984
0.173034889158849070
0.130785156633403121
0.297823860676936392
0.103422328366449046
0.107472925326018764
0.353623205021307896
0.278124323347942626
0.132615575116956541
0.203388880596086202
0.129745744894326914
0.127083536098299782
0.216090659925006007
0.188959171931192521
0.159994512602824018
0.167156854694721246
0.181506852597015073
0.137376244124156249
0.263412632536555724
0.245845152806481143
0.259525082713969846
0.201700730850288168
0.142228610397833577
0.125760734910206756
0.327362610554107369
0.305163244166960557
0.350612345293091987
0.232628714210972809
0.177954081627569038
0.097479869298076519
0.339699247358409229
0.375186156557744621
0.366661106225447841
0.294936948003655330
0.310517760349217742
0.223935861909533018
0.134582970033451793
0.220228573923965526
0.209031243214171381
0.399614795410550505
0.206954761657592634
0.255503579760301580
0.148331484054550322
0.162400444960356577
0.170713029227018476
0.323077221836227002
0.140580582097693668
0.231016942532250025
0.164631950908147751
0.176622305869024110
0.193051687246829751
0.201033837836969154
0.097380155062143522
0.112397005301149155
0.206002239922404046
0.307305134585158179
0.286364466519596184
0.204871188283463096
0.123170766702019374
0.138368399124134817
0.097057510206239039
0.171410943195845683
0.220020980708232478
0.288218129785271227
0.232209387683271845
0.152609308885116257
0.165608493537682006
0.140467071879940592
0.234469938677506123
0.246716649873703314
0.215656047047740218
0.173182944821700574
0.267516910745956904
0.176374599847510860
0.203096792810531446
0.205296181324638893
0.203821056810893519
0.148464995089434143
0.291962634243827790
0.266335267573546031
0.270968055297100274
0.223059021522651862
0.311657181275793727
0.247732179996381058
0.143387815801770818
0.177844800582391854
0.162656845382998766
0.358849481154796479
0.219847622537453991
0.244269503477919370
0.174583070731666123
0.135975540231194902
0.107030383993046915
0.342715036604375800
0.146910644213516905
0.207338700913363760
0.198838639600861150
0.158280403523600455
0.109428897051944918
0.259897225903420570
0.096150231667364305
0.095762888876102917
0.264763217633790182
0.248015559546148817
0.161962293483115527
0.274589731451327035
0.117995049012255340
0.117341138394440853
0.188912775677304551
0.178814918115912491
0.171538663045074979
0.244895715017689752
0.225874727944626374
0.143259043935944130
0.292690111210719972
0.188353587996803157
0.222933435427066201
0.207798169405431693
0.174209842939151704
0.153460296070225877
0.294388074123299592
0.257832810331547202
0.267953363960475366
0.205839974056761493
0.169704967080544250
0.095656853735706357
0.301863822580295205
0.351530849867483119
0.365715637324050158
0.250572156270995827
0.240919857545681126
0.195915313145258091
