0.017504182967860143
0.055435110660491005
0.087749827177944481
0.292954108732622787
0.226330676664250219
0.094722809900789753
0.025240275076668501
0.075614607143150381
0.092653330230514405
0.254102296667526262
0.272531602171790011
0.127304522470134185
0.034371762916344570
0.051677497409416580
0.192896771503978048
0.250076036827680648
0.199078669855323076
0.088785549389034171
0.003741429822791358
0.155767607231554750
0.237257676593174621
0.400000000000000022
0.384426461100716321
0.176869747384469672
0.001068064608792051
0.077240270339098249
0.049791650155049036
0.038491110153860038
0.061223870456507103
0.030117895635897406
0.002406474527073980
0.024765744771922178
0.035877667224667065
0.067009423417697542
0.025256981520908561
0.009339966999496109
0.016976290559680012
0.077919695195299732
0.126461507740494583
0.086439666118042768
0.104247261036596039
0.024524766741900725
0.034394032751202577
0.165532731851999265
0.112412654823098493
0.208057398892994516
0.179960980795088821
0.061670901770837956
0.023743645541375164
0.081626785898050738
0.122993354391628174
0.158371825051393356
0.119223007523415636
0.055588343349599244
0.017658988690634619
0.093774520845787968
0.104878133874470272
0.149541941035979259
0.141761120182677780
0.097199824248503500
0.024678421294411119
0.081766814448210601
0.195375967310232573
0.222378364304772841
0.113152582466038071
0.081419935373723246
0.005372265462751449
0.200538271930024381
0.300933295873645312
0.399403188027230849
0.219950569264123957
0.133983424068672807
0.017002734269104442
0.077282355175619044
0.026322293961259562
0.061954450844595256
0.087320064078822549
0.026520599513718192
0.003623074172755506
0.012174356233541538
0.019685985833899099
0.067064500059031210
0.060303961610578202
0.011993184403413864
0.026335601405353789
0.032326745569222062
0.085365614123341843
0.153761325271010302
0.131737827172192734
0.059682887090569618
0.022030733380234584
0.083817879728697225
0.047391725295521769
0.136919624151815217
0.220011970436011062
0.149011961770964457
0.010505045727495896
0.099364375265721824
0.238672301388259789
0.160879462136602536
0.016322590166817398
0.004114676835222844
0.009828985544203644
0.080034753812457074
0.143709232994039399
0.192588611816617350
0.026339344874738373
0.028751075536444338
0.000000000000000000
0.080961880808950476
0.081337017355807992
0.060758278074730221
0.050456811636322624
0.059310798679572091
0.011854886980880469
0.269264505238749174
0.196773558916835151
0.107681220437516906
0.060567352852609294
0.043773456682161357
0.031821787553000545
0.062431708846703585
0.047216984599603662
0.110843418930429261
0.039256974997615324
0.001867296645062690
0.020522081825736751
0.013731596343796728
0.002327735683968833
0.034229637213418145
0.045740435310395768
0.025527467348394527
0.060039801739558238
0.024510496900912847
0.006855607083162916
0.040557701349007096
0.072579494206052170
0.064563872683750134
0.217586191744057800
0.068697725718083302
0.002890550993521686
0.052051976970416053
0.232664960527408260
0.239639884514007528
0.019327795955857791
0.055515444363387366
0.118740159307693383
0.130835141056696441
0.070065916934201125
0.057239834628725332
0.025650326479804156
0.049823455220212025
0.156445683694593857
0.307891630567132979
0.128803093526222823
0.073091821480655433
0.027740683063043010
0.037713618589856591
0.065361818740899580
0.042952615810751292
0.029781120078144166
0.081597740022743670
0.009643838799652344
0.134862038859225042
0.184667809768283009
0.015085249995770642
0.025678950241767626
0.079547785927068335
0.051777295771551282
0.042795264705369165
0.072822280903007741
0.049733430947086765
0.026590625389914562
0.067092650208582960
0.083281038417653136
0.075091864907940481
0.004295204270332688
0.083913002663149799
0.124838389448257980
0.117507619399976337
0.090136763741835962
0.034569486665244509
0.048716987681313315
0.121909843900671319
0.139396461803687449
0.243839235206315397
0.157097881249704419
0.059107103125423763
0.005436962464577587
0.018923059555168400
0.146351482470440192
0.307366731001747717
0.017669053095276527
0.050176333211286769
0.016709789373794443
0.007649339990241057
0.188158785064269057
0.135701589569294068
0.018013441651115580
0.059842286550840409
0.115839767076319183
0.146621806774425822
0.213321920315987679
0.283394250278492965
0.026019040532430239
0.035403691647459892
0.149378279835212485
0.152274413653472912
0.059956329184503845
0.223595230765791964
0.028826814752367619
0.122374891843001377
0.125992221583326819
0.027378055681418444
0.028724076184761714
0.114632893253905882
0.046451429509662426
0.130512453058798994
0.036198212941490587
0.130577271563370623
0.107664340720944718
0.315380215486684212
0.136491145296982558
0.171164321798682906
0.003539626783541827
0.290833476586599637
0.339807641978426056
0.316986958816398379
0.137053468739070899
0.167175761472324019
0.006460290743035305
0.140278083872282605
0.177211751960577341
0.124965308121481739
0.096417729623328535
0.081491885818115686
0.003551008382849204
0.056855957544345526
0.179683428706060577
0.091881794888794777
0.032835361862546847
0.066803777226534494
0.029124020676492779
0.013840715289781320
0.104347260515827350
0.113125808516269244
0.007517585245090163
0.014120505042874727
0.094042854098630890
0.163311279648621244
0.099805903556841741
0.217981649332579797
0.015455604000816799
0.025457310321110514
0.091422780461899431
0.339248177583493238
0.178138511194241067
0.219735610218426886
0.002974205635978295
0.015748880050703715
0.006910513662182419
0.065784249883721557
0.086787224265967203
0.115011618067659457
0.028615637195461927
0.067335639413287754
0.010394661390939062
0.321244630710016910
0.276000310475869370
0.362937565303454890
0.089880135367768330
0.168141819677617710
0.003358746954996594
0.400000000000000022
0.384998789107648398
0.372714979760214837
0.100569490714205526
0.115838763570022069
0.000684045089007702
0.276965537729501499
0.398129051352231644
0.261240908755633217
0.105051593522346637
0.156371849150832853
0.002089790745785868
0.135758237583897601
0.350075817760277630
0.109424598612613583
0.016069312313496946
0.070122739033260023
0.041371077262139851
0.005733417534108278
0.120133623474070195
0.243297776438989727
0.016106670404546344
0.074993429379272239
0.152808946597354833
0.102815624325913957
0.077948634826219526
0.242107444567447094
0.017261952127979589
0.050210944169028562
0.074281030187114155
0.115052808918715249
0.144747991561609279
0.209856144184314725
0.011716791685769810
0.042836778454109950
0.039900910998938048
0.012973931795978597
0.083516538347770675
0.082980088144574971
0.060676684275215664
0.068644063263790980
0.022355481819949858
0.146709641496834603
0.149571154168256476
0.041611225887815809
0.143239542750836224
0.173843068949657009
0.007945377620780895
0.133050338856959327
0.095147885622155967
0.088574278855618957
0.079016767710410885
0.102239363675340492
0.001197715804565928
0.129298138185589634
0.234793628572703694
0.180500376235837090
0.110822040909046501
0.388182589568080383
0.069607748868619104
0.039115593827119439
0.224589146363451925
0.103358221150450277
0.004638554942122253
0.024378501942301657
0.067785983206873193
0.073868829814596401
0.115079908075514367
0.372747069456144886
0.014374870669571594
0.063956552739692196
0.027018854567582032
0.054122265730629587
0.083192018967044382
0.175065405213441050
0.018945393313135009
0.091324908194237553
0.058247695882235842
0.158676525658889900
0.087371070422087194
0.081278664770218903
0.016660416642678685
0.019267174202904420
0.025955318924317530
0.035213271085053427
0.054480170975347901
0.098375768471026290
0.030342240802311536
0.008042686610437435
0.066565415349712956
0.056446462632691430
0.130110757092244261
0.069361055748715511
0.034185035424191920
0.033265913802704966
0.008090641021157802
0.028778221493067038
0.069994901489502340
0.014800233987588743
0.011095126773958587
0.028841120733919937
0.001325628476203301
0.133391213237382678
0.272460113909810064
0.029081801523245271
0.017912956320824854
0.352477357734020558
0.126249529765047497
0.039494540724704458
0.205656877287550138
0.095860162467072144
0.002338763111516107
0.011796264379425840
0.098071846890836686
0.209339485490023375
0.160893708532382052
0.118256816052790537
0.002324690569474364
0.063449428989447942
0.158498973477315508
0.054284135083337952
0.042830952259102009
0.025316283857817062
0.001031463008218929
0.069947728441801235
0.088803835205125664
0.238632511282456161
0.120586751837350070
0.239379369048502072
0.029302467424465923
0.036052276808174133
0.031744531374050630
0.132046368158030947
0.330564331872432449
0.310750169725065917
0.084642713054418936
0.120036279665248186
0.057523482893613760
0.101159537216758355
0.185186393832888319
0.080853218676132696
0.083723215129008058
0.067927877877999129
0.008864095928275096
0.038303643508753343
0.021748272377157055
0.034651526439597569
0.064756562535313561
0.064135302151387852
0.012857152867370894
0.174399781214473693
0.052299930291505148
0.065705502856784018
0.036251786917656195
0.054722954048287885
0.104140536915021217
0.099258980081894502
0.145584844253635326
0.101546237012361276
0.010949167500820169
0.028852776652950368
0.155725533321535048
0.389195266270750628
0.308072481432382028
0.125599260794410444
0.006874495407510256
0.115746326893570950
0.036703115783596182
0.075251330659541510
0.086439717180768774
0.042131628699540957
0.000667069760467407
0.038971206465740031
0.041304009169930413
0.319911643317081329
0.154791996608318633
0.133551146747156652
0.055664994347104771
0.047780407341125375
0.187507281987578045
0.400000000000000022
0.400000000000000022
0.139063091738365896
0.064396844043306728
0.103060165144817431
0.163565944458226559
0.342406680152421095
0.219681185669798912
0.030504282211107202
0.042821018257971848
0.024775000462482800
0.014767797944170486
0.035728998626811496
0.014247312746709779
0.018328755525374444
0.070101659945819947
0.028083279249011679
0.046794554863758241
0.178979310649549084
0.078482155908672441
0.091837359274601599
0.033028009532810765
0.033292609861973500
0.045102260461630024
0.083780623738566318
0.092983211905455360
0.076812858661336358
0.027001954256679728
0.037879534359883997
0.136309458974129161
0.179383910089318033
0.045759282637126621
0.010963522355248525
0.042721842034877472
0.124161947059115318
0.269502490477421586
0.189358845618269211
0.027833984703803410
0.023973317155006831
0.014136070374629887
0.109625555184291679
0.096383991928856064
0.066328237000113741
0.281352962998051570
0.100137710938565827
0.032351477467075250
0.077680649002921806
0.354878119808968884
0.158670910123339448
0.039820395410945973
0.020364516019068513
0.099529270816286791
0.258047376992650956
0.385847950146544383
0.248773031949496737
0.036321400784494667
0.035000167963726153
0.047748617524500672
0.065340154182151083
0.005384899443128745
0.017906737188274680
0.014150976262956694
0.013226318380719212
0.041909953012712310
0.050690730249801003
0.031456846568309972
0.054128240599364191
0.154723223735445226
0.162528617725898550
0.040962252863829873
0.009224765516347069
0.036249979510316860
0.023123190238361624
0.066494146455866321
0.113716675772024975
0.016285587590783301
0.103722546589437470
0.205757615589294784
0.156165251807656946
0.030419723759312747
0.051799827869376994
0.069452477519223815
0.135467071514015797
0.319879463058142743
0.386520231288572158
0.026223504908683172
0.014309267790621690
0.044735983166052047
0.125815618844048405
0.099570097372675248
0.055755755216424549
0.150147511097358022
0.040992214938969242
0.096712718335387304
0.119558750774179171
0.304742007244861224
0.024228730245398553
0.020542379250998680
0.011971815045523113
0.240637633245678856
0.230669912960776574
0.376343095780132586
0.033661930272286471
0.037824173309286502
0.018357572074657283
0.147729452067816208
0.033602733526791093
0.026480241748629455
0.020200553694909244
0.052445974802737230
0.039778706267290756
0.111654633605368245
0.040493114055442314
0.058183323226375858
0.055527270564949674
0.026898492329225240
0.106943634673182852
0.275716252602530243
0.031125687046039706
0.020405139489871733
0.017842445084181771
0.015437048565865877
0.035884401280366601
0.053887817614468390
0.260935597922284934
0.278715462229890965
0.162181383021398701
0.026137381048950418
0.011803438021908190
0.171190463949348642
0.229207184459956442
0.200654754530426332
0.155509816336803108
0.038451602608614327
0.013822673274984695
0.128535104883653412
0.333783132930190740
0.124676977965643504
0.069459386601089149
0.042417798649923108
0.027216932864331710
0.291014677725625115
0.094105240708461602
0.131575015269828038
0.054896764249405566
0.006514577750508172
0.010144218196776959
0.313587407305208732
0.242805495071744981
0.261897531813800044
0.093454812585678254
0.030479423446112545
0.029261764692774819
0.283155166885786624
0.162593584476626973
0.072633116844506490
0.058531506380437179
0.053369915093967019
0.043762823250517668
0.172384877110594303
0.071928307156504986
0.024294850965787550
0.023956988357884144
0.066599486014680423
0.058377159874017828
0.113500834437585033
0.026183212181466298
0.003827826863936644
0.002420850091149074
0.046623257831550260
0.039569928858231365
0.363654527114104564
0.259502392463764331
0.204690173232007472
0.159738189987144064
0.066669449316464124
0.375864889830248572
0.384734833372383456
0.323668390351523394
0.310919402191499217
0.235477664551247579
0.090127301374336527
0.349650795304428219
0.400000000000000022
0.373669576468268927
0.180798955821320828
0.104462081648756561
0.052798829532446231
0.360677452983711344
0.399033300029973559
0.282286432406106624
0.098732441894788414
0.035889049684740298
0.013159819179321991
0.372160395231393104
0.294221268916647960
0.348067072270750510
0.174804633948437038
0.103900329454588547
0.057137567980548913
0.360412078381673551
0.292804333085517565
0.400000000000000022
0.337991058199342831
0.081879906242995390
0.228622055916290756
0.400000000000000022
0.328616988172048374
0.248685219228665877
0.359886980302253856
0.098980653835757576
0.145768037258889094
0.376598464338512184
0.340350277992512551
0.080654877503229347
0.210811401365631562
0.045336053959243450
0.095906552542217305
0.373305348545130089
0.400000000000000022
0.146064934430413407
0.058871943743198096
0.035463445724056873
0.023532399754688640
0.326398930162282552
0.400000000000000022
0.228341053730865273
0.132231037892021841
0.048108452817893083
0.092678915733875322
0.332854702721092410
0.378957160380339331
0.277133533305005675
0.076576109668235331
0.041842670819140233
0.057655141280293823
0.253717531334261059
0.395904541750914274
0.301744971744050572
0.033655364765307123
0.004660277308873422
0.031306775367575236
0.148770748331047004
0.314372817110928404
0.239809053954918361
0.076851900458068903
0.096244744663074713
0.120899717117228606
0.282877814207785405
0.339722905639185446
0.319517464897612236
0.286772930504342216
0.082781106939266991
0.047602332414837197
0.167182949332033315
0.230242040329997177
0.251549327261273548
0.253854751026153180
0.077105825511946849
0.035851252540864131
0.178909340844564613
0.301470234275106108
0.095826864777329129
0.092731423979260541
0.024452101693617268
0.031548080193156532
0.252224676785454904
0.109037638629312761
0.081111131784192075
0.044709115411653212
0.041312655074183635
0.038946801111717493
0.046850235411614677
0.045330051277001647
0.160473326282573991
0.141218245078836180
0.082687310742253731
0.061170191360482754
0.036834154087770021
0.240921326718321394
0.102166196991221842
0.099674782656394900
0.098961543942840888
0.117089524722614344
0.008136112159504081
0.224665502072994377
0.104951812016094395
0.029492810275743145
0.027510111908881463
0.074979294750690248
0.069193084315808118
0.163714429866796518
0.071749804094262612
0.064201483169611689
0.009108139466534373
0.074146562798977689
0.046571904429776975
0.167799651384955312
0.215258440463069300
0.249688006937097584
0.087609742304364607
0.172942451165537636
0.022381179950913977
0.187291586709340624
0.227389343945129163
0.158321864612776420
0.054230029124493540
0.079556831204483078
0.004885058850136424
0.164338116384752014
0.121185599627716370
0.342011664962198703
0.117548859758778518
0.021819091163794050
0.018427719004730950
0.034859579587934175
0.116630672441471905
0.027349129065636142
0.045496272434857488
0.026123030950096736
0.077516801067160676
0.066187328950031959
0.073801486407182357
0.012185988948836265
0.082165838057705110
0.061274114563839147
0.199484824704221242
0.058682813839979239
0.034736667558919042
0.114063274708716023
0.111228603914160229
0.186497593638103309
0.048498226678428076
0.015946976311154163
0.063599470638872627
0.202745283471486598
0.105264844406092600
0.183247353597978391
0.304021053242725381
0.049377858668773394
0.041968171022398575
0.016421843492581627
0.041323894134400622
0.023487655262828991
0.037695649102385667
0.028095085723843977
0.041266000966413217
0.085265225781122889
0.118618126206324823
0.035615616820795025
0.027496731402198965
0.052917845436111381
0.082279393532230960
0.152546058311582439
0.084797832900105979
0.095101803058512430
0.024796811889898716
0.088669396141951726
0.152330113602720418
0.400000000000000022
0.325870547729906423
0.104987414054812184
0.044826064021566123
0.042921614023401534
0.139933205569718416
0.049913722909959379
0.074430795060227289
0.034759650550014856
0.061083299826387917
0.022663427977343643
0.147256107917957263
0.053931853208843986
0.123886048270008833
0.112416588454360686
0.126206005289133782
0.006039352063831976
0.062225809969595064
0.231306587870175329
0.173570921099409525
0.283233680663178888
0.060068038572329389
0.009843907584756350
0.135531354668703308
0.303948105537985069
0.083444549413900712
0.260085144440461380
0.232321364205271663
0.062613843163648167
0.051664250730667972
0.040966933541368974
0.012598451329214607
0.035803517287587704
0.054700756680233074
0.008432847816092180
0.017434445502423977
0.052678900403360866
0.078086786440528119
0.099311673300893272
0.015304927384883701
0.036201107193481699
0.142439168902188384
0.097095143681180079
0.060797070887086663
0.225182511227052073
0.071427692873565665
0.108515952121608777
0.339033830302351458
0.400000000000000022
0.356700708165826996
0.192240317623102064
0.068682837986219422
0.028453350468680316
0.084287887313441362
0.243475360499479543
0.400000000000000022
0.400000000000000022
0.220322070695200184
0.032114770484178760
0.191360934036721331
0.129356446014110560
0.329353627327067744
0.348152905956006120
0.169436151169675142
0.035038832676811973
0.090648703875156625
0.234200780673908426
0.400000000000000022
0.332704095744280948
0.222336696136190837
0.059406424169896124
0.203548014572680097
0.371535254660977587
0.400000000000000022
0.400000000000000022
0.315932839122835540
0.065464908652098766
0.180300435483915666
0.213357594613275581
0.355305770589238512
0.268629176903211864
0.060622177847004619
0.045227492785045828
0.049540745234404979
0.050645465168837549
0.102738422044509031
0.039504294267618340
0.027668722524870550
0.087077950505499976
0.106002974444311407
0.173256062604252858
0.265418976767591852
0.182729416945268452
0.116362126016502324
0.067422042284013328
0.198825341713972786
0.157514915284728496
0.291838022631560889
0.272944192700544153
0.138483760432174308
0.050745599798054895
0.119506320257934756
0.259302813365757390
0.334234480033225256
0.164982290160542222
0.066551865704847779
0.060380830725512084
0.217936467904903258
0.368262916637829174
0.338900786654248498
0.169595104886481191
0.121173141403510320
0.038814491669041010
0.191392369632502279
0.291759959239088706
0.288706601304886512
0.359425448118507851
0.181557646312289073
0.037723742929826706
0.278218920932946145
0.400000000000000022
0.400000000000000022
0.259770964675069937
0.154347940087741331
0.116532005085391244
0.323608327848380450
0.390000885898643790
0.294935644490083304
0.123641464863317202
0.061520767477444331
0.051371691697256174
0.077514510415692614
0.025070885277027843
0.084971237247305889
0.074454937873534896
0.025219502784133076
0.068245554418066096
0.083017475819023065
0.116822460691651808
0.207889565870374493
0.286461050907637960
0.222211504816468175
0.062992986244064464
0.093042645245044284
0.083641704805838629
0.160042814390176868
0.286506116891877383
0.262728637542989418
0.026790633318279196
0.203086921855159253
0.359757274115355963
0.317044713944259537
0.046742313926130132
0.055914504704599841
0.079281463063427482
0.215501825326472857
0.400000000000000022
0.400000000000000022
0.052562849783421545
0.043060343327066028
0.044735983166052047
0.206777499652998881
0.180907114728483254
0.116514033291154770
0.200604322733680618
0.100303013618541326
0.108567605316267773
0.363541643335635656
0.399356928997944283
0.131909950682915444
0.081109732103607973
0.055745271727684467
0.272459420798679408
0.293101621807480117
0.383792640403356700
0.144505349202715738
0.077081148306901826
0.020224868719719971
0.168251533893552963
0.047334329870587818
0.028807977432598286
0.054430190908327382
0.098186410113133005
0.065306173615685290
0.171694435344926510
0.065003610956355179
0.065038930309538778
0.096084971913956763
0.099477986535277396
0.171507507356932987
0.356008636142437163
0.099823412764123015
0.023295690483393416
0.069894422054597824
0.248102009093274123
0.275524285794374157
0.073215613570326174
0.294042295229174855
0.342871630043473985
0.293016524078095197
0.096203297983151539
0.069043272650633522
0.196840790429152812
0.279030639680168446
0.356817282859974882
0.400000000000000022
0.167254696134837122
0.086914494755640115
0.156275787946696443
0.349029529944978656
0.190038796706543056
0.112412002411840434
0.072198918728067274
0.108814672887075387
0.297268876126772497
0.228967279567686699
0.316242825038111075
0.069982014245176208
0.032193527992275796
0.089692004123845301
0.329339574428192838
0.285600759777114133
0.325011272583736022
0.143188243532765019
0.057070048836027107
0.096354414901357766
0.306444550782424829
0.237685449384567427
0.076928321114839188
0.142444509043586964
0.178208304542224971
0.161270442650494006
0.262521640852430238
0.106497793821749495
0.073011838647100868
0.145866832258555457
0.205995947818367886
0.298117701672411639
0.270598715687289437
0.085290315306890074
0.009264789328514230
0.021343909646317473
0.192974740301990466
0.326504363236934991
0.369794892636049477
0.289425104866500083
0.221399962605801859
0.167387529977385097
0.254828234380733154
0.400000000000000022
0.390558528508593905
0.345381294552510487
0.391804110181316001
0.381791515155142314
0.303449221690324233
0.400000000000000022
0.400000000000000022
0.387115066006667341
0.326136368202948002
0.256736495302229528
0.112755158716950049
0.400000000000000022
0.400000000000000022
0.370203240003404488
0.224724663478115261
0.063267105366158732
0.041883895364083712
0.400000000000000022
0.308353151816947058
0.400000000000000022
0.211002846889927625
0.234477601017959142
0.164801908701493638
0.400000000000000022
0.330973822103793835
0.400000000000000022
0.340357989445592257
0.343061404388984581
0.400000000000000022
0.400000000000000022
0.368573591391250233
0.352716687892156600
0.362447787257502707
0.239258737708040181
0.317555861268727535
0.400000000000000022
0.370842724707245275
0.162146763321345033
0.214362409748480753
0.102192011503588961
0.275589981248277827
0.400000000000000022
0.400000000000000022
0.212868711656947873
0.087995964419690889
0.049304161013838201
0.127879660270515977
0.383429846870666835
0.400000000000000022
0.242461558773740010
0.226273891990652731
0.211419732466514326
0.192484819290717063
0.400000000000000022
0.384123512708136439
0.299437837582246347
0.167998890130134748
0.355596369850923244
0.235793652474534932
0.389321109317505298
0.396894550189193729
0.317493851794754367
0.040565878427489543
0.070444527192594988
0.118093999633542432
0.263782366398706503
0.323078530546068055
0.304813664590600997
0.087246561849007975
0.353498043524427652
0.348577216233459275
0.400000000000000022
0.364857714438808434
0.381434622117689304
0.290131677459338766
0.400000000000000022
0.396347999914929860
0.400000000000000022
0.296444878103998777
0.330733243754716244
0.254538796115160837
0.325981155389005628
0.400000000000000022
0.360343464699023341
0.334693170868739398
0.252198713928162011
0.094821214725046413
0.160210339277514879
0.365472483260124825
0.331869060242281744
0.125106950942809714
0.151233870817452098
0.086080192673793063
0.047046072608291911
0.159080424585787694
0.290148011850604404
0.061436721681547984
0.235466755661846217
0.294027191676191013
0.185502935068167701
0.139118826186702266
0.278941598655217171
0.258183278846300934
0.152377141160250418
0.173955812843509083
0.214014352861556123
0.261837516284223637
0.217992256343818802
0.236382293758764184
0.147788590470204345
0.069393721274681186
0.040484043704860057
0.158495833098460909
0.152173172460383116
0.224391114142012210
0.140393867358053592
0.086556964989561530
0.155817780963368957
0.223717716967234193
0.088183130317592784
0.286981518683776859
0.338483179687467439
0.257633384557878486
0.220660081161323934
0.268090336787693617
0.110955458806532931
0.266308354419751536
0.307018961262059298
0.159519580417342349
0.183528167310083146
0.312927719876527288
0.185385435085973549
0.275160157293798557
0.400000000000000022
0.379127653128270903
0.156664453585897978
0.246408237527245944
0.121785940155181238
0.039498134530056433
0.141009174383773528
0.095135112272509328
0.119365102249453903
0.141202939025611096
0.400000000000000022
0.080562199619603564
0.137758039146874567
0.039204843516418300
0.136288103788334697
0.144466133530883528
0.343794789015057223
0.077628207153114248
0.126061575753156602
0.172310970590951851
0.269905129573050129
0.273868664060190503
0.129776891448646986
0.032607392953832845
0.082866644841777040
0.228700602395804142
0.140478115491146027
0.237727524573326271
0.369260520536827341
0.079720099471084924
0.050010857632836012
0.082987258842294589
0.097770356767092045
0.153598412355073266
0.107056704851101192
0.062280121148035904
0.074531914769118177
0.093355866802280696
0.147396347699391861
0.105610518310297385
0.042296965389787708
0.064012972210069977
0.111120514266150883
0.153871686787785733
0.218189046137488629
0.333782543555488198
0.053878613413143983
0.106582352462776558
0.400000000000000022
0.400000000000000022
0.352797884288868491
0.305860689335246461
0.140686226488638266
0.045260377134917644
0.151729469949144269
0.147985569800796052
0.283770280550250720
0.195653359082396922
0.179340115879178419
0.024988118546818004
0.210705536907405261
0.212430826686159480
0.178170183353346806
0.155247540713462695
0.151522289146950845
0.007070815072050905
0.132173538411396313
0.319241669869269606
0.361050450029848369
0.365550884811061350
0.299447407620831496
0.039146375009222273
0.171583631476877413
0.334406489167335508
0.215490917571931673
0.400000000000000022
0.400000000000000022
0.147256556218067131
0.171700530395916151
0.098490416434982742
0.113757988545972966
0.220989911120476029
0.135553975356365763
0.092156062945100231
0.085362323380423114
0.061542996331635964
0.116390429949281463
0.121059945678050312
0.049956453824481273
0.100957669728795260
0.206574471053576292
0.109952296548550960
0.235196852101560328
0.277482441518557221
0.137133195730349683
0.144767739039264931
0.372069432494290364
0.400000000000000022
0.397593069305354652
0.323873165021695608
0.170229074998580698
0.174894563261206309
0.316796218467435164
0.269181496168198531
0.316986717700586729
0.191819133068562436
0.231788614599916981
0.183741744769813808
0.321389223015660142
0.272606820219887191
0.310828295182173420
0.160941384292590639
0.216997373809745625
0.197545588811049555
0.261746522502362300
0.164743889087014039
0.222715352892555868
0.218462671248497303
0.218553036923571448
0.233423483725088587
0.300000065959461215
0.274063483676615482
0.241477267025554221
0.258630519476218679
0.245463023903136984
0.311821798083979473
0.344618544982773001
0.277819162381195195
0.278185586284860342
0.164238243906319997
0.181609223140688669
0.320118384898634423
0.313404287522571656
0.185771578817302968
0.172854074770403376
0.177503956018866899
0.176546099706847814
0.290605102517472791
0.220204804729538489
0.154217276807175202
0.190186225605141979
0.241709581696838205
0.202329046084559178
0.347263997759153731
0.282553792441631590
0.217794032735288134
0.180287009444860230
0.241389578589914222
0.207376090867310264
0.126446458272145984
0.188821071118835448
0.329659867818888064
0.319161902004071518
0.273482449555288332
0.327116673248952716
0.133909933712738100
0.182156508000492906
0.334014605590493618
0.346335740194178399
0.225648797068688289
0.340782923432187246
0.145147057128394541
0.186510962072525488
0.250901819121933323
0.264057592177398937
0.231536865510761469
0.296908520723782376
0.160742771243364724
0.232316931334684396
0.386162975565575051
0.256664202478427028
0.288809074360828588
0.329894387760569008
0.137478515822438946
0.218302676655198230
0.255918388784489637
0.328790792047727432
0.315199659560212175
0.266887702059046605
0.140997549529511990
0.186540350182280934
0.144524061526562275
0.270744426687906659
0.277844991601745750
0.240800328405625319
0.140787887103360487
0.151836434258954323
0.129029000755837453
0.208509666727943410
0.365455124507037599
0.331913426493720520
0.178699622004162728
0.230838567512162196
0.217910111646088644
0.174866351925990343
0.313802214858310169
0.327719877645446356
0.148869340422636526
0.163116028702008947
0.170490381605846147
0.231297899323166911
0.156068250068258890
0.229745267848875973
0.183819325158155078
0.310553266111409765
0.261961107458771936
0.331044316058756505
0.166522157499286255
0.228717795392087142
0.197894696275154908
0.299194743769784999
0.249915149728801411
0.357325042407764193
0.265848619945073028
0.226137242951503614
0.220731974609224002
0.307418981546996817
0.263926767354624114
0.234744482117064196
0.262957875133128349
0.250461769906340392
0.309719350989136000
0.278424735986833094
0.164805771269238427
0.155767946815418112
0.149035761742021045
0.192068280271381620
0.315871128266307477
0.269006458199425535
0.131588100609800113
0.168037769958669064
0.162967745886959281
0.172064860304899064
0.300847460994508487
0.314056707797974288
0.228629601839279412
0.184729367243336773
0.210779830139948887
0.182096963317776223
0.364191271646655768
0.324194552374373890
0.271856908597913061
0.233804721657892012
0.250750257713176716
0.202609408614969927
0.116992072349054815
0.127862973057043833
0.165577260778775964
0.215283618710426561
0.189898101686812065
0.287402406345013461
0.132972470180889424
0.182314472420546797
0.320817237766548802
0.333712802843346201
0.240324812293244511
0.349330612496185411
0.137370333345939455
0.187141495145029729
0.306211378352246710
0.391710381894994575
0.372734592514240903
0.351084908119384809
0.158778164151478773
0.208634764820256446
0.394546916515428170
0.252401694490838324
0.275873787991989416
0.335679889646999130
0.162496606331786420
0.215609220168875931
0.220729943045226473
0.179410784804467982
0.172296199353130425
0.250910512766460148
0.144911448465270681
0.183227118995573590
0.115886376998953960
0.201305147250589206
0.270812326771398548
0.230616639160311027
0.124435035930651916
0.158224056852395406
0.182194116978477705
0.333685567997487276
0.356321968079286566
0.287935272216478910
0.177149519574319181
0.246284080630335744
0.246981617604389275
0.251788884423200077
0.397362370518908492
0.338600290206856780
