0.400000000000000022
0.400000000000000022
0.390218296349155391
0.380303745171459928
0.400000000000000022
0.397047153359460836
0.050388833768949384
0.007963430973962373
0.111551690470108184
0.141042571485244655
0.043277755065541032
0.009715633223313274
0.087752543699949018
0.096623144270506209
0.043076282209347554
0.052967331139476735
0.076250503400328226
0.001189444481490378
0.065316850138851718
0.058336364581757505
0.148840044426568952
0.070924029160247481
0.023242228198612772
0.011061002750640583
0.026765185190558961
0.038994784024886320
0.258611002174276516
0.208617675985115963
0.035280191721280434
0.022813467187958798
0.400000000000000022
0.400000000000000022
0.400000000000000022
0.400000000000000022
0.228884535680023288
0.010221380527595865
0.381223808737584380
0.264413262449948561
0.370182785182414542
0.155201906628548186
0.264056874126575858
0.029126970105919994
0.004204574214792424
0.074679156263255914
0.131022431190332023
0.018603268276643568
0.066703548093330622
0.009087651285742900
0.023246351169736688
0.025403762703708695
0.000333687664740856
0.036655163171739905
0.178824008149210262
0.040015973138129865
0.008917451271832112
0.005016294265636066
0.063010484867575337
0.060834876151550601
0.048372675916493996
0.010155213854346052
0.060775558688145083
0.235223043219496719
0.160529279130103258
0.029310750695340775
0.087267284323867864
0.014996207621932227
0.283782547357151582
0.395951183105446414
0.265899002340764357
0.015117458354811451
0.040646876714527297
0.017852544807338545
0.139238814307832803
0.103955625739874699
0.153865141200571071
0.023873189952471313
0.031848500579963697
0.014436885920259188
0.085368542017403654
0.400000000000000022
0.400000000000000022
0.088122153866393063
0.073904003621569431
0.010944245048709928
0.076291289364342235
0.191402049831726290
0.102880357530425251
0.139313135122342474
0.273245040492415048
0.037260380282672985
0.027884772741650781
0.116315269822055506
0.084682243350836600
0.089000573811735567
0.183580174895902393
0.019852367192198371
0.000090686442446873
0.002723489840328322
0.008288218847261575
0.012973263422844371
0.160739764415851805
0.028046932890010364
0.068228207337649407
0.026834129292285409
0.012798483164716240
0.051779231028158526
0.180718950170713488
0.042086113729230448
0.142729066486551565
0.196458065406134835
0.203240626987115147
0.056147221945332858
0.094437867549603621
0.026598843305845415
0.400000000000000022
0.400000000000000022
0.308576235978056668
0.060303220961478041
0.046809731197651971
0.033730383826709724
0.362683527770331082
0.063295775416769229
0.023961401244530244
0.019984562426050900
0.048370739084793120
0.022398886381714483
0.032764581124162959
0.400000000000000022
0.110290390251423176
0.005224493315521367
0.038763548164167161
0.008207848065227414
0.290660783807604794
0.126691541974699673
0.031407552467691682
0.057669364814729923
0.243887787806306128
0.038051793248576334
0.067439043436409385
0.044709391560772166
0.015368570963231357
0.068963373553193499
0.128392649474929677
0.010482412798122332
0.002150817832724201
0.004874960988546678
0.002214472684189318
0.018990420980878407
0.302499893413144427
0.108281284098603908
0.023132762789583112
0.013536312194840654
0.310054904296480249
0.327656187219366291
0.399021569752806005
0.046026935085046093
0.057973444628087886
0.034711245076317898
0.400000000000000022
0.372805999543836863
0.393334638963640404
0.003843344709916228
0.265522141975921278
0.068832061947784129
0.196454675551028496
0.054409072094257251
0.074500352288381075
0.000000000000000000
0.367237793228632814
0.021150777518664239
0.032112708795724351
0.030316974614432047
0.058144972831561698
0.000000000000000000
0.121183777799632936
0.000586027211868820
0.002517070084264830
0.023222173876605287
0.104259485826906598
0.004496211649582977
0.192714916936698594
0.012109778030224011
0.000944486393142341
0.046862230102436939
0.180823194994897463
0.026167729480125402
0.136780898892058356
0.023090376666752000
0.000165390498944810
0.104057374451633197
0.194191349021107573
0.002700996344660368
0.027760901427297171
0.034900032438841169
0.014834248984852656
0.111171977007167910
0.390607257153047782
0.069554561275956800
0.213190252315937745
0.083635079371337462
0.297771874529529246
0.287091243218769554
0.395240518292437559
0.034846154211112548
0.145110273924501376
0.049151548610846002
0.273938064796745651
0.298893117769722438
0.241518737291160579
0.024257070420120701
0.064784055144020608
0.032355737013342857
0.144122947323095496
0.300306629684915227
0.225329434053645361
0.002313802829226228
0.108795018485070644
0.043308022368189321
0.075607980531583727
0.317803556281655963
0.304004073509916817
0.000000000000000000
0.109589749885381255
0.005594680760115493
0.005256149146154371
0.073996539424021332
0.114560264040467305
0.010535424094194248
0.233260948315607564
0.009883205347672050
0.000000000000000000
0.023708734551941703
0.057724513694408015
0.010752921124892926
0.400000000000000022
0.014745344163325149
0.010173152484903622
0.215793659713587299
0.203350768824773931
0.000000000000000000
0.025365041360174798
0.022310388780042458
0.001930522995299148
0.143310756836946607
0.369750329137846334
0.074002978872394237
0.088902977070573777
0.039510177670782312
0.000632348322463210
0.025365937577755716
0.159295772951980802
0.033133212268525440
0.071399538210402888
0.005936253411571579
0.001815633240338677
0.116174965748148493
0.138060686320742532
0.043984414351728604
0.023736780284091416
0.008570376246404273
0.022361812794923958
0.340755971030492377
0.390730126244564324
0.006269484842599222
0.042350310568308354
0.026034267158843362
0.023645826115488225
0.280853357534044723
0.384656333380227422
0.000000000000000000
0.057563763370957588
0.002666261545867064
0.007017164579696456
0.061934645436984292
0.067559516801942207
0.003972328639633843
0.248801591541798012
0.004585676048336942
0.001534116106754521
0.163377906789600569
0.147830564995064778
0.038521418015898916
0.263920512677967123
0.029009840021944837
0.000000000000000000
0.164987262146697344
0.317428414179095342
0.016924360829339260
0.053445512062477267
0.021322834899033753
0.010930012648858586
0.097547354336604747
0.104902650805456160
0.023977268936800730
0.061616542041249028
0.023616939295543950
0.004998836432519502
0.024083997490924137
0.062244752898891836
0.018297468596518464
0.045728378027321513
0.008991265454778982
0.002213558260918823
0.011684388192985619
0.018904429263118534
0.014229291907068252
0.003588448180853236
0.000875027978709544
0.028715074250244655
0.100362600415651648
0.107883297889296265
0.011384127532017124
0.026618863749783502
0.000301961795556781
0.032834244661649470
0.060141923415945611
0.103175525532181817
0.005073311651657924
0.027063178941071415
0.000340944831236752
0.005151651077263179
0.028339164462957249
0.097008107165687849
0.015542829366138843
0.074838715276613024
0.002014982152105026
0.003215639400260672
0.040518848667631599
0.130478909388109743
0.013671634750410746
0.053517650978088402
0.016371916216865404
0.037080064756775138
0.083605791887961828
0.200431754370846593
0.012000739550455348
0.126921306150232588
0.084687598594750654
0.034097629624192660
0.105695967973926552
0.073561773671014824
0.023495812817031447
0.171164568642391518
0.028586841787697347
0.010621363491040625
0.010577374049182502
0.046158704329136734
0.018691031385126365
0.088705016814741633
0.014892249180367381
0.001619519201435337
0.001621027349156854
0.029867562579929688
0.034017208043654934
0.006997280300734108
0.010378771972526278
0.034713334529939854
0.015105356965845047
0.013768750216626132
0.018419438256393122
0.002684569229714005
0.022747470864596452
0.075859306935258580
0.004005707389460153
0.001083090187905359
0.001778965350459748
0.013601720722341934
0.004878372975259901
0.007729242415192921
0.017157150289657606
0.062538789644045009
0.031567745648615787
0.033663408686357817
0.031477692686642432
0.013222839303608978
0.025803324803882970
0.096108728893095824
0.036898472469480817
0.083103206850154904
0.127864992355976925
0.062366537455175772
0.038140101131165380
0.250001697943414147
0.006591040346634967
0.160649295277506765
0.105790241593239714
0.129444058768355519
0.035407828030299238
0.005516958308466014
0.000000000000000000
0.105449252511803593
0.030463086070811295
0.005429530269326039
0.000000000000000000
0.035811192767700534
0.010722144127798221
0.017895234357038641
0.007025069463537279
0.001160665567723118
0.006317575856899206
0.024216519479053084
0.002510100843408707
0.012099430488428639
0.004597627481086154
0.000085022499483148
0.010245436447710709
0.019042831293370664
0.000000000000000000
0.014998955706868758
0.029523709888982438
0.036430827032241542
0.001652680652728610
0.057758601847458693
0.018892098053873922
0.020614031310044814
0.010051554541386331
0.051224397954695008
0.145674622169898654
0.252373075200720831
0.069436052657943503
0.036221432402724463
0.022695120426319368
0.064028742697844573
0.195624846380705486
0.363369445861572438
0.030230667641135890
0.039886561996752175
0.114193296507649700
0.287223200770107434
0.088667941174658038
0.178902428799758040
0.029942663231361466
0.320175983734252489
0.207673086204966106
0.163301309451585164
0.057048326927495369
0.002224857289005838
0.000000000000000000
0.090822426823668631
0.031994172413908790
0.010935288866896202
0.003538560238870626
0.050219008647382324
0.032391145318911865
0.028555359138894339
0.005758225605348112
0.000667087880378274
0.000000000000000000
0.013600058948377659
0.022065554148383779
0.010116560177256779
0.119526219150095453
0.055231778605126833
0.017336109645940786
0.056630946958370745
0.028926629408023128
0.129827442761930478
0.150861910346567374
0.106654496521486467
0.027950396303121631
0.079900411912321931
0.010601346086420441
0.109021167454009166
0.053986139949120160
0.215227580866028667
0.400000000000000022
0.369441991385894897
0.014045695946509165
0.136632279551671620
0.107738156747052782
0.337208304991887253
0.382829820891398886
0.341103680185863956
0.014440050232015805
0.148301014927592456
0.312833164547794751
0.400000000000000022
0.090723585186074152
0.052896593794338205
0.022577285116597887
0.075243834175487606
0.111651139427484059
0.075286344826669044
0.029086083449042843
0.000000000000000000
0.000000000000000000
0.010688563412304721
0.020790271112244414
0.004067481835934967
0.000522532597903719
0.018537032392634146
0.003019750372006021
0.046308127224879259
0.006711169724692214
0.009220783488041350
0.008167737539283682
0.081333795342476409
0.011136968120952178
0.088830774741328042
0.278959704068801329
0.185142529682350176
0.045165772794882604
0.068425745083047773
0.033572045372430040
0.400000000000000022
0.380289563705478451
0.175131411336655329
0.070252552261929280
0.127014813780969460
0.084551452865571392
0.098262516712913361
0.084711095918080209
0.271947281401396790
0.204323203366225642
0.062921317491776374
0.008756124095833833
0.072764015027376727
0.188774924377055897
0.400000000000000022
0.297678193691200743
0.010065625978991355
0.004049810694460317
0.141336219622095471
0.211131813525344020
0.299657422087422076
0.045570614486970480
0.066832266858906586
0.054612416778627167
0.034318550265948586
0.040492779831721490
0.009554474504482092
0.004642475389277914
0.000000000000000000
0.000000000000000000
0.060863892894855519
0.034898271773904851
0.004629754326630307
0.003588612657104270
0.028477916838340785
0.049862269008974114
0.021575795737408469
0.020986627092308831
0.168835453603108226
0.046796567475276114
0.051073216417506444
0.070526462514054561
0.116192997773676185
0.358426937936532464
0.400000000000000022
0.130916689502672462
0.115597160224181553
0.068599027222128656
0.313518234025044529
0.390802814498346529
0.170695218792786318
0.076391568366447102
0.064001481223288137
0.059276099321032047
0.016193244954094476
0.028933098065184248
0.064544570986253574
0.049771130304945392
0.015058971135206883
0.033545946163272083
0.028802442411244404
0.104694752527061841
0.061556627794075829
0.046824608999522781
0.015246958364694096
0.021954232219416631
0.137843471093801434
0.400000000000000022
0.157023596253171860
0.075589620909850580
0.064160670243530935
0.123966585033070786
0.019447485040137522
0.023135927527375109
0.000151676211245844
0.000000000000000000
0.027037398291576035
0.072790010550126738
0.017766700026097565
0.015259355846703869
0.101428740180242699
0.101869082696093821
0.053105872357192177
0.185324716727189087
0.025102996392167506
0.007441799479277316
0.400000000000000022
0.365745274663840048
0.047856633682210187
0.179302329216048745
0.000281279786147641
0.044350907853894742
0.334548701068957233
0.184005800840667755
0.090817357993712419
0.189355109565625734
0.003483950099245381
0.014636627811994244
0.042029159403470039
0.048634034663342186
0.256590337269924085
0.237991663881378018
0.002888273812485556
0.019016773163662348
0.048804080401956496
0.052313832738386572
0.118112866835925714
0.173340994207782206
0.039343352474253364
0.049282828780989628
0.069481144993045918
0.062702442568932176
0.061991868556299325
0.204758515743569125
0.252791813926947162
0.188602787845473463
0.101104507695674084
0.132212227307992536
0.151096273505641421
0.177924093929329175
0.014663249637761772
0.018385921813244239
0.002631868554782918
0.001960968234634530
0.071246696785946195
0.400000000000000022
0.061837360590314021
0.046811491069165059
0.219228131506943563
0.294906282277183796
0.135227656606064395
0.400000000000000022
0.065976696720106670
0.019600721846525240
0.198935868888371337
0.335182288306314358
0.182870550035609480
0.400000000000000022
0.006060894235219021
0.008447862442037640
0.037155500741496580
0.090878453720866198
0.228068740754771432
0.400000000000000022
0.019136822172839071
0.003852358977566762
0.009899678661524525
0.028228522122552988
0.313144441377239402
0.400000000000000022
0.035221610020607523
0.003765297894415166
0.014831131189047581
0.071946148868061485
0.130319398037288703
0.400000000000000022
0.023560736489366643
0.030926830602810221
0.041050111570471955
0.089988218336337175
0.080230503177980028
0.400000000000000022
0.065505862825898098
0.117952546738896241
0.042064401564414620
0.090580979976199849
0.041088266437542445
0.400000000000000022
0.000264394141711188
0.000973806590498616
0.000000000000000000
0.000000000000000000
0.049839800689913505
0.374444095396695764
0.032531355077918135
0.023861222534013307
0.119716222018494356
0.239622363390078807
0.101249461507742972
0.400000000000000022
0.009918639551761230
0.012482597161567126
0.033960447440655787
0.065800527378589060
0.314598903306287259
0.400000000000000022
0.000722674335973889
0.001631908707892086
0.038083872971662117
0.121191971128515014
0.380825807360955726
0.400000000000000022
0.025079620747656635
0.002728931783951818
0.006304923114683819
0.014470404012011034
0.199110237131080475
0.400000000000000022
0.049315566525472462
0.009731044150924854
0.008855083003521865
0.000753237255931812
0.129341692085268772
0.400000000000000022
0.014776977613559686
0.066296849813350309
0.072176863665139313
0.081210079368486288
0.090001112453939658
0.400000000000000022
0.039809860234107527
0.050936155224135540
0.129536937110420719
0.400000000000000022
0.151961670204765836
0.400000000000000022
0.005018574943023137
0.000284372724331890
0.004095257703637780
0.002543702313855578
0.078290331212283459
0.335453695276684893
0.026370243271433728
0.006877748298461521
0.050613322932066898
0.057090306089883303
0.090804388012142148
0.234818249687304637
0.022528330095534940
0.007731123802619129
0.014465310955750861
0.027761520350811246
0.217819533135220178
0.346698771016094143
0.002906557790192289
0.001090226588118096
0.047817554938902794
0.188347643759907868
0.171623016175600357
0.156339416849355817
0.002618140074891651
0.001878657826245717
0.016017009112033281
0.007939285286943756
0.121072993515309646
0.103271379698078980
0.178586175323708241
0.005921668355461507
0.048436608412004527
0.034351174698510886
0.015614759157377287
0.023208910883426172
0.012476888043233535
0.108094538027304357
0.245125340757449184
0.189711973211328683
0.072689497196915309
0.213778688468980349
0.001476827710606975
0.007015164915712333
0.137832674692728946
0.378473495294199158
0.138917995567257313
0.168758717285562104
0.006348050971281145
0.000899265513315955
0.000287785376641027
0.000995910562056318
0.034618055956907541
0.131094573170167900
0.035630286054105800
0.019683658126317415
0.002052282022624953
0.001000334522350703
0.043682747054231350
0.117108914464804537
0.044332153883090239
0.020157276051457645
0.006714096190285563
0.011230088657885676
0.095438643881953805
0.129764390418075581
0.023257685048045880
0.014204103811241254
0.024143453315034945
0.047634354854915975
0.132309957971019743
0.070884641224061726
0.028718752203860221
0.008896291596699179
0.019412205689439188
0.006308373482814754
0.057793120223305378
0.035153042223388491
0.309385905018793816
0.001850282384838077
0.000583113154990799
0.003452360364951060
0.056311249441976206
0.041524468076480768
0.077520255827819434
0.089055011940512491
0.233711533973265329
0.096954681831700959
0.025815051930777707
0.025034381926362873
0.040349074788876921
0.022020232586600779
0.085499687782787326
0.064837990735823831
0.061397557108175335
0.133421513979265910
0.002628777351107357
0.008937428479002243
0.001365085901212593
0.000000000000000000
0.037979869032087610
0.106135877674183268
0.012175963542229133
0.011720375634368743
0.089094089324869175
0.100842898586268673
0.039973395587516648
0.036342613914710845
0.000091028199882067
0.003036248873264112
0.007170220636022684
0.017947382578290181
0.066658562332335553
0.007921137613932946
0.009892204767373521
0.003733307064914275
0.020425150154940758
0.004235253704786212
0.020039187488026709
0.010420028009511487
0.028506120712588873
0.008819438379555251
0.041344322413766690
0.100681633437026338
0.038683487945571179
0.024648060150561792
0.067677432211079469
0.017182413006133934
0.038512154554632583
0.400000000000000022
0.349657861752270704
0.013966978298340354
0.062323772918306312
0.085889960003612251
0.358966154009152993
0.153478088794318651
0.100704810382152524
0.033516611495306527
0.022564361339808655
0.051787826545053130
0.179342138354949859
0.059270118237638406
0.095834537724290916
0.070951472740745744
0.400000000000000022
0.400000000000000022
0.400000000000000022
0.391971622473388126
0.400000000000000022
0.397047153359460836
0.141211260592618015
0.039957603387871160
0.122486979337004379
0.144581131724115269
0.093496763712923356
0.042106778542225137
0.116307902838843374
0.102381369875854306
0.043743370089725821
0.052967331139476735
0.089850562348705892
0.023254998629874159
0.075433410316108507
0.177862583731852930
0.204071823031695770
0.088260138806188257
0.079873175156983528
0.039987632158663709
0.156592627952489433
0.189856694371453694
0.364875897399512983
0.236568072288237619
0.115180603633602358
0.033414813274379236
0.400000000000000022
0.400000000000000022
0.400000000000000022
0.400000000000000022
0.400000000000000022
0.024267076474105032
0.400000000000000022
0.338441081325393189
0.400000000000000022
0.400000000000000022
0.400000000000000022
0.043567020337935795
0.152505589142384879
0.370333313126966046
0.400000000000000022
0.109326853462717713
0.119600141887668862
0.031664936402340790
0.098490185345224301
0.137054902131192757
0.075620032491409889
0.065741246620782734
0.178824008149210262
0.040015973138129865
0.019606014684136835
0.025806565377880480
0.067077966703510294
0.061357408749454320
0.066909708309128152
0.013174964226352072
0.107083685913024348
0.236989323144424668
0.169750062618144598
0.037478488234624449
0.168601079666344300
0.026133175742884401
0.330616746003380091
0.400000000000000022
0.395823643689730442
0.060283231149694062
0.109072621797575070
0.051424590179768588
0.400000000000000022
0.400000000000000022
0.328996552537226372
0.094125742214400579
0.158863314360933150
0.098988338785830590
0.183631058730317043
0.400000000000000022
0.400000000000000022
0.292445357232618719
0.136825321113345805
0.019700369144543761
0.149055304391718990
0.343583133502365967
0.400000000000000022
0.380526552276850893
0.283310666471406403
0.041310190977133301
0.169220992363746270
0.327447083347399526
0.374495971175369813
0.134571188298706068
0.250412441754808979
0.074464783970825538
0.034409236708395463
0.043216269672049806
0.017842693351743665
0.017615738812122285
0.160739764415851805
0.028046932890010364
0.129092100232504947
0.061732401066190268
0.017428237491346546
0.055367843685262805
0.209196867009054266
0.091948382738204562
0.148056123708892207
0.201981433111873221
0.350730167291895101
0.102943789420609000
0.145511083967110044
0.097125305819899976
0.400000000000000022
0.400000000000000022
0.400000000000000022
0.191219910464150517
0.162406891421833510
0.102329411048838373
0.400000000000000022
0.400000000000000022
0.194656620037316541
0.096376130792498002
0.112372220308081278
0.081674985702746519
0.048957826078257438
0.400000000000000022
0.174834961237676750
0.054995623620466755
0.053822519299374039
0.041753794228499494
0.312879826121951810
0.231386294501761486
0.092964180261767504
0.104493973814252697
0.259134746171000241
0.060006025467992975
0.205282514530210819
0.400000000000000022
0.172392167216403214
0.144552994463044093
0.192553319718460569
0.134448997831193129
0.021598302872861724
0.028010888515921789
0.002366148895435162
0.018990420980878407
0.319910320039922924
0.181071294648730646
0.040899462815680680
0.028795668041544528
0.330898796157172215
0.356875699274860403
0.400000000000000022
0.231351651812235160
0.083076441020255409
0.042153044555595209
0.400000000000000022
0.400000000000000022
0.400000000000000022
0.183145673925964980
0.265670440956966625
0.113182969801678884
0.400000000000000022
0.238414872934924998
0.165317710282093466
0.189355109565625734
0.368677819356176273
0.035787405330658488
0.074141868199194383
0.078951009277774237
0.314735310101485810
0.237991663881378018
0.124072051612118484
0.019602800375531169
0.051321150486221330
0.075536006614991852
0.222372352662832340
0.177837205857365177
0.232058269410951923
0.061392606811213647
0.070425631386188250
0.109564672671369101
0.242815063551196836
0.230926245223694537
0.364620549518071935
0.211693164512225446
0.101269898194618901
0.236269601759625747
0.345287622526749050
0.180625090273989541
0.042424151065058945
0.053285954252085405
0.017466117539635572
0.113132945241802438
0.400000000000000022
0.400000000000000022
0.240016871394145459
0.130446570440502507
0.343364180423137766
0.369655204244107249
0.400000000000000022
0.400000000000000022
0.161399899718448481
0.068752270457371242
0.391563959229167979
0.400000000000000022
0.386201646718836833
0.400000000000000022
0.070844949379239644
0.040803599455380500
0.181278448064592118
0.345736576824009989
0.399874296265462781
0.400000000000000022
0.127931840657909718
0.047160381345756071
0.085507659193108251
0.336553625990778760
0.400000000000000022
0.400000000000000022
0.144811359905988812
0.009359978654530657
0.020087280335201952
0.145942688292082817
0.244879662077755994
0.400000000000000022
0.256821684804974248
0.040810035950482278
0.041050111570471955
0.113696952888278885
0.137955016872388037
0.400000000000000022
0.400000000000000022
0.132697890902221394
0.052237554049318242
0.306374639689787176
0.244439035262316362
0.400000000000000022
0.025629435501885987
0.023284195370541078
0.001930522995299148
0.143310756836946607
0.388713305654588837
0.387589672969548160
0.121434332148491919
0.063371400204795619
0.120348570340957556
0.263401756392353192
0.260545234459723773
0.400000000000000022
0.081318177762164129
0.018418850573138704
0.035776080680994471
0.181975493126737553
0.393003291372826857
0.400000000000000022
0.024459454620065307
0.010202284954296360
0.060445685766586078
0.378213801525377091
0.400000000000000022
0.400000000000000022
0.067429931315964975
0.028763198942795182
0.029950749230172043
0.295323761546055719
0.400000000000000022
0.400000000000000022
0.106879329896430050
0.012397305696791917
0.015872247583218320
0.062687882692916100
0.196901208887210966
0.400000000000000022
0.263578569155357711
0.070882525861687251
0.073710979771893836
0.244587986158086884
0.237831677449004464
0.400000000000000022
0.303730372912074664
0.079945995246080370
0.129536937110420719
0.400000000000000022
0.400000000000000022
0.400000000000000022
0.058464087005500397
0.021607207623365640
0.015025270352496366
0.100091056650460336
0.183192982017739620
0.351524588896859058
0.087986785312682753
0.030494687594005476
0.055612159364586397
0.081174303580807433
0.153049140911033971
0.253115718283823121
0.068256708122856447
0.016722389257398110
0.016678869216669681
0.039445908543796863
0.236723962398338705
0.356371248835476384
0.006495005971045525
0.001965254566827641
0.076532629189147439
0.288710244175559516
0.279506314064896622
0.167723544381372935
0.029237003824675156
0.002180619621802498
0.048851253773682747
0.068081208702889362
0.224248519047491435
0.108344691349736927
0.205649354264779677
0.006262613186698259
0.053588259489267702
0.062690339161468128
0.112622866323065146
0.038751740249565014
0.087315603319846558
0.110109520179409365
0.248340980157709862
0.230230821878960268
0.203168406585025052
0.227450323219391126
0.054994478688695385
0.023387081132577738
0.174912739449504084
0.398119462965593807
0.339349749938103906
0.180759456836017435
0.133269357121513748
0.085586864108066610
0.034385415000833690
0.106691878535982845
0.108179829627922358
0.154590385987199375
0.189712865188900098
0.048270499914014761
0.012673645513665578
0.011577708571533205
0.089841451383368104
0.135799945849930936
0.132846835853979772
0.035049525231825029
0.008333615391720898
0.012851116007042529
0.125306206461883479
0.163781598461730515
0.030254965348779989
0.024582875783767534
0.058856787844974792
0.062739711820761018
0.146078708187645900
0.089304079480454865
0.031403321433574230
0.031643762461295633
0.095271512624697782
0.010314080872274907
0.058876210411210737
0.036932007573848236
0.322987625741135709
0.006728655360097978
0.008312355570183718
0.020609510654608663
0.118850039086021209
0.073092213725096555
0.111183664514177244
0.120532704627154916
0.246934373276874314
0.122758006635583936
0.121923780823873562
0.061932854395843694
0.123452281639031825
0.149885224942577749
0.147866225237963111
0.102978091866989224
0.311399255051589496
0.140012554325900901
0.163278072628614129
0.114727670072241980
0.130809144669568111
0.035407828030299238
0.043496827340553629
0.106135877674183268
0.117625216054032741
0.042183461705180038
0.094523619594195224
0.100842898586268673
0.075784588355217175
0.047064758042509071
0.017986262556920707
0.010061318336801392
0.008330886203745802
0.024264958435189384
0.090875081811388633
0.010431238457341650
0.021991635255802160
0.008330934546000429
0.020510172654423908
0.014480690152496919
0.039082018781397374
0.010420028009511487
0.043505076419457632
0.038343148268537686
0.077775149446008246
0.102334314089754949
0.096442089793029873
0.043540158204435714
0.088291463521124283
0.027233967547520270
0.089736552509327591
0.400000000000000022
0.400000000000000022
0.083403030956283847
0.098545205321030782
0.108585080429931619
0.385048715102448258
0.337062328381377341
0.387002695156392962
0.063747279136442431
0.062450923336560833
0.165981123052702850
0.397992280611167648
0.147938059412296430
0.274736966524048942
0.100894135972107224
0.168180352434710023
0.096133695453948079
0.072756509485602999
0.086014226218767670
0.224206668553226768
0.255803335020838352
0.068082684305088514
0.009977837907952538
0.081755413992208911
0.158691025459882867
0.215525651883698044
0.202453031233725683
0.011142706929754933
0.034469975183126493
0.206009539383057216
0.246319695615069112
0.259029792569243189
0.210794532816761693
0.116538767415868591
0.203439361229112659
0.324861393528360576
0.281055028356227921
0.260003000742173862
0.182163081318109876
0.225434859418909200
0.165849953139401513
0.161360548440090124
0.153974369202371786
0.278333024093203318
0.184825600958842956
0.213239931794933391
0.168542837543543489
0.190110736868055158
0.249248893396266130
0.313144014296679318
0.164501425584212102
0.307374827504982462
0.176072755924519930
0.307930247553301395
0.329543088627967384
0.360177314956612260
0.211420568009853371
0.245147400601091470
0.216363610653812377
0.266166784202590101
0.286898919297078892
0.338202387624096490
0.215003808637496824
0.162765002469507286
0.160471708096222077
0.089269421895869366
0.099982569436356417
0.244279571962028097
0.213445637197985483
0.294414569424402417
0.073633642799569285
0.095015072176367857
0.098392624141485974
0.183121487178235176
0.172266646699215625
0.030999412905553025
0.058047364628474485
0.197877607003532602
0.153142332199901171
0.216569285732219091
0.178632555399245552
0.162559187616760997
0.220422412433023407
0.266022297561521681
0.185030074176122689
0.270984581628721299
0.156225796786017945
0.256256762413338335
0.164236876187517589
0.168481510580822558
0.133400939026628640
0.220012888327343198
0.155421415447592748
0.226567402338017670
0.176659595827532295
0.203469692025298993
0.228617513907634490
0.227136757624158719
0.140108332726122525
0.233970465724409993
0.253381185363198869
0.329735729847380366
0.281156131462253489
0.309642596575847306
0.173526145528887288
0.195060442579659432
0.238886638390876982
0.281134113110689310
0.269099346440733911
0.296086450270268808
0.181575294828414530
0.142105688556639742
0.132687280131470436
0.117474488819571607
0.130002302556350952
0.282909624109153768
0.293855412961629814
0.089372660872918883
0.041786218245090892
0.221550870730016142
0.269178368912524502
0.247018980095996626
0.225906885939875901
0.080110999023830731
0.056551496897209473
0.240523602767051758
0.260183510076403168
0.306658133580431036
0.229935468496347717
0.135043848843745790
0.187251617912531643
0.252324082865722665
0.246118814605846892
0.277206571217557984
0.187601976954245769
0.202206591188644841
0.134883018550891104
0.159228827583921095
0.207055457619530037
0.282309619321415683
0.182513886854482027
0.175556919707640618
0.169293020703905978
0.201747134585426702
0.254286352875696731
0.299889344336022545
0.158192684392366612
0.201115200388885806
0.119940050453800337
0.235308934860577412
0.248122149528288288
0.314415362387660990
0.197427046130166955
0.264707588649765180
0.193545817238067713
0.221407705669945359
0.261002118863931876
0.308427014906399732
0.211958129140887297
0.138703032508073892
0.136057650008192588
0.120701657746158250
0.173471522899724645
0.326997463704153890
0.266593593328421141
0.085374124630971812
0.096659446582244957
0.270423101425285806
0.289925782733938264
0.264804972401684713
0.192523530327759151
0.340877668032172232
0.205856554687802173
0.264242401188105880
0.200449107019753714
0.243088758833969520
0.197593224646243265
0.238317827338034943
0.242247098221237855
0.237390314263147828
0.135015879199123501
0.231851682188885883
0.161841934470269649
0.278824150835081053
0.153544187868074722
0.123945622960867780
0.131638590257337179
0.294906430887834248
0.156473067684370498
0.202185349377449669
0.168664805575843985
0.206489739913394782
0.239205608969371514
0.237747941480197317
0.137437391937580616
0.217252214293614687
0.155833212315644648
0.261539979773128317
0.201573322760139534
0.220368109101379328
0.161596450932787378
0.203338362470120354
0.257828356191529273
0.249582786952173702
0.224358974360401586
0.258019433275477106
0.173889808163825210
