0.134875752780626829
0.400000000000000022
0.092259612615826131
0.003620892892412160
0.020075696491537200
0.038140715651767493
0.118119372926590888
0.240114340347214850
0.098792118876372029
0.053354490170163124
0.048939205880638187
0.059303596646635467
0.022008977370365872
0.056522945281998964
0.116868196264424531
0.160811334168516312
0.194444026984788743
0.142042954495188389
0.019797997383074049
0.118839623579957629
0.209569654414793943
0.231208524428719642
0.025214683542380482
0.047305344278470475
0.066614872167314557
0.400000000000000022
0.264445756522442066
0.388715773819481747
0.126127062338458884
0.083653627271317893
0.033064264050808700
0.023759503326777322
0.254179852969090014
0.400000000000000022
0.320004315585327659
0.124706813599655145
0.061687458578236820
0.037697747840690188
0.288209291397057532
0.102345839514390538
0.231096484493086340
0.179630578822072395
0.056352511827989199
0.024672169033075869
0.009306598879557306
0.005330520696774898
0.028824536126349221
0.041173463864892484
0.016244816893132123
0.099700680002144729
0.150877041141626284
0.051953745022756001
0.106610576318677222
0.395683374927945308
0.004898388601365333
0.013600418671473404
0.035330676260185850
0.039314639850288741
0.045887597384061417
0.103146664045535394
0.003925804120070379
0.003984629571610416
0.041971956102743221
0.112118393025159038
0.091426190687155962
0.073256738745598432
0.010438195459494908
0.064657078824841202
0.234854047860537762
0.142911994702660222
0.010187715075772387
0.020212484845364705
0.101056242930686241
0.305416806107508876
0.188247199948606031
0.256376937461187948
0.093477425763148603
0.062415057035505532
0.065886338542964135
0.066038555556368922
0.387673747449318706
0.379104120665817002
0.213876432327727184
0.278815788345618265
0.048196450720322047
0.040229248659366251
0.371684837583600713
0.400000000000000022
0.281522676901242108
0.305971408538873613
0.014903665763050383
0.018642550374926379
0.002190380530653472
0.017870887798611988
0.038368714760203690
0.113474761495442542
0.013488219000851341
0.048332350062780124
0.135291942794862202
0.121486475294731583
0.341882687034588795
0.398106459281387770
0.001227377010912548
0.003518623044424149
0.030416399842255984
0.075405495039452680
0.400000000000000022
0.248106449370480930
0.002601282924757151
0.010179845705645065
0.057715692659808707
0.038516155923487783
0.005874004481760781
0.014003074695210480
0.019703782243372235
0.048826368378272769
0.225463531678059298
0.045508564959263517
0.006144374531213283
0.029592612844053554
0.037243239997320682
0.094169033671032243
0.148899218088486052
0.016330832393716414
0.018505699354572649
0.097227999221487907
0.023246483188050459
0.022117152866386353
0.106867406948509172
0.139988067660844234
0.136786941770810189
0.348672017112624522
0.163601200929091528
0.015814346232905261
0.072304692572351156
0.241087122277605315
0.155195473990073218
0.227649238809072729
0.054683551016131995
0.010814745582767344
0.020079786859768634
0.028133064046879788
0.045278173704069800
0.090388319850347509
0.011658799258163717
0.019540875184559759
0.107384433502320104
0.059795511499994250
0.073902403769386865
0.091441893393067186
0.003201125547492614
0.006199393540834277
0.005806402713340791
0.063241989951401109
0.169646838337980416
0.105035290955237587
0.018068192903086783
0.004805917184876174
0.008077509231377112
0.126280612056257041
0.076403884085067042
0.136206218112638472
0.033305099306666218
0.025914924958497208
0.072515186300343842
0.011413307442172109
0.007451415156879447
0.060297987358700164
0.023273519396032644
0.053572190811879826
0.091659346485045951
0.002501957778276412
0.013393791233306009
0.075397712531631828
0.040925785074854212
0.027874451435041386
0.033592580847914201
0.043376076962092253
0.012080450719005152
0.143536933229680558
0.092464943812409189
0.050934306967465412
0.076935606662326267
0.150907441114750240
0.083841876055499018
0.119209484242437116
0.082618400391324023
0.037879866492846852
0.031380409070495649
0.010886954139472219
0.184354185349200339
0.243372365477481034
0.041398343297919450
0.000166840464085184
0.377417486626541954
0.256360031461313254
0.053354873152525309
0.107085264168786720
0.018317674649268388
0.000260821970433931
0.077277541588127080
0.193798157677659622
0.177923761680885029
0.035130527669498549
0.031555751535744365
0.010177812012804153
0.002488998034420551
0.152068578337496402
0.110831969506500261
0.054587592754819288
0.046194444918530503
0.050935917974999211
0.018128358156489069
0.080655200818044726
0.391912410678088796
0.052993316923149611
0.015594632617567978
0.016282566842811128
0.029095094827919530
0.045474059996128330
0.248355394054128154
0.063944307964199254
0.033732396624738870
0.064137777451009875
0.033690096717034379
0.000434029092303119
0.014370093549661046
0.088054271720439059
0.078215569413625063
0.124415174079154728
0.154697883543119585
0.108866638080689887
0.091306210772174101
0.149316036240295658
0.169624909894621367
0.268165282361972734
0.340029149133689201
0.236573135291212933
0.387698415968986465
0.392438812550395921
0.012370427935551180
0.001249948387256890
0.388281697876446619
0.357693620070983043
0.017514154265190551
0.130514910099874926
0.026653859318718501
0.000285504746671494
0.089439145119423413
0.106818013613866725
0.012816715381668519
0.069218727486389145
0.045606131103484271
0.011858882911691548
0.010450131154390967
0.284488197747242322
0.264763718725526398
0.070244348442964538
0.042245999785327865
0.037744551502885533
0.006311752702126655
0.235006900527687357
0.400000000000000022
0.069737018931040978
0.028227646036981302
0.016685729025343935
0.011263678026133365
0.112651074334916779
0.400000000000000022
0.081895266561305122
0.076147065044834289
0.056121142254940685
0.014577696769600058
0.038296083422316163
0.033583856722867490
0.164749929287885122
0.118003977072076965
0.227426445168588953
0.255526661231447849
0.156806976581570334
0.020971116957950113
0.035298931698247341
0.111067373170897349
0.319097382185168366
0.379660557437471735
0.298892502612318145
0.177145317127635815
0.210820788468398634
0.076654387211270381
0.043065695358946228
0.058808377788797522
0.084127053325218470
0.019253587675480292
0.040966124035934935
0.084218729273370221
0.019885688696772031
0.054725072376612172
0.116091296961842630
0.109261854578109441
0.026923841079746887
0.279000684767424456
0.006801080433982423
0.016956271674943027
0.326436361816014209
0.400000000000000022
0.047455375366801264
0.085739031908141083
0.150643456932748387
0.014616069221697144
0.232893818651792039
0.369177384965157951
0.042113767388739121
0.092522323197804360
0.072050076325760243
0.015547344770779958
0.014080847801135908
0.399005496461188214
0.118258827815334699
0.111572994816385926
0.101007761289958198
0.026416480286480477
0.014430112677713412
0.104976033384385034
0.098480028761650393
0.093428281386781137
0.044564541718904400
0.031823227537551693
0.014303239635901643
0.000658108338997094
0.060069192636063674
0.230700955316754441
0.025791500958544884
0.027427522771136879
0.049048516878170238
0.044847448334709251
0.074598322714000853
0.105765596312596202
0.094366665921379059
0.198991747064562297
0.142211837959798193
0.008674604335416747
0.022185388082578965
0.091667689167360081
0.078489577998249044
0.023937123610420916
0.025385612360769895
0.297913039586129913
0.209230750164857371
0.150952041740314513
0.007980733724000552
0.022285643702530101
0.041797001000239128
0.163203403352173204
0.332936434239144374
0.066858183801662197
0.084291435339172743
0.004095737395747609
0.001284339834848760
0.009712643264354781
0.053286240831189068
0.048088496587251749
0.081305257046018542
0.022344131418999220
0.000000000000000000
0.332433020169838445
0.134192490962392719
0.079244232335496684
0.106892014192341511
0.055837732471009469
0.016966396217912801
0.083117105674832936
0.400000000000000022
0.133853021659094518
0.030625227259946857
0.020319004617170802
0.006692526066106858
0.021091383139263016
0.383742534227704712
0.109520629300737804
0.013650541868200687
0.028850183927651422
0.004758981961720452
0.014404995914037030
0.065857676701817372
0.068755114158624731
0.106116730474654530
0.223379214212955257
0.137058570211722075
0.027183806763001400
0.013468444568560169
0.122061454829484634
0.140660239540418674
0.080681790943404968
0.098113468654525499
0.256174834543380026
0.274284258661147362
0.040694408533652263
0.012531296085339177
0.024523198901475550
0.036356327503925250
0.169067503738857733
0.382306275298152531
0.026929079782826978
0.151405128146965856
0.043084469815143425
0.011010072464766745
0.005718264284253424
0.036966997849599996
0.026132473315868210
0.129637088921134930
0.075691775436668968
0.028232428984310224
0.020098161839661181
0.074161196207509730
0.012355111075188057
0.067090844021066270
0.146706836947442659
0.091777954078396534
0.026873789723968151
0.055813139899209385
0.106818616049176751
0.062616695367337688
0.074952641945776971
0.021571681972980997
0.072650071002622649
0.065567120243792826
0.164282898059987359
0.040282792936178466
0.024127788337128336
0.001062378966654677
0.087549556880665125
0.213590366369209805
0.014134533125746924
0.082662624252962502
0.270447901476593311
0.305935760513478261
0.131252629393518588
0.053504285298570264
0.107795554029883167
0.190655918788500633
0.135998209926488839
0.273155727557832351
0.091358286005382067
0.104596833538956491
0.051117040535266597
0.017249151292105493
0.029338449287170026
0.035796821049388992
0.054864925062599462
0.139130196684601304
0.004607320421407306
0.035394997298375246
0.040387995264188369
0.034377035576645162
0.004593144528267474
0.027938458031019343
0.016710866485444592
0.079948186246852182
0.110733001692288585
0.144889956864491576
0.166545024481578069
0.360973275508224001
0.025312281391903557
0.036707867198911379
0.154461453743158728
0.183150864872583918
0.198925619239282925
0.304123665951438471
0.055512884495146193
0.030965257038740836
0.082924551927682597
0.090097624265226967
0.154201275181104769
0.060125223870296188
0.085543385858766224
0.018888058348769964
0.008187619902096016
0.015442543395196483
0.111159882836733920
0.294778903068340092
0.009542756077886448
0.201837580961989421
0.129658931470110372
0.400000000000000022
0.400000000000000022
0.364094339430002134
0.069268250572238621
0.376277399926025824
0.195415257972160222
0.374674743805878174
0.143959577881520001
0.034581984261108041
0.059420904732546478
0.197459043154955993
0.059361547684824593
0.012554798527709788
0.026289046726296443
0.028830389764752561
0.005068457357564626
0.150609140232479788
0.114051883315176822
0.059853383787254071
0.006355101658526353
0.024835878131141562
0.014913861552543884
0.180987905761593237
0.134018960163125533
0.259534311310142818
0.071623331386287181
0.400000000000000022
0.011039801982510431
0.011327945891883176
0.123616812319486291
0.110590868887754587
0.199805591206445532
0.265996360129856502
0.053188196807476669
0.020454954955697477
0.097735779811647397
0.073122358407190891
0.400000000000000022
0.345420382441058604
0.016826577593680715
0.039805252556515486
0.036172404944564182
0.021920493031453010
0.240664056232629264
0.261394632869317411
0.008461781645619936
0.199806910966398410
0.148003464061712997
0.113878013018924779
0.231014990203090298
0.292686545014635480
0.034201201093726631
0.256930708599490132
0.153034383922010353
0.048168088250713101
0.058238152026815038
0.049129016055378602
0.014838315419505674
0.150753856486345816
0.061023223310676819
0.006953994772646631
0.016218643552601560
0.010087662322059279
0.009403447877393714
0.049310726852948593
0.046433103664070170
0.116005229939207130
0.038072069050426843
0.032094389655974914
0.036249296497419377
0.031825921367875210
0.086248141482849205
0.199571050971495467
0.030977535230956248
0.159474550364195278
0.051484738258321470
0.000672984879432147
0.009812037692223627
0.048208109996070891
0.123522124151605656
0.059352413635778867
0.065309969356906403
0.065063550923806043
0.041145687169538141
0.226860867575668590
0.400000000000000022
0.102390174856029859
0.086789566261389520
0.125565053297059970
0.117895531628487482
0.144580282676215283
0.316969286847096410
0.086650670157541104
0.220839848352632900
0.138920209601704647
0.100521533580991876
0.008045173516507048
0.033902880999710804
0.062813228916961353
0.206346238393900733
0.109048451595300105
0.073176612206648353
0.003816031511007141
0.010217183016337120
0.064144509029116850
0.048266993666863420
0.058356048784940974
0.033855558582984370
0.016289402809661013
0.036282359064986912
0.008690991594030568
0.345961502412184707
0.305017029764109660
0.039529025615543216
0.135014810445741484
0.070518866408065900
0.079003319946638464
0.072929922903067379
0.041284188897532902
0.066746184197990346
0.131288064290739359
0.072819855705730713
0.091777293633118748
0.078954537166644592
0.011968518342754371
0.005723464987305568
0.014526910058865892
0.007290851674442170
0.010341350061126804
0.061280719857315827
0.096882875184468559
0.009592929664663500
0.138827454336244382
0.066309972386380506
0.046200639840362899
0.234470198216893411
0.222772452415272326
0.055594758550581630
0.351040941432279707
0.187371713242639459
0.124284719271111579
0.400000000000000022
0.297271308191138783
0.018570386298351567
0.072701382166516712
0.039531178568246048
0.104478323912108401
0.400000000000000022
0.215755000308313960
0.027626324205858886
0.004994980999932837
0.017241291547394563
0.232749151479662603
0.199983728476508527
0.179041320353365119
0.042957274230827104
0.026206593714083390
0.012738919894197407
0.026270302370776207
0.400000000000000022
0.400000000000000022
0.047327574587293440
0.069871989273134649
0.085210088045978905
0.122535671645103414
0.400000000000000022
0.349926773572767413
0.080030638448339603
0.023632200857097163
0.044929950678817353
0.135817458818989406
0.140531968386457540
0.027393207735765528
0.033862581537207101
0.060464244696569913
0.061190734989041720
0.037484130287076166
0.077898636112744668
0.165818295020090933
0.104707041184241373
0.108195539889806402
0.062058267111450217
0.082945594549362511
0.157016861987357037
0.300730491801347366
0.191204820768428374
0.400000000000000022
0.272771148248245665
0.044064799000469369
0.400000000000000022
0.215502662774174542
0.088421918866310636
0.069514099189521561
0.087216723061722318
0.083611461669593767
0.400000000000000022
0.186584959387118721
0.042826319801702734
0.020839029697703872
0.010529450833747254
0.220749114707692817
0.400000000000000022
0.374282857853133089
0.059714984024872256
0.015625915455284321
0.006125288611816803
0.064785924415643251
0.271477038703755835
0.258688328901267584
0.082920543915964900
0.090950766330501642
0.063552730294182985
0.122550523538348430
0.400000000000000022
0.174086958982467760
0.140225288421988559
0.068357213110541798
0.065597185825958471
0.095644844049682140
0.381718049223976008
0.122541691645333323
0.049475009711719996
0.016010334529892964
0.045270905625171415
0.100573899489367902
0.131723640590123120
0.114524893642902179
0.087942229293191509
0.023426800612193866
0.038128463459365609
0.250833919515133452
0.113626728242840508
0.294774381396142371
0.162244433827644807
0.124218393193322174
0.161565269697688363
0.109758434915511738
0.115941030440521453
0.059304624125520906
0.009600189637477535
0.041182543762139298
0.040752308114755519
0.083293283376526819
0.060342803969145375
0.053408762512164316
0.021267974039337452
0.025847928316786849
0.022442537218340171
0.214111137784791628
0.400000000000000022
0.361746210284190683
0.116811730664363511
0.038322891720520932
0.022793034337864868
0.114044803446953724
0.138798498411793814
0.126183687719857884
0.218829640230135375
0.093093560585180896
0.044021796014921379
0.094096900180173887
0.287879575694296119
0.118716194020094867
0.121616156073036941
0.063745418909363583
0.038190183107590502
0.081464970493682731
0.400000000000000022
0.400000000000000022
0.030500877020053940
0.046047894729713296
0.173263260334056618
0.132581868480352721
0.208998694541355445
0.348099142614421431
0.102250472742573248
0.044079666345674756
0.097735916347274937
0.236324360408206424
0.122121337534142949
0.105589850662706902
0.099294755963211218
0.013209486102577637
0.036365017770664358
0.106890481831348125
0.039106170892749190
0.027463964486077502
0.047884096148113009
0.035329410294066298
0.026076066401594142
0.026045338630130369
0.039413432973319396
0.027577304167350158
0.030454957012952290
0.027507233781371855
0.023237584637887693
0.012248722893207551
0.032019550998426183
0.338251124446840634
0.392601825740541865
0.069221698609673588
0.071627450480807459
0.178507006840020688
0.039899134328509764
0.135342793575701864
0.295621905735231449
0.192094728902631046
0.059618623252553592
0.167116553444243726
0.146526236280301037
0.019175492238361163
0.069702758876959037
0.095404119409529198
0.079500632635175220
0.055518247246581678
0.299885904192519259
0.400000000000000022
0.083109365321504688
0.039585035971520299
0.272111519369614752
0.214196863094908846
0.269932538480277207
0.400000000000000022
0.184202346266778560
0.007824623204887476
0.086212355715290484
0.209305405607688177
0.235255415131623458
0.087645527310366830
0.037151232804649777
0.009107242161098719
0.016409422306363556
0.034475084417138174
0.066106600201512239
0.177174940729085573
0.115180056577531720
0.006394947051527031
0.057401137765018692
0.045801311432795852
0.146587385832356532
0.400000000000000022
0.190060361294728752
0.046419590746725178
0.073772321441044147
0.027158205085349465
0.012760359063702464
0.305485678371276048
0.319083140728052383
0.243414323032374674
0.400000000000000022
0.400000000000000022
0.007983968900988099
0.055689804650612906
0.140829828021718145
0.278102853353963675
0.093555369174455227
0.322838956002522104
0.033096587892023854
0.142302880984443159
0.118329886631795472
0.127499589890676945
0.091717320029601063
0.013964847976760099
0.094964450921063620
0.074401914219950321
0.103680565914146455
0.135031393077803485
0.279798796194112298
0.124365064052591984
0.197526708167556575
0.229616207442969539
0.371553260458897583
0.032975745772177753
0.161447474236880689
0.275521008708274229
0.129744428123335365
0.094284270423098268
0.022095770875407039
0.014599633994099796
0.099438859409661184
0.087524593732833028
0.149010285906373746
0.400000000000000022
0.352758254778212210
0.308308396474813062
0.151328325885055792
0.091645000950337771
0.225914926956474083
0.376413457110671312
0.234790328802860881
0.302126818636508365
0.140297491886020281
0.163900430185591972
0.073126017905632473
0.073772096574104468
0.146206645551594572
0.196608155217905312
0.249308952047388205
0.281173151179789693
0.024405317804481352
0.154234620878332868
0.249957649678982263
0.258370250214703723
0.029807828070647954
0.075243802309489793
0.083325738652759149
0.400000000000000022
0.359534078655999845
0.400000000000000022
0.292672086820036925
0.393998665819961513
0.058376545442712251
0.060467370525688700
0.382319363436345316
0.400000000000000022
0.400000000000000022
0.388365679194861868
0.117200343073383006
0.068663004879431028
0.361878105619882207
0.192443463779617518
0.380977245481931015
0.239755802692368569
0.141895897686755423
0.043560227381845833
0.017494218781653324
0.020773064091971383
0.139984418963083113
0.335952366933232549
0.025787572971018573
0.301538260964134108
0.280535972611736684
0.400000000000000022
0.400000000000000022
0.400000000000000022
0.074166639173603971
0.381847182948653774
0.230745934232346100
0.383761711827087848
0.189847175265581425
0.137728648306643442
0.063346708852616854
0.201443672726566381
0.101333503787567822
0.124673191552868823
0.117715237413452412
0.102087128510351011
0.015506652817059534
0.215266219057321018
0.348905931175714557
0.202765378489914327
0.016542816734298738
0.045048362976506259
0.115970104483230141
0.396417394240785259
0.322266160111731592
0.376140293197023245
0.165100757149435784
0.400000000000000022
0.076926140525474571
0.077366501448252106
0.400000000000000022
0.400000000000000022
0.388441081192248516
0.400000000000000022
0.101384647527798716
0.060684203615063728
0.398717335229860526
0.400000000000000022
0.400000000000000022
0.400000000000000022
0.031730243356731094
0.058447802931441861
0.038362785475217646
0.039791380830064997
0.279032770992832968
0.363662099161443819
0.021950000646471277
0.248139261029178576
0.283295406856575283
0.235364488313656334
0.400000000000000022
0.400000000000000022
0.035428578104639175
0.260449331643914261
0.183450783764266323
0.123573583290165795
0.400000000000000022
0.297235465425859546
0.017439598344262824
0.160933702191990852
0.118738915970485526
0.045470150696134415
0.022092648034362342
0.024090737017269763
0.029107230120765951
0.098137095231221383
0.271896635342129489
0.161513794898470675
0.044216443581640126
0.061687002500028482
0.073492536494740052
0.125994955038907452
0.235147359571335285
0.215901883365211877
0.049483234585528890
0.256702549585683171
0.074731221446371926
0.022790137745818499
0.116679444640732793
0.188196177656915126
0.260309065922415872
0.385572362968091276
0.228911170285997917
0.080877897156711301
0.113450379741889290
0.394077199777166376
0.400000000000000022
0.330039413665102643
0.141473117277521487
0.136379798879827319
0.137975318488256116
0.172713346723095101
0.352913544692092462
0.177038990007888586
0.232498647610796583
0.158461084786264417
0.207905967083311966
0.067840685016501284
0.107805284769097676
0.154255122310028497
0.209547363941393366
0.115247845136134383
0.078983014919989145
0.067058021462408260
0.179864021354317505
0.169179799984354423
0.066335186569950202
0.063161965969817158
0.041933067814361485
0.142570014865918054
0.112686243150053961
0.144897209706669028
0.378825496130291206
0.323265490882468531
0.112044211915887065
0.146428117887913600
0.077970281564945343
0.139301307305338629
0.096203442299100037
0.094856379709412728
0.158405530683036311
0.133790022069015802
0.086213646939036714
0.167175006164750589
0.119880322241498805
0.039842969777795757
0.039316045835219776
0.057902987020958134
0.019371302393447323
0.153878283290807355
0.153745663669725002
0.147817182151933985
0.086528536326989772
0.289734895450994623
0.150151848441879510
0.165410124082800036
0.317088598608217420
0.260652318908119185
0.086975167621077279
0.358701425001829222
0.359531190428969971
0.358589365239211033
0.400000000000000022
0.297438148655223999
0.380947746699554890
0.315621662020756366
0.092886051720771357
0.211563588080895093
0.400000000000000022
0.216015822278747882
0.104903865793985959
0.198793138677592462
0.195165053228279595
0.267879679149161110
0.231539480012252913
0.189219132366169274
0.045446272265247653
0.178275172051579750
0.123570889400697687
0.080857895125595491
0.400000000000000022
0.400000000000000022
0.065455932743782516
0.150527190091179375
0.400000000000000022
0.175528988568253025
0.400000000000000022
0.358321713159424349
0.109125733276259129
0.069106260853225507
0.293285344732945485
0.199761766783188632
0.174264365011196437
0.091530985186775396
0.067552678254241480
0.060898273788873025
0.075560828538702773
0.125538402007515232
0.156114205526369731
0.290233469099245689
0.259404924727360930
0.217062177970496262
0.153364477883624339
0.232261630789658197
0.322485376825400794
0.400000000000000022
0.397611620229044838
0.400000000000000022
0.400000000000000022
0.400000000000000022
0.400000000000000022
0.216752611161431463
0.400000000000000022
0.383626622862930700
0.104730877326912872
0.214126371769468693
0.400000000000000022
0.186870464133790271
0.132265464921126147
0.127657043311570573
0.023346166215415774
0.289967842194081948
0.400000000000000022
0.378670909818876411
0.070165115179263243
0.288485602103503602
0.270889007337343168
0.135030272858607775
0.313723038489083672
0.296432880404153110
0.089232296618091539
0.286149136722693709
0.400000000000000022
0.192287542469389422
0.400000000000000022
0.190772688007811719
0.151488966448121931
0.181008287445458577
0.400000000000000022
0.177540110610987290
0.400000000000000022
0.178662833900274015
0.064052706481320054
0.054306417952209127
0.078854762348038912
0.265323828777253024
0.249727617662200085
0.337034615123123493
0.343468890524639359
0.180233777193764211
0.059099580417315722
0.286132851213380779
0.224694101413737857
0.400000000000000022
0.400000000000000022
0.392800276555701822
0.336480595359844314
0.320579223383910428
0.192595417651791834
0.102370319484467148
0.068408567426275060
0.125309597087357755
0.060005895790235818
0.124259407412461748
0.144561533242515611
0.073294451208936351
0.075993046415949617
0.141939225278629483
0.131704391796449605
0.241034978864538507
0.400000000000000022
0.364262762187919586
0.133768002339306552
0.336240081460250195
0.400000000000000022
0.161500178813754974
0.224537530319934897
0.276827144652606272
0.233445709451832545
0.286156989569987918
0.386259470598661170
0.136210667568913008
0.376613574794128936
0.190766270345855110
0.137163500843816899
0.077826266710499498
0.400000000000000022
0.199723798309017403
0.400000000000000022
0.400000000000000022
0.056917357306534418
0.060478007407426704
0.278239293718441638
0.231061897242003156
0.288513467127401668
0.378990494089147423
0.134073700280124941
0.058382905981576402
0.098394024686272036
0.296393553044270064
0.332302648382211907
0.131381351621251780
0.126722278734348104
0.062258002980747872
0.081212466105373624
0.181488804545348992
0.144871767205345364
0.121830630407456550
0.246875843212675306
0.177541248253864498
0.034750670737010887
0.048230726712709331
0.131081122140679462
0.106066882165599202
0.054392080623373203
0.052892846142141743
0.321150624224017578
0.221479473058064924
0.182971592738740668
0.341204174457238274
0.397297353631494266
0.111018699609912716
0.234830853832980635
0.400000000000000022
0.106757318130171960
0.219634228914874607
0.299717643130979094
0.193379068737479842
0.069331266516908366
0.220402794275432773
0.194614732867552792
0.100480749284379722
0.092046890295958250
0.095404119409529198
0.396909483665931706
0.189710738208974411
0.352526526067202139
0.400000000000000022
0.138947097792514157
0.056551432189433093
0.352954544487014354
0.400000000000000022
0.353367877278992881
0.400000000000000022
0.204521350883949377
0.014517149270994331
0.107303738854553507
0.400000000000000022
0.329285435476780852
0.101296069178567510
0.066001416732301199
0.013866224122819171
0.030814418220400583
0.100332761118955560
0.134861714360136969
0.283291671203740103
0.335930183685643480
0.143453517263249120
0.084584944528020095
0.059269756001356019
0.268648840661841137
0.400000000000000022
0.270742152238133749
0.144533059401250663
0.329947155984424201
0.301442463746496858
0.053454767597354728
0.313602150891838960
0.343606339629527913
0.267313122062257380
0.400000000000000022
0.400000000000000022
0.034913048683815083
0.207094932797578762
0.183914297836861584
0.281848883593155575
0.099273633458708627
0.345675206214528963
0.059229061207892057
0.271939969905578061
0.194021662068464440
0.155732018874987166
0.111815481869262268
0.088126044184269822
0.107319561996251672
0.141492758241016592
0.250387402861589115
0.226809347156199992
0.306672585918080498
0.180178203951801397
0.289709241697217956
0.292232902810307227
0.394079388928726293
0.054547427745158750
0.234097545239503324
0.339158669450124295
0.294027326183322724
0.134567063359276734
0.046223559212535376
0.015662012960754472
0.186988416290326309
0.301114960102042861
0.188654921388108104
0.287886284278548510
0.317338449484677321
0.241875517991178401
0.208032776172390882
0.313417744580428093
0.221969318486460759
0.348963781728785283
0.216387150093710512
0.149884534144830217
0.223730393523494914
0.290795523971750569
0.217693301265382499
0.309413948257773963
0.183168190732090952
0.115330091197306958
0.233582136756942393
0.302612031784376789
0.178379588589354598
0.310184493009233786
0.196994557993706521
0.136148180592211981
0.207627894128956880
0.242232077754167496
0.205983057486845339
0.285652971925525079
0.161966443564262014
0.180075441043592299
0.263358282263594923
0.258137303131035167
0.218357613917649046
0.185421661658043552
0.162845768378409861
0.174108829202280463
0.232485585573649928
0.350143371380547463
0.202083005441413111
0.231730419114120817
0.234138776330066245
0.193845071378216605
0.283641292324001981
0.433266959137020957
0.203347056377161106
0.206877667320114228
0.141463892976361305
0.195416260336366221
0.340729819329464501
0.355229405028477607
0.208501225839864746
0.245126983246185010
0.365111332992969273
0.337025742860690425
0.220572385996188780
0.255474502800346170
0.238066770587286813
0.244257176558956318
0.189939794489434877
0.298751210122087107
0.266973026480722520
0.211998997929454591
0.230030500781850500
0.221543218723837282
0.176116955312183021
0.308841022803108378
0.262074559032119403
0.228346396051749084
0.193754404373523342
0.209669606960063148
0.210611808421883484
0.325826855901539203
0.210382565639231606
0.142071555247935216
0.227482794997458493
0.226833613389243127
0.193800120317818986
0.250282243628917045
0.289155914732912522
0.216197278159260819
0.280442693139570265
0.190943467406963246
0.191911786474828094
0.219734049462827569
0.269480305229241990
0.295724439766164637
0.357462593237344362
0.290642132286937138
0.319535821675949905
0.242026366218965810
0.284475474528382344
0.338817256205031947
0.319303617564808628
0.297250861895525298
0.223257477679597333
0.205224613004750617
0.279582202105771616
0.311959169933105074
0.195089582359330771
0.251325867616748244
0.247954089369664871
0.207789845589133548
0.189913298556030702
0.306352393698920200
0.213378560558139280
0.269079549682457508
0.107367973220745080
0.121481565772220981
0.212432384143266928
0.283924598458133060
0.196948255842358061
0.278200337741345449
0.162949762641738688
0.120651430083681260
0.235287381574323856
0.286581263922106699
0.178458016134927316
0.330791107374279914
0.239527172401035437
0.123224851855238210
0.178643533159369428
0.167735966318382945
0.211738869944767205
0.339116335721430628
0.232414745614489743
0.164239136002840486
0.265956024596679275
0.337722979951869284
0.198417500112608808
0.207642034169961132
0.197629301176108829
0.194655056691011658
0.272394568023179851
0.407234717038063521
0.157613343692757757
0.229611244087457395
0.274174350972991809
0.207061919667820976
0.273147751294537278
0.385958949119541261
0.181148379223648626
0.196993624484011171
0.169073431976708710
0.189367321896158847
0.267000428989229266
0.312024913216933597
0.235223515726456250
0.258626110929324637
0.323982115115457825
0.282108959861406550
0.190215522728755082
0.234393573077830458
0.238424052070470710
0.230995409894333148
0.130363191241160942
0.182683278992911868
0.225314889208510283
0.198435594963894985
0.209891369254565335
0.184303115035936049
0.145307716809560450
0.276949937674430935
0.269816612321334970
0.230564605154189389
0.191585422569664654
0.209766733126746457
0.227110904324729024
0.386476700117225402
0.200491269989313103
0.110520841928042526
0.225499264251305898
0.236092829401988419
0.248480416800871795
0.337967123444225692
0.272018017344346053
0.218320061142063232
0.226757494863416648
0.179685977614985920
0.227207204247174277
0.249645842411657937
0.313087887418975808
0.338396986622671869
0.233957264513692892
0.240666240740853743
0.316949790861365210
0.275350140195852355
0.301610429091270282
0.320041545837599750
0.321566371020565567
0.264801039240687930
0.217095290475963293
0.233374851542140965
0.268176630332657262
0.244322746372071992
