0.009729178267149377
0.032568414796971819
0.166929290536072777
0.111839416233690425
0.082612120422338356
0.026324466676125629
0.006211481366706893
0.009966829594185685
0.072024988772286622
0.031342530231180894
0.003815611344083134
0.000551094117273691
0.000155245650156057
0.019610003511711809
0.220985361390079238
0.058531893281864603
0.013803532488705042
0.004554596887039789
0.036671874272642076
0.058795330439071439
0.189939572837185849
0.162157945236066164
0.046724627140334180
0.006143934503605663
0.023096259197902782
0.063827541384515074
0.321478384270022954
0.327428905170757956
0.233124971833001043
0.036823959601529406
0.054094965622164266
0.061772168101052752
0.198875358756819831
0.068517979043182353
0.076090144502359139
0.056801656124152763
0.170035493728218523
0.202533471358856493
0.249146910435966235
0.180276486206763203
0.223791157357240644
0.359767250035632813
0.083936676000127303
0.166098077213666040
0.087258937777811532
0.092555184437550106
0.217837517023287908
0.222409978451857615
0.003868899533548866
0.014714581604831916
0.236972913217399772
0.163549661371080651
0.016409323009651818
0.000050154190663635
0.000320231657264399
0.001420635717139411
0.108044556002241776
0.106193693864613734
0.016801027247140575
0.003148372758911003
0.005067285463045433
0.021377738302863738
0.203044515432201117
0.100477778072168358
0.187955790494210850
0.094395891794622461
0.048082483627359347
0.064797181308677204
0.135921005239013071
0.140137722653568053
0.043789768031873108
0.008652739467358622
0.030260869461984276
0.068007613841435041
0.261898322174407450
0.372314873686843184
0.170626309359345446
0.052955685425195499
0.005178717995349292
0.029806748054151035
0.140517912689837571
0.081606540055310539
0.162021057437462757
0.041014691505799859
0.043447046938991263
0.124058285843138230
0.144292364013041796
0.310882096756215254
0.400000000000000022
0.104355223624152282
0.130141015957844997
0.080199410479669664
0.112116189311199849
0.256620634209216769
0.223799434539188324
0.061519698808483736
0.005763181239699688
0.028607721170822158
0.192061202019919636
0.099400286765753076
0.034042046280891240
0.011551316150034362
0.006742848886438143
0.003714677704703086
0.102139624176876720
0.059784787512510040
0.033478735065121216
0.014796943358275630
0.070864240423112387
0.041322426212452509
0.162443093070252703
0.073461156223530027
0.161699139730640706
0.129843389022964495
0.053856071596805437
0.018856751974672049
0.115045235275910443
0.093632690167784846
0.017953487688963300
0.005028576335595853
0.005303836963150537
0.030215725790624995
0.156013792354476266
0.222255407500172419
0.066210441724808000
0.061083680742860517
0.014982004613132595
0.014842460185173207
0.054620349344579225
0.211761828236160327
0.282100803105917453
0.046065674913323584
0.092633394065826768
0.044387436181308942
0.119423923013139310
0.227041878215227977
0.360783604212522202
0.032866165323127632
0.043739384713397660
0.043168991785219650
0.138903053329732323
0.191465213814114965
0.186297775783224706
0.094626167728372013
0.009406982311712823
0.029317689430868342
0.277372507461143336
0.069405204026857251
0.092425600682023545
0.057340735651339104
0.023339324553617168
0.059437637367168242
0.400000000000000022
0.065073030510155450
0.067620187233876888
0.026587503237402069
0.256372932522639929
0.098968030736622969
0.260718116941739131
0.123081663750428311
0.170132445480943195
0.025432911518755909
0.074266269180104164
0.140135661478503648
0.219525157003639310
0.069590826360839506
0.046639403739868870
0.016315021294428664
0.090248529439059560
0.070947770810346089
0.068873105272284407
0.058141366279735734
0.070125565395710229
0.091470587855944502
0.081622399010181895
0.074037822759491459
0.108260993867161065
0.068461866946864722
0.157143015809083020
0.048851756410313883
0.133826523274249820
0.160210713142039302
0.177380816779700162
0.142120827352702678
0.100348565530504266
0.026787180831510729
0.236618451161865695
0.143624843838029731
0.345958425193807761
0.344839590587242617
0.159220168753389069
0.041667473566959670
0.018187095738388608
0.064314036870281019
0.207663803021846949
0.283236438668889146
0.268425859632990815
0.170613560875135239
0.059995277927386265
0.048704035031843368
0.326933747519339735
0.163783472466233149
0.293241922647836550
0.171752316383204928
0.110200622273031054
0.054757821774205982
0.144768030630329891
0.238104329686797567
0.294165268430985005
0.276422243568993531
0.034728446426215365
0.129137598277817456
0.219971192632935353
0.180398881074266243
0.270304845108809755
0.224700400743131495
0.187919261450687991
0.134802892367933663
0.169173654193879447
0.017324011663299159
0.032707894516339875
0.089784157034139028
0.248875474979583844
0.221991214079655830
0.213038021242085762
0.101966720568419059
0.105726950966294725
0.009845354629593106
0.093115072867145585
0.137575028218510476
0.400000000000000022
0.317945689116414354
0.188882473379061389
0.010086752808403361
0.213862941379083488
0.265264857229889850
0.227013246254622270
0.277576838111745328
0.163984046411204232
0.029004952202185384
0.052398613532012757
0.103468578633604188
0.089371519745374758
0.214994596421608702
0.283639874941864156
0.400000000000000022
0.172724881609499809
0.141807306547032691
0.095234206483726505
0.304073216288443582
0.336392724650966035
0.400000000000000022
0.131529677083474322
0.081674289547943021
0.064974567408661629
0.335504864588573537
0.334032928789833594
0.400000000000000022
0.019554794193006556
0.128663885679304146
0.092308730387631682
0.137395125830772513
0.400000000000000022
0.400000000000000022
0.083334170525255130
0.108951540094794977
0.094042548659859837
0.066932589720074098
0.120461492149806504
0.395397353980388333
0.195548190302324870
0.204508471998944813
0.106565419835038547
0.051948774071881268
0.034238153004038346
0.092791059459680289
0.205533794098920558
0.118932486355266570
0.120000394368854901
0.091576653569780925
0.049214322813786932
0.049420276397253347
0.195328910916068715
0.121259159341834788
0.201966685433972948
0.146831039509922434
0.068967283036171986
0.027764599103701281
0.071941269543213476
0.030858977784981558
0.028699040304078941
0.237596478461079175
0.295423498694705411
0.136311146005073935
0.222047001291472534
0.053490933946704046
0.041438186487822076
0.109298688426083368
0.079144035019202100
0.040571118729527483
0.063989213053855354
0.056889073180374353
0.040954475149397811
0.154972715009371764
0.065501529535613195
0.028035029081029981
0.124374665505529503
0.106789731565692408
0.045271534723213658
0.096607842723336057
0.104895400010474399
0.093740657418247664
0.399853006598208716
0.195323989447817592
0.057260322458561087
0.044866529803538120
0.064654385223245667
0.369893233685708700
0.196716860274773475
0.168325180660364754
0.131801915166784051
0.037138915757899585
0.023343252993714852
0.140501054090327537
0.298657404972789087
0.323285305825555258
0.025403305638551206
0.030125149482757498
0.050565716813411758
0.013716763181851988
0.217383247924788026
0.232233132497543820
0.064606877417355671
0.074042060016652811
0.135671468330083145
0.082841504631847335
0.009353441082997200
0.002328485126974277
0.012729973307026861
0.081366800682684856
0.308680344163436038
0.076279846477074809
0.020049753332824459
0.010772776702120578
0.022727112447902278
0.041563061448903815
0.042355949368145213
0.011058972973543921
0.065893204201445482
0.042096108297024974
0.045798328603975418
0.014241298179342828
0.016149372826137501
0.011961906608787484
0.208997353542966557
0.115032012068193995
0.075419753463713129
0.125913663665535164
0.046148396630775620
0.075433331385168306
0.143785562812679457
0.109190824609840156
0.077639732278946605
0.099733535079238267
0.078645150711410816
0.166233277860925011
0.253021007255880892
0.247926081317297209
0.132608919604799091
0.052403138115192184
0.023956770322705174
0.196198416490069860
0.277590371127704350
0.385271682223310985
0.089262229996390302
0.026520298999172510
0.056534646192937812
0.045784223500332337
0.180749117980255336
0.266526374886698558
0.049895974765124369
0.155730289349867268
0.098779690799482900
0.021246631523183405
0.014100496606549547
0.000269080148974429
0.012617353844502167
0.056179319295814101
0.298514544410453331
0.116039296945563142
0.006957487631234867
0.005896544362204640
0.103148509417235426
0.023440497055253404
0.004232590571436531
0.000800463845989247
0.059692353617678079
0.019862765719209148
0.140718531730723989
0.033004315116339007
0.004054274787330516
0.000463778038357342
0.054533841768746608
0.016627606380618654
0.099164397742113594
0.126662256906217185
0.087752732613310583
0.208515846365101454
0.027108490957261741
0.054237108012276193
0.135549464149804372
0.170389954134464450
0.218443551358888349
0.199524196969989909
0.052054860836283828
0.069242169018408378
0.087357630902350186
0.138219255636068711
0.125555280024093996
0.081080879638683323
0.103481373205265931
0.135898487892887720
0.050583771953236947
0.017335508385094255
0.142596823352260704
0.010294460236200276
0.083425848150661022
0.225237330072356690
0.121097675082008360
0.039674149786934787
0.111495532796650060
0.004735841119830487
0.003288172342175499
0.003591358260348113
0.028280276749430705
0.039464556270758906
0.063308953869827309
0.008243185413366157
0.000321099999590887
0.013247806177970849
0.137433429045131728
0.030562778037083654
0.016661695475880256
0.004229962454904093
0.006971819817020936
0.013411262255114902
0.255616343848541039
0.067029299763225580
0.029181709045365645
0.004629174534900077
0.002061618048517250
0.054489242134354632
0.131437680144530361
0.040022633303324381
0.110506265893522387
0.062630478888653446
0.064617199327106092
0.104928539672501625
0.202938187658582431
0.245035085992147850
0.333066999601115632
0.149436651705459306
0.035898897139029842
0.016995302317107754
0.040447424616133577
0.166993037412671907
0.194354486416211281
0.121587285372061413
0.016042133168773103
0.084084706479911966
0.067498412483909143
0.047471159904914337
0.169033757987560790
0.317493011113457846
0.065136744735050767
0.116068781332334447
0.041731149064083997
0.049717326961657017
0.170117312487433642
0.289943199624665970
0.004863189633694736
0.004945379550169157
0.035152772683767354
0.025227504362670281
0.012878442108346870
0.008160953475016327
0.001664189357818046
0.026823003089529025
0.066290392106317805
0.053575098427272469
0.011988832207966650
0.000522813784711442
0.009136666926501696
0.010112463411098494
0.123889531337767658
0.066784516097258689
0.023069713109940243
0.002403583281980575
0.053097875429655828
0.044876276107661296
0.139154556595319084
0.064251710687407482
0.094758719614019701
0.051912301969040626
0.143658946722868525
0.082092675641844318
0.188421310503931044
0.212424626359325769
0.182280627612819796
0.094647871366953212
0.043829565671185768
0.045395449919254122
0.080355464761601408
0.117494983660350216
0.076186077163717170
0.031628805827473329
0.046649710626934709
0.090498473402533308
0.099117327054981955
0.130317238273758185
0.144616795095865586
0.254924612489766389
0.114049105798848721
0.137306132051242702
0.241386484508091664
0.108433128458729794
0.175133390680930007
0.241510023332507900
0.013266350075456981
0.014291273351145760
0.033875944386395622
0.010258700864738046
0.013933509275414396
0.003484613779377289
0.012204589435768999
0.038983747000356062
0.061876562056661248
0.044870933676817625
0.005251180479780432
0.000534663147070748
0.038133302443455461
0.012089049087090298
0.088481690898546100
0.035050304921976763
0.007499494105047635
0.000000000000000000
0.087140546433057881
0.032887254679987321
0.100313652149545116
0.024649378869576577
0.089312183991187163
0.038864649433229030
0.125267284446044291
0.060122539788199703
0.142805694539136885
0.079270861740996776
0.099661248838529698
0.061526912100089391
0.082266948140829368
0.038340470830979703
0.112635672078914978
0.206958498157237242
0.117498735400748330
0.048930263330197232
0.070424038150053742
0.085313161014311356
0.175973440543372939
0.213984688038674348
0.147605723188841631
0.011409989697787806
0.017051465653474884
0.124955074312471409
0.120780554359245187
0.112567278495017742
0.199028133116914863
0.115174093939612865
0.000082554755012643
0.028311216422556185
0.150491533822789458
0.100354465470451543
0.045831226494490111
0.007978657022069277
0.000705378824608841
0.081591977409850330
0.330004893099196894
0.371384306055014823
0.066676181236616602
0.008430108740413845
0.037302592479564439
0.051182758762373021
0.248947451113536472
0.128298349117233673
0.010146074117815769
0.000000000000000000
0.400000000000000022
0.115475316863850569
0.294263199869362169
0.054877404193104953
0.002359530641511866
0.000000000000000000
0.400000000000000022
0.068083718697516893
0.130066764204274599
0.093767417050878335
0.012558899515159330
0.012264484235826921
0.265782116219467457
0.064996834116188285
0.160521129869788393
0.163663494722034175
0.079038962973587201
0.036124679018576231
0.061976560411137763
0.039685982718307561
0.180111121295062543
0.107102947765142328
0.110294278325282297
0.052393804580736211
0.104322286316221674
0.113331473632203708
0.246212813958477272
0.101115954376459108
0.136067312169977778
0.100517282409822772
0.118348365370399139
0.102900323826694701
0.172711826267392066
0.049079291699637519
0.023248768738681168
0.203791877362660356
0.089535393551795364
0.130455825462486519
0.226684151956349833
0.186364624310405874
0.020244024933125510
0.080257333999033981
0.192944116046911085
0.196301488849222633
0.266775023114335819
0.157415007596318046
0.033291655738624602
0.053588406278626106
0.400000000000000022
0.155347313734234549
0.384266310958760626
0.121409133382218676
0.009661289545274692
0.028195345484888938
0.283412426246655136
0.135191471835944432
0.137541411414404929
0.100205326211063137
0.007960068642395353
0.029015510655694993
0.181434921554714967
0.400000000000000022
0.139753540640374901
0.161136082580770806
0.034389231184469349
0.049301770656356624
0.148977506934162007
0.222159557297773702
0.340682528892172098
0.214263875290707506
0.043505192167131376
0.088676032902693852
0.099894827597956565
0.156315161130199332
0.285323927293307522
0.195476527249388410
0.065761188242566548
0.344159102250149451
0.400000000000000022
0.322341234315917602
0.148804591456299401
0.041215182108048906
0.005261157149321254
0.299677670107707850
0.400000000000000022
0.400000000000000022
0.034935981647793005
0.034361717005364743
0.023117553293282835
0.392761943166684002
0.400000000000000022
0.400000000000000022
0.116441029464081358
0.046464716364494479
0.011124697053571518
0.390103896796828442
0.376727015368591656
0.400000000000000022
0.160621488108087296
0.080319354172964014
0.049330288918218085
0.392588351486544584
0.193235151231785918
0.400000000000000022
0.039306155854627531
0.034495100156697128
0.077912759449460536
0.293715488639754385
0.136529967145743697
0.400000000000000022
0.125103844692371041
0.061260973752217049
0.060535483675708310
0.051108776591522978
0.142794918131424975
0.190629549736280685
0.227656100057619437
0.196457142398238471
0.075743588646886004
0.085073523067882462
0.127253788656959993
0.138151965696854506
0.201587054967717588
0.085569082720665879
0.168102233205463691
0.257311679855054987
0.168115952996196472
0.182407299975151149
0.100169388810425114
0.039527860834388896
0.093668595147807274
0.038854854989893640
0.108391872599312586
0.085958284864141393
0.032445523775760807
0.033183639642801951
0.021388700833444938
0.003343998693100265
0.158153632012260514
0.096093989902626395
0.038518690226909381
0.025960685873775181
0.013019224148264060
0.001720050878264912
0.246284399248766772
0.258871083247418310
0.009061182337564817
0.004511246794860506
0.012527913744518178
0.004644074330621610
0.146721636789552273
0.399167352724719593
0.051261468388808726
0.067043378699931183
0.079068246561647904
0.049871959000657488
0.098506841953639124
0.178008619554764769
0.149034179741244277
0.095130298658881299
0.033050712920987185
0.075457355291793676
0.178598310280575961
0.125451614131152772
0.130254880571226472
0.086530791144615177
0.044327016211700154
0.100192832900500683
0.118709189241296101
0.093361314044861116
0.045214879735742057
0.095377918226986838
0.109353268227957129
0.360128769476262434
0.045966615593377440
0.054582329174460278
0.040364631759052749
0.053314682164905522
0.117154315520803742
0.007499915056353231
0.029136494188431311
0.039987956819857770
0.005004369693938693
0.036938106436274806
0.031192966458072742
0.003418668395353883
0.060871674497839361
0.013027576740011393
0.013543884358586640
0.006195816222668574
0.012822539893836657
0.001909573247210081
0.044388596618754605
0.055967316930640720
0.087293133600825953
0.103275803438927949
0.010995866458693257
0.002408836769930253
0.049280469489361003
0.177068805756342179
0.168407246870866445
0.079255689394334028
0.069193388712170720
0.031498576115082430
0.066829934340256025
0.056186579116813087
0.031243662975918626
0.029753126117475628
0.032674132450307841
0.075558691162585900
0.256955421577369614
0.398927045692639926
0.142896190417771102
0.108097184120430984
0.117409911984090370
0.115277089998873830
0.188196927310791184
0.304165019446040352
0.058045309938013545
0.390676253792482941
0.170737180187999549
0.070221027849099921
0.038006526334222843
0.051505851086864590
0.058075346608572012
0.068076329876668853
0.059049461784816182
0.027537023610350143
0.026484772799459180
0.002397676793621174
0.020312972589547645
0.036921900500317711
0.024370241122786108
0.002190957214146463
0.026508911423507080
0.001170711472268386
0.106764146217546041
0.041226125061194004
0.023764367683424180
0.002647302630742448
0.074114883328168318
0.056485697171183048
0.086875089715676840
0.038071722861424989
0.019803163556114976
0.005300854954213228
0.106321835925582767
0.187614690323659766
0.142780829338749776
0.142255551651119500
0.145342805934217195
0.046739431062413919
0.025633857643572878
0.064470555498028728
0.118227034968412040
0.086666451084976115
0.157329775734708854
0.092793387205840627
0.067640366717288625
0.204109028546852922
0.153726829998475950
0.095479812628271502
0.245494039468303116
0.375144839023874188
0.163449686778700198
0.377881847899152024
0.087267706454200678
0.103748023875357434
0.077259716722790334
0.193327122945409630
0.013017350609324876
0.036159773057319933
0.195209567285503482
0.151303972504449324
0.145921074292165692
0.034567652089491779
0.006532581366297779
0.023214635772156534
0.209458417817418308
0.061905308268264556
0.020477306819963393
0.004781056572177784
0.007127065467176993
0.033021265766826714
0.394223368599575630
0.125561193045090169
0.042985241534070684
0.009183771421939865
0.038733492321159323
0.113284572573426071
0.320482312515821155
0.202180578539390532
0.157230893033856567
0.068774413392259093
0.087713458525008878
0.168756081057016699
0.398208918297939141
0.400000000000000022
0.383674468040396954
0.186260611306988705
0.089993862761194102
0.078767470418160498
0.239322783372953429
0.235511016455854261
0.270444630918570406
0.178388941496214148
0.186077626896991644
0.286618177838768418
0.315890614085247323
0.227747646111677526
0.373845693965875525
0.400000000000000022
0.149073420735178097
0.282166858546000432
0.128990086841895529
0.142272511399207158
0.374726656902275468
0.400000000000000022
0.008732089167243603
0.019659961155001075
0.272125685901167147
0.188777165733750918
0.029287765117998688
0.008211107665679963
0.001984421015082446
0.028243638806668435
0.174334948108559568
0.159768792291886230
0.028789859455107224
0.003671186543622446
0.014203952389547130
0.031490201713962232
0.326934046769968789
0.167262294169427034
0.211025503604151093
0.096799475076603053
0.101180359057015182
0.109673457416338493
0.275075561834332127
0.204389433340975507
0.138548487645892809
0.060565041436399250
0.173919816184852832
0.150100289483279359
0.380536175929344744
0.400000000000000022
0.325153707276246151
0.147603556792148705
0.049008283666535070
0.075202197973405160
0.220873377451438979
0.199101523715660755
0.238207134601179926
0.072643497333273188
0.090096757565925945
0.214556759245671524
0.243409691068023737
0.387031646276723373
0.400000000000000022
0.344133535724712947
0.244190121756693745
0.217505542530912394
0.353502673819291513
0.360250471768344904
0.379670914181427122
0.303029722140991664
0.019029531315156670
0.042898994521967923
0.225937146406315265
0.109658987630491117
0.047975555556305630
0.015035929929411652
0.018947438322207143
0.042698424705059142
0.164016186233537947
0.104655721189327672
0.038729915544901655
0.015331606505346379
0.108997542866567848
0.053411475299542807
0.250924783968798859
0.108511461145506805
0.169198633835688339
0.129843389022964495
0.140996618029863324
0.051744006654659364
0.215358887425455559
0.118282069037361423
0.107265671680150471
0.043893225768824887
0.130571121409194829
0.090338265578824697
0.298819486893613151
0.301526269241169209
0.165871690563337726
0.122610592842949923
0.097248952753961962
0.053182931016152908
0.167256021423494217
0.374106075057836551
0.368866564794121277
0.094995938243520817
0.163057432215880538
0.129700597195620299
0.295397363556512249
0.386958406754248530
0.400000000000000022
0.044276155020915434
0.060790850366872554
0.168124066097691038
0.259683607688977525
0.304032492309132762
0.373542646613944263
0.209800261667984850
0.009489537066725465
0.057628905853424527
0.359916364171164016
0.169759669497308807
0.138256827176513636
0.065319392673408389
0.024044703378226010
0.141029614777018558
0.400000000000000022
0.392042629408466570
0.134296368470493477
0.035017611977815916
0.293675525002204341
0.150150789498995990
0.400000000000000022
0.251380012867661984
0.180278519598758957
0.025432911518755909
0.400000000000000022
0.255610978342354189
0.400000000000000022
0.124468230553944459
0.048998934381380740
0.016315021294428664
0.400000000000000022
0.139031489507862982
0.198939869476559061
0.151908783330614083
0.082684464910869560
0.103735072091771435
0.337526982371584294
0.139034656875679730
0.268782123736949430
0.232125361668898911
0.236181978782670221
0.084976435428890107
0.195803083685387569
0.199896695860346835
0.343740072740677416
0.249223775117845048
0.210642843855786605
0.079180985412246940
0.326077596524904423
0.256956317470233397
0.400000000000000022
0.397301158146698308
0.295287480923366874
0.142184755976782456
0.136535461108787753
0.167214360696975706
0.342167328370760804
0.311321518957404009
0.282335074960965771
0.370359995509373929
0.149530671479181643
0.179159860494329914
0.400000000000000022
0.338033057240013757
0.297912403559723815
0.252009650382238881
0.303144738319942098
0.251059310623428622
0.367726636864516676
0.375698895737511585
0.302387581385064386
0.326000227792120734
0.400000000000000022
0.284484912012051949
0.400000000000000022
0.301808014456484974
0.279644128525699198
0.252895746228020468
0.400000000000000022
0.269994364203878123
0.306715065608284376
0.117529337874362302
0.040667963158735228
0.118799667689834021
0.388640035124970362
0.400000000000000022
0.327236453964186158
0.263102803149189823
0.140116182150764074
0.059147125285949731
0.242092579801307606
0.359734585516284178
0.400000000000000022
0.400000000000000022
0.232387665546192723
0.098762785711097228
0.312829469283595563
0.385784759630602436
0.400000000000000022
0.400000000000000022
0.229745234653770780
0.371861539048864043
0.400000000000000022
0.346309694456831074
0.238176111201674173
0.256050509067177634
0.285065538400117113
0.400000000000000022
0.400000000000000022
0.400000000000000022
0.130170188131519510
0.330070369053395263
0.341726154724406705
0.400000000000000022
0.400000000000000022
0.400000000000000022
0.181415596872742974
0.369679778591293196
0.336780486358370656
0.400000000000000022
0.386331152236796538
0.400000000000000022
0.252930218495718950
0.217714480003736471
0.400000000000000022
0.400000000000000022
0.276569321757041076
0.400000000000000022
0.133348704514487354
0.101427689876771226
0.198374251599266999
0.400000000000000022
0.327048064122062832
0.400000000000000022
0.231669264527409602
0.113209747824098317
0.094773636679746670
0.143899836051203267
0.329087215554267565
0.309562036091547255
0.337034210328280015
0.288033795968019368
0.124957911460672949
0.134493799465135816
0.318815632754009093
0.259411125038689294
0.391078950021393923
0.232400122230588313
0.237069516241635692
0.285076278958756313
0.240057222539409976
0.202502390891803830
0.128868429114504052
0.268789007469350638
0.320805727261162132
0.175166000994967597
0.330438873890785134
0.139449218810845432
0.073883710263582883
0.142482328068885333
0.100532735852647034
0.043915117422627756
0.222142845066115868
0.152983063083000775
0.079473165376307178
0.180933400883146939
0.078520753683877259
0.029755079959294894
0.370659064754296275
0.356399351371543938
0.054332717060778482
0.101119089518196550
0.117423313754992570
0.098384731748869275
0.400000000000000022
0.400000000000000022
0.108521790847369820
0.111909908503469310
0.143722631784893584
0.388496808692268769
0.295223702228412543
0.346333800215129495
0.280836094908028355
0.132269214416780884
0.056393965914702041
0.215958409382121241
0.384657807868557744
0.398035097763452250
0.155658186209777671
0.116655940627372667
0.094892733025111933
0.113909596082352668
0.324284727608477041
0.325594446542404936
0.109821757153097721
0.169419978243639635
0.245024736558040274
0.398269144447583101
0.055320056676374629
0.056910814301434548
0.053094605066079610
0.134681482847590378
0.340426711335949816
0.083779761533428032
0.049186247521255770
0.050760733521978345
0.027731482141840971
0.078501167885178622
0.073548915826217948
0.014477641368897806
0.126764878699284822
0.055123685037036366
0.059342212962562063
0.020437114402011406
0.028971912719974159
0.013871479855997564
0.253385950161721163
0.170999328998834715
0.162712887064539069
0.229189467104463113
0.057144263089468877
0.077842168155098562
0.193066032302040474
0.286259630366182349
0.246046979149813078
0.178989224473572295
0.147838539423581494
0.197731853976007454
0.318688087331906678
0.304112660434110282
0.163852582580717721
0.082156264232667794
0.056630902773013012
0.271757107652655761
0.400000000000000022
0.400000000000000022
0.232158420414161432
0.134617483119603476
0.173944558177028169
0.161061313499206160
0.336433771398917392
0.400000000000000022
0.107941284703137907
0.400000000000000022
0.269516870987482504
0.091467659372283322
0.052107022940772386
0.051774931235839025
0.070692700453074186
0.124255649172482940
0.314515712500818778
0.143576320555913267
0.033442260430694044
0.008294221155825813
0.123461482006783085
0.060362397555571115
0.028602831694222647
0.002991421060135711
0.086201265041185166
0.021033477191477534
0.247482677948270058
0.074230440177533011
0.027818642470754697
0.003111080669099790
0.128648725096914912
0.073113303551801706
0.186039487457790420
0.164733979767642175
0.107555896169425541
0.213816701319314656
0.133430326882844535
0.241851798335935980
0.278330293488554148
0.312645505785583921
0.329011947632370405
0.246263628032403814
0.077688718479856700
0.133712724516437093
0.205584665870762240
0.224885706721044798
0.282885055758802850
0.173874266844523950
0.171121739922554528
0.340007516439740698
0.204310601951712911
0.112815321013365735
0.371750626636389581
0.376804548946058748
0.246875534929361151
0.400000000000000022
0.208365381536209010
0.143422173662292207
0.188755249519440393
0.198062964065240099
0.118667153128344638
0.135047954368747308
0.194082129715217599
0.145583405622691398
0.144034417239285811
0.164506714899039369
0.145746944587000882
0.145189486191205891
0.264153967575607884
0.186454368738501491
0.080070314288145553
0.127208833369776064
0.218517789972687670
0.161349391345460974
0.351237009761399710
0.166215307663448386
0.107602180564146360
0.161226886297204552
0.286940455977480302
0.248975836065370493
0.334929995636487621
0.168100372308974649
0.128572385852068122
0.184099164981631758
0.291512069695418097
0.293919724366887902
0.357830950714750351
0.300838861143338687
0.215338023643043858
0.227720992125899885
0.211724413457340221
0.260552517248867521
0.241816091313114573
0.196122102394017617
0.191318809609277191
0.108704484499881682
0.220198163030052824
0.323592124367056200
0.320325213092974570
0.270468198485889433
0.292098948664626601
0.246385987265039824
0.219336739874062603
0.336160721133946239
0.289390798874872568
0.324840274510734273
0.359812975819265968
0.316625057329915804
0.106992281179035087
0.066362139727733221
0.156945259870043624
0.241617092105912229
0.360652089623931527
0.190147401482747169
0.134608682062009016
0.106714221649137159
0.199204546374870672
0.216450766009938372
0.185348268473193800
0.143981221373787605
0.195618551539604918
0.129273744123779344
0.237030561268756601
0.220988953889172668
0.223648703828387474
0.189070430403894402
0.269202549921933432
0.204122181686833187
0.246177986693481732
0.206541395107273068
0.218836025583683896
0.218490788460507984
0.316157601451101056
0.267471115460526598
0.224713985020560031
0.298975661499484069
0.336771324214723444
0.353623205021307896
0.303975966482834925
0.275714102578177911
0.180707245754052975
0.176510029564527632
0.204487402388067036
0.216090659925006007
0.387589704410632230
0.386568218206953418
0.298434957953344182
0.237815980810281269
0.277046886708847806
0.263412632536555724
0.361391204578323189
0.426774393047984701
0.329452705133940205
0.292814880113351217
0.256300545943235647
0.327362610554107369
0.125927434388295234
0.230513807833597206
0.260779621252289151
0.118612279545988825
0.158294247538634247
0.195157423075671549
0.147771164792615511
0.184464739084325535
0.307325689204490993
0.161279068032275402
0.079114318251460952
0.134582970033451793
0.200838115650530918
0.168373479849751012
0.359074707480435240
0.190991913484347936
0.091156728373386009
0.148331484054550322
0.286012165701247822
0.264326963958940453
0.372961394457828110
0.175877977723320811
0.115688469820331097
0.164631950908147751
0.295542893610073187
0.322021854278984665
0.361038477817984482
0.245512151262241685
0.136432802829240057
0.206002239922404046
0.209601175814796481
0.300856019185055723
0.357505559538609519
0.262582084134225791
0.167256499541023923
0.097057510206239039
0.216577945013576467
0.356694734566356475
0.417182209173488139
0.363544914834421640
0.336264542317279369
0.165608493537682006
0.196112658891971464
0.314254619504269972
0.334812138667757830
0.376183568936465818
0.323569783417582968
0.267516910745956904
0.113537328872492960
0.073098152253926643
0.327383911165551766
0.316349728733690272
0.333798148191502830
0.204305554206112738
0.131345850605211062
0.107937171449488695
0.260116375155940216
0.252618158224460876
0.173052117628783114
0.143387815801770818
0.183476965592770686
0.120800663410116360
0.251608378565209956
0.225920224147411752
0.242932832500860646
0.174583070731666123
0.260393206684540190
0.203330119872598858
0.264901667443064814
0.233835805231114302
0.226779993344486286
0.198838639600861150
0.276901950821045628
0.271411146990867935
0.256345673654368500
0.301655621227818027
0.283505771398822715
0.264763217633790182
0.235792314216119292
0.273894625504445266
0.224509642864759662
0.260955822009106331
0.273782136958626465
0.188912775677304551
0.310944255692237270
0.381762787230618683
0.328011351878043977
0.327190678063090323
0.353580046948936355
0.292690111210719972
0.346623265766919930
0.386577479877871444
0.307983735123133429
0.336459851701616908
0.303687299215352535
0.294388074123299592
