0.400000000000000022
0.400000000000000022
0.400000000000000022
0.400000000000000022
0.400000000000000022
0.400000000000000022
0.022037154729149223
0.000000000000000000
0.000030972658933396
0.023046086551359219
0.091554722019344059
0.138329903916406149
0.003967425086779797
0.000000000000000000
0.000536608886243689
0.040694515795382621
0.084434972785450785
0.125685195908042974
0.003084352241108194
0.000000000000000000
0.001473829041260818
0.046300703467099302
0.093171973940475383
0.107405579624749350
0.017971795081416678
0.000000000000000000
0.013373950347463918
0.010450297423317333
0.013705278210545747
0.094097985168942438
0.011896993012101120
0.011958190747085424
0.220642951622995409
0.074235150117146334
0.050805430178591710
0.107259721225681101
0.031027594203008924
0.051962925935550679
0.400000000000000022
0.283737493806044128
0.014556083152139613
0.060470586511319903
0.400000000000000022
0.092259612615826131
0.003620892892412160
0.020075696491537200
0.038140715651767493
0.014122303023900704
0.004962251113721793
0.092526403086905601
0.114168198107260241
0.008564929609410354
0.033806679312305035
0.032755817729049508
0.022589086933088715
0.005131703368719904
0.002941691310165183
0.045767952600528405
0.073887228934534921
0.052594905169223660
0.026168594355620491
0.000000000000000000
0.028317343626873479
0.091211584059420842
0.062316395638096614
0.148281249828792400
0.015521117302099374
0.000000000000000000
0.000193140996774036
0.040472442409045101
0.140146656397090563
0.131461338909154568
0.014997686135026708
0.002493807981997669
0.010734521401982351
0.063058217500814404
0.091147907505649509
0.098116715446569525
0.011774668729561342
0.035792098031969380
0.108609076539414873
0.019977685138601462
0.028128077201413772
0.043821220449083223
0.049468842443888474
0.202427684492173882
0.209833716945592663
0.054236867469957040
0.098382417591720145
0.080463640125780944
0.099700680002144729
0.150877041141626284
0.051953745022756001
0.106610576318677222
0.395683374927945308
0.104888504788929526
0.016139025001195805
0.012128465455383215
0.001459381000919610
0.006012173432423879
0.007492434712375639
0.004163464107875472
0.024568792354793922
0.005040457420700921
0.029394432574408137
0.030066709422796288
0.035860432111831181
0.072013330200292422
0.017371117546666294
0.001234007796507480
0.031843341961737832
0.036401710534347112
0.042236492069813572
0.080333479093512794
0.038930158623494651
0.029004746668402737
0.050696375900233168
0.045947241328790855
0.045216869424515076
0.085626677159513595
0.090449407937112952
0.018744859019580423
0.052502451409423438
0.052788828532290666
0.042877686823293078
0.082539633372785456
0.039331854599662604
0.030216904330204544
0.202859829805152242
0.051227107923859108
0.032127754228625592
0.068644484851938803
0.046701165686839560
0.311782952277005421
0.318874463945074127
0.034049891785109317
0.077090387535492078
0.220448872129604845
0.048332350062780124
0.135291942794862202
0.121486475294731583
0.341882687034588795
0.398106459281387770
0.141249653784314089
0.007097255076108836
0.020460532035152218
0.013477345121718613
0.033684038845829170
0.017838493443731656
0.041785206800659343
0.033935089355687571
0.030626093460037286
0.033198704456747469
0.054490669011813875
0.049634243178476534
0.044919580709688767
0.141038920026474557
0.162895030059563906
0.047714345131248476
0.124921464358759712
0.043206672016893231
0.157855891563979639
0.095373871081849082
0.108885070281223600
0.069390690489150433
0.045566489810575282
0.098822461473062895
0.195140287027646020
0.065002454744002208
0.066200804950810321
0.118740630045506668
0.221669908769357549
0.144502119660302242
0.178224744231944288
0.020344338323396150
0.010489782172137894
0.117538872816632167
0.155208971367956250
0.020892288481489621
0.051852146978573668
0.015826281614137898
0.136832295063895132
0.066634869866531068
0.018546341440945524
0.057787246485747346
0.123423138241903402
0.019540875184559759
0.107384433502320104
0.059795511499994250
0.073902403769386865
0.091441893393067186
0.197760644858458345
0.158451208417836470
0.400000000000000022
0.398039203279881626
0.045124726868430921
0.033631541751300779
0.046340678968355448
0.254199593566725335
0.400000000000000022
0.400000000000000022
0.181531509461420909
0.103791338018731721
0.061878210070206982
0.276589627054838583
0.400000000000000022
0.400000000000000022
0.111165857144698468
0.183872737624601462
0.129982010256694674
0.354613516421432462
0.400000000000000022
0.400000000000000022
0.196872765980976361
0.161279125448234917
0.132241447981428784
0.330791395918011655
0.400000000000000022
0.384586670630561400
0.307068338587137002
0.149053788691623723
0.231280038792193415
0.177015545864895429
0.292004766252403791
0.257167423027090558
0.244924719568316851
0.099028259875941022
0.303635371666517051
0.004445008281632419
0.164384614982616584
0.092218761121604445
0.051960584166703870
0.228423261415321183
0.160491571698327368
0.000166840464085184
0.377417486626541954
0.256360031461313254
0.053354873152525309
0.107085264168786720
0.297891681709097911
0.065805528386072218
0.186229868893405093
0.199913830810141385
0.012889627445281378
0.009728280360171156
0.053298894333846644
0.086835199836628685
0.302140730038654881
0.332160731153015143
0.092172624988829166
0.056004748967001937
0.087721372241331572
0.097108274373636977
0.294870767071719109
0.317722976111840805
0.109196229960582925
0.155538509299894684
0.113079371907740089
0.133223698261376311
0.247560116243109696
0.341532558824304444
0.079673451903594678
0.143586723764951962
0.243204118219245591
0.234863054593745180
0.352584749312884749
0.235276390055548096
0.106077561451330113
0.133684898297112886
0.220747627040590894
0.218446957704750033
0.295155681697759520
0.128704801931856627
0.052846254780435156
0.085711756560843469
0.215241812570084901
0.007997846575528801
0.252937547279227293
0.283338563156130097
0.042235392255305378
0.230489479885523235
0.359079188125594417
0.001249948387256890
0.388281697876446619
0.357693620070983043
0.017514154265190551
0.130514910099874926
0.373770567771975704
0.030119074108265441
0.006956925792318423
0.023715106860403075
0.032323205835924546
0.025025724488334931
0.050617969624361756
0.046910113567056287
0.047186229253190312
0.030618379870672913
0.058826318245401105
0.044078307451282273
0.096014289149172816
0.041510385089417783
0.026305261675549044
0.016821311138914077
0.102998638306686527
0.291209373762082169
0.169461735800936875
0.028789032902314608
0.030337725870211885
0.022462285119278367
0.084950258186450481
0.134116828682735639
0.224698258833564646
0.039328816730827020
0.031742353765930022
0.043017587370234242
0.039560981044106297
0.211806330957241773
0.245298636575651985
0.004034544106912711
0.002352460988917776
0.080427313163353567
0.087131629569216232
0.144515552861158136
0.370059766370608334
0.000000000000000000
0.064541166111945075
0.070646287361988691
0.098300085656600228
0.280552477520439436
0.210612005134535318
0.043065695358946228
0.058808377788797522
0.084127053325218470
0.019253587675480292
0.040966124035934935
0.203018729412609095
0.013129924046695066
0.005730390045874664
0.002711303183811132
0.010924957836845472
0.017553330561112961
0.040431316713415245
0.027185001016557880
0.007577760458248083
0.011509768252931415
0.051028084237521421
0.084428630002066102
0.187868440824307481
0.042279489936662459
0.006039278044398916
0.007914097611995199
0.086179695382373245
0.190429800022578033
0.164724829467433914
0.035883511324074573
0.000945731059364034
0.013876057270918361
0.052755182267721051
0.066147089230599768
0.134218353327239137
0.046462398188838773
0.019479988511163268
0.038452450672319935
0.042795559730668474
0.046472831840940844
0.082179872793664621
0.027099059081834027
0.043319651392155725
0.109264052771281706
0.207109377309880605
0.156850605114132957
0.202022209946552650
0.010399936251071804
0.082064615073760061
0.077714009302377901
0.236590781712273407
0.291360955335610627
0.132449990977196813
0.094366665921379059
0.198991747064562297
0.142211837959798193
0.008674604335416747
0.022185388082578965
0.102410429579476839
0.000941017179935031
0.005830057031868153
0.000000000000000000
0.001686288561612333
0.007102837755039480
0.007904568956130738
0.000508171618262781
0.000000000000000000
0.001022097744802056
0.017429184723783336
0.066467486675671261
0.050229956804064016
0.029980328586831220
0.000000000000000000
0.000701264633060618
0.040087473567959206
0.052078841471473659
0.069724516691700128
0.072844659738607404
0.000000000000000000
0.004362977709889030
0.065915144391867742
0.111020994443626980
0.128209700702283186
0.072813176595747639
0.001275201464705474
0.025187531411690778
0.067382599685446257
0.039202863832737744
0.042187795055776640
0.031875841218033316
0.060014892447975518
0.356608878689663400
0.400000000000000022
0.126483049367899641
0.062710691893893514
0.020902573126084362
0.037435019040487100
0.177482073582553690
0.400000000000000022
0.121285789867129568
0.038025478113932948
0.106116730474654530
0.223379214212955257
0.137058570211722075
0.027183806763001400
0.013468444568560169
0.003686426093344001
0.001009709089170573
0.000000000000000000
0.001233648131366429
0.006344651147737490
0.007482262776007101
0.011974510006155912
0.000000000000000000
0.000000000000000000
0.001132333144327130
0.032512470895346306
0.093275106534487728
0.062081815334176296
0.003665326392107465
0.000000000000000000
0.000321965331746213
0.053458927087401686
0.110071999579765795
0.120739249933072584
0.052229635980251904
0.000112367787231274
0.001473829041260818
0.017727071527671109
0.045893931728162078
0.146546841776645259
0.062380530597229047
0.000369102206783662
0.038316774265581117
0.097635437840156755
0.018984610128205865
0.035478293074339376
0.099109477688626491
0.359178736662899234
0.332190552316826593
0.106095321505117968
0.027813246107519164
0.076858256348294782
0.091504300936530822
0.152706343641361486
0.093008588017229138
0.063029383749359930
0.055268251637190222
0.030454345583699104
0.082662624252962502
0.270447901476593311
0.305935760513478261
0.131252629393518588
0.053504285298570264
0.027495172151769689
0.003853917513360494
0.003893315486202646
0.002424060993428295
0.018366611510855141
0.032744497715335774
0.012516759932196551
0.019348847093356120
0.002146820081977241
0.011774822015384307
0.027869841482102350
0.020431343091129737
0.041017742943325157
0.009904798818016329
0.000000000000000000
0.018032330324249883
0.038659694252616811
0.081764861461669350
0.033595614927448433
0.065230107822268221
0.000116864262722710
0.010396636913764806
0.041917326822675821
0.112070724526942042
0.080348980070272802
0.063503423181750729
0.009276731286330319
0.018732554758741582
0.032823579472518086
0.036149609479510597
0.046157360999640559
0.386428468706723094
0.400000000000000022
0.363892945831360226
0.035752396079085577
0.019900295343934862
0.070080935262086030
0.400000000000000022
0.360157540329214654
0.055788377216769804
0.053536692032858713
0.262900158409042517
0.061037828795300675
0.201837580961989421
0.129658931470110372
0.400000000000000022
0.400000000000000022
0.364094339430002134
0.047328484927763863
0.015823328099541786
0.000235998381822337
0.011455890570080899
0.012890755660572233
0.021837908820914950
0.027192399936872259
0.015329953290040320
0.000339442059281874
0.029884198706545646
0.028622724463579372
0.028415949148488752
0.030469358546430805
0.023952795058348110
0.002007215048190576
0.008227663122914720
0.053726086709050103
0.084013203392027488
0.091313086039293750
0.022340223845602865
0.005087739722386098
0.010365916322727110
0.065188796413294364
0.127512758596328102
0.114002938787716321
0.030788533015034980
0.010196118885802363
0.200806883706849543
0.187176620469743205
0.050573383911021126
0.094744900212181765
0.371452023728873537
0.107088891204087502
0.357940540888394831
0.049377060972719933
0.005280601231349324
0.026824607918904463
0.400000000000000022
0.078363317841343372
0.008808812400829751
0.051358091986541433
0.189170564573075461
0.108908584279364951
0.199806910966398410
0.148003464061712997
0.113878013018924779
0.231014990203090298
0.292686545014635480
0.115570930177831335
0.050463379330345177
0.014134919096348817
0.037406262933135578
0.029412710269824699
0.010854003483140530
0.024841245115764236
0.040590050292843453
0.004202325379811724
0.057742470991651119
0.085197545577762393
0.060024359170642846
0.079954721308123949
0.048800729474172667
0.007269252492684100
0.021002110517153338
0.039847044675591664
0.146472745565831008
0.143567975444293505
0.082399456088287609
0.013971637893675226
0.045512213187980627
0.194853414360892568
0.239546482067595934
0.080521688706592404
0.066894804720463802
0.018075579707959227
0.312962350177225512
0.205211965031598415
0.090147908537825117
0.044079727610653048
0.122557527466167687
0.026028923508734109
0.308069164393217798
0.120370890542529446
0.103171641305523948
0.172685902116469364
0.374309416073428047
0.020477094350550059
0.024010303133811195
0.058257538471096361
0.157668363812283718
0.129678892464277329
0.138920209601704647
0.100521533580991876
0.008045173516507048
0.033902880999710804
0.062813228916961353
0.051229740343710278
0.134755897577315237
0.190278755943703831
0.058910426430185250
0.059539264163709804
0.042084056174066381
0.073579231334704231
0.160283686604024284
0.140971181268756823
0.154531576458641240
0.119535011145802117
0.116938311794811803
0.134196808362348707
0.225493946549750635
0.263099243999965704
0.161017702024383452
0.110744462209682509
0.117477832864652812
0.150397256144140956
0.234366834224634973
0.217738716053529902
0.124697109536453868
0.123347454554619540
0.242123946371384346
0.176899459130414882
0.202058333498008835
0.164075134386676313
0.110772173764879786
0.239063220094432816
0.381255706865875177
0.238077857440734869
0.121431822397284228
0.080542078412170814
0.027286446626726080
0.073884449523963086
0.275475880397940409
0.199049844575110157
0.140677591240027822
0.025672117663893271
0.075935939653804838
0.055615578362980742
0.084467395134418172
0.235127399880350418
0.297271308191138783
0.018570386298351567
0.072701382166516712
0.039531178568246048
0.104478323912108401
0.237359538711644336
0.065208332962253868
0.201265318911653057
0.092097745637454584
0.083645145045000910
0.036860793754848444
0.051266504292313358
0.230395791943326045
0.400000000000000022
0.215935015404763508
0.135592455347906371
0.108871922552965600
0.088457587592129475
0.320174068926581901
0.400000000000000022
0.277779375726038724
0.267394122511944221
0.400000000000000022
0.275205384271522524
0.239196457277742247
0.351081253391641035
0.199767042625807023
0.282149151460236003
0.400000000000000022
0.213332143016297826
0.185870846952950697
0.310779131189950819
0.131905539421218493
0.175214103575274616
0.359082993989918942
0.364372770604919682
0.199754929468258652
0.084341879608495915
0.026167330192848847
0.063206891924786346
0.370588202458587923
0.380917142881542548
0.081957514496064560
0.023381514366216730
0.060953717726664192
0.168792659613979712
0.241984823214541206
0.232529781221519405
0.215502662774174542
0.088421918866310636
0.069514099189521561
0.087216723061722318
0.083611461669593767
0.083860220998729140
0.043869967420183190
0.066789262602390820
0.037657725469318629
0.086545237199252209
0.057682403785411174
0.068014492755329933
0.155415844222108551
0.103202569143376582
0.175423830908141121
0.225834644810344765
0.184427778160957179
0.162612017436248368
0.301049560296228369
0.037187992475227728
0.089551380950637374
0.175030467278700169
0.400000000000000022
0.187945538018139457
0.289151815856902306
0.226798284602519690
0.238706273964801208
0.191739596404657708
0.247492950966247127
0.158198574817324994
0.092416646414498788
0.072638735527995352
0.108177609128567082
0.136916406276595959
0.121715873595105425
0.118828574350092725
0.113946298548913527
0.036261395312802702
0.014518582880028847
0.050976624279431455
0.199737476800597391
0.107031215283058742
0.025277438589921177
0.013890902115190904
0.001495389952470652
0.058502004409147365
0.073715255643083247
0.197353235230581348
0.059304624125520906
0.009600189637477535
0.041182543762139298
0.040752308114755519
0.083293283376526819
0.063439492737764100
0.037153346522317138
0.007209858284486273
0.014508963759335389
0.040609552007393079
0.071288601438885713
0.093544549708008518
0.133893025551962502
0.012829296062124285
0.009235350293102140
0.110540758650750623
0.134853601887104491
0.297078231160590178
0.121974984760398475
0.003660291681907237
0.070364467727144941
0.191685054003804589
0.288688475357368746
0.094079225855214152
0.086206767959239372
0.001390457643022542
0.054305351866814983
0.105036645505367204
0.101115667148687721
0.152598195556419097
0.016814168080073712
0.007668380924991200
0.044245687590041258
0.128198458297177548
0.131410210668908456
0.112023367817421143
0.044980872039230915
0.033894436102466403
0.030016424463985933
0.038703011791111241
0.057654104988618338
0.039321056197269784
0.013400604468570557
0.003093896523355445
0.042135400979733270
0.196533155989062680
0.105836029334366033
0.098995028618610731
0.027463964486077502
0.047884096148113009
0.035329410294066298
0.026076066401594142
0.026045338630130369
0.016966103202844154
0.052691639337561311
0.068594894627226358
0.039499105730177911
0.056436824349498073
0.065320346963768608
0.043836965457590596
0.016951643365756372
0.000701523186341814
0.009149706095081761
0.044904723485282974
0.078349998283585354
0.049235198268987486
0.030405670548654798
0.002740870667707120
0.010145748798835463
0.035297712510897417
0.033599478170075907
0.106278019903956536
0.071918271325177183
0.008079616666950449
0.010484863689320851
0.050308768901548090
0.027864471164071557
0.079018397090546533
0.024564958357968538
0.000061989044030230
0.006923483123827756
0.112081449387570267
0.078028199211250579
0.118580830058093889
0.042542236099418387
0.000917136452498864
0.040050417380609910
0.164619468887622245
0.047489340544048936
0.077252937778103048
0.022133362597050427
0.019549746761844893
0.203176981562512182
0.400000000000000022
0.087696220696966753
0.018780463488689291
0.177174940729085573
0.115180056577531720
0.006394947051527031
0.057401137765018692
0.045801311432795852
0.035544934597637419
0.400000000000000022
0.400000000000000022
0.400000000000000022
0.400000000000000022
0.400000000000000022
0.400000000000000022
0.022037154729149223
0.000000000000000000
0.001163305803260525
0.055558557446705528
0.184829828553831788
0.200411719250582432
0.007632751478887262
0.000000000000000000
0.000858574217989902
0.094153442882784308
0.194506972365216579
0.246424445841115558
0.055313988221360105
0.000112367787231274
0.002947658082521635
0.064027774994770401
0.139065905668637468
0.253952421401394624
0.080352325678645725
0.000369102206783662
0.051690724613045025
0.108085735263474078
0.032689888338751610
0.129576278243281828
0.111006470700727611
0.364316234361596769
0.400000000000000022
0.180330471622264288
0.078618676286110883
0.184117977573975883
0.122531895139539743
0.204669269576912172
0.400000000000000022
0.344914487007841997
0.069824334789329839
0.090924932095019020
0.400000000000000022
0.352758254778212210
0.308308396474813062
0.151328325885055792
0.091645000950337771
0.041617475175670389
0.008816168627082286
0.096419718573108243
0.116592259100688531
0.026931541120265495
0.066551177027640809
0.045272577661246059
0.041937934026444836
0.007278523450697145
0.014716513325549491
0.073637794082630770
0.094318572025664668
0.093612648112548824
0.036073393173636822
0.000000000000000000
0.046349673951123355
0.129871278312037652
0.144081257099765991
0.181876864756240819
0.080751225124367609
0.000116864262722710
0.010589777910538842
0.082389769231720922
0.252217380924032619
0.211810318979427370
0.078501109316777451
0.011770539268327985
0.029467076160723936
0.095881796973332503
0.127297516985160120
0.144274076446210098
0.390672334662439225
0.400000000000000022
0.394488599141216367
0.055730081217687036
0.048028372545348634
0.113902155711169267
0.400000000000000022
0.400000000000000022
0.265622094162362488
0.107773559502815766
0.329998572642083654
0.141501468921081619
0.301538260964134108
0.280535972611736684
0.400000000000000022
0.400000000000000022
0.400000000000000022
0.152216989716693368
0.031962353100737591
0.012364463837205552
0.012915271571000511
0.018902929092996110
0.029330343533290591
0.031355864044747737
0.039898745644834248
0.005379899479982794
0.059278631280953779
0.058689433886375653
0.064276381260319940
0.102482688746723227
0.041323912605014390
0.003241222844698056
0.040071005084652556
0.090127797243397229
0.126249695461841061
0.171646565132806544
0.061270382469097509
0.034092486390788830
0.061062292222960286
0.111136037742085234
0.172729628020843157
0.199629615947229916
0.121237940952147946
0.028940977905382789
0.253309335116273016
0.239965449002033898
0.093451070734314204
0.177284533584967208
0.385628143885156094
0.137305795534292036
0.400000000000000022
0.100604168896579027
0.037408355459974917
0.095469092770843270
0.400000000000000022
0.365716390989288098
0.327683276345903884
0.085407983771650764
0.266260952108567539
0.324991388287214078
0.248139261029178576
0.283295406856575283
0.235364488313656334
0.400000000000000022
0.400000000000000022
0.256820583962145410
0.057560634406454016
0.034595451131501039
0.050883608054854187
0.063096749115653869
0.028692496926872188
0.066626451916423579
0.074525139648531025
0.034828418839849010
0.090941175448398581
0.139688214589576282
0.109658602349119366
0.124874302017812716
0.189839649500647217
0.170164282552247997
0.068716455648401814
0.164768509034351363
0.189679417582724219
0.301423867008273116
0.177773327170136691
0.122856708174898840
0.114902903677131060
0.240419904171467858
0.338368943540658773
0.275661975734238396
0.131897259464466038
0.084276384658769549
0.381749697792083009
0.359811111291295616
0.234650028198127386
0.222304471842597329
0.142901865789563848
0.036518705680871996
0.382952541333748453
0.275579861910485724
0.124063929787013583
0.224538049095043019
0.385207595868970243
0.157309389414445194
0.090645173000342263
0.076803879912041878
0.215455610298031092
0.253102030706180758
0.158461084786264417
0.207905967083311966
0.067840685016501284
0.107805284769097676
0.154255122310028497
0.248990385202168624
0.293207105995151762
0.400000000000000022
0.400000000000000022
0.104663991032140732
0.075715597925367167
0.119919910303059679
0.346871995698706637
0.400000000000000022
0.400000000000000022
0.263667132820303241
0.220729649813543510
0.196075018432555648
0.356918137731493501
0.400000000000000022
0.400000000000000022
0.221910319354380992
0.301350570489254288
0.280379266400835658
0.400000000000000022
0.400000000000000022
0.400000000000000022
0.312812384949621658
0.384534430975277730
0.309140907111843721
0.394794881595426639
0.400000000000000022
0.400000000000000022
0.390866135139320781
0.400000000000000022
0.398691180084860153
0.281087759102441437
0.360054191942685953
0.284453869653816693
0.307082145603010725
0.342280008781884582
0.392091220589578793
0.145122599521660262
0.190056732646509879
0.168154700775409255
0.107576162529684619
0.299191461697650651
0.351429335301169321
0.297438148655223999
0.380947746699554890
0.315621662020756366
0.092886051720771357
0.211563588080895093
0.387232469202064611
0.131013861348326099
0.374962578178594241
0.292011576447596011
0.096534772490282278
0.046589074115019599
0.104565398626160003
0.283415783987970182
0.400000000000000022
0.400000000000000022
0.223818674956331842
0.164876671519967571
0.176178959833461019
0.350212214828592994
0.400000000000000022
0.400000000000000022
0.331760906436190384
0.400000000000000022
0.384432351599913957
0.322571731356148361
0.400000000000000022
0.400000000000000022
0.340460552496491653
0.400000000000000022
0.400000000000000022
0.338671643289856217
0.400000000000000022
0.340321495569451626
0.279765622000055003
0.388635164036782332
0.400000000000000022
0.350729739609063618
0.363040370329214546
0.154872132124705464
0.116053146705221474
0.383217937219799465
0.400000000000000022
0.089955361071593340
0.276319061645444064
0.342279158683206852
0.211028051869285027
0.378187323652845020
0.400000000000000022
0.216752611161431463
0.400000000000000022
0.383626622862930700
0.104730877326912872
0.214126371769468693
0.399423026404679082
0.073989041528448624
0.073746188394709242
0.061372832329721690
0.118868443035176768
0.082708128273746101
0.118632462379691689
0.202325957789164818
0.150388798396566881
0.206042210778814044
0.257814071889054364
0.228506085612239423
0.258626306585421184
0.313889815277662798
0.063493254150776779
0.106372692089551454
0.278029105585386682
0.400000000000000022
0.357407273819076332
0.304822749744658839
0.257136010472731602
0.261168559084079543
0.276689854591108175
0.374565213954578868
0.381014471771965013
0.131745463145325842
0.104381089293925380
0.151195196498801337
0.176477387320702284
0.330849005583155442
0.363644527991756783
0.117980842655826229
0.038613856301720477
0.094945896043382411
0.138108253848647694
0.322709492580361079
0.390149261045561357
0.025277438589921177
0.078432068227135984
0.072141677314459335
0.156802090065747579
0.327480850783089306
0.356155062351921237
0.102370319484467148
0.068408567426275060
0.125309597087357755
0.060005895790235818
0.124259407412461748
0.266458222150373181
0.050283270569012203
0.012940248330360934
0.017220266943146521
0.051534509844238539
0.088841931999998666
0.133975866421423756
0.161078026568520355
0.020407056520372370
0.020745118546033559
0.161568842888272057
0.219282231889170592
0.352247946482431407
0.164254474697060948
0.009699569726306154
0.078278565339140141
0.277864749386177834
0.400000000000000022
0.258804055322648108
0.122090279283313966
0.002336188702386577
0.068181409137733337
0.157791827773088256
0.167262756379287503
0.286816548883658262
0.063276566268912482
0.027148369436154465
0.082698138262361193
0.170994018027846029
0.177883042509849293
0.194203240611085765
0.072079931121064950
0.077214087494622136
0.139280477235267625
0.245812389100991902
0.214504710102751295
0.241343266143822399
0.023800540719642362
0.085158511597115516
0.119849410282111171
0.395803295014013012
0.354746805554347622
0.231445019595807544
0.121830630407456550
0.246875843212675306
0.177541248253864498
0.034750670737010887
0.048230726712709331
0.119376532782320993
0.053632656517496345
0.074424951659094518
0.039499105730177911
0.058123112911110407
0.072423184718808084
0.051741534413721327
0.017459814984019155
0.000701523186341814
0.010171803839883817
0.062333908209066313
0.144817484959256615
0.099465155073051509
0.060385999135486021
0.002740870667707120
0.010847013431896080
0.075385186078856622
0.085678319641549566
0.176002536595656678
0.144762931063784572
0.008079616666950449
0.014847841399209881
0.116223913293415831
0.138885465607698544
0.207228097792829719
0.097378134953716167
0.001337190508735704
0.032111014535518539
0.179464049073016496
0.117231063043988323
0.160768625113870522
0.074418077317451703
0.060932028900474375
0.375009682035890912
0.400000000000000022
0.173972389911948577
0.139963629671996548
0.043035935723134792
0.056984765802331999
0.361996513001364706
0.400000000000000022
0.208982010564096321
0.056805941602622242
0.283291671203740103
0.335930183685643480
0.143453517263249120
0.084584944528020095
0.059269756001356019
0.039231360690981418
0.125141619215624916
0.187510717646263314
0.175262873325251256
0.123684396075554870
0.116348832879285158
0.139007068564923869
0.109937676560023054
0.165712738170449070
0.216501875725058607
0.292208212112570698
0.241135124345458474
0.280318126853920546
0.132415040204430290
0.182342137026742096
0.212571396723095662
0.249371768760331486
0.312022402407248212
0.264917887772317950
0.168116392729764780
0.192462708716894998
0.215466903396884873
0.219581646837470779
0.286070246818558194
0.289675790366013153
0.128638516529615582
0.150655399119743072
0.195960237479563759
0.225121134864814249
0.247658902781837192
0.278341190708106812
0.185066880452763344
0.191239506499843892
0.285269230036260368
0.201987147536833139
0.220803702385240552
0.316315627144997724
0.198961747899850161
0.208478071284983385
0.223058196311913814
0.256632236122273427
0.322155519874610219
0.350032453187107739
0.287886284278548510
0.317338449484677321
0.241875517991178401
0.208032776172390882
0.313417744580428093
0.314302959332589449
0.147108687256385123
0.209462135842250347
0.172602612843930553
0.114337409857420302
0.112298168222225436
0.138058067205580143
0.253300275282627996
0.181177597351805081
0.166060140405747625
0.144670658691238352
0.245057114785715652
0.293301022157502977
0.265623189612814947
0.194757342208822792
0.150544238354160476
0.147245982648305213
0.317297927400378987
0.268677031296156554
0.303304554721730291
0.213012730498987529
0.168654838864842976
0.161040516990319293
0.269058762237045279
0.286106952213171728
0.254093312297301033
0.181961952090986145
0.184773210604579630
0.170562012115143824
0.180768116535933498
0.242625048761359513
0.243634608823568938
0.242108697000664952
0.352393401703632703
0.181156519235017549
0.136152123725694102
0.228943059283786415
0.202704427248692642
0.276425225626773574
0.307222499176306951
0.256975905216902778
0.208357612486646721
0.190474584304607730
0.245126983246185010
0.365111332992969273
0.337025742860690425
0.220572385996188780
0.255474502800346170
0.188607238550813711
0.123616283365244023
0.188837123103565790
0.161324497607423067
0.103912827802409194
0.099360054473526416
0.118222609237593118
0.107523724328671952
0.163072233958433038
0.165554133949206345
0.109999989304893922
0.097101826595188123
0.123160496091489643
0.138890658636910552
0.180915001763161887
0.198893711424309588
0.274289008110442933
0.335655981717707275
0.282130544135810513
0.147923033074818910
0.175055100349940956
0.215876418317679342
0.273655437230646392
0.317165823927445856
0.318818358867632712
0.139221883648505101
0.174976709578676393
0.289259487491862421
0.373489232622694345
0.297367641105324931
0.318061016950499154
0.202158282540656542
0.211056335936267853
0.415743620595496799
0.310745111197280377
0.293640555667252889
0.350821032854454873
0.192824392367818120
0.195697307708387863
0.244774501223337632
0.305470071234552332
0.451732971056919397
0.366693156713992718
0.251325867616748244
0.247954089369664871
0.207789845589133548
0.189913298556030702
0.306352393698920200
0.314463805551257247
0.123368631439883886
0.207209728226993656
0.173716918769371925
0.103538696145433845
0.095467685030651020
0.115740296011120555
0.137804903002597928
0.179269546758140691
0.161664268993319898
0.096567675030535829
0.091418636736877473
0.121888228672554152
0.293412062160035736
0.199671081072999856
0.148868468949267890
0.134574769481863088
0.339581889630850065
0.297839012875473486
0.286358483847210854
0.193088869122196610
0.154099077109441623
0.161584705287168590
0.323708086560589914
0.323342341672629929
0.259614491376690792
0.192747320984796938
0.223175828221370082
0.279774423933466743
0.282908097697316674
0.314496430406651484
0.332692886654092024
0.255761057133317538
0.399427620022564656
0.246859223149099583
0.222273107842741485
0.317902240198273289
0.223873727745235729
0.262982529300571755
0.291278122331806111
0.277059978153086472
0.271034511592287863
0.270512582228837506
0.258626110929324637
0.323982115115457825
0.282108959861406550
0.190215522728755082
0.234393573077830458
0.180859600217506244
