0.400000000000000022
0.400000000000000022
0.400000000000000022
0.400000000000000022
0.378470758044944455
0.167909080395370530
0.020556049336290190
0.022440432586782189
0.046277318774920140
0.030215353673917100
0.085828171904344067
0.007629462558913098
0.005031579552042781
0.008668138640875881
0.055638720071198328
0.203770929672701384
0.021792121274601620
0.022788902890541515
0.003904781231635648
0.007273625556350619
0.055153835217604343
0.097184617581970847
0.031390443524627561
0.000000000000000000
0.000468738163605598
0.001038384706614996
0.018121431819263900
0.004289637580997483
0.003622736578045834
0.000000000000000000
0.132183093105521676
0.313909966269894092
0.332540984080234747
0.004838431249144438
0.000067550716321651
0.000000000000000000
0.188906389564982596
0.371276661683851761
0.382299098944935689
0.006101113299676320
0.003758806790317915
0.000000000000000000
0.163592361006897558
0.070670778719055694
0.041865346660549897
0.007853656742921673
0.013945616067580997
0.000000000000000000
0.016703936015947544
0.120644967131506742
0.008310110230575140
0.003748603694302212
0.040131022587077278
0.001204605790924776
0.033547344483187233
0.027762965238194895
0.013540281001932972
0.013201675686271614
0.065914711089523986
0.005519155455594646
0.002786410486664344
0.004057879670705348
0.030598387416004378
0.081086330272142224
0.003815873639422598
0.007903321468120584
0.007285829050607078
0.000438260151742268
0.003071437932197980
0.039694266697095096
0.004868458050963386
0.006816109584350814
0.037186572871048089
0.002081192115031508
0.004553356062893270
0.008456239588616039
0.001924248776109396
0.001593519464631392
0.149383414015752891
0.084460795282727444
0.032647915534160153
0.001530997014996234
0.000000000000000000
0.000000000000000000
0.210602831099239024
0.349728377714639105
0.070138715678704250
0.000000000000000000
0.000000000000000000
0.000000000000000000
0.078405743647811846
0.202022138323275591
0.066757205739735745
0.000000000000000000
0.000000000000000000
0.000000000000000000
0.038268771661782337
0.142026727121531249
0.001878339183223087
0.000000000000000000
0.055485401709741977
0.052027766207829486
0.009542753556855729
0.008774646420383021
0.008005034495110830
0.000113652035042119
0.022251590571555648
0.017972584515367145
0.053763581619367437
0.056018155552218923
0.010183650673933616
0.013381075898533330
0.045637004971704309
0.044771997345093552
0.017994742681283073
0.010961238763215496
0.019127768658459929
0.022349078526806919
0.022205027907161605
0.022776188365074231
0.149434762220398670
0.102085090996107769
0.014509729741450619
0.009769234144962068
0.002134175273598889
0.000608061618355168
0.152783100646126713
0.139534646833541748
0.016033826315896130
0.019069447005923224
0.014515584720893209
0.002365404426135420
0.400000000000000022
0.345937548263048733
0.035880165946535682
0.016461781426355293
0.015789170290585207
0.007205903407048700
0.190845354020470648
0.390835991679947703
0.068301044266075014
0.004089964059726527
0.005010123152873987
0.000000000000000000
0.098769224600734812
0.247416132330613270
0.000243245391982915
0.000000000000000000
0.129255358788144176
0.076448249652432479
0.028540712579059997
0.042178121277396341
0.004041972975547553
0.000000000000000000
0.293454750414587240
0.111999066952861853
0.066161685163966019
0.072792928264093837
0.007121657696132474
0.021716243171838165
0.115247707761431034
0.046194852850739369
0.017194879385586774
0.015385846014110013
0.017096822160781310
0.035994460866724656
0.039544690667237557
0.047814764737307301
0.165382278170196656
0.176511322627093931
0.007499240562305567
0.005752404422078208
0.045352597394703820
0.120781579027825201
0.094367919948165666
0.234316812989950468
0.032504401140802656
0.035254321782415013
0.038327763258432040
0.040243569259554766
0.149923828911795398
0.342365424025674991
0.219802598261339022
0.051537234081832285
0.035021561296014053
0.000000000000000000
0.069566286917213435
0.145175431546218925
0.275597406104718334
0.017673558662570192
0.001086042270624326
0.000000000000000000
0.318917815298463914
0.400000000000000022
0.000000000000000000
0.000000000000000000
0.381449947351314433
0.283365847574070739
0.354930721773385915
0.400000000000000022
0.002368027481713665
0.000482184748043599
0.331212584534132271
0.137102186853968605
0.400000000000000022
0.400000000000000022
0.010901619808815727
0.022028632509737252
0.287133314705041498
0.071479898809758621
0.389045210050796952
0.400000000000000022
0.070407226311869339
0.202746341113341944
0.313660379919712851
0.092896304942282126
0.090480792664625803
0.188745646231383679
0.047050729156842601
0.096965388308503209
0.273345989459247318
0.181972763809914034
0.023645972303629602
0.119526770215714007
0.058717278914607159
0.126480834304343981
0.389295080704459062
0.308662035975905913
0.019350102156860768
0.031960047924580091
0.247574631560749076
0.136983917382000969
0.349288534501324910
0.294734581609121582
0.059506922982198160
0.018332134044135282
0.387376915000966271
0.082665945289820325
0.188575042757873679
0.279209301629682605
0.054440115870263282
0.057605545495519286
0.000000000000000000
0.000000000000000000
0.114704080801373370
0.097752098949716149
0.226854949514548820
0.285443450964657008
0.000000000000000000
0.000000000000000000
0.010779516514071821
0.009546043597421665
0.215984903412886814
0.318677056824238969
0.001833037506457978
0.005492968349325918
0.007545139834392720
0.004103280736860658
0.113455736162876117
0.286840714109588557
0.053485170721817674
0.056948984161086555
0.013707381659515669
0.003762980348294816
0.079058651327706314
0.400000000000000022
0.241788928604811104
0.136955276250273983
0.087311748698677361
0.011837407454827432
0.020233409597084633
0.400000000000000022
0.258173281896810991
0.090547175201194416
0.123414602044986985
0.026848766081624658
0.018435081912781943
0.060142117469985254
0.358013762750185482
0.160399219771122314
0.088032056459377131
0.079544913508180659
0.093389790493106001
0.079999791437662324
0.395296470786811183
0.219802522396315980
0.040534458623228728
0.089617477612040988
0.000000000000000000
0.000000000000000000
0.000000000000000000
0.000000000000000000
0.000000000000000000
0.000000000000000000
0.070985997045796334
0.060360023384704177
0.000000000000000000
0.000000000000000000
0.000000000000000000
0.000000000000000000
0.039500651287866374
0.047684869991817286
0.004410714117285051
0.005440676269046506
0.010375794545707358
0.021733106759399743
0.011815164194843041
0.323691105396718248
0.109504399818649650
0.025305903073337698
0.007922014690365815
0.016724538545754664
0.033720951213706024
0.375610916072932011
0.263279305196639557
0.074517055558708578
0.035750415957784651
0.000000000000000000
0.019324757317910994
0.198924421206551294
0.344958134090542989
0.067295253178163206
0.037692667880842488
0.002163107941152637
0.028918149632394394
0.036080154422438275
0.336387632656994451
0.115668222497253226
0.025393760087935431
0.009311682178034617
0.068332084571640139
0.061439704955708357
0.204525379208939484
0.185495110781751044
0.009315588372694153
0.008093687292318697
0.000000000000000000
0.000240895673587225
0.000056037138433623
0.000859751664403273
0.003514302884475122
0.000000000000000000
0.000000000000000000
0.000687325539337436
0.000283368172214065
0.000409147326151627
0.000826553272470422
0.001598033569348490
0.002513034576350975
0.011494049726719958
0.004685196245645422
0.002610802135262494
0.018947016824728630
0.029820745242912141
0.036308181717346004
0.124942695977713639
0.020816390279882208
0.014637485620953430
0.033902825424084918
0.043956466124953915
0.051264864281954842
0.216154835892115593
0.054438129322578965
0.014257552763927758
0.002197034556289786
0.000000000000000000
0.046466194775628002
0.080180829446641677
0.092208331088614065
0.020727459106827134
0.014235231449759054
0.000000000000000000
0.040974048493775353
0.029380576775689532
0.041789512723418507
0.024403294574995654
0.008726276656032844
0.000000000000000000
0.141291419925654860
0.102265611279781024
0.084824430164419123
0.039638064445293261
0.000000000000000000
0.000000000000000000
0.000000000000000000
0.000000000000000000
0.000000000000000000
0.000000000000000000
0.000000000000000000
0.000000000000000000
0.026575573947522121
0.013269669288726966
0.000000000000000000
0.000000000000000000
0.000000000000000000
0.000000000000000000
0.024171861493073932
0.020235375890615487
0.001563045911992906
0.001526588749131466
0.004842562690011007
0.000000000000000000
0.033194029958052117
0.102232085714748899
0.007360827808491517
0.012931770895017479
0.024405323481832639
0.000000000000000000
0.037840005781725257
0.080817953060208614
0.004355430206255941
0.014289299549785381
0.008201498261610362
0.000000000000000000
0.055374558429440196
0.207956354321583547
0.397296667804398651
0.007479883542317968
0.003248954067680997
0.000000000000000000
0.087736107165016855
0.090857058974423102
0.207502737914539992
0.008397145501609738
0.000806347709342302
0.000000000000000000
0.361821393049623907
0.222693540928686484
0.080882320350279979
0.018887984164715248
0.001290576168903660
0.000000000000000000
0.000000000000000000
0.000000000000000000
0.000000000000000000
0.000000000000000000
0.000000000000000000
0.000000000000000000
0.000000000000000000
0.000000000000000000
0.000000000000000000
0.000000000000000000
0.000000000000000000
0.000000000000000000
0.001371856680467816
0.005959360087777107
0.004715579959514122
0.001148885042733526
0.009585852697105867
0.007298630342000154
0.019498663668642439
0.042539599587304425
0.030781198240821490
0.004199719249703471
0.008778370980866933
0.005616602625540479
0.030363932324192995
0.042442684507255572
0.001470329474252278
0.051075211889224106
0.032030783296565057
0.000000000000000000
0.392498090938875221
0.400000000000000022
0.271167993195309986
0.019616599151218710
0.017403726602213950
0.000000000000000000
0.226556217726048476
0.248603147750760173
0.278460909447928340
0.006443493762035016
0.000000000000000000
0.000000000000000000
0.271052114792198207
0.172649853741018211
0.099092682556405215
0.007893460131008459
0.000000000000000000
0.000000000000000000
0.000000000000000000
0.000000000000000000
0.000000000000000000
0.000377607428004868
0.005342885337808161
0.000000000000000000
0.077412909049376255
0.009628988559724166
0.002745732148165566
0.001101245929919917
0.000000000000000000
0.000000000000000000
0.015707349925155847
0.003492593562053074
0.002026229697180539
0.002267434667591663
0.000041017480785069
0.000000000000000000
0.009849492384403285
0.016655013611637324
0.001967999101575857
0.005835745821452215
0.000165297370387546
0.000000000000000000
0.052732158202732908
0.099146725200029720
0.000000000000000000
0.005946128109624020
0.003744867027323988
0.000000000000000000
0.253444932154406000
0.063467053529565706
0.000000000000000000
0.000792479911969766
0.000753160194576207
0.000000000000000000
0.190622422323331486
0.254452008705392529
0.210208316605868750
0.001900825826815054
0.000825823735799804
0.000000000000000000
0.342424671767470601
0.364453667413020099
0.072971098868808371
0.004289727784541871
0.032215420906939560
0.000000000000000000
0.000000000000000000
0.000000000000000000
0.000000000000000000
0.001653368585390909
0.006758274777836773
0.000000000000000000
0.343449830090538089
0.051671456500324044
0.000000000000000000
0.006215914405101478
0.010923447738940155
0.000000000000000000
0.089973031821188557
0.013774679379908809
0.001380841571109573
0.023700489348945024
0.024995074493447761
0.004024340328717821
0.090791134707297827
0.028117001653921152
0.022355600827797979
0.004145320030687605
0.003917085224345631
0.005119363528228286
0.341650123555423513
0.099151587205675143
0.011672283058189858
0.007743945912107914
0.002146805026718129
0.000000000000000000
0.150549101230192356
0.045321969494640277
0.007371915486366208
0.016645311323186477
0.008521511707189979
0.000000000000000000
0.148227986600301731
0.224733952133837955
0.244435258905065234
0.013143484565093698
0.006198713184979536
0.000000000000000000
0.188973924036665075
0.210232143973931418
0.113787032815081512
0.000438483902422269
0.002671491657637021
0.001427677378708753
0.000835234560527970
0.000054531142141446
0.000000000000000000
0.002388289506749204
0.014539062104331660
0.004989889514058939
0.130970475960097754
0.026201564808454272
0.002647535210849697
0.007100746861527921
0.022634438279744689
0.051794617298205045
0.045595199390836776
0.006070607305486107
0.014811720785075633
0.038485517465853242
0.049861701484360539
0.026562192994076275
0.102553250872891369
0.027004300088445714
0.009354385339957971
0.038141207983228453
0.038424730796067993
0.046036993335150996
0.400000000000000022
0.074749653008158431
0.004867420367259881
0.180790205160778095
0.325143330359118909
0.298459919837759879
0.289497963175758155
0.081214129384479083
0.004098049460446308
0.098029912323238405
0.177621884567868482
0.115304663983724007
0.084183216922725068
0.049557256864552271
0.069521950257944637
0.019184996666359960
0.033925798136723195
0.001804434165913382
0.052905070715274366
0.016509070885424148
0.043464553047192295
0.007415496679383602
0.022889771047966325
0.001007680877341758
0.221530963465426639
0.074715719190991930
0.000000000000000000
0.337608912501405789
0.400000000000000022
0.400000000000000022
0.296597036255947244
0.074273398139022492
0.000151796633443184
0.080772021803294763
0.400000000000000022
0.400000000000000022
0.320127539120558191
0.101972940828823452
0.054813732455438822
0.212392652432886658
0.400000000000000022
0.400000000000000022
0.400000000000000022
0.207736176623269903
0.071896782791672276
0.250486846109278849
0.400000000000000022
0.400000000000000022
0.282045999318426333
0.077021531695122991
0.042421311767091387
0.272841491399820391
0.400000000000000022
0.400000000000000022
0.192735427267688303
0.051975017049740377
0.013636546325383039
0.292475268171510705
0.400000000000000022
0.400000000000000022
0.136619418139784399
0.050601713133233847
0.049095272635344044
0.149907556518786067
0.400000000000000022
0.400000000000000022
0.071383289909039388
0.068401468463003115
0.219931560549037342
0.102700581566137358
0.400000000000000022
0.400000000000000022
0.380005469413161712
0.116194798316420156
0.000217191608057055
0.243565562845649120
0.352022499868001493
0.389167523048702280
0.400000000000000022
0.108043877673812544
0.007764138999366284
0.252971375272986410
0.244115164352622094
0.197431431570967625
0.400000000000000022
0.072246631892458432
0.029383946896093156
0.196709476128659716
0.233975431968301728
0.179248598346859439
0.400000000000000022
0.166003205781359797
0.043361829123505981
0.127411946530052056
0.115695688671078253
0.141682735083113243
0.119528992202567519
0.021081460717559154
0.027791059082232377
0.065866640823855821
0.153252718778828873
0.286990535228997423
0.199052874219429687
0.007395698166302515
0.010224923638560474
0.265055792982206717
0.126091248785587251
0.272958372470851363
0.194754256695208017
0.025151624504531303
0.020620713760731810
0.309576741096606933
0.248977126421402795
0.269584975814805117
0.089112806410446249
0.046326011354119699
0.149221643125098252
0.166347861224859950
0.275178409992759498
0.111869486804802437
0.255139374544800512
0.084319241571200867
0.004256989791627937
0.119066736217378247
0.163070776161228559
0.078486713078975825
0.143300427895827753
0.044700517673315607
0.034133649298934900
0.277402004277121805
0.316165617299286605
0.072098075580671855
0.306914773030127153
0.054696136469109320
0.039462437979177423
0.105897438740942318
0.069578935518427865
0.089084295036204089
0.013301939722714158
0.008144016656743512
0.066210279031245017
0.096008460789381758
0.066363085222757218
0.075654248209109154
0.003049524916679577
0.001899657997307353
0.023108053834632766
0.020316162180024175
0.030088562072660426
0.055670883272753963
0.049683410822363432
0.005423971930651297
0.012408129107495548
0.094950835979578430
0.045685742541347635
0.002284250177156215
0.296118947015390210
0.015736408579019850
0.038709522350488926
0.075328392671054040
0.046318299754714853
0.000000000000000000
0.022303333339474200
0.052413962267048295
0.099396010011553973
0.031483447974195188
0.042278106784761488
0.000000000000000000
0.143918462529070978
0.033141998311929002
0.047856460212890084
0.092926301948015877
0.083668955893963642
0.071593457671904365
0.074217423579598485
0.037126830950990425
0.099049805019437553
0.198046133230288218
0.163532267746790749
0.000000000000000000
0.400000000000000022
0.115712202628569627
0.135819032494802094
0.199401662355665032
0.053397361036329333
0.018630770431098946
0.026005114945010965
0.006370906102920907
0.033813138305037391
0.018507027531261856
0.005545627643943113
0.008038692066378528
0.023530810917769009
0.008488885156969521
0.013790433879340008
0.016579916857788521
0.010769327139147928
0.010569594523421079
0.065550150789749087
0.021012609060078496
0.014791018823640437
0.008012288439504208
0.000000000000000000
0.000000000000000000
0.120386678737422703
0.040628557985918870
0.076827343278444704
0.007875800468069689
0.003327655068747686
0.000000000000000000
0.085098055175140311
0.061568722327922515
0.081651368091568338
0.014380078414931687
0.013909834218198988
0.000000000000000000
0.147469065084192441
0.037619195578044773
0.153612386369920279
0.158842002244873270
0.093504366014340298
0.015943329743283656
0.035558185642107727
0.051904279620931443
0.206957250705966461
0.163814376533679140
0.128204022292520980
0.004233698795130561
0.068473142255636596
0.089059614022627104
0.244904554421476239
0.180453550877588881
0.065390513219088689
0.102653268709475665
0.003063019289734481
0.003610648169757885
0.037626960948233756
0.026907400586880806
0.009028960211568657
0.018704895289852280
0.004870581365974919
0.005464605892111374
0.016787265012749228
0.005912631487231591
0.035508698753097062
0.030602279877434007
0.033955910792320153
0.047541281625953231
0.004526338833501157
0.004160633041335897
0.001106497435322780
0.001052289223437163
0.025289798782101223
0.031889286169420987
0.034839555117514132
0.006183480946320260
0.004446373823590233
0.000000000000000000
0.134191080153896164
0.068578732513237775
0.049676915046209288
0.008759988774264777
0.010675159344200774
0.000000000000000000
0.400000000000000022
0.400000000000000022
0.400000000000000022
0.400000000000000022
0.378470758044944455
0.167909080395370530
0.020556049336290190
0.022440432586782189
0.046277318774920140
0.030215353673917100
0.085828171904344067
0.007629462558913098
0.006403436232510596
0.014627498728652988
0.060354300030712446
0.204312350566165923
0.031377973971707489
0.030087533232541670
0.023403444900278087
0.049813225143655049
0.085935033458425847
0.101384336831674318
0.040168814505494484
0.005616602625540479
0.030832670487798586
0.043481069213870571
0.019591761293516179
0.055364849470221592
0.035653519874610892
0.000000000000000000
0.400000000000000022
0.400000000000000022
0.400000000000000022
0.024455030400363148
0.017471277318535601
0.000000000000000000
0.394052761479940283
0.400000000000000022
0.400000000000000022
0.012544607061711337
0.003758806790317915
0.000000000000000000
0.374560681456364120
0.243320632460073877
0.140958029216955133
0.015747116873930132
0.013945616067580997
0.000000000000000000
0.016703936015947544
0.120644967131506742
0.008310110230575140
0.004126211122307081
0.045473907924885426
0.001204605790924776
0.110960253532563474
0.037391953797919056
0.016286013150098540
0.014302921616191532
0.065914711089523986
0.005519155455594646
0.018493760411820194
0.007550473232758423
0.032624617113184914
0.083353764939733885
0.003856891120207667
0.007903321468120584
0.017135321435010363
0.017093273763379591
0.005039437033773837
0.045530012518547318
0.005033755421350932
0.006816109584350814
0.089918731073780997
0.101227917315061214
0.004553356062893270
0.014402367698240059
0.005669115803433385
0.001593519464631392
0.389700365232935719
0.147927848812293150
0.032647915534160153
0.002323476926965999
0.000753160194576207
0.000000000000000000
0.387402830088144690
0.400000000000000022
0.280347032284572972
0.001900825826815054
0.000825823735799804
0.000000000000000000
0.373913764125292980
0.400000000000000022
0.139728304608544102
0.004289727784541871
0.032215420906939560
0.000000000000000000
0.038268771661782337
0.142026727121531249
0.001878339183223087
0.001653368585390909
0.062243676487578753
0.052027766207829486
0.350059308850974693
0.060446102920707061
0.008005034495110830
0.006329566440143595
0.033175038310495800
0.017972584515367145
0.143736613440555994
0.069792834932127720
0.011564492245043190
0.037081565247478354
0.070632079465152070
0.048796337673811377
0.108785877388580907
0.039078240417136645
0.041483369486257908
0.026494398557494525
0.026122113131507235
0.027895551893302513
0.400000000000000022
0.201236678201782926
0.026182012799640476
0.017513180057069984
0.004280980300317018
0.000608061618355168
0.303332201876319041
0.184856616328182011
0.023405741802262341
0.035714758329109697
0.023037096428083187
0.002365404426135420
0.400000000000000022
0.400000000000000022
0.280315424851600881
0.029605265991448991
0.021987883475564747
0.007205903407048700
0.352541941056589370
0.400000000000000022
0.182088077081156541
0.004528447962148796
0.007681614810511007
0.001427677378708753
0.099604459161262773
0.247470663472754704
0.000243245391982915
0.002388289506749204
0.143794420892475822
0.081438139166491424
0.159511188539157772
0.068379686085850599
0.006689508186397251
0.007100746861527921
0.316089188694331891
0.163793684251066884
0.111756884554802788
0.078863535569579951
0.021933378481208105
0.060201760637691407
0.165109409245791594
0.072757045844815640
0.119748130258478136
0.042390146102555731
0.026451207500739281
0.074135668849953110
0.077969421463305558
0.093851758072458283
0.400000000000000022
0.251260975635252293
0.012366660929565449
0.183233496527521911
0.356505752921563723
0.364581699909303114
0.376934120023674657
0.315530942374429579
0.036602450601248962
0.133284234105653432
0.215949647826300550
0.155548233243278794
0.234107045834520439
0.385900064066764303
0.289324548519283686
0.070722230748192241
0.068947359432737262
0.001804434165913382
0.122471357632487815
0.161684502431643062
0.319061959151910601
0.025089055341953794
0.023975813318590652
0.001007680877341758
0.400000000000000022
0.400000000000000022
0.000000000000000000
0.337608912501405789
0.400000000000000022
0.400000000000000022
0.400000000000000022
0.400000000000000022
0.002519824115156848
0.081254206551338373
0.400000000000000022
0.400000000000000022
0.400000000000000022
0.400000000000000022
0.065715352264254540
0.222773814561037592
0.400000000000000022
0.400000000000000022
0.400000000000000022
0.400000000000000022
0.142304009103541601
0.274885253058937518
0.400000000000000022
0.400000000000000022
0.369127630766581949
0.265767177926506615
0.089472040923933974
0.288525287191437219
0.400000000000000022
0.400000000000000022
0.216381399571317884
0.171501787265454397
0.072353825239990205
0.322372915939394988
0.400000000000000022
0.400000000000000022
0.155969520296645181
0.082561761057813945
0.296669904196093071
0.279311833068514148
0.400000000000000022
0.400000000000000022
0.130890212891237534
0.086733602507138408
0.400000000000000022
0.185366526855957697
0.400000000000000022
0.400000000000000022
0.400000000000000022
0.173800343811939456
0.000217191608057055
0.243565562845649120
0.393234338687393770
0.400000000000000022
0.400000000000000022
0.353334476655288943
0.007764138999366284
0.252971375272986410
0.254894680866693979
0.206977475168389297
0.400000000000000022
0.347807952859182812
0.031216984402551134
0.199298079618864948
0.241520571802694456
0.183351879083720082
0.400000000000000022
0.362318770721783534
0.096846999845323661
0.184360930691138597
0.129403070330593895
0.145445715431408051
0.198587643530273833
0.400000000000000022
0.256599855173660407
0.186147113904521461
0.240564467477506233
0.298827942683824843
0.219286283816514299
0.400000000000000022
0.268398205535371470
0.293042556020943867
0.249505850830574222
0.299807138552476093
0.213189338607989970
0.085293741974516543
0.367789944017244075
0.353919488442268837
0.337009182880779967
0.329444792428354449
0.182502596903552194
0.126325802791782044
0.400000000000000022
0.317636323384420993
0.315712868615988240
0.201486964416843412
0.255139374544800512
0.084319241571200867
0.004256989791627937
0.119066736217378247
0.163070776161228559
0.078486713078975825
0.214286424941624060
0.105060541058019791
0.034133649298934900
0.277402004277121805
0.316165617299286605
0.072098075580671855
0.346415424317993492
0.102381006460926613
0.043873152096462475
0.111338115009988803
0.079954730064135227
0.110817401795603843
0.025117103917557199
0.326610271834414212
0.175714678849894640
0.121314363862719460
0.074285099913123029
0.092378786754863829
0.036770476130385601
0.376336972296163474
0.275594477766387846
0.094833217738732767
0.065838978030445056
0.055670883272753963
0.069008168140274426
0.204348393137202544
0.352987001013625012
0.162246089157741635
0.083378410422190116
0.004447358118308853
0.325037096647784574
0.051816563001458128
0.365334769769269541
0.190996615168307265
0.071712059842650278
0.009311682178034617
0.090635417911114333
0.113853667222756680
0.303921389220493499
0.216978558755946238
0.051593695157455634
0.008093687292318697
0.143918462529070978
0.033382893985516228
0.047912497351323712
0.093786053612419151
0.087183258778438771
0.071593457671904365
0.074217423579598485
0.037814156490327863
0.099333173191651622
0.198200974498001170
0.164358821019261164
0.001598033569348490
0.400000000000000022
0.127206252355289595
0.140504228740447518
0.200632022898413309
0.072344377861057962
0.048451515674011084
0.062313296662356958
0.131313602080634528
0.054629528584919596
0.033144513152215282
0.039448453068028036
0.051995158191332450
0.074795675199723854
0.224643721049085088
0.068228563201918974
0.030837469621716275
0.012966361695437717
0.010569594523421079
0.112016345565377082
0.101193438506720162
0.106999349912254502
0.028739747546331344
0.014235231449759054
0.000000000000000000
0.161360727231198042
0.070009134761608388
0.118616856001863211
0.032279095043065344
0.012053931724780533
0.000000000000000000
0.226389475100795184
0.163834333607703525
0.166475798255987434
0.054018142860224952
0.013909834218198988
0.000000000000000000
0.147469065084192441
0.037619195578044773
0.153612386369920279
0.158842002244873270
0.093504366014340298
0.015943329743283656
0.062133759589629842
0.065173948909658400
0.206957250705966461
0.163814376533679140
0.128204022292520980
0.004233698795130561
0.092645003748710528
0.109294989913242588
0.245749724778693085
0.181980139626720355
0.070233075909099704
0.102653268709475665
0.036257049247786596
0.105842733884506809
0.044987788756725273
0.039839171481898292
0.033434283693401304
0.018704895289852280
0.042710587147700173
0.086282558952319982
0.021142695219005168
0.020201931037016972
0.043710197014707422
0.030602279877434007
0.089330469221760356
0.255497635947536772
0.398124522212138232
0.011640516583653865
0.004355451503003778
0.001052289223437163
0.113025905947118088
0.122746345143844096
0.242342293032054124
0.014580626447929998
0.005252721532932536
0.000000000000000000
0.399899588009893225
0.291272273441924245
0.130559235396489282
0.027647972938980026
0.011965735513104436
0.000000000000000000
0.242418574107218537
0.210327600493207950
0.076991958209776223
0.152136117362302620
0.222565184335322352
0.184958559772605141
0.269095585832640649
0.195718414372244048
0.104277954365267128
0.082742735434869846
0.206482384621155091
0.124271684198178814
0.277691678448795942
0.201310997944441183
0.135766036391105710
0.037729693336548555
0.140103418683463821
0.137217053981175147
0.191287447184835230
0.252636649925380763
0.098309470768096985
0.033873917571891260
0.120686645097032780
0.123591226506832755
0.209191193782598844
0.243015413675122804
0.087055917614832834
0.040824090308318642
0.150377870636346112
0.192453050756175637
0.274178429416732261
0.295580090658652317
0.223547603446727972
0.067433466615419074
0.150793730396747511
0.159516456532634660
0.330700194575212270
0.327039996576508785
0.377650633553829940
0.082632235098184945
0.144412629935406628
0.145825792176243724
0.339251050822135747
0.295958467942166903
0.304950673098769887
0.068389530628783030
0.119674853449905153
0.120212551213820087
0.257095473597315327
0.202907731275745989
0.074401486163712380
0.181711478676520793
0.264295213369494020
0.155461808894835768
0.311628302802672286
0.140383507831058324
0.044898883787698012
0.229466199978129948
0.287375789625913813
0.105655322512767949
0.304492727685810705
0.136939300085224452
0.040473511744724092
0.314489792484438035
0.179281209709159645
0.111515981505276224
0.203829439726163797
0.162718843301669025
0.038542846481998363
0.191377086571042548
0.147082805623664298
0.099541362686550755
0.228445487283966103
0.193500330429660250
0.055566118674749511
0.137506748966775200
0.174473700152553396
0.135543151321848410
0.246009466195187765
0.271141454523841474
0.180921898744087623
0.180601503156647858
0.166826610397377423
0.110871068509265230
0.291732552288246905
0.302621060391344676
0.311822085255705927
0.181715747041898606
0.165441461227850611
0.107449164999958657
0.351392994341043541
0.311890455619626639
0.304925338371768717
0.146356455811946645
0.135672997294929432
0.093087716158315043
0.244688337915971194
0.190564389088351327
0.069433232445036103
0.159887899334543782
0.286588223635604378
0.239762030534948350
0.237828305399954143
0.132719952139804698
0.027475260454183789
0.076254703280158709
0.225583743261475178
0.136781218383322994
0.272740506982226572
0.189264960396630821
0.095828389470266714
0.044073659853474619
0.149522969840197889
0.140595036557697561
0.195725676651687552
0.254761717864740000
0.141524623931285870
0.034842594148464724
0.119461995518483854
0.119240856733601255
0.215508223089574097
0.294111344055317692
0.158666489017555479
0.049090179365579516
0.159816355669816557
0.187907817317937736
0.273457118976180136
0.342218217275804426
0.279262121871924174
0.078507502355155162
0.162647664943461945
0.163878455123330324
0.308126098638263013
0.317016623829662447
0.385743727671801206
0.073267534442291546
0.136537482767707496
0.144873191660028433
0.257925317132473075
0.260783283187521253
0.317612861178606876
0.063702153780708343
0.114531107106313548
0.116993970872735345
0.234423275716611978
0.204170334171142054
0.069758783410926437
0.147857410836924663
0.273963378821386827
0.192389668748705445
0.252959046145492750
0.127248128079546163
0.025091031799409053
0.097948486409510621
0.268538395386848316
0.112669916676949811
0.303812396036518551
0.133676613829643270
0.036347447824340490
0.224781706642897622
0.201499768509078664
0.118038900516233142
0.208303551986495583
0.168006740705141377
0.039060072423498987
0.248752807014120059
0.149940823288707309
0.098668810218048478
0.243745327043564081
0.199205703374601889
0.074655066364801390
0.240360713884614691
0.200052611876135322
0.143625377500282647
0.300347240125162007
0.270579558399000220
0.213486699763573956
0.226392250109235776
0.178740335090178032
0.118159411261710007
0.279810378656113634
0.278529537742866706
0.302265122731442681
0.185401228295416831
0.152680659735456220
0.102566562871784409
0.222480492058111545
0.241311504759882001
0.267330704211126702
0.155153090592338644
0.129604999488898920
0.089829373640963106
