0.087804101070583049
0.040137423172004728
0.063557918515332254
0.087349027476193900
0.013728802637733208
0.048522742681197967
0.043180171689577863
0.018205838454256738
0.013351570668512943
0.061557779909669215
0.052363147413096903
0.031201515838716269
0.000863503890857649
0.000000000000000000
0.000238972481115533
0.034026068649136008
0.071123545881626102
0.049800029457070502
0.010135826043922842
0.077385970842423740
0.009223690668020266
0.025778038913044216
0.068239685482205700
0.103036208064510498
0.053387996698819135
0.080100970285305648
0.057409793267197945
0.034571001073830931
0.110775588567619654
0.008005364864894383
0.064082540477900782
0.064378027990249553
0.034215277546853898
0.012605318364716985
0.050603887051424025
0.016735115057197717
0.074948437448941335
0.138867048631052953
0.024454053977864428
0.052307875079372401
0.058368122878474538
0.041445870659649595
0.046102382578158907
0.043327205429404061
0.024664663455694444
0.044823513228879869
0.022314172115222030
0.003991750612084236
0.041166709768684182
0.020183729398358132
0.004571298231730065
0.115142264694084256
0.075353736203873853
0.064367981850183470
0.028477518037851542
0.031188025609115995
0.003946564964657249
0.025530580488861782
0.075927284543808593
0.093004121939600767
0.036289515494866025
0.006977235323597414
0.014551999210255635
0.025149080489707817
0.070167744535989174
0.063180523221649104
0.054729857012913989
0.040612348504522708
0.021710516442561740
0.043366091887217885
0.122249774076205409
0.064933626997023028
0.037682667940464105
0.102241852306733105
0.002321891395473408
0.033485519366134718
0.072417127972150552
0.034398289775740200
0.036852481437476568
0.061695918255436716
0.015970641939253415
0.055366680041763150
0.052896084075615628
0.022552661887111532
0.113481202039399570
0.223397837565402435
0.018710174273753769
0.037515819178988649
0.103899909387180356
0.011935716991184420
0.182134045347409068
0.110139925685281193
0.037560912026472597
0.046964674363229299
0.087229732394379714
0.015531852903569503
0.025537222166247542
0.019650906715850541
0.038270566412008239
0.126281238798462314
0.157834487920264110
0.068491673961970839
0.111016132935805562
0.013173434382387120
0.006253247103636847
0.046908830102815192
0.066476110710771030
0.053684265310622370
0.028043937460920817
0.000119209873892598
0.011193743546847896
0.063016567988902622
0.103764482638520561
0.122707211692107493
0.111996320313071052
0.110062435830848279
0.044306398583538825
0.077216761401061901
0.155504908432817640
0.084517864074957594
0.129140637258284507
0.331956454174313520
0.081034749633454195
0.056439332194628981
0.084984098229369989
0.038658328176246981
0.136827684401659155
0.171991619014726371
0.071125510276415116
0.119146028997556039
0.092857916477908781
0.046975697344135488
0.115657330856855617
0.250256546128589108
0.067313929994694030
0.124168447990120279
0.061815481576970109
0.036816711284337084
0.122442789120068785
0.078767045214751738
0.056834490592279518
0.095791629223576077
0.061026495394237171
0.030603010166433624
0.073952719900250943
0.037332973802899933
0.066000789612326305
0.103701223053244751
0.114378393574988163
0.148516918833366457
0.119592904054125773
0.083781335171770471
0.041618517296093047
0.054263259552630984
0.097772581678006454
0.166461767971336549
0.056929487780951277
0.032065364505116593
0.026413245829392546
0.108849171297052724
0.180425409029017769
0.202399389380865019
0.128423622980869956
0.084806349875270276
0.132377809138480018
0.152081774100043476
0.279925617235782964
0.140777535388180025
0.102922878840273541
0.193896018224102906
0.173211604696940025
0.135906128807229076
0.147900338753628902
0.054676060749293987
0.084652283080760560
0.137090907720263083
0.142845962727095543
0.216335252984669824
0.156028983519940462
0.114904271201978297
0.104647542476064143
0.100862318096030315
0.170110476512936037
0.187236899806340396
0.059554634727942840
0.107985588128734628
0.164651012106327654
0.126067478139092304
0.090054281531902411
0.108579396433251957
0.024107506892821123
0.105557118480423345
0.201240065060058898
0.040438003509949347
0.242195339376866159
0.243814077882797881
0.244239747947216923
0.381996713530322829
0.169211457915605629
0.267633505797694404
0.400000000000000022
0.255967499202409299
0.233307039775231262
0.355306701763021093
0.082267660837710005
0.278932114124278763
0.400000000000000022
0.289176351900065298
0.175300174966915884
0.227994631613383653
0.034185845654265565
0.172511244627640087
0.400000000000000022
0.298335263248962423
0.292285691399496783
0.239890430706150015
0.087481747217278083
0.287684295177148996
0.393630889753565305
0.320435625578084693
0.162499936667578587
0.151150941648686310
0.224550411681103457
0.380972613202326338
0.400000000000000022
0.356665633559040685
0.247552526884627977
0.224123873172204446
0.348260277581634248
0.359803102985146950
0.400000000000000022
0.338920637496851973
0.166668906485775370
0.400000000000000022
0.351212277928625527
0.245378317178524930
0.328808994938758647
0.295457835777252764
0.172733111181276544
0.303263418759041614
0.210207485814341954
0.045445955777536240
0.147285223930886250
0.273953863755151072
0.358679442477104038
0.393023061518640193
0.146977564968563984
0.226525014254027213
0.318842125364930229
0.315245494682600991
0.382595621969644806
0.400000000000000022
0.061072218149049562
0.150719410545768262
0.351461319329366084
0.257272529526845206
0.181011628222180115
0.270432792650710352
0.077560648998945270
0.091298137285467970
0.371288674799158780
0.290547569354763779
0.113959936667265185
0.304753904955207322
0.042094674889275728
0.068344476410792249
0.272292718986741900
0.400000000000000022
0.145004183345563920
0.400000000000000022
0.104307090993794843
0.130357207153583066
0.180466255416997234
0.316063409688689012
0.140413979655247267
0.387376745009688384
0.094640925635245995
0.150111828571358824
0.169180010982584589
0.200157933501374230
0.243879743027079932
0.347380821390172179
0.220659231367511144
0.218742619359339058
0.362394047709985734
0.264636992939805860
0.108582142652579788
0.400000000000000022
0.213282397767128429
0.090135717710504548
0.051391731533392493
0.016793533877643780
0.062428603189576493
0.139204625048589159
0.036220280559485993
0.110516737468999399
0.018948961882079115
0.070806540392943165
0.037654440041943266
0.081584388956964821
0.047649329507855526
0.120782793192514490
0.005845025540099747
0.077541125751551102
0.244807358423507815
0.117392177409791354
0.044461991642489873
0.032327776227851088
0.044655824097148078
0.092661622153552239
0.087294145974695023
0.085514105287512354
0.017624762075023583
0.023323562906961508
0.126682903613917486
0.158871585696216566
0.065894061695638648
0.112505901743090303
0.136421349322598057
0.091375384253002290
0.026586915021564232
0.079202785994234720
0.186382622437090667
0.073813336889436365
0.174307331642776620
0.088016254371143035
0.017672869421913588
0.072718789814281815
0.203134106162815992
0.089195203764213762
0.081548063461934911
0.094560740957348330
0.070374505924505046
0.193538696198642168
0.185361499927738788
0.116967470394644363
0.253353073353417058
0.066354424996523609
0.212043099783620043
0.079463660629492977
0.065741187589405267
0.111775890241682885
0.066451397338013862
0.038976711423645116
0.043102469699672769
0.063996971955752435
0.036784248076714522
0.041525267534182550
0.114391891107169741
0.207110878521995501
0.042947074461950972
0.044687759630522697
0.097697470224459071
0.054251955685142794
0.043888208391253014
0.058596713717845243
0.046632491247590793
0.091790948522367952
0.048837473093718879
0.095332258995822344
0.029373686596195436
0.004934355631281185
0.030821669572915239
0.050816246463970934
0.148548286010572406
0.055738317105701631
0.074316908685058747
0.092796466057365815
0.022757411831493345
0.053632806335963241
0.096422698859596284
0.010319571146131244
0.106200615390609848
0.087754403208374770
0.027338047736209164
0.054135240733019230
0.044434686891710172
0.040526925911525728
0.067537642460674341
0.047516036046050911
0.038806258082782145
0.076239379660510406
0.043275250149489630
0.038016520127479261
0.073365063422373575
0.054429048469550628
0.079406809484550214
0.091981536597620650
0.146320020705833442
0.104327976543867024
0.037625513192976093
0.009403531551449754
0.005873976366583298
0.053472395484981755
0.039990107314410640
0.048511061347316954
0.040219941752570876
0.084733296646772260
0.045839350216358460
0.051956393949334823
0.091377565429894947
0.058473719231126396
0.016671975130598472
0.035153096908213555
0.031502594817288412
0.061679180476993174
0.068049363767393553
0.106819699844070942
0.014973642932711320
0.000000000000000000
0.006077239584923998
0.022525068443471661
0.100973964378751738
0.089784986561248031
0.100594214699999129
0.065476349102581266
0.001436532194749926
0.020166175556307852
0.064376511431900041
0.076455787097226821
0.100574119841302878
0.058641921093608745
0.014162001733682586
0.040377002676049344
0.170673014476637019
0.062157500280726100
0.050339166393371299
0.075365571113040319
0.015490017088283009
0.069769000223118244
0.086160692613991688
0.078393403827883887
0.118120233998460777
0.220311948045831929
0.076485950981330042
0.099493791821377603
0.092537505217415911
0.039472337132565150
0.091521749445863512
0.059187231175694209
0.015091674758495396
0.023112159283707381
0.014662728486340763
0.047410552501543468
0.066910877712328509
0.037190418343828927
0.011790772747766479
0.015530991489303274
0.066829913708667019
0.102912961842243703
0.061473927992443889
0.040740345889351645
0.008391233147928360
0.011485201082072443
0.038416490618945524
0.051680635681284379
0.061397504597360056
0.058692867402707648
0.031405564033307881
0.052628157979810040
0.088281482200522260
0.024657927194622575
0.038732347881796664
0.028588163880796078
0.007365262330055805
0.039165134279577497
0.121662538723635499
0.054978807530324976
0.027211091799072541
0.017660773146998664
0.009758433035798196
0.063549748465035791
0.065167175257440230
0.014200942517863566
0.017260776849141388
0.013462557679817180
0.006035622286157514
0.059138118345031299
0.102742383468392554
0.025825478204085588
0.124562958135474675
0.181581814124960883
0.059433806023637820
0.038555919453449716
0.159260754046291558
0.058269642859227568
0.111139543608406277
0.063690577269793769
0.036442930581497196
0.019641287597825435
0.021632468857290331
0.038679640967923881
0.161316070962795682
0.047069976643179481
0.007713471976169951
0.003625992819769900
0.027733075258623070
0.152939696540916381
0.090301934438820494
0.045891436317329948
0.028952017793032844
0.015878676684431981
0.069087378083738521
0.073544021950696536
0.035685816820399036
0.033535317347638531
0.019805869741757430
0.031604324710340068
0.104917780402732572
0.018226308734509387
0.038670358482828494
0.053893437953421067
0.004984081115900024
0.016406535424233711
0.104335432902356431
0.044634310605513206
0.076728760207001215
0.018260691843362771
0.008414381724628906
0.048096576627067775
0.057543270098886157
0.028268059132395617
0.092042995055063109
0.068275348068320224
0.028563398717802849
0.102824395541583402
0.094147956361569224
0.046930368136238861
0.189040294009571896
0.185324098197571729
0.018556588137492235
0.016243471886476110
0.040906000539992535
0.031091801491391353
0.143440341978715052
0.071932921549405754
0.023634976201105804
0.066191878587552919
0.034889485599132956
0.030729952412437516
0.152854297487435287
0.088587404689745658
0.019571541134123266
0.037185658185710499
0.027526309617411440
0.107124054126213022
0.119530747329005566
0.104063073656646132
0.023743899460000304
0.033030030629184075
0.049213176965630198
0.107189575110217872
0.092793635126593971
0.072727850504483715
0.016473173675948083
0.027689277470383772
0.053744975349277579
0.057719734704930525
0.230655803553683203
0.143949625491247041
0.041436484203832946
0.075099174282738504
0.054788484168393409
0.043339823196036353
0.082265194333244945
0.068863731962534716
0.009832944106558307
0.058848216586567810
0.050700016575152704
0.042113517056985385
0.049212355145871883
0.070725995424781224
0.092585219134379421
0.034078018253038758
0.056558743089461190
0.011442032657207678
0.169493040612148677
0.154471743255191418
0.064918048019010771
0.044020386197737273
0.131679136661663754
0.060733885348563249
0.294112033608690704
0.154371030085425798
0.057024259766703000
0.045561680725252941
0.162139650852370865
0.077608841307319848
0.199788991713447744
0.204925999778543949
0.122658000457488911
0.064122665280162902
0.199236186692961559
0.105430021000827448
0.258228324692919009
0.162632425023067406
0.270469815312856687
0.137491704149740185
0.097148407551411534
0.205752067271625178
0.153842487426471275
0.158946054882441012
0.244481981170669743
0.048218939998294269
0.102200907332291729
0.077122255174733562
0.365810228237094859
0.222873315813550743
0.082935867298094490
0.063411099017181866
0.065675722702826470
0.086499572301794572
0.193571170141876941
0.127751370834472161
0.016058451085280648
0.074643713734110773
0.113919555290585159
0.073337064414365882
0.099160693357484953
0.073263681501862951
0.164650548301825961
0.043561831179351855
0.118701069903149464
0.237715848576552147
0.164045426767542246
0.210550181057851227
0.121370869963567468
0.086462314270206495
0.321463722816851538
0.050040689709601099
0.400000000000000022
0.352160612498057524
0.388856754022332551
0.294553335742583466
0.108765621059574671
0.159243069306569535
0.400000000000000022
0.281829713826256101
0.400000000000000022
0.285743444100829636
0.090632299479628947
0.224554412987240826
0.400000000000000022
0.169839582903936193
0.312496061914824597
0.177055021009842550
0.134590775714190536
0.400000000000000022
0.400000000000000022
0.337132077373743178
0.364486471137010770
0.108216289679126859
0.145580037487898245
0.266220936322766111
0.400000000000000022
0.344178957151564102
0.400000000000000022
0.178482648836182506
0.132012097904049552
0.380639061159495695
0.395035735466506943
0.171281255596188120
0.400000000000000022
0.220919028157879699
0.078013313460574857
0.400000000000000022
0.400000000000000022
0.110570244044290014
0.400000000000000022
0.109265929098320835
0.130350785331331764
0.400000000000000022
0.269667716891980658
0.167303461307366841
0.054559474814064375
0.028262465288851103
0.380175959767654781
0.198961811722493831
0.262906003202396765
0.202684637687007341
0.296409036148739757
0.186796691959030176
0.400000000000000022
0.377854655351763435
0.393624933118802423
0.251144694774244837
0.238279670293130852
0.139490778934329290
0.083778841008325292
0.144810741727636277
0.400000000000000022
0.075110547842867539
0.166509853358966731
0.102926070971144951
0.017897216825457293
0.293945010918990557
0.373526283966804762
0.188692442921506776
0.120743150743748279
0.058642909639154021
0.028521683325300425
0.400000000000000022
0.218637030980717295
0.087122276258206649
0.311008140036919012
0.121747917996503918
0.061150417776330103
0.400000000000000022
0.400000000000000022
0.169076734350776858
0.304215326866440261
0.081737587745042320
0.056368172385682563
0.373709238059624360
0.224514805906835840
0.105218492605133163
0.084367104751080335
0.028111565481951054
0.048676573639850521
0.118931948076215835
0.200220216645730587
0.137819472982809998
0.066392217083456856
0.025055984642524756
0.087079691246320715
0.036948642667767179
0.114486906389017248
0.133038174163588707
0.067805678752561688
0.023164650755306292
0.159511598649566294
0.066114033544479894
0.100467572428397017
0.116333115130513282
0.067090080622638423
0.054275991397082876
0.200784794423403024
0.203991856592059179
0.153390777707638731
0.117200196547844471
0.095582499624653178
0.069832976644906564
0.099306588140594565
0.179026830918846885
0.280509974912863280
0.108300273143457595
0.114728933297811697
0.035290176402186332
0.039346056426651344
0.191353180572074177
0.116354618040901386
0.018117407251198592
0.084790413943819587
0.073320645716173485
0.105835712583895764
0.086073317939427685
0.126142705894181556
0.044482629944525010
0.042210960921192836
0.056435746436662548
0.104834005499710448
0.109355228186021183
0.070533446864257707
0.022259889952437811
0.025666143207137272
0.066082434284945243
0.140309875532688921
0.206021848210255487
0.176892027536420499
0.179140289002460762
0.400000000000000022
0.221718813588779096
0.081175593415650810
0.076249479181281637
0.066719547426635148
0.128500088265482731
0.071007914838072894
0.057709795135803640
0.106575096408637063
0.061010081413461675
0.044328544937106765
0.070051861763951659
0.024183106391627553
0.030671274207548383
0.124251752079097486
0.101007391668786708
0.150607827063196920
0.093830205921232673
0.035425857659579015
0.016566152287971831
0.096413991266915910
0.049264705754564458
0.259630904477577473
0.075374623896144688
0.186910682199589950
0.047481588378485845
0.048322151731872084
0.029260839181283717
0.072680078218538210
0.031559342906591431
0.077026672920800135
0.122722148403496337
0.078447764456006305
0.018120054119624647
0.106123860738477974
0.063608438224479397
0.014733129793443852
0.112615073730559304
0.204342208957869531
0.021872188228930493
0.135288845607348746
0.042089472098777780
0.068317149468881441
0.055684880246446120
0.107906873523905253
0.049763568171227006
0.249435264000858359
0.104112722682997205
0.096444358780438527
0.090107146249595996
0.107521203018717870
0.034583063701818316
0.053237091134731782
0.027946953210677576
0.035141754069017275
0.080326250943685229
0.103142210987488769
0.044913602336874490
0.003772136806865121
0.000749625239278576
0.000081991495783949
0.005294806921914407
0.110533689788011938
0.073014604077718537
0.039306956079381603
0.108159516851014922
0.023314290684636890
0.018982731600670391
0.091799949153771071
0.083981216967978362
0.040372628734502744
0.060447460309335961
0.049289175747544448
0.027399194095349064
0.019122606063949520
0.021137354304585524
0.033883401979301203
0.056146504490142912
0.007079887206781276
0.055943615413273771
0.113208234582214989
0.017539906790993175
0.018287743296419159
0.017714344640116935
0.006082056012812003
0.035595047683889332
0.035837750666295770
0.004184766426540538
0.124807805992111207
0.046109527269704201
0.013001933644191190
0.049920173596780332
0.042385671801380746
0.028354600120586514
0.205924335069043812
0.253562387408115542
0.140043869496662282
0.186842819297571516
0.106266307855149122
0.087995079813763102
0.134701921135441383
0.077393069629950961
0.028443245427008341
0.084669939193376578
0.067025875899437676
0.078612068340259730
0.067774381603186135
0.037190418343828927
0.012029745228882012
0.049557060138439295
0.137953459590293120
0.152712991299314205
0.071609754036366741
0.118126316731775413
0.017614923815948622
0.037263239995116652
0.106656176101151218
0.154716843745794891
0.114785501296179190
0.138793837688013288
0.088815357300505812
0.087199159053640979
0.199057070768141886
0.032663292059516957
0.102814888359697446
0.092966191871045642
0.041580539876909704
0.051770452644294487
0.172266425775059517
0.071713922587522697
0.102159529248013858
0.156527821778051635
0.034212487013662619
0.115857623544408192
0.123535298135914767
0.055646813177513153
0.063363159427300295
0.056789763109221236
0.030700285741851959
0.103961631573911167
0.125056555583614587
0.029817228816169824
0.165729667904158884
0.201765543523319046
0.064005104255367887
0.153698184147534000
0.234614490250165397
0.122637624709411058
0.139617061646257812
0.094878602878909757
0.040389495546154439
0.045171868086687217
0.097559753401098917
0.131683762907524649
0.197605586457661686
0.054047211966776892
0.022265471186425589
0.028775073309477719
0.097900819794612251
0.216120219762565513
0.145031791451734476
0.086503784821852656
0.050662534235594574
0.059244768571649870
0.191337152159943957
0.138477648947719578
0.073368484760863148
0.135777169654371643
0.022127761137230837
0.065089844076474793
0.177334908374883110
0.052624598510249587
0.075522839920305063
0.115589356208857796
0.020954723055153442
0.071773215465996854
0.157231516977972052
0.067186972492624730
0.190209962246400771
0.241658529408765255
0.027124555998382670
0.085612395806056424
0.161443179486066513
0.040203776123580039
0.274177040402472205
0.178415273753601444
0.066124310744275439
0.149789069904812722
0.181377688755948924
0.062462221039808377
0.214577516175819466
0.204975004913422243
0.056827154549500478
0.142524710684938438
0.198740488460256659
0.099583475453362200
0.254456474914520614
0.085106355931792860
0.029888223304742653
0.113100708690368118
0.101365596309903980
0.084414217723059903
0.180898234948356107
0.088706614563638264
0.030765284680971158
0.100202226174613121
0.131290792255931987
0.229831265818320502
0.231527067642076617
0.214125509487494425
0.068050298043539126
0.110246792030245955
0.204718085398447852
0.191707439185175438
0.221934272384878450
0.364055651983341888
0.097507923309402264
0.084128609665012760
0.138729073578647583
0.096378062881177506
0.346631680510667950
0.315941244505973384
0.112561994480248048
0.194245203280294571
0.147646400646302189
0.090315520540171848
0.197922525190100562
0.307019744711177989
0.077146874101252344
0.183016664576688082
0.112515498152122806
0.078930228341322475
0.171655144265940668
0.149493040639532948
0.149419709726658939
0.129869647476614836
0.117585238483698368
0.042045042823641299
0.243445760512399634
0.191804717058091351
0.130918837631337048
0.147721609250982044
0.246057530236651889
0.209250804181929734
0.360033889773785587
0.238152365257196269
0.098642777062796047
0.099824940277883939
0.259912232530377318
0.244070609278656425
0.256718479494399077
0.236991364283660522
0.149071246286881454
0.172971836577215626
0.362939959202099316
0.307829410381692481
0.366858260586893081
0.247438774898337682
0.365857714376017440
0.281628007453633478
0.368303208728437081
0.339037999898767539
0.256765366266744788
0.338619501788811283
0.398215407118660658
0.184125068805523373
0.250101246085920603
0.131798315924027548
0.397859676101766757
0.340974193047211993
0.225781830025190033
0.279746352001851661
0.221704706222766973
0.201403843503772884
0.298218712617941140
0.228613688930502490
0.186168927598216710
0.255802496665434642
0.173474190018528041
0.181322652543100538
0.263811705463812551
0.199331159640955241
0.254704829833728386
0.152141227612603819
0.142808576795970588
0.343272967056975520
0.355264184502296909
0.247984019516882814
0.361128516297016922
0.320316768561145326
0.400000000000000022
0.391037861189271752
0.400000000000000022
0.400000000000000022
0.400000000000000022
0.375345245623627755
0.342072660834805975
0.400000000000000022
0.400000000000000022
0.370669399336896133
0.400000000000000022
0.374919796000894923
0.265932474446544831
0.390041234171328188
0.400000000000000022
0.319994953698230278
0.400000000000000022
0.349327324571131914
0.388649386093763094
0.400000000000000022
0.400000000000000022
0.400000000000000022
0.400000000000000022
0.355082036722444927
0.308079974155476832
0.399654572000449959
0.400000000000000022
0.400000000000000022
0.400000000000000022
0.397319343367051991
0.376490232766437005
0.400000000000000022
0.400000000000000022
0.400000000000000022
0.400000000000000022
0.393836488915539351
0.244682219946350255
0.400000000000000022
0.400000000000000022
0.313805810747880387
0.400000000000000022
0.326492330539783548
0.303083896512608308
0.400000000000000022
0.385353397268534903
0.212749417084903109
0.201844698744950618
0.302216329044002252
0.400000000000000022
0.400000000000000022
0.358555665637763865
0.332072000991948113
0.400000000000000022
0.374172669701055338
0.400000000000000022
0.400000000000000022
0.400000000000000022
0.321420220121064082
0.400000000000000022
0.309261841979940666
0.264790469230505421
0.382618758702908290
0.400000000000000022
0.166408685128335482
0.400000000000000022
0.320190402936528340
0.131857153492722479
0.400000000000000022
0.388805584284638850
0.257036919332298996
0.391433595685173608
0.400000000000000022
0.173525866670864365
0.400000000000000022
0.320254438455405577
0.217479483411789687
0.400000000000000022
0.353543757861539243
0.201564397431577363
0.400000000000000022
0.400000000000000022
0.307064042454863462
0.400000000000000022
0.267710108110815526
0.300247915412762523
0.400000000000000022
0.385074228910014305
0.294592072394951499
0.398021070879653549
0.283148550312542657
0.157258716292430351
0.400000000000000022
0.373547982309804683
0.227955190693314547
0.117783948616849349
0.041849518520168535
0.149508294435897193
0.176153267716356310
0.150707186948503269
0.243554911632588134
0.086754640634640806
0.093971191148249450
0.197166038691509560
0.147698422501444715
0.148116901936252543
0.237115908323027758
0.072935106162738170
0.131817117148633978
0.388321923776324129
0.321384034001850560
0.197852769350128604
0.149527972775695572
0.140238323721801228
0.162494598798458789
0.186600734115289546
0.264540936206359212
0.298134736987886839
0.131623836050419107
0.241411836911729183
0.194161762098402857
0.105240118122289991
0.303859082315164508
0.252775967363499443
0.109492791504200881
0.111377328965383812
0.152523431710408219
0.292218335020986486
0.159886654828864050
0.300450037536958148
0.132498884315668058
0.059883830343106417
0.129154536250944363
0.307968111662526467
0.198550431950234946
0.152081510326192632
0.116820630909786130
0.096040649131642314
0.259621130483587370
0.325671375460427681
0.322989318604899767
0.376525898425230987
0.244745038935900494
0.400000000000000022
0.301182474218272045
0.146916781005056063
0.188025369422964550
0.133170944764648996
0.167476799689127848
0.114110384537745663
0.121706767091556076
0.143359344485351592
0.102535348947644225
0.158720436044276492
0.277015609431381871
0.067130180853578525
0.075359033838071091
0.221949222303556570
0.155259347353929544
0.194496035454449934
0.152426919639077896
0.082058348907169815
0.108357100810339779
0.145251464360634797
0.144596964750386803
0.289004591073772854
0.080308979527425869
0.217732351772505189
0.098297834842456772
0.196870437742444476
0.084999156286985345
0.146996986903596971
0.124355808963957246
0.099784084752293473
0.176354954739459613
0.174870463315602576
0.028439625265755893
0.212324476129087808
0.151362841432854167
0.042071177529653017
0.166750314463578547
0.248776895849579710
0.062399114140456235
0.202826488068023086
0.089605508144828705
0.107123407551663608
0.131924259906956526
0.151182123673394897
0.087780088298706288
0.322800327423232003
0.158541771152547861
0.175851168264988728
0.182088682847216632
0.253841223724551313
0.138911040245685347
0.090862604327707874
0.037350484762127330
0.041015730435600570
0.133798646428666984
0.143132318301899431
0.093424663684191445
0.043992078559435988
0.085482921886050833
0.045921341712142419
0.057251200871249228
0.201911255217906871
0.131488323308844940
0.055978931209980085
0.143312613759228491
0.054816885501925303
0.080661912077663572
0.159849312921164610
0.190800916812049304
0.055346271667214064
0.060447460309335961
0.055366415332468451
0.049924262538820735
0.120096570442701278
0.110922340865833566
0.134477616679300332
0.121622853592724178
0.008516419401531203
0.076109790969581620
0.177584746014115030
0.093995693888219989
0.118861863137722040
0.076356265733725670
0.020244057746494588
0.075972050359938689
0.206510765142932817
0.066342266707266645
0.175146972385482519
0.121475098382744520
0.028491950732474194
0.119689173819898562
0.128546364415372427
0.106748003948470407
0.238238705287223684
0.125039292565172711
0.208282382642807906
0.277014575256462225
0.314302462962685603
0.249731229370907359
0.206909014186204443
0.134149279389475407
0.200824743903261577
0.282190775346876976
0.276340153524108845
0.287409357308696767
0.211489140853404589
0.151394786561840106
0.219570823990793834
0.288218217401215393
0.311152095177616494
0.314490640741548533
0.236606713848622335
0.156901584969196956
0.276178778312621165
0.292467454905279034
0.188960068006410603
0.262392738125641178
0.215281760859116073
0.198531766509785323
0.274751219116956935
0.237203531091788794
0.170527830591198998
0.232791692749620333
0.243373576453212892
0.196173404505363552
0.219042878374242633
0.309647785863749803
0.227126958747877417
0.256137164497523051
0.305614685475807835
0.208301147048826629
0.211798886319129159
0.337581063309189022
0.205324636990055182
0.251447782545511200
0.336485488695405344
0.145966317208996388
0.245528773730680161
0.298243322318175907
0.170750386257322528
0.256206283015853686
0.360299391254471579
0.266968559329620991
0.207729532436118441
0.147856572139141745
0.283448010634474168
0.190803815381307112
0.313927007527159907
0.294536011287444555
0.198504261414597094
0.116723425583901697
0.242742020564748140
0.240495394101552656
0.249966083510557963
0.335904710259945949
0.218615264065033926
0.113159909481988730
0.258948712093229227
0.288043396641697480
0.280199767130758670
0.248810697956638155
0.271590269731558476
0.142977641577648945
0.240038780707272498
0.266006790537717919
0.297668985744814762
0.293533081268158580
0.254538810380645353
0.144895013291719360
0.209691837593306840
0.237520277690178666
0.322704270605886800
0.299210525746648359
0.211762596613879056
0.146072928236547744
0.245946684845288005
0.263144813520727272
0.349245744165299465
0.344646333440192409
0.208215329942368216
0.139176054812005762
0.270071978593036943
0.270562443723629420
0.328021182989502391
0.299658433616751707
0.247998622805658431
0.133567714436496843
0.224448614284323805
0.275625172481643255
0.337464983423133580
0.151288196788192497
0.220710315768040677
0.258921100685616357
0.382048776788985023
0.288616735009953440
0.233168271999210752
0.175578046058096876
0.235055147928073804
0.272605908624812099
0.254188294014681349
0.280076033080985776
0.200438626394679936
0.131104407077393015
0.203602134701091536
0.248287021678802816
0.241378266463103758
0.297086345470317204
0.235718098436149270
0.110802836428480600
0.213844920840385783
0.274630795501650038
0.262471581544560795
0.379066497179394224
0.240400811065659498
0.212756844888817354
0.278451730148284782
0.249331489876846946
0.179078049871463363
0.242218448128395297
0.251130835857334922
0.226164932903658106
0.240802429012237890
0.303972871145676227
0.194741108387200462
0.233348378033729598
0.260315879440906672
0.179413468197074794
0.198495818383292416
0.276615755874722702
0.197054351564356939
0.253722213320489165
0.236875166631898004
0.109918713161538284
0.205406259993372808
0.285091650333655133
0.161701753102119844
0.247393504198940017
0.403426288411859735
0.378160804475711265
0.241441329501333873
0.159259851403942998
0.264934330017403186
0.235605531622595649
0.328479142926543510
0.335197435377694475
0.234572173999350903
0.150981949136517857
0.232786435055148927
0.217240450744433961
0.276564984757057319
0.314649011532948664
0.201951482250143033
0.098737341435812434
0.200608354865895372
0.223451542911284190
0.282148825284246063
0.247257250855852678
0.212573506568309673
0.099179229262033763
0.218435546651997436
0.351152976212879275
0.289593568373246901
0.325814718529402303
0.272616749459949903
0.146484317661060293
0.227485506308792607
0.244702306452117269
0.350934108561532510
0.307311582032593733
0.229723658367049499
0.171549106088658004
0.239466019893042420
0.239705257476158423
0.337844509631808898
0.284171305698834087
0.192414518147164704
0.123421408302013452
0.213382263245068843
0.263461950833413672
0.276858107057785630
0.194849981670528694
0.200580175582691672
0.105439746876964530
0.212692997014125723
0.266015086225203090
