0.073940351080623884
0.110289756551385176
0.102661211011447734
0.131003566975576469
0.128226435416404494
0.115342442797735006
0.030311306067692893
0.032887385162842994
0.051267622951062297
0.085411367427539520
0.107219581524025942
0.159792615299970020
0.113451720899247349
0.106660355156018780
0.015086655541254497
0.053862593104639062
0.054691402879613854
0.118411636234049378
0.094282068342928529
0.057773667518146443
0.051252731387743326
0.064398631354971148
0.032450000963249223
0.080930946732944209
0.125729546722100599
0.118725881271924488
0.313357828890804990
0.093548454178727189
0.008192574858410014
0.074688145904319506
0.110859022740525101
0.209955091484210404
0.235863890920038344
0.093443140844648193
0.021668614612234832
0.029309967104392671
0.028468556010127825
0.114670338180311818
0.066982141160722847
0.108386490969472782
0.035345276962653889
0.006392763178923139
0.100679262234372485
0.071265617173193810
0.183852304816938539
0.161271975248999888
0.006968235192281203
0.029173410978573996
0.134199068233003926
0.167126975278180018
0.056706529786965706
0.045561205856054839
0.126813867707626649
0.091581193868045183
0.071653926888397182
0.026285768014072744
0.058428238527779751
0.062231819063783084
0.101711165075455107
0.239613843719404029
0.157514815409077080
0.080589289273755901
0.009304852715512150
0.039331562056753255
0.104295684162399593
0.123704412966462271
0.100859192340914311
0.059046346341203967
0.007553490185632635
0.048850680634198076
0.033679095041877952
0.075154765384576425
0.186240632796719069
0.070496190516375179
0.206890280732053761
0.097314651691264825
0.005315989915723047
0.076403777374262238
0.094837925589068894
0.123173699766211536
0.309257855059258069
0.104211568439595836
0.017981917206051627
0.011494238577415395
0.081869155898122908
0.250991630303243229
0.400000000000000022
0.300276460660278688
0.051814344587565550
0.013848136986857412
0.052496352570466642
0.118615751755924481
0.320261781214367214
0.135204892562080820
0.020031345324288980
0.056049199382166015
0.114436864061215851
0.196547136049691651
0.096513704760331373
0.136611136274017941
0.096886942735300713
0.068161567684507748
0.234881388562030446
0.006820428869550167
0.061251961925740277
0.165590206716956623
0.099453048523240051
0.135025919805304789
0.157610552293788231
0.078341626439731735
0.125117551172133329
0.087133547956634361
0.093488912858859255
0.147757486122061577
0.178807540663612125
0.101678219364543243
0.214658174046911843
0.200508244895851562
0.058244533925708747
0.068791684858816760
0.079085583654514194
0.032324017365101675
0.214447245899730882
0.157543721911838464
0.006338728803994585
0.047859232317314898
0.067489126478056646
0.032872036681035707
0.281306508806341171
0.188447049437448055
0.008755480037222428
0.037727331579306606
0.010475856958008470
0.080359516020793387
0.330787471403912015
0.087291167941229306
0.033712496722439533
0.049915999461634497
0.120361716959673126
0.047178540207895484
0.220321587038800892
0.145558625251545448
0.043851821974609989
0.030950303719082715
0.166550536867626553
0.246746252445913694
0.141253072972887361
0.258416250737990127
0.118234575636954165
0.031885509324289983
0.162807154298163392
0.091041616494565575
0.171759946983716022
0.170009467849898205
0.113618271570740795
0.084899062859694036
0.074663146578640482
0.198666227137852397
0.400000000000000022
0.121072015109484413
0.152124433789981861
0.229625097832461877
0.135492494211244652
0.211081534917268027
0.328194652265119791
0.152210758249358119
0.153550142557795921
0.266786625555840096
0.189752386946520246
0.088039961734336633
0.119758127063847031
0.111206786999702448
0.091193347224048302
0.153038064569253451
0.031145044381027113
0.070035542954036925
0.283328022509584110
0.196772997047325204
0.135675242142608315
0.065387216050575361
0.040279683179755284
0.098254356356573647
0.285456687558758304
0.217111040016128409
0.099448778073145588
0.142640245666624366
0.053978091947473619
0.101828975617950651
0.191753370141336449
0.089297659222045689
0.073336823459064171
0.212712865754497854
0.179002782688672091
0.120447635515460783
0.096095164458317284
0.161351738287650148
0.268985143218084977
0.188420674985597419
0.138385418127379006
0.098585369036465906
0.222207630568409309
0.207413721744104079
0.077430483461987193
0.179395086339613319
0.133230382288100024
0.227807493324272192
0.400000000000000022
0.232103470617602087
0.271638209824671795
0.312041855288690828
0.078513039144643332
0.099258233505732707
0.349038539752449473
0.334944977487408146
0.400000000000000022
0.400000000000000022
0.284309742285293043
0.074235781596755007
0.290751878219809079
0.374719592101163457
0.400000000000000022
0.400000000000000022
0.114106478047334536
0.134447561199439014
0.249290589014608210
0.180048605583154414
0.400000000000000022
0.361819026631096774
0.150522732925819885
0.076504719787588979
0.291309615735953320
0.268785745920765318
0.400000000000000022
0.400000000000000022
0.310252425502979934
0.273845313669115187
0.382751894711605756
0.247567667464179741
0.400000000000000022
0.400000000000000022
0.137774052801190233
0.134546884351938373
0.081610740895702263
0.193182225425817311
0.230407613678544121
0.145643399460880979
0.055832208752697433
0.153638198853641189
0.400000000000000022
0.229935911395901305
0.098229988884743963
0.097632420304672854
0.113915852846836266
0.113089218236436806
0.311304214449279471
0.208050607689841793
0.367041711616389321
0.236512195940265291
0.292785783814499989
0.125225229845505326
0.272077824738184149
0.226782084399120010
0.400000000000000022
0.214730860729299339
0.197498833888900549
0.060775920272438319
0.198118880517882678
0.312292904180559550
0.400000000000000022
0.400000000000000022
0.135402599009240843
0.110128675862682768
0.217608990882165426
0.099389993090869683
0.400000000000000022
0.400000000000000022
0.220793996741149467
0.135988098889678888
0.165780214408848547
0.291821142352968188
0.400000000000000022
0.400000000000000022
0.125916617084652543
0.144944989317390249
0.160213388468688600
0.235650366379614951
0.400000000000000022
0.400000000000000022
0.105640308618235035
0.088350696356263150
0.149845071518571932
0.392754991148534627
0.127256633195576285
0.152055820056352986
0.033384052910348579
0.151482142190549951
0.219192051235160779
0.180540629031979594
0.231985256219502528
0.164523396161177754
0.084298374605670620
0.106446729590674916
0.282289056450425235
0.206282922130297725
0.229605242112746272
0.276993397775058270
0.258870234497046603
0.197851036452558776
0.239347933214184211
0.200997758429787732
0.122924278637208978
0.061383705153647446
0.097673710932040012
0.093764571200167540
0.188588161279171856
0.280261476552897681
0.093270993764945700
0.080938939915182556
0.089390132115967996
0.103286798101876590
0.400000000000000022
0.234419533237150757
0.106342850487716523
0.288130033054903589
0.159423062276081995
0.099609850773061615
0.206019473978214379
0.177289452484366394
0.107062050565982364
0.057781328711660709
0.115383047873038797
0.317739754200995206
0.324714953272155882
0.354360965165745334
0.069890610465920835
0.054351429202236158
0.131174402151043618
0.240543793421184204
0.073579355258560797
0.153321268460253957
0.137279009768555782
0.079182300497158437
0.091607994669721055
0.201808064943950205
0.129086103613609171
0.061418280376088520
0.146260069351800470
0.148719863051758855
0.128475670615694149
0.019141293416768481
0.020543068085476367
0.066446626848839799
0.094678262568621718
0.126031065443400037
0.129087534451716335
0.084303505394130493
0.173753816986931903
0.107690992309821959
0.013353853069157123
0.043381714757977530
0.175075764948666529
0.084713167772805131
0.174787428833386466
0.135697352749731492
0.006546575413772085
0.083957275567817680
0.166429812727888815
0.061047910000516514
0.400000000000000022
0.316496615904616085
0.053551404417448496
0.203578244603582009
0.148116714662565818
0.073136950929329453
0.232986374801272073
0.323391389161452103
0.066136539593959945
0.020147451827484994
0.247640439912936244
0.108129509856692438
0.170177421394827999
0.190509487485007067
0.049416405314761026
0.041426754884886369
0.237639116131287631
0.295219816310516414
0.138794204209534616
0.248309514333636100
0.128379695670264360
0.074814991695702063
0.218254748667872756
0.248507804833323409
0.137605147315852550
0.091241053510742715
0.056019173948228952
0.206826456297383082
0.192416052351858324
0.097604242809099268
0.126410884428218045
0.135419174966895317
0.023941070439110534
0.101933951276142604
0.351822942986035281
0.184949431606430958
0.168407137022469511
0.125956201242076932
0.011333080201570613
0.019316332120962308
0.127759074652040894
0.249615565553767987
0.207937315405513162
0.064059424949104327
0.017336302088805208
0.075222278787921898
0.118820240213471595
0.163023783619684559
0.284528390290213651
0.120869635710857279
0.005512954915530738
0.231296578888924381
0.165432259888579403
0.084728352852134176
0.124595550115989759
0.123662180002161864
0.009610992443205870
0.014061880836966873
0.345311456100476810
0.130880164484206196
0.269303106009078308
0.086002534020303084
0.007318654089232124
0.069711782183149010
0.400000000000000022
0.400000000000000022
0.093555685076225886
0.122008922436116427
0.149897891645067172
0.148911066005432552
0.366319655033968350
0.389494351450724308
0.133502211846601632
0.138781587387996397
0.139366051997848905
0.138498111568351734
0.106455909952456643
0.038250467189760287
0.088039853447838629
0.105037282806050916
0.064940378257765247
0.038104569139229237
0.149554397554993390
0.079886462618489917
0.093386376152401585
0.055227972235803613
0.031090349553815594
0.020152794453064227
0.054587091993296859
0.103497545919468248
0.191443341978944220
0.090755923547507972
0.029016812075101272
0.035805565106495685
0.074703709954797290
0.185667836968880673
0.271440661563120966
0.135677718864759822
0.014926649912089864
0.000000000000000000
0.077284947034409940
0.088987000691192961
0.134919042980419956
0.119105055358854725
0.041924608247746437
0.022327992475369620
0.216214768850051392
0.209448063607746593
0.107658889591936091
0.038684994849918969
0.006862427925308862
0.080464790469851680
0.139768696420105282
0.164266155108553275
0.153734550121196467
0.160971972375351574
0.148562198570656306
0.024502218611254019
0.129015470121846637
0.188606435585189858
0.064470793147766409
0.081712795010489045
0.043980052714365482
0.005665727347367890
0.139916204915748826
0.043044146237320405
0.056873399604937924
0.070927006475806451
0.080951092797497889
0.025672317376905705
0.119263585207243519
0.130422717313536718
0.152035578528699977
0.080720393883754016
0.068144882921330502
0.030861484166607001
0.210827189078681393
0.239665031416739865
0.117229077451508498
0.050130654903044448
0.044850696012896513
0.015207963718123278
0.102551188586923414
0.165374527510684460
0.093428261559370812
0.080865592606072401
0.017369202826771738
0.032985943430927381
0.093807300178213121
0.058893913296445319
0.047962335642462550
0.046871759323038255
0.045600483807157102
0.001021811416444093
0.100789885898957238
0.095178101460492756
0.111019980859955847
0.064132453624736491
0.016102650332837410
0.004168021334698437
0.072797364711931184
0.070691945422950778
0.164812089543140056
0.055738008022386334
0.096258592169544466
0.194109026672164564
0.100049529240975765
0.164047244485075572
0.090970355420503607
0.053355281180503172
0.118929595625916512
0.079910387709121372
0.224349826501059502
0.076918908849134673
0.230296855669417821
0.146023268619870028
0.038398958864391264
0.021501136160322225
0.223053682739819015
0.155671432195930826
0.353151451298676866
0.069308169531015804
0.086969874523997945
0.037831987798441144
0.178707882609050017
0.257652069044984944
0.091836567389895402
0.010782138405766946
0.003409294493721614
0.040886662170815810
0.170773606911657772
0.181362762608943739
0.101633668591308277
0.071915584671347565
0.015942798062675234
0.023532956835439912
0.147689882971803521
0.130211688452334495
0.021046037425571863
0.031591497784787509
0.027317696406724705
0.067668026947154569
0.099432326179108341
0.080352477597449651
0.074764597961877677
0.002944818171333332
0.009806643800680942
0.272956671436941578
0.098892005310778519
0.127993626510110342
0.209149113350078963
0.153262704551195533
0.247656236826408221
0.202832169322819528
0.181693176948403562
0.110362857581661838
0.267295169770179641
0.143663786408284949
0.076499683523514855
0.087191099495607063
0.300836731222508424
0.084060957166391767
0.248936397161609146
0.061651896063968641
0.132100816770686774
0.091838663057179248
0.094812297216840077
0.085288865929375984
0.195466270822353044
0.043051691645739895
0.048432050291876645
0.096886157340033030
0.136190658167745282
0.121166379450045131
0.046520077509726358
0.079837579682095400
0.057092705375873153
0.004067960234227648
0.053834064997657846
0.125110587477018004
0.146603062030480624
0.113123357947631925
0.059929079867177562
0.003429291832915045
0.128449283516448187
0.101635098201385415
0.047559948797020586
0.016301265418077568
0.016322976171132299
0.036944692760555106
0.262009411797901826
0.061188973693026977
0.072214654723754393
0.030389129830441969
0.017381261210541551
0.036836482327269458
0.217532453581078561
0.016608176130627143
0.098472146964293739
0.202144430310825157
0.074920989910417221
0.210151524012340107
0.207143783055208308
0.111303054264387913
0.214568932605456342
0.124013111650713131
0.188246176939719595
0.083475195814153955
0.225863346944958798
0.169924578023580936
0.317381986382575254
0.145953092718469873
0.236542734279777067
0.131346770406803981
0.134220802501754721
0.184451439453811650
0.254453733126287163
0.082724075217136581
0.167197106534011486
0.190328687365509341
0.068028538197453831
0.118471424288058041
0.064581552076751869
0.098121457128724707
0.083831105307963977
0.025605010401211745
0.250985202072642077
0.173817179255007948
0.071067881424004428
0.142707069496375349
0.044554818664510540
0.000409691227997383
0.213390765730855525
0.234376549224155017
0.066323855324763675
0.017916759139960759
0.035315960941415599
0.018011519621122667
0.162471465983352908
0.090119350328554990
0.056000124057306179
0.026826161727364212
0.148743902215457524
0.128689509116553885
0.069040127995116524
0.206282647435077460
0.231306123034031419
0.208614203844441098
0.319457134856862723
0.400000000000000022
0.209874144426568265
0.107579132848614062
0.071794035143459209
0.104391044591776228
0.251850533528772624
0.124230090205752486
0.340065288962594248
0.125520486789052227
0.196805485972937622
0.055800860910428150
0.095710061738999735
0.116751590634190272
0.179529492242910899
0.242792919656770051
0.153423125036177055
0.049290546768956355
0.045451471190951546
0.081237150488758292
0.178637150510021270
0.113139306401074030
0.082044132359243627
0.129518064869963145
0.077883595468006522
0.059158968111721666
0.141250406031536907
0.137487627296134118
0.058257187116081216
0.089806635040624319
0.057740954646396711
0.028584515697567665
0.292669788238015260
0.125166748278057044
0.117284081112542363
0.071112157529427567
0.024155513879060224
0.015578204234401177
0.143637662928353727
0.174401669365481127
0.142648639983245340
0.054446616063819953
0.176676466202349586
0.116126265486840935
0.209349174497707402
0.400000000000000022
0.244087711454782919
0.200896180961140258
0.255830464697527127
0.240763909281078103
0.114762797391813748
0.065891750365699095
0.152822121573842618
0.082556690357459495
0.259572695372670859
0.135699889558932696
0.367142831491973687
0.133724910901483640
0.108364807195173038
0.058224492616377188
0.191596003127662728
0.119093384871834310
0.215399259750762906
0.254911406459448764
0.113327887526341750
0.039198855083539527
0.071581795482002136
0.043840287646523694
0.198843509310172639
0.154403018819240789
0.108462753209073393
0.067514706168590372
0.039439647638338036
0.017347906774528500
0.323363864739052653
0.246973987942197243
0.012255347682368771
0.053376497796229182
0.035678300625662608
0.014152752836187815
0.375904965773282362
0.242566113789447924
0.129307114581048210
0.090196979308400621
0.015464893357094334
0.032317890358263685
0.174351084583965449
0.244266368980817716
0.087544099203048342
0.053927767729986850
0.025792135753345283
0.029439230718688696
0.279036097067734357
0.311063843686400110
0.196711451406839988
0.267837236721657601
0.166388996566956743
0.122712892125360892
0.020157702475304483
0.058058709964242845
0.106743407851874250
0.105968289770610388
0.234115877735171313
0.384253931986457187
0.035424158248263823
0.169819826905602989
0.059685952858504532
0.112428431142852572
0.210768291185263024
0.374623351722277453
0.082433414032013680
0.124326528420413210
0.046179632108003132
0.057058062295785861
0.029652231952586323
0.061293938028830153
0.114118838559870331
0.106872987814140716
0.135177194548969370
0.040190295037760178
0.019246269053649203
0.050801736509596844
0.322903214320456877
0.108946590113171649
0.042348525461000215
0.025336331119379756
0.025488412531167546
0.015301103127553556
0.336241213408095485
0.150599578915302790
0.072810099096663403
0.009510890305993107
0.002028971895184446
0.008620137763643444
0.071057837373620925
0.144115679485683712
0.093523655700009936
0.046009563581782022
0.036597006130615242
0.028817056141074875
0.275744980141713503
0.126071851872597729
0.170397585405447305
0.122167098588588152
0.125417615967012813
0.100058586839184116
0.043224259994413206
0.021938030103558478
0.097656043486137351
0.163085389334668679
0.191294390875910214
0.294493584815885834
0.068070575130167704
0.125294653452744126
0.069266483248875035
0.048331520692482380
0.072642401302567938
0.265794856776080390
0.128927089130464023
0.080341364014013789
0.031766904891293704
0.021950079930414527
0.038589423215501142
0.033893363993710839
0.150842274653054331
0.079213236847215512
0.084237598343702508
0.063323892735609413
0.004163258839028438
0.020756931758498718
0.091883635540723929
0.127052034549046039
0.049959326565535353
0.083023306179778697
0.026102221173540198
0.015661478130229025
0.112245351326797568
0.174281964706552522
0.074555317554592812
0.051284459446413515
0.046041360189235193
0.001662200897930615
0.089997200303661082
0.193170527871130732
0.153523330752732556
0.104202321665528203
0.015578969581935564
0.084126399754336625
0.400000000000000022
0.400000000000000022
0.196216896087673620
0.253012489411692909
0.278124327061471666
0.264253508803167558
0.377954324638143435
0.395738478650811021
0.184769834797663901
0.224192954815535916
0.246585633521874847
0.298290726868321754
0.219907630851703978
0.144910822345779067
0.103126508989093146
0.158899875910689992
0.119631781137379115
0.156516205373278622
0.243836465897921906
0.137660130136636361
0.144639107540144918
0.119626603590774760
0.063540350517064817
0.101083741186008436
0.180316638715397465
0.222223427191392764
0.400000000000000022
0.184304377726235175
0.037209386933511293
0.110493711010815177
0.185562732695322363
0.381694374467046682
0.400000000000000022
0.229120859709407987
0.036595264524324697
0.029309967104392671
0.105753503044537761
0.203657338871504778
0.201901184141142803
0.227491546328327493
0.077269885210400319
0.028720755654292763
0.316894031084423877
0.280713680780940389
0.291511194408874630
0.199956970098918885
0.013830663117590066
0.109638201448425662
0.273967764653109236
0.331393130386733292
0.210441079908162187
0.206533178231406434
0.275376066278282927
0.116083412479299181
0.200669397010243861
0.214892203599262616
0.122899031675546153
0.143944614074272115
0.145691217789820582
0.245279571066771923
0.297431020324825934
0.123633435511076320
0.066178252320450062
0.110258568532559706
0.185246776959897469
0.149376730343367958
0.220122777548157816
0.189469063654740699
0.159589068714332621
0.129571074517952106
0.101823977963208467
0.106016249551183425
0.377111005773377916
0.310161221933115017
0.324119358183562301
0.147445306594309294
0.050166685928619559
0.091611741092385499
0.197389114175992308
0.288548227276895997
0.392738762257097029
0.185077161045668237
0.035351120032823362
0.044480182008342778
0.175676456076336029
0.309885543599688507
0.400000000000000022
0.347148219983316964
0.097414828394722652
0.014869948403301504
0.153286238469423880
0.213793853216417223
0.397416662208308624
0.199337346186817310
0.036133995657126383
0.060217220716864445
0.187234228773147021
0.267239081472642415
0.261325794303471359
0.192349144296404290
0.193145534904845179
0.262270594356672326
0.322295049977988413
0.170867673354625743
0.152222317346243891
0.218945487897459767
0.218382644149156563
0.214936307514426161
0.366328451893938478
0.155260535288866408
0.355414406841551123
0.233156816576504361
0.131887871723250505
0.169258622282383808
0.373227605561422870
0.257349651560474069
0.400000000000000022
0.269816414426867379
0.145214408449706706
0.106623672657257890
0.257793466263564197
0.289976086410086598
0.306283813289626283
0.168325860317605408
0.009748023297716199
0.088745894488130722
0.238262733389714404
0.214234799289979461
0.381523349942822387
0.260362634108795621
0.024698278099897664
0.061260288414746511
0.158165739929811977
0.210571204473127882
0.351833508829483943
0.118882665726016828
0.061030193129164231
0.117584026408789080
0.219794043138781453
0.127531017805345148
0.295086185000678569
0.148503443422878773
0.053658465775290931
0.303906975156024328
0.265442542178405072
0.372964227830032191
0.348995160670677984
0.387067245429315143
0.365890812463362358
0.234717678647109546
0.328646309675510673
0.201404474076227441
0.391146116063305072
0.313609471228362136
0.190117955094255664
0.172090162355301168
0.361823756319125445
0.282727184304244150
0.400000000000000022
0.182723911173453046
0.284225250560668663
0.321463760889641126
0.230304791428084715
0.296370400846644011
0.400000000000000022
0.195262449895098056
0.201982192849672559
0.363672782895873126
0.325943045114265584
0.209206341184381750
0.166278204573573396
0.191044366681797834
0.148286052599921447
0.157106024803481098
0.084979109378684969
0.195146130431054943
0.399013288491040230
0.309896354994957102
0.195604322009785864
0.068816507883490419
0.168728966696203464
0.199889454557959090
0.333016636355778939
0.233412305434205963
0.115771754244277880
0.179584938427179486
0.315987503745375431
0.163017949310977656
0.263968024865090856
0.119686789052487655
0.090718084669605722
0.249549348081767319
0.391795682082884067
0.137055811646087933
0.194567311422610995
0.361727921272791186
0.343906133128502156
0.392781026202970174
0.329329174952173620
0.209888423300853805
0.390673097298377958
0.325699544577956135
0.265676660401706732
0.262870282153767287
0.350384286698041503
0.375532664041353659
0.400000000000000022
0.362156362760457595
0.400000000000000022
0.397060008036869139
0.212733841646398025
0.283709672959544357
0.400000000000000022
0.386986679915383380
0.400000000000000022
0.400000000000000022
0.345894554778792607
0.192707205884813049
0.354515572454351946
0.400000000000000022
0.400000000000000022
0.400000000000000022
0.359561690567181513
0.308264740454446962
0.320358470438612652
0.322755675079529736
0.400000000000000022
0.362113281497917272
0.358726420468711560
0.310881269011743955
0.357633471060716968
0.286702505060726032
0.400000000000000022
0.400000000000000022
0.400000000000000022
0.363964663997670190
0.399714028954331724
0.274393829191543981
0.400000000000000022
0.400000000000000022
0.206814180796306729
0.340829531787015860
0.312916863929733613
0.382576617729034396
0.400000000000000022
0.400000000000000022
0.265706353179265720
0.261217331702255307
0.400000000000000022
0.327674509434374539
0.341010459359409657
0.221862510510425354
0.392466958701413571
0.238609705025489005
0.400000000000000022
0.263851468600269978
0.400000000000000022
0.353263786574455563
0.392684166500040288
0.354751791048199205
0.379289705301097346
0.276072631168076343
0.400000000000000022
0.295968011218057658
0.362502814889524183
0.173915226673512363
0.280163012877126305
0.399045302700519744
0.400000000000000022
0.400000000000000022
0.276653005040777777
0.247616303158816942
0.275866177998246642
0.189196628131494016
0.400000000000000022
0.400000000000000022
0.400000000000000022
0.261154847167735904
0.283064295521390896
0.359722086932676044
0.400000000000000022
0.400000000000000022
0.269554280013006298
0.319346658682871376
0.302862028451933940
0.290096982443434959
0.400000000000000022
0.400000000000000022
0.314989483115942492
0.400000000000000022
0.379927924021257413
0.400000000000000022
0.377358209776240239
0.388555407921918894
0.148146850302162347
0.217373892556249032
0.369620352555084464
0.263097319389439088
0.400000000000000022
0.300223285720110478
0.394326816464460661
0.240171640492158556
0.385703418251756136
0.264507414746674885
0.378987309310954923
0.377020413397977872
0.393067649934343399
0.384409483668302854
0.348604001943879027
0.240196613513327273
0.194506074119211142
0.105223992800171140
0.296517220242212609
0.248167590019408357
0.297050914488245277
0.346541336654613785
0.132710641403283730
0.098286846689711049
0.380392293532696713
0.350260786044073846
0.400000000000000022
0.287796031033379918
0.142021151113379124
0.302282785891091421
0.400000000000000022
0.342175964562509483
0.335326588559262617
0.267486431792766988
0.122526943923076698
0.090099219069924394
0.289734132457004190
0.400000000000000022
0.393119868236796455
0.382971850449432827
0.095682746219266118
0.083790659920924854
0.398410116678016124
0.400000000000000022
0.270290806665400785
0.391374760456641047
0.303668006335512497
0.201895192622519315
0.111765697145025530
0.259866774908193043
0.235829511465483449
0.167386570146698888
0.361867130181024954
0.400000000000000022
0.163899828863957930
0.188961120322371501
0.080229020943980892
0.178875057991692343
0.305446553753884742
0.400000000000000022
0.211520948483730015
0.208630033814543703
0.219933449094935035
0.164749054605607792
0.043006085021743440
0.104675652786807682
0.289194603508536874
0.191586155586945805
0.309964623382355864
0.175887647787491636
0.025792844467421288
0.134759012077414531
0.400000000000000022
0.169994500113688163
0.400000000000000022
0.341832947023995859
0.079039816948616032
0.218879347731135543
0.400000000000000022
0.223736529844632215
0.305796473897935517
0.332902279467445217
0.068165511489144390
0.028767589591128441
0.318698277286557197
0.252245189342376164
0.263701077094837921
0.236519051066789054
0.086013411445376262
0.070243811025961250
0.400000000000000022
0.396064202674173971
0.309191789614981949
0.366754046278343571
0.253797311637277145
0.174873578534886165
0.261479008662285961
0.270445834936881901
0.235261190801989928
0.254326442845411393
0.247313564824139159
0.400000000000000022
0.260486627482026001
0.222898896261843393
0.195677367677093123
0.183750695659377655
0.096583471741678473
0.364149193926639025
0.395680648847046956
0.265290795620444775
0.200174041913763201
0.147906281172491466
0.049922503417071752
0.053209696114673147
0.278601349305095225
0.328828802400983555
0.292174913749215670
0.127383317684713726
0.021499560927833644
0.095979210546420612
0.210703875754195497
0.290075818168730626
0.334487716855749073
0.203892941890635976
0.031615176089070933
0.246958057019153410
0.277677611215376929
0.259010317558686698
0.199150867670582571
0.174946639448575358
0.055652352632441067
0.015724081734897487
0.398241179406220502
0.324050692355336900
0.395506798072462251
0.190204855685831287
0.022897623671167690
0.153838181937485607
0.375254020665582555
0.430070392137534452
0.340962555296636716
0.419502843553131610
0.374173855048342663
0.300755564976321610
0.371022675729488938
0.284164484222173719
0.339155803311317172
0.338552729419789256
0.285866788545346140
0.282261934862559849
0.416300172268107005
0.222003823285204294
0.377362863559140782
0.268129687683896611
0.249798988978850778
0.308902508838142520
0.411650373875954712
0.305080726202251684
0.428745783644509548
0.223872377392751509
0.189673445387460449
0.216707287278888688
0.392192520629954022
0.254826656050517186
0.341991175182754847
0.243109831384299008
0.154424831629343340
0.200880369495874761
0.321492819227927273
0.271069381840231050
0.412690873178923445
0.277003499798351760
0.167146437449772867
0.212763524584533098
0.351523736337363224
0.270321760394180322
0.344191181950703862
0.261142166463827041
0.160510916495841288
0.149799962399544712
0.326097492809897693
0.279133174755993918
0.365691220381603066
0.205165389431455542
0.160618949611069400
0.232699691151574906
0.349340432747865526
0.387887009489694290
0.276769414553461379
0.400427838517703749
0.371839910188788980
0.321297424867519443
0.316674707464048133
0.324141041980515965
0.324488436660682722
0.248485298862295784
0.372425256288004547
0.357660972183787118
0.355841358915932326
0.288928494073535269
0.371535250180301202
0.205796825263975552
0.343946230566586075
0.364827841430426292
0.377528329869867840
0.356800771877562317
0.440453686622766794
0.257147647684281000
0.225204752687980597
0.214089260897609240
0.312029226234812829
0.310244291560236529
0.379335203540454302
0.305403091153554296
0.174351022014399865
0.196576344215814602
0.243203502706605484
0.308684598779757291
0.432380565928162375
0.310620711459656529
0.190428308406346225
0.227234035584563260
0.296212111424215441
0.272432607829858953
0.342295300330912933
0.315289554604947952
0.184881589177393113
0.157740595769315928
0.337409953930868700
0.299336775365027730
0.332739668860309978
0.261631367750341071
0.187771988905735238
0.240466364316405612
0.362198622326491804
0.419344576957328408
0.292502372971827407
0.346577650062195930
0.342278881008574343
0.301477402167284192
0.233247809377566367
0.235365607159467860
0.318471247003576374
0.243350255018398215
0.269377953064193820
0.316604738992311674
0.341091478928898850
0.198032926529288666
0.354677831667896903
0.257921813659826360
0.259252540977091328
0.296556597518047194
0.327064727659684529
0.216129940354426148
0.322363308569084794
0.250821700879742093
0.198637042679546766
0.200581579459293419
0.310981625441243970
0.210343069709463260
0.302527001664797124
0.239850691854958525
0.151838649801965986
0.193712868770844954
0.331527474804006350
0.261459403653800382
0.388289558323703321
0.223888978844379000
0.152653004700748385
0.198549879079184866
0.375128685467355061
0.257787592013617839
0.312217936645497351
0.250903503568427166
0.160250750885947341
0.152002578884354006
0.355603794119048633
0.323892522232671343
0.387785414517373639
0.230259438965378066
0.170983060254918051
0.242155417702852621
0.347450089704122944
0.376204617934888019
0.267928847171121309
0.348643229580684111
0.300857175779576103
0.297927956822165219
0.214826506921000776
0.206767562493524404
0.267387617272538791
0.230884168725912692
0.267697682568677764
0.339750080016704425
0.283855849296386742
0.231433166810081664
0.341598572159357738
0.189305161001667860
0.332646621644672458
0.376850622389021783
0.273309349275492386
0.281283886316606169
0.315727058298599150
0.192512474818585855
0.240965221012541558
0.229776564535919020
0.282989052123744034
0.246002330483761966
0.313116894434094906
0.275500898879304346
0.173277586886269236
0.192177679538382801
0.263763983240976385
0.318319475346623859
0.420394191659951899
0.286816393142233950
0.171992182706651092
0.192436654985408240
0.289072551351993723
0.293559747954216077
0.328609660568251805
0.281353213381346168
0.181329351168739938
0.157491312421355723
0.297028628035874376
0.326421684883111851
0.385611299686358544
0.277321947073771558
0.199207117448258086
0.263305008329912660
