0.111108385515538963
0.062090346581649115
0.049689932069840625
0.400000000000000022
0.116216980606772796
0.070303437660228590
0.054571004184487765
0.021747477241887418
0.003764859769274857
0.043848145970117672
0.065573864996627762
0.110575841007858444
0.043382081079583634
0.024192368269616762
0.064530141400239951
0.032959286559066700
0.069875989735784821
0.159777268502684394
0.039609079271329471
0.045277418777439751
0.166796876353485890
0.085787570761453727
0.057141588000311300
0.042713552606624600
0.144218788976692963
0.199371599708928343
0.270337651502022547
0.217841839257998049
0.153660004967420910
0.022159346536817379
0.198396718387431475
0.082734381926316991
0.052769343346374023
0.080971328135364590
0.112988269061890551
0.049723234451383422
0.085120912825782047
0.036755916736473403
0.073628195641844932
0.076148267790977997
0.120383026594318820
0.038241312819706795
0.148319883847301187
0.203823565211866536
0.263753238245402755
0.224019698029988168
0.228266914140881960
0.109662892387805772
0.102458362352040505
0.085522690660694151
0.145314892398949930
0.384521794096652547
0.065394610824968086
0.059948503380740335
0.058160415585284189
0.023351637943570452
0.032276001780338903
0.029052362064313168
0.015164098903253792
0.020048118058889088
0.033022540597221761
0.060278133379227924
0.084992962823497928
0.030344821689803004
0.053513884526087296
0.028457954128408236
0.024364735331437432
0.061163983420653531
0.152477160484907670
0.071689782077176897
0.121467202123406837
0.127882109489571627
0.091817725227311797
0.268238188573282244
0.281492412027636529
0.123513850282204879
0.188507705979188894
0.085364851030957270
0.108801920369502647
0.177145445884719310
0.028441797370832807
0.049323518490415677
0.063021563872556197
0.039904430490484470
0.029860829827818930
0.020496338275627850
0.064616676668848322
0.087392953106845833
0.085093210071396364
0.069450631493401097
0.389543828181731167
0.400000000000000022
0.370196309143784985
0.241430466482901035
0.250346393296486558
0.196230376967026277
0.117868979313078562
0.115136499715935828
0.189008875389566122
0.194334566940935177
0.053900184554342777
0.052096037270059389
0.028825129451691141
0.012355615039057771
0.157743607203205877
0.046126852122647707
0.049829118834878700
0.022345227262882954
0.117325267773946196
0.185907898491111917
0.115501578852200679
0.039927144470257456
0.077930115986988485
0.065411933068083794
0.092681236105720211
0.160835007879890968
0.155765765524064598
0.036215860033658162
0.033896694708309777
0.032003159065524873
0.077654938178103677
0.393808943599541994
0.314084577327434555
0.053502504486650372
0.048098219452647736
0.074613651721894853
0.294373249087346245
0.309320107079480322
0.041429551971198485
0.031208701576289848
0.181167025818337463
0.049905660879955453
0.063425361685746293
0.019359876297653150
0.061545018949661322
0.057711088244564113
0.163143882939990270
0.064970608905642865
0.122293255865027845
0.160199957154576994
0.173961171654085700
0.228274974658098484
0.261721206592299693
0.104208515451632053
0.089834831866886400
0.036939610908789555
0.326417465757064762
0.176575274427546447
0.039585406895086092
0.077129277417825770
0.201927336450828110
0.127273699093938875
0.345772664826374476
0.189585349595646102
0.079095867500125927
0.068582042420193001
0.250658319841329413
0.169104067168082794
0.393719352892710317
0.237459134135682176
0.090587807483217833
0.042651698078128936
0.074897649098608562
0.121004730232734267
0.119188087289342659
0.039187790715973031
0.048659757347622248
0.085208344705417355
0.084203497509341224
0.164502256594792340
0.209039349559552889
0.025128490090217875
0.039279399271689074
0.123477145008789257
0.189857625782555162
0.238645479886063133
0.028039720648098579
0.006949210092484472
0.060318893389704753
0.127150100171816882
0.072847264667393968
0.000864144840701284
0.005321365509382889
0.055128582017939916
0.157328898145080776
0.124912235336497493
0.036675444187640877
0.017664801949817177
0.068955899112376082
0.091555624621856374
0.094369960092554356
0.162576241046750530
0.346613415843004369
0.298558615560335527
0.367000997936725359
0.400000000000000022
0.089974381289708916
0.074899304527132157
0.400000000000000022
0.400000000000000022
0.400000000000000022
0.400000000000000022
0.051134684235909632
0.087546241563252442
0.400000000000000022
0.377596641993161508
0.400000000000000022
0.400000000000000022
0.133170403175405128
0.096443701354194472
0.174111896422013496
0.117868907340017981
0.102886040939715512
0.041284682204930485
0.062101583565473115
0.150473638033577300
0.097359283733666369
0.163025338041023177
0.256322582423568313
0.040829439025025331
0.086918696479272736
0.124303496533626795
0.203141082753355129
0.151195323909290469
0.106297287663751600
0.032020707734602444
0.145136611488945799
0.143460260184025939
0.118598410498103712
0.024428141430561785
0.051264912486069701
0.064233413486353017
0.326784463190341379
0.222935908530020876
0.021611701784009708
0.022680716606645199
0.129102660494077953
0.100299831082032234
0.195515487951080758
0.100575784402502574
0.310569138916086618
0.246424075466376985
0.144407608086305650
0.192367072298417041
0.051625559770053141
0.103702861481271835
0.187609944584760241
0.183053573447857221
0.197420066059584537
0.260449300099509673
0.023006468113268241
0.066533008141663130
0.313684552000295547
0.130207033104282971
0.284685869734215669
0.229613293254462253
0.039015624761374601
0.060120385534315972
0.400000000000000022
0.198812179600515254
0.109966844467279390
0.068863605393901142
0.058064075242094892
0.081348369678014801
0.173358226502638435
0.187195813860269011
0.287300434672202010
0.070866449467782172
0.125847108461995039
0.069802762182166328
0.039670473983185892
0.050886447838189450
0.370879186604558209
0.045700413779881724
0.179929126731208505
0.200876128741613452
0.053039229067348745
0.045813674618189325
0.060619490679356305
0.085695252363772553
0.121271947688860154
0.118905009171154014
0.015614567303538317
0.034153633596647109
0.080768124961488219
0.128465239649243085
0.118232530019058965
0.092643601819958649
0.258643357628700832
0.165203227862552898
0.070176079476749684
0.066241069299698419
0.027686459335692772
0.048755446019099702
0.189392824137558147
0.079233767723794896
0.066517866699090378
0.067768548610593435
0.020956191178111677
0.018351520543703800
0.061047163915970093
0.056607002276317354
0.197760544136986932
0.086228785097150679
0.035640941750659780
0.062890902100652388
0.217368125155827541
0.148812979484635233
0.262233459637044475
0.156827230746603097
0.051983587886386268
0.117779878804980531
0.281855546568970827
0.329926340010689767
0.121454517286419705
0.070879981299496894
0.090617582517153489
0.098704518589210005
0.117860362450380368
0.117640765590794491
0.198511379666078180
0.058042708394590400
0.278300884191654108
0.129348556731824937
0.042266465344726202
0.062602216581323103
0.057643598297412939
0.112896022755694866
0.246398667262131221
0.135359467984642712
0.041336416464910514
0.056127458205146127
0.070515219242469840
0.179742305085681481
0.110578489257768586
0.067183329151346602
0.030924412204663965
0.062311153016298783
0.090414512442799161
0.125159633061475928
0.063210296972621649
0.060143065575571641
0.048013999185442392
0.017827194154473407
0.017508521812303748
0.074155401799235174
0.068480123222056613
0.057303563325259224
0.038614283407006372
0.034180627502616912
0.183314652708115144
0.089527153879362262
0.060141593158418397
0.067097412761775707
0.039505727957361472
0.071879397030798584
0.400000000000000022
0.400000000000000022
0.067754725446558930
0.081440434402495043
0.096545493096043072
0.200045172160899620
0.131337725614269818
0.400000000000000022
0.181129591008746899
0.181946798422968958
0.086561448653099685
0.143339905443927718
0.154896659287972305
0.297742755695818428
0.234998299253110027
0.109693369407071223
0.051957429429859814
0.038133786953581494
0.090684472185940376
0.094731071187990207
0.250083509473195797
0.106939493243765005
0.036088821367741941
0.102800672812502533
0.077333521494190149
0.169427178539791640
0.080877180396507611
0.092322944910885246
0.113424790932788344
0.042625917259744121
0.041671388507049469
0.083268743442562146
0.076772170007124621
0.076298749612807693
0.094656977366619863
0.004792156771379486
0.009247633253773053
0.045219686433210247
0.075814300121336664
0.152679758209147337
0.021530429585264764
0.039526893084629686
0.020769588528054099
0.044630070446506673
0.083279652877710983
0.049854950353752009
0.029177491229816409
0.134778919481139486
0.174357038496289807
0.397267802053930308
0.141646859262373609
0.104481733750110578
0.070224463703522325
0.023428467604815647
0.041862435899651461
0.190520960051367871
0.084185304058663951
0.117827071316899706
0.094987914450669925
0.220881340715529145
0.199265239551568940
0.269588805868306303
0.252758933851296164
0.050120585832574019
0.161383709159907907
0.119968166139605259
0.115943939804946050
0.154314300939893234
0.097403538287480093
0.073365857822111830
0.071809705536955329
0.098467084593754334
0.060580344507685471
0.177353651972236015
0.168997498625337944
0.132417349286303554
0.079405867095042354
0.027919264100220730
0.069997093209068190
0.400000000000000022
0.133072323319999353
0.102700839783443909
0.124604780093986497
0.003938274004479257
0.018756519021617003
0.069616465269339858
0.064925143854751025
0.152941856601783693
0.046477409171488564
0.046372901698815042
0.029010261647052626
0.019097297065168297
0.135026932392745547
0.061487949619720872
0.082225542094786913
0.080915780716331404
0.079298633572483734
0.157003761334485153
0.260458122613628329
0.067073169941109595
0.100980387103457900
0.071886614278887845
0.066669281659087518
0.219802291049940590
0.241570830368207645
0.026880622065844535
0.067120799778605453
0.237476913170840381
0.400000000000000022
0.359126561915536047
0.241525751693509289
0.105610889600785657
0.400000000000000022
0.280539292878706215
0.368065333229905423
0.162330832504384681
0.241818656405104637
0.082692980855806092
0.223122125444781549
0.262229031724667216
0.211469295097124754
0.194292042658970460
0.264023539539051222
0.282917569831444560
0.082670210537217959
0.050499764832912686
0.036706696647542746
0.070769712044135680
0.161818437833438106
0.101030069818587642
0.063285570408756667
0.016874096184996266
0.023326690841456849
0.063720939894930426
0.053830242443904303
0.170172601427658637
0.050731091369844203
0.041122304614947799
0.050494399555428955
0.111698855136812020
0.102928948913745905
0.028537074560061930
0.071593877796144151
0.038303001818067790
0.056804281668645040
0.096205846456629357
0.092321928354621788
0.037008174236879625
0.064773763009907018
0.025507074559206491
0.038937502446388494
0.086002057199059331
0.049195572591813987
0.011781767755607049
0.153731133202116649
0.400000000000000022
0.400000000000000022
0.362556585220605299
0.088237688440187895
0.008007601797724213
0.400000000000000022
0.400000000000000022
0.308991803937089804
0.135275222815838453
0.092944494436848324
0.029487818933130499
0.073435360240911490
0.106960380591364992
0.178141288434554679
0.058237712023880922
0.085615457033007408
0.023074090761293398
0.093977728565780030
0.050558128201916852
0.104342337608581998
0.085400666616459370
0.136557169932500083
0.072631061702729746
0.045600901206421574
0.033828810412310638
0.061300153425747017
0.107521561920659467
0.163950321002053367
0.061635996640986832
0.069458484144042279
0.086036309838564112
0.036436948012933526
0.297789083104840591
0.272298837675668759
0.078815835069797863
0.081483503246041991
0.029003804216738659
0.034348198743590630
0.084837208327537703
0.183643938581793398
0.035995739981699831
0.071744900148846019
0.056271346407834259
0.026508954750089051
0.078970943466687801
0.137266580516660158
0.014172124068467320
0.160951594409172283
0.391048801635945242
0.217086797120084274
0.374274579954672670
0.195097861629801639
0.050524433306231728
0.308916541335465977
0.338067753527363180
0.104531951256609232
0.110469511499257503
0.059573821882868652
0.009017797274962044
0.028208654168174717
0.018167541376921427
0.048970574317510805
0.074214179386127135
0.020045877623958444
0.023950336995971634
0.045947374527044650
0.017974098161431910
0.007080963282244002
0.042746560316598264
0.111133936379625028
0.037366932702839008
0.215820170763797392
0.165068532461681988
0.095452987908560424
0.164467080262905296
0.176218463131091185
0.043351691988082877
0.202700665817528408
0.246552939672470051
0.131056188371314691
0.262867013587772258
0.153633236231483505
0.033942127478625364
0.161301633088992591
0.047543063175302866
0.005561635400768975
0.098427083483951877
0.141389950288823341
0.009974298153595074
0.122488757441210724
0.026871348994264833
0.036733667598736933
0.079468181917053710
0.112198395387504479
0.005484962545563250
0.117271831200423587
0.074807175968553283
0.162658715049054547
0.210066812841510742
0.035694585157625691
0.021284726868107211
0.039732306204177462
0.063737333257769466
0.031612062931533985
0.018652545056529354
0.020424685064437949
0.013820275039009351
0.022639510232137450
0.021382674529110864
0.053540972566190365
0.089995254767715721
0.046154509721910042
0.012163227824387474
0.163435562897292275
0.123242234623175378
0.018577738237604186
0.088157986320069409
0.108957235219995105
0.400000000000000022
0.235665185476990252
0.306179591202849988
0.005311057990692909
0.134322084525205998
0.251290592485362840
0.400000000000000022
0.400000000000000022
0.346172261529034020
0.033421575802987352
0.216963838963997402
0.155845482198647356
0.400000000000000022
0.400000000000000022
0.379337071974954587
0.028354978159579436
0.108745006057535037
0.091934940580468388
0.400000000000000022
0.250034059355666027
0.104071432048462059
0.067456171460915981
0.071923978133317301
0.048555422890285603
0.400000000000000022
0.157863445277234893
0.068877232638836008
0.124921658342768360
0.227960502457842912
0.090949583589328503
0.400000000000000022
0.059801653507492974
0.036511024285286603
0.022177652574294694
0.023851010404373055
0.046292992028300319
0.400000000000000022
0.022894085685058872
0.020251206653458979
0.016188640679612440
0.180712100922266028
0.088511842769887161
0.400000000000000022
0.302193147128967277
0.400000000000000022
0.030157323240682113
0.100694379126992931
0.080465653814813146
0.373524020203504836
0.205838889944594261
0.287803479386528283
0.008634930020860240
0.147638332449363363
0.226148164902113757
0.400000000000000022
0.118300055319854922
0.066177263844209688
0.007823833029754231
0.147533973522858658
0.173859435636153609
0.400000000000000022
0.158770006412758236
0.069933447094344847
0.004286911957360067
0.041740108910791704
0.062964906871583098
0.399062129260983722
0.267704270906033492
0.103489289843003610
0.089462021685674700
0.239365648005550435
0.074680482839047629
0.321898844764092695
0.222459657503200986
0.081079634188072680
0.124026791176670217
0.279157074271747574
0.024180692615004915
0.325179851456089353
0.076842007610126828
0.023634160544513737
0.008546420874923546
0.029036980345432124
0.036694209156263605
0.248326973928156419
0.004720981364424503
0.015050077451860207
0.048639539566634853
0.153345537730619486
0.041386012983122854
0.358424492067272005
0.181544067853661090
0.106522022460910581
0.049711837794846739
0.028892373995330865
0.097786812346563057
0.013030548942324117
0.125175173803514367
0.027277949328245777
0.035924651291857256
0.114764718998002530
0.157918274039856699
0.052999965790658271
0.046120565018525198
0.024723429753715519
0.014893979286161032
0.094871230365512427
0.085619544502492220
0.050704738555440360
0.084163031850078049
0.048272945094780376
0.080702482139823464
0.172592210105041471
0.128852091244924277
0.048639501708006766
0.244249414796656350
0.139896554554348240
0.392808407121862491
0.400000000000000022
0.092522289794683354
0.023390710296736797
0.113729114253978830
0.076258883623364193
0.035589358687737986
0.091028682617008305
0.034912023632118698
0.030931133936744074
0.041429405200422535
0.014502216598965251
0.013807982022110256
0.020648242712045312
0.055487316452606676
0.007147633086581360
0.031675126680454337
0.061675683142998219
0.098847349492962117
0.063160236464772243
0.073673396791123585
0.022690440917795100
0.167213696994849337
0.131843059351719416
0.070360120169145113
0.075875566549156059
0.181516148232268582
0.011406008193377250
0.153834208122938604
0.026211932799034277
0.017154467301825009
0.103199948298724059
0.218130507246323241
0.153904254068356283
0.178238780277771486
0.024158905033934589
0.012399444104985013
0.086815785003721682
0.120422802458317130
0.120925983820484750
0.121641098949386336
0.036221257284879398
0.050056107878226078
0.186451088606631843
0.112463399327333374
0.043657576983319485
0.191269536300552323
0.136225684450938689
0.154871369779645551
0.293817417259456259
0.046446593533517051
0.043805653141209905
0.158036933309697702
0.071701402051872087
0.026697184610332412
0.164236844031851958
0.041990938856583143
0.039373270789907572
0.004655327546647654
0.013759676775740083
0.035652202695766196
0.166566957915334685
0.042411440931995503
0.037521305774336988
0.035628357700810298
0.082497264125664868
0.368570374427860448
0.309929467788684909
0.162405849058314677
0.028151111235683358
0.153044870717390813
0.036977805291480460
0.026728048545579450
0.208088670970684203
0.251095594832041469
0.076226790349989665
0.071659539974576192
0.010926783769046097
0.016769309422011401
0.154357884562090514
0.183513662498071439
0.193194319144932597
0.099216685011161654
0.023064105971404129
0.014614754552785113
0.134461731260251460
0.096397159522481041
0.127319593596973424
0.090983323908738950
0.030117783401652779
0.062928244642133507
0.140856820449885123
0.105451534794153631
0.049806739608869013
0.191362800688278323
0.207242277858809915
0.096412618963380478
0.256278749752279100
0.060997163185900628
0.028248444027098446
0.144831909064870312
0.076418103483892913
0.047845137893188505
0.082291947464973897
0.032380689313636322
0.001121780989048061
0.024743941858148481
0.039106030720489238
0.019198490184206669
0.045344049723408539
0.054742033114175928
0.031988392973950584
0.054439696703313528
0.089792781140089484
0.143414572047220024
0.221044659762773599
0.197615313586802205
0.056844478320354282
0.190514252610581303
0.090009610681869856
0.119687025278908829
0.400000000000000022
0.249289303926772149
0.173004277443672472
0.179175784278474248
0.025685751246366677
0.022521378790891861
0.113464611239457530
0.130499008851378800
0.263517697609642165
0.089859490251072191
0.070565269968431793
0.093540403047292553
0.052056583624235001
0.204902922128530340
0.221265218122405238
0.121834621366116391
0.126193199493771169
0.246095509925969624
0.242791332095938894
0.317599710613939601
0.109786722547734195
0.245199176080150849
0.271258213987816188
0.335343980609046688
0.400000000000000022
0.388382033663137505
0.049039968602661917
0.265517518166036914
0.320211295097157400
0.400000000000000022
0.389974553213151165
0.340343797737995890
0.155334124052169092
0.400000000000000022
0.317295209615179652
0.398251159957955125
0.238479100295362650
0.346122071030361300
0.120934293675512894
0.362154218648840120
0.381953374259445533
0.383882941255921373
0.364885040621238943
0.388563857355669784
0.376732364919600604
0.185128572889258464
0.136022455493606836
0.182021589046492682
0.400000000000000022
0.227213048658406164
0.160978573199327984
0.121445985994040842
0.040225734128566712
0.055602692621795749
0.092773301959243604
0.068994341347158095
0.190220719486547729
0.083753631967065950
0.101400437994175724
0.135487362378926890
0.142043676826615006
0.156442833439833173
0.056995028688470173
0.095958613127581568
0.099466985238721328
0.209281442153552710
0.167895628533806268
0.213789130478028638
0.164890283726451259
0.156591488237218801
0.293745263132488776
0.320429914474025024
0.209515907481264196
0.237703278571002874
0.097146618786564318
0.262533053571619324
0.400000000000000022
0.400000000000000022
0.383887370408204032
0.151259252312744064
0.047912032288208679
0.400000000000000022
0.400000000000000022
0.373057600742637052
0.222668175922684286
0.178037704508244687
0.098938450426531599
0.400000000000000022
0.400000000000000022
0.400000000000000022
0.299668178506781957
0.318518672091327115
0.219304467728319630
0.211846707878858592
0.165694627917852666
0.293351212998148148
0.279735233557394547
0.190457354486842895
0.124727098972789149
0.074426030658112721
0.046184425451368416
0.219043760628952894
0.153648414043307174
0.213779439836932067
0.083981223903869778
0.186783751917988489
0.271944208329675974
0.151938526865134232
0.337716227575098060
0.350228953662657272
0.144227768137881684
0.174164739351762160
0.189838812096629644
0.190113964267655228
0.121053068361195879
0.217540633290103175
0.067998899047224698
0.149399838326949697
0.400000000000000022
0.337848630759473467
0.132473447953338180
0.185364799969307881
0.088785775790362162
0.400000000000000022
0.400000000000000022
0.258516349091282738
0.387021189089096551
0.355089860231904142
0.100430094186187188
0.372183236735174838
0.357427629825016357
0.166076970206270547
0.168180599743821602
0.222717704822858908
0.073988406180604899
0.150501910033202568
0.178367498531498414
0.222931745971596540
0.302489154044225605
0.281767084216258124
0.128158852447603694
0.135782206393931071
0.054913709070221459
0.333498429039308764
0.219321834744144711
0.150719343274711148
0.114496210120664771
0.400000000000000022
0.292342231555620835
0.397861003499711097
0.353489835476233083
0.255314330631217112
0.111933734408275865
0.400000000000000022
0.388794860868211023
0.400000000000000022
0.400000000000000022
0.244221043714701297
0.076593825556754300
0.236199282187601139
0.168547793408037133
0.124749722690111642
0.137614874199924880
0.190049707636445575
0.095182642859012428
0.206692254950551935
0.191373605589057194
0.245773017158289808
0.104596672007271574
0.151477794659193560
0.128962107554352501
0.307129456982978721
0.313452655854616347
0.190698435697153112
0.217016022933995190
0.096013478547330444
0.148434827039924055
0.112579570871571430
0.064601478098470735
0.036933428440916870
0.073781127074469266
0.177753583209518728
0.138732510375506823
0.059314954419778326
0.039047476478928048
0.122496871678566460
0.181550879389572095
0.140524469814464426
0.174739468871138004
0.400000000000000022
0.390796852409089235
0.374934236794689180
0.400000000000000022
0.198931616509704035
0.400000000000000022
0.400000000000000022
0.400000000000000022
0.400000000000000022
0.400000000000000022
0.302425276721272451
0.400000000000000022
0.400000000000000022
0.400000000000000022
0.400000000000000022
0.400000000000000022
0.289015885374052484
0.400000000000000022
0.400000000000000022
0.400000000000000022
0.131241019099294975
0.150029688262465488
0.154036524145941489
0.400000000000000022
0.347393343089332396
0.267096770089485180
0.323778753884484294
0.112753417158342625
0.135474119369558360
0.400000000000000022
0.361004528030590022
0.220072556548126463
0.231218946006519960
0.259981210192445356
0.236086195078274330
0.400000000000000022
0.178400064005596659
0.060939165715848384
0.073442565060364395
0.088084423890726071
0.352479176553682771
0.400000000000000022
0.044505787469068581
0.042931923260104178
0.145291301173690379
0.281011932004298304
0.284027330720967863
0.400000000000000022
0.400000000000000022
0.400000000000000022
0.174564931326987804
0.293061451425409958
0.132091213584866279
0.400000000000000022
0.392316905616483247
0.400000000000000022
0.206054996080444808
0.389480803274940113
0.249154633015382015
0.400000000000000022
0.400000000000000022
0.196384296948492659
0.292509702763969925
0.372147222237437403
0.212875060397528182
0.400000000000000022
0.400000000000000022
0.268745626694860129
0.114253756424639447
0.110603714304692846
0.121028982113677991
0.400000000000000022
0.400000000000000022
0.290685103703272607
0.363106682677402870
0.310232097473332580
0.200527591301042668
0.379669981628911968
0.262130131486386864
0.131966082026262116
0.400000000000000022
0.324857488051629339
0.204109819346213472
0.400000000000000022
0.129881236677475587
0.069447835162703059
0.069165911554279869
0.114732232709204671
0.157966156845123773
0.367231983099310377
0.020335548667962819
0.049203711048507313
0.129407664528123079
0.281810777379862598
0.159618543002181812
0.393040289449581581
0.400000000000000022
0.271725250323463452
0.119887917271596423
0.095133443295029277
0.125473271682255832
0.061785994961423819
0.314567997941072486
0.106511717052040683
0.102442517990947626
0.182533267608595978
0.178874465217968348
0.071351486334362071
0.107167728934495277
0.081330432030032873
0.212654523423148001
0.181100015462663133
0.121260486253152000
0.113595640656092747
0.301531157005905603
0.197085924579415622
0.341517867668332142
0.329419440851644540
0.180835679131310517
0.166419380512987325
0.400000000000000022
0.400000000000000022
0.400000000000000022
0.400000000000000022
0.183139872311836843
0.122095228885946788
0.231589476704359226
0.193899649214158698
0.234100738353816201
0.149071391011598720
0.312343589702100022
0.160279690668569008
0.083695870545148737
0.077104433180288368
0.071451580319523200
0.133544265467740175
0.301885983714737904
0.142507101071224052
0.073011543145364843
0.117803141348144333
0.169362568735431956
0.242902541550453710
0.184251886048892172
0.089873770069141698
0.198138109199513301
0.194154212368018220
0.160774632611944301
0.201035199610631987
0.244726445204890231
0.071549073768948895
0.201848207308380989
0.044039126953507687
0.034662989114128753
0.177355350097959219
0.286610630468379868
0.211207817393615521
0.216853063684777858
0.058339532536551497
0.195714096813100175
0.176342938883083944
0.180564395616735512
0.188023396582260444
0.161146826906747809
0.108100654315677974
0.400000000000000022
0.400000000000000022
0.180218124773892319
0.125098011385814500
0.287815029396595423
0.336270856611838309
0.286209095393915425
0.400000000000000022
0.227576184542263915
0.225752451564178863
0.244598381962797373
0.215041307495799805
0.181593843898304713
0.392591553997468201
0.276989238109693170
0.149066640196978795
0.056612756976507472
0.051893463729321576
0.126336674881706551
0.261298029103324891
0.292494950405191245
0.144460799018101993
0.071717179068552225
0.185297936938167374
0.388974171917284228
0.388946980000501652
0.243283029454822303
0.120474056146568601
0.266469661650179157
0.079603722551224582
0.068399437052628909
0.291357414413246363
0.327867764839166131
0.152525539962797330
0.166316517341196041
0.015718940540425580
0.026016942675784454
0.199577570995300740
0.259327962619408048
0.345874077354079934
0.120747114596426411
0.062590999056033825
0.035384343080839209
0.179091801706758147
0.179676812400192010
0.177174543950725377
0.120160815138555366
0.164896702882792290
0.237285283138423286
0.400000000000000022
0.247098394056527254
0.154288473358979550
0.261587264391800689
0.230670745463625565
0.138275054863031932
0.400000000000000022
0.145182467244564573
0.146075515343998180
0.239819823515540265
0.297299444199422114
0.247110377444757445
0.347977493895809842
0.285139623164932465
0.051242366821622087
0.186127651018056423
0.159074196860094497
0.135142429989152713
0.199658350663301759
0.152145571401656021
0.105354250796062393
0.126249402240268843
0.188259865733843818
0.203994916554905481
0.357035807088916246
0.338454886522664755
0.189261827606657884
0.311993006614503243
0.248549051373240848
0.193990959945330804
0.379942797001129429
0.229733132449706862
0.205741267522670218
0.287406513061146340
0.213835388778083363
0.176177953835536222
0.290265206023414768
0.230560875828129480
0.254918237732547293
0.308284510312124505
0.267452137851423355
0.225253310847745997
0.298751003164364259
0.217993959255351616
0.213858397953815033
0.293974731606559569
0.218575553682260060
0.205032208341723421
0.278873113928046812
0.204785127835135222
0.208091500303622640
0.301550263093909143
0.293759937901828694
0.316046191945176747
0.369674814846010835
0.203142313658230156
0.191424932766055961
0.311016658933105539
0.367140003397835646
0.354753961315016797
0.409549692291721168
0.225086761860384593
0.207662899479086255
0.238445819522266039
0.183019402480394305
0.186365116211328091
0.168778249532536589
0.208558912545425273
0.209558254102311908
0.127764238676265518
0.176172112247975632
0.265939747898661760
0.259169964184772172
0.211025027370325968
0.262782412800484033
0.309995257648071731
0.215621483798580760
0.237256615795847586
0.370315110324562213
0.215816314007728050
0.228779745389240424
0.291823550875851101
0.188098095489573625
0.182005982276831541
0.262548630280108664
0.251808694341820571
0.277242767599917672
0.290202751682585525
0.225640385909087304
0.268377343879442565
0.279735068630206474
0.220225198096549085
0.234564962745900052
0.271371622098521059
0.211527695286732570
0.259176452386326306
0.262302862193076081
0.203963803625601542
0.230299241511662617
0.320856372747106378
0.324412657509323299
0.333168700266232576
0.332147553357246272
0.237253557868152720
0.215826395199937404
0.279687159815165787
0.352461029705434914
0.334653484318455319
0.388640578259445701
0.348196730459720938
0.230750031455278365
0.234772660954766454
0.176889437573012842
0.156643967990425875
0.172607867016233846
0.293801637082996336
0.219656087942533079
0.165425728681243139
0.170966434435841003
0.214823907487164956
0.276986915148624280
0.260848135459091357
0.227944958156021699
0.358063749148972044
0.266577292830691037
0.180800267040281848
0.367217577269986994
0.221515569866577000
0.195306661348039284
0.301543596047279316
0.225561353195431469
0.163495683708975409
0.250343626843822775
0.224032772280461034
0.248019692498735178
0.286006848325156937
0.239061920201219358
0.239092357145838208
0.330985587925815394
0.227475390942647959
0.222804905171236911
0.277520055551671141
0.233785260964045755
0.223672164855265976
0.299055025383275663
0.223971131786515898
0.221084769608403064
0.325168379629460436
0.356091273485156123
0.308604939583148385
0.347511833260019054
0.219038564747033343
0.199921173063374119
0.314391807919469524
0.324938352258201946
0.290448650215694770
0.336151883662253292
0.234286799291732323
0.210608920552598999
0.250836024601634344
0.196051594981114297
0.189524856045456574
0.190380484918981074
0.214232534749221215
0.202066911987256431
0.180381991212941628
0.249100283530407585
0.361438211496689143
0.407411814322451937
0.291079237820678460
0.281937158108207131
0.316711970488015082
0.240500461523554115
0.254274064769822561
0.354751059769786437
0.203502061001801682
0.223968684558068953
0.299914602735618818
0.196391953289874799
0.191492949618166652
0.241377568932633374
0.210461271367057057
0.272062357489268214
0.289531537339688283
0.202151440556673528
0.245632840089117344
0.298626838021490593
0.248438860159703373
0.240666518475121494
0.262037660106284487
0.194097993087888943
0.276609583519709101
0.283578800464864222
0.226263548926220415
0.243042675239953210
0.288363119750112140
0.346129295624601041
0.401269586995845751
0.326547003379486778
0.218160074800277576
0.229026408752380450
0.334520069972651490
0.355262807088350396
0.302048232508846104
0.290345430678787209
0.273627762195438051
0.238254778283558177
0.235065738046919576
0.188040639333524745
0.171667689817745550
0.175534358648265998
0.329104481501669044
0.224349203643592343
0.176987157658106325
0.239989193636522991
0.318832336729222343
0.416656082535420469
0.410049877748377312
0.295545210619870991
