0.400000000000000022
0.383277578693167587
0.200827006911958872
0.371026394011116256
0.400000000000000022
0.400000000000000022
0.175061852159255960
0.230493662935427474
0.072822481315219789
0.001022929277839531
0.006210727816094748
0.002593493534450126
0.033057850414151380
0.000000000000000000
0.000000000000000000
0.000000000000000000
0.000117588878360265
0.000887788664294898
0.029086024319536934
0.000000000000000000
0.000000000000000000
0.000000000000000000
0.000144531881594708
0.000678312172510591
0.002843624154453400
0.000613208907636935
0.000000000000000000
0.000000000000000000
0.000332389312867743
0.003100209769427652
0.013272574074314432
0.005948226982910568
0.000260763969870493
0.000309040582945208
0.000026543125047934
0.000951201745941083
0.006661610563167562
0.007117134002870566
0.102292729302058266
0.106168320859927376
0.000626992277232551
0.000681683625745712
0.002263010800734643
0.007121145725329727
0.076680238773781065
0.078743587399086323
0.032092068378036881
0.028173235633297461
0.110884568002459646
0.115790945693316466
0.059519976485304507
0.130022228305116283
0.150310393987326180
0.191445043532589537
0.099182803182620377
0.250741729761235543
0.098594087646535392
0.000000000000000000
0.000221752717475349
0.000118255053879214
0.050747767832378353
0.000231373607001866
0.000837441014073663
0.000000000000000000
0.000688643804649184
0.005938811531836743
0.014620757080766166
0.000494460334178432
0.004118471742983378
0.008766273661355795
0.000362271324509300
0.002770407180187373
0.005743550129042875
0.000457058933961525
0.001182200666138177
0.003578226945952950
0.000867411346803769
0.002177305099621995
0.004960009890931882
0.002436607352679370
0.000204170038514233
0.000462208102524964
0.001671540748043529
0.001437562875831057
0.006644597573169210
0.003490628068998431
0.077100429198412049
0.031663963097973175
0.003085999823493571
0.000386735435364097
0.005417488130133162
0.007186938125617222
0.073697813607421239
0.033210631322515505
0.044890027873952909
0.067702055025825908
0.034688222980046625
0.040330234985952618
0.062800419485371767
0.021241208563781883
0.012445308716961076
0.000779122304432982
0.063418384187861832
0.098399563203512716
0.061093298638542334
0.013964001184929731
0.009747973149872618
0.000057946071965202
0.032038249771596493
0.019087251864772153
0.008125378974451290
0.039346287680829775
0.009797944642017400
0.003426109870609048
0.011545884372116514
0.000871639104533742
0.003861932061025652
0.036821055011158857
0.000996603458145002
0.003824535084337140
0.014264067068304014
0.005865014373054454
0.001665081307788738
0.001735982001901418
0.000879635602269323
0.006216540595553909
0.019045898348933873
0.011148236127381965
0.001107793317109204
0.001834324477670827
0.002213680814435150
0.002172091332012090
0.009805572829210877
0.056181413540592980
0.067620734674533611
0.017535023168324688
0.000412473059364316
0.004422805542688072
0.019077983434091089
0.080448699720367625
0.057169387529325336
0.011809156035654793
0.044782993721173926
0.031570717720745239
0.069310746571374843
0.057133169274321868
0.319628139518534748
0.386807487075510381
0.387344258440303513
0.386608029248833418
0.108361004672500844
0.185508151177942310
0.400000000000000022
0.397107878360675515
0.400000000000000022
0.279189506991085801
0.098281485428667215
0.262820983048810686
0.400000000000000022
0.368695304862334816
0.400000000000000022
0.223450121021666698
0.105655423248638622
0.227268827368596799
0.400000000000000022
0.388980447049401490
0.384456585820711516
0.400000000000000022
0.053825548150715802
0.185971677047898298
0.398063580041712606
0.395878722644394165
0.293641398387319508
0.400000000000000022
0.147510256065891548
0.170533822438680205
0.352128811800023089
0.098831602682575043
0.397314645646904274
0.376043363997818458
0.145641129020702031
0.256727764653682244
0.319295570164812637
0.032133299176149821
0.194896765778116071
0.063307911706287037
0.228112107486216825
0.151609873261153993
0.400000000000000022
0.370341223139819764
0.147492512892280658
0.104322950237980258
0.196854398154843097
0.061032773534663992
0.400000000000000022
0.360713434294160140
0.153895993735367165
0.286321495259623471
0.225049348990085052
0.231064965243804321
0.384384603729147400
0.286100066429547051
0.233314935278498753
0.166348056798413996
0.400000000000000022
0.399478635309615693
0.261501403187685444
0.222954318618172526
0.264940548114233065
0.077740518091551886
0.400000000000000022
0.391286895899273568
0.363580491957045338
0.210335526256017868
0.222644460558459684
0.107064638644409627
0.400000000000000022
0.322113062234055891
0.381492245591459334
0.251564242320701736
0.131908755189593052
0.182720602838488205
0.400000000000000022
0.377040945552546081
0.395304386107453443
0.171630215095771643
0.235787389104539141
0.147848228328250841
0.400000000000000022
0.330617137939219818
0.221127523895707029
0.079330991512932381
0.196201435678587777
0.027353103034188031
0.400000000000000022
0.227284500461117533
0.289280716291688167
0.091510771733266272
0.033296812198473753
0.083380473616940662
0.075246965446739311
0.049294208366329056
0.027979305071163998
0.015256828706305106
0.008392122106051303
0.000533263550094599
0.174315005866687744
0.042163331461031857
0.006419945147687478
0.031041005006509359
0.013373664584769686
0.001946855348408106
0.121811136343072945
0.070534508252186295
0.024609882840134774
0.033732049252560049
0.015887664753660380
0.000333033206142273
0.066508325442837940
0.049834460633241817
0.020326802269856736
0.023366211572512209
0.003013874215333186
0.019924736766575361
0.067822482784726801
0.042946570584314850
0.016570831194902581
0.065053120720988206
0.007521630856312534
0.006981640456326000
0.079780993361266067
0.024462838035353169
0.017397636454518063
0.400000000000000022
0.068782295774472646
0.002528016202377378
0.071187564657292479
0.038041402279891542
0.020087537172491024
0.265984343062488082
0.084193546945747086
0.010523040989728127
0.116690213273676707
0.264192957416749308
0.120239628974493279
0.012935389743204760
0.067303320772332115
0.039714966528704987
0.116993577272957144
0.024194727787207271
0.001567065016585243
0.003577103794265422
0.001828548892316637
0.000000000000000000
0.121304173376727220
0.026201296965701483
0.002153972843331460
0.008409290554536908
0.004759680838196438
0.000879817600861355
0.009431516572095858
0.018549916572657390
0.006184685976583419
0.009859845285290974
0.003824630615908894
0.002546734752671691
0.006852164815227580
0.013319861240506284
0.010398870927839182
0.008131503651205633
0.000698986861011088
0.001975559372410900
0.011922060572994391
0.019332623102577370
0.013970298837393477
0.047321907132896086
0.002733521936813604
0.000646316747585272
0.021360375457998966
0.007313229135649885
0.009508202683795925
0.181269250805829396
0.014056439348384318
0.001497329409647779
0.027314964241173127
0.003274055200555397
0.008742500412038617
0.063369524601427071
0.247651265733672854
0.064631767500402018
0.025987485525771327
0.019563762271731594
0.011230248516271015
0.003377552637575327
0.099632602427600123
0.143013499330945038
0.045897080104412361
0.026919257248529033
0.007152296849298655
0.002698791253228185
0.002890840068202245
0.001642234411709498
0.133173287905275661
0.047909942989094123
0.002419372921790040
0.002972398842199000
0.002938972427588549
0.000992686238298651
0.029958714019968306
0.007841204188785696
0.002604066614676017
0.004786743332093826
0.000241486011253760
0.002121574497143228
0.024482073428547843
0.001849852233251660
0.001982914603870758
0.005623843363868460
0.001003187360456686
0.000076234035010906
0.008771121471535460
0.002607467300455330
0.000000000000000000
0.000169827209678589
0.001650839225028613
0.001813544963518453
0.004799325852443278
0.006506433144456534
0.001929140639516687
0.012815160181410136
0.019406146370788004
0.004939961660254760
0.006298385744571497
0.009384355602855866
0.002854146777555374
0.040780341594796946
0.400000000000000022
0.282179895561906813
0.005189571452935271
0.010884177162633506
0.005635580223580442
0.006230444378951679
0.196435499506623729
0.400000000000000022
0.124891217344502994
0.046365733634469108
0.013654346718454700
0.000000000000000000
0.000728068559293803
0.000406338261277208
0.329145949990852948
0.066978910540571257
0.003081426653523389
0.003208504904965661
0.000848321521260317
0.000946040431033715
0.030683862961336301
0.016901397699681006
0.006618008651946981
0.014124884265809377
0.001635791575543469
0.000739215894348143
0.010131282223318844
0.005974111537808732
0.004602752241447282
0.008525120080074767
0.000876285671967423
0.003136276701638295
0.009066283010073471
0.007133130603546014
0.002980655111128721
0.001940833465209248
0.000185811274641680
0.000935266806218496
0.007572857088924592
0.006997139582799941
0.000814065246579055
0.034872821178582855
0.028618326771636129
0.001819940163995283
0.005157281722383636
0.010251695109283289
0.013771082766414477
0.291996231159811215
0.376184353362667534
0.179645052056089105
0.010181010374243880
0.003712890995163109
0.005164349717289679
0.016629571779503374
0.190085548126456449
0.365795975141999574
0.079937456100999060
0.027231200226624775
0.022411921293613687
0.005309896225468535
0.010594818199815299
0.000556240471933663
0.306310801435843327
0.093952034986930985
0.001532796808511615
0.005818145145046493
0.004174123889535067
0.001148668017297242
0.070223208657467853
0.023397390646478167
0.006656983649198992
0.003457357158143730
0.000377276427771284
0.003691328584436869
0.020840347123783833
0.007424570597654548
0.003940984568144343
0.002225950786648447
0.000302553405471589
0.002401125619968842
0.006335785857889895
0.011112774604398048
0.010889117445605905
0.015246810101518439
0.001747022400370338
0.001316842251951108
0.011054945813789166
0.000000000000000000
0.007458003268229752
0.059255217936447738
0.018005088323401176
0.002624169640812334
0.003563676189671058
0.000663460313400654
0.027504284794765285
0.195939861460015768
0.102963551494041766
0.034355008863481959
0.005126829303728305
0.016999022406709485
0.008565771812269054
0.010297301667598742
0.027990729319109852
0.065134350453804057
0.212042827132098183
0.384439051691946032
0.033243681690807152
0.002676653387885215
0.003020767675352049
0.001164653945708131
0.048051695607666083
0.069714371044166321
0.004972311061940970
0.011843858237944814
0.008356547492079480
0.003877364971296862
0.018639305230467414
0.021728923532684741
0.009954504722511475
0.003796961961802141
0.001346054530499113
0.004471883108265959
0.020589154133449587
0.007455765084740197
0.005215213186420053
0.000000000000000000
0.000000000000000000
0.000000000000000000
0.005243906258930094
0.014531198205035359
0.010376572121026169
0.004632949130540068
0.002608629390019664
0.001547580480217698
0.004944482512119477
0.001045406896317936
0.007491582046536559
0.025042248531580984
0.005986057322756776
0.003970894738828483
0.008486826418430706
0.000738447581152078
0.016324066541858605
0.030174071845885296
0.002970381928579899
0.001951339289011578
0.004623500388663803
0.002102721793585286
0.004359513190532014
0.003382410043749349
0.003041345408391369
0.010248471871513024
0.109890235919161500
0.232653252114206538
0.032217647664011584
0.009326410015607587
0.018906898790239973
0.002324321001396868
0.150096439637756929
0.014099903765081294
0.000000000000000000
0.002082055974947036
0.003577981323301709
0.007725255389868220
0.018777943928796240
0.006596683608675833
0.000061112792550321
0.000071952482475627
0.000823560085827524
0.010107083804031981
0.023283745252969619
0.006787585204253806
0.000140622811856264
0.000033970102642783
0.001495310549583917
0.006603102717142114
0.027512683811651662
0.006691427626374327
0.000000000000000000
0.000224171916775738
0.002145621892407491
0.004481510198319229
0.014591490119930590
0.014243944120074053
0.023611963208132296
0.021887848268496442
0.007449186282995008
0.002557737220580002
0.017762889495035249
0.164422597948782667
0.400000000000000022
0.048948360448866982
0.029007959832700648
0.036917378748622054
0.010248769063918054
0.127817558222029837
0.146731005691936117
0.000246809713594822
0.013612186302260841
0.030471112235096857
0.179438671958143114
0.196110618179637430
0.267669775192067083
0.357024783089717079
0.390547719930575576
0.309414366732435941
0.084648771620464275
0.115557298581956819
0.358490874434947981
0.378031142516988106
0.375355263170088937
0.400000000000000022
0.068725668031505524
0.162081567767051626
0.400000000000000022
0.392203312034151819
0.352491646846604001
0.400000000000000022
0.048085689230889565
0.152485187900568170
0.400000000000000022
0.397308360565426233
0.400000000000000022
0.327236886080170875
0.078371493801428535
0.111261562860858684
0.395613145172398650
0.362805670748832687
0.400000000000000022
0.118528832296386846
0.168916212487707912
0.168004793013915132
0.400000000000000022
0.400000000000000022
0.346395425378102195
0.400000000000000022
0.089903754978425912
0.131799835947299132
0.396196600991416070
0.217686449544372329
0.122284896455998188
0.400000000000000022
0.209334915214468453
0.181254979182438491
0.358155637940863358
0.354862937482958940
0.032026683204000143
0.112758463672079368
0.180903367193954612
0.131777970798285737
0.090716427721094547
0.368652683913269108
0.202542135299884629
0.135103713616330529
0.143188799791825583
0.204098143899381107
0.289905012276976848
0.315094604867489747
0.194583447811260524
0.237928176425342530
0.265246690367248517
0.306517324127269342
0.229267004690881349
0.258926282904776484
0.169953931438438621
0.304310979704031759
0.366253530857985510
0.257205265424618246
0.239868723504126607
0.226944158292150089
0.215851971948627042
0.151092253666833320
0.382253192561487320
0.167710628675818041
0.344178020751205627
0.249013406312190877
0.268011228382309064
0.058305745840090129
0.368442704213291394
0.161500871180692174
0.338921380908777992
0.254573283746681367
0.190178626363400494
0.087536823701829983
0.400000000000000022
0.149110478413842590
0.318235639234015766
0.101033139741722469
0.029027716845647818
0.104528202641565857
0.288973501844401570
0.233643050608337038
0.244907844892006177
0.290576121518419495
0.220188278855601965
0.023338019392738499
0.069426391228949488
0.054600637208621461
0.024871319674289009
0.004676993025708890
0.010371670750389679
0.008687080542136030
0.041592137661334211
0.032940500021525661
0.007507059976696732
0.032835807199079733
0.010653734882750693
0.017745658607391905
0.015869926830222102
0.016937671041706466
0.005049283223175042
0.013502158222266842
0.009873199463268978
0.017164790181026752
0.021794749107158611
0.014905033324518934
0.016538245585941060
0.023563308069076139
0.008069978764813506
0.010492851469425468
0.027023191842791179
0.017731058107538656
0.008519019909471647
0.021051265770445946
0.006846510726154702
0.001690865143367031
0.008455785053323039
0.016816440865860288
0.016920169270199528
0.011090321343379663
0.008479128409290224
0.001490364818546655
0.006536932721812641
0.041642702539077571
0.106824197508383234
0.032758684419146630
0.009937091302606048
0.010209906528211474
0.012381575706819494
0.080501482767655980
0.071481395841806988
0.287241309718510085
0.391447936813480557
0.028493690179494803
0.069353644679896367
0.087575446454481273
0.017719219174684317
0.000000000000000000
0.002781946058907226
0.002464387008994292
0.101685705710078622
0.097878266408690129
0.009264468822909787
0.000319389059879922
0.002047274764565193
0.006076988085587761
0.016215711610030391
0.018475493715185264
0.004949532684193137
0.004736222445361980
0.003359984604348168
0.007361631334456858
0.025068228270993836
0.001856946986407318
0.000878584825268625
0.012956245032080737
0.002584303265464891
0.003456027455329816
0.010098353586777194
0.006206866259686473
0.003951914258602839
0.005382057282297964
0.006534315238232915
0.004657532322055457
0.002630792250139726
0.005115473950419738
0.000623240750758338
0.003595315161565642
0.005262576953237304
0.003801011553846975
0.000000000000000000
0.000000000000000000
0.000165501406301296
0.010693605849157038
0.013650010599678620
0.022838110222960884
0.000000000000000000
0.000111654416199526
0.000267444509908667
0.064888235349094978
0.076010234425517478
0.020986643263875886
0.055549756849888457
0.116069278027589928
0.059212669180384821
0.061316068667212273
0.042797153276410045
0.020479223075969690
0.101232751958362691
0.112930392644212521
0.010684004821964570
0.002216380463838879
0.003791628607274658
0.004242706454776682
0.017803616342678887
0.002035108842686155
0.000000000000000000
0.002606603385981192
0.001966898465146564
0.010630377550021986
0.004949826456529628
0.000000000000000000
0.000000000000000000
0.000067940205285567
0.000698617797337169
0.005741022879735679
0.010856571445920450
0.002702279749957615
0.002420352509208196
0.003248403035990032
0.003170505563589715
0.002339681466164107
0.002752886069095685
0.000748543638052086
0.000713358120062870
0.001366250090212903
0.001338592204825531
0.001987363594868150
0.000210236633047561
0.026340047399271427
0.087317864306866694
0.120886444230053458
0.045349408225959849
0.009981351195627982
0.000000000000000000
0.036380677284669670
0.114454510259903858
0.252477369509219396
0.178822673020942208
0.035705429418082898
0.131722744708121675
0.197977867885663322
0.057206588124173313
0.080145509753328251
0.054991708485496685
0.026628053742301837
0.098220685712624864
0.231071834335924542
0.051223255862300379
0.001361253345462911
0.001306325099309329
0.000939605512775021
0.043966667103179535
0.009393952788508778
0.000460290418697953
0.004292727340723348
0.003377277877763077
0.005365338251448679
0.015719163177641871
0.000393320720369207
0.001506859507619383
0.003971729156059345
0.001344348995120654
0.006088053578285381
0.007771899844957957
0.000527375693032529
0.005026864944627465
0.005703832766706824
0.000198875040720121
0.001066808299560228
0.003992166942464083
0.000000000000000000
0.000000000000000000
0.000442409131766504
0.000365244504261278
0.002449461971965860
0.002557766845399212
0.001607322181678740
0.136364319897351483
0.329836448037674312
0.021313109634679153
0.011504655152490956
0.000000000000000000
0.002437239697038282
0.112036368024937910
0.302793373710770530
0.038579842005058491
0.030561881396532264
0.400000000000000022
0.387965867687286470
0.223238928205572562
0.373293096583730666
0.400000000000000022
0.400000000000000022
0.400000000000000022
0.319893473076463097
0.074355278123731383
0.006841074422886025
0.010384851705629815
0.003742161551747367
0.103281059071619219
0.023397390646478167
0.006656983649198992
0.003457357158143730
0.000494865306131549
0.004579117248731767
0.049926371443320766
0.007424570597654548
0.003940984568144343
0.002225950786648447
0.000447085287066297
0.003079437792479433
0.009179410012343295
0.011725983512034983
0.010889117445605905
0.015246810101518439
0.002079411713238081
0.004417052021378760
0.024327519888103596
0.005948226982910568
0.007718767238100245
0.059564258519392954
0.018031631448449111
0.003575371386753417
0.010225286752838621
0.007780594316271219
0.129797014096823565
0.302108182319943186
0.103590543771274329
0.035036692489227667
0.007389840104462949
0.024120168132039217
0.085246010586050108
0.089040889066685072
0.060082797697146730
0.093307586087101504
0.322927395134557815
0.400000000000000022
0.092763658176111638
0.132698881693001480
0.153331161662678211
0.192609697478297648
0.147234498790286467
0.317189518695679906
0.103566398708476351
0.011843858237944814
0.008578300209554829
0.003995620025176077
0.069387073062845778
0.021960297139686610
0.010791945736585137
0.003796961961802141
0.002034698335148296
0.010410694640102703
0.035209911214215753
0.007950225418918629
0.009333684929403431
0.008766273661355795
0.000362271324509300
0.002770407180187373
0.010987456387972969
0.014988257138996885
0.011558772787164344
0.008211176076493017
0.003476040736823433
0.003724885579839693
0.009904492403051357
0.003482014248997306
0.007695752085050792
0.025504456634105947
0.007657598070800305
0.005408457614659540
0.015131423991599918
0.004229075650150509
0.093424495740270674
0.061838034943858478
0.006056381752073469
0.002338074724375676
0.010040988518796964
0.009289659919202508
0.078057326797953255
0.036593041366264858
0.047931373282344286
0.077950526897338931
0.144578458899208118
0.272983487100159128
0.095018067149383351
0.030567618579389472
0.031352207507201052
0.003103443305829849
0.213514823825618733
0.112499466968594017
0.061093298638542334
0.016046057159876767
0.013325954473174327
0.007783201461833421
0.050816193700392732
0.025683935473447980
0.008186491767001610
0.039418240163305404
0.010621504727844922
0.013533193674641028
0.034829629625086136
0.007659224308787549
0.004002554872881916
0.036855025113801641
0.002491914007728919
0.010427637801479253
0.041776750879955672
0.012556441999428779
0.001665081307788738
0.001960153918677156
0.003025257494676814
0.010698050793873138
0.033637388468864458
0.025392180247456018
0.024719756525241499
0.023722172746167263
0.009662867097430156
0.004729828552592092
0.027568462324246125
0.220604011489375668
0.400000000000000022
0.066483383617191666
0.029420432892064963
0.041340184291310124
0.029326752498009142
0.208266257942397448
0.203900393221261439
0.012055965749249616
0.058395180023434766
0.062041829955842093
0.248749418529517957
0.253243787453959313
0.400000000000000022
0.400000000000000022
0.400000000000000022
0.400000000000000022
0.193009776292965174
0.301065449759899129
0.400000000000000022
0.400000000000000022
0.400000000000000022
0.400000000000000022
0.167007153460172725
0.385167554417117697
0.400000000000000022
0.400000000000000022
0.400000000000000022
0.400000000000000022
0.153741112479528180
0.379153865258070932
0.400000000000000022
0.400000000000000022
0.400000000000000022
0.400000000000000022
0.132197041952144323
0.297233239908756997
0.400000000000000022
0.400000000000000022
0.400000000000000022
0.400000000000000022
0.316426468553599460
0.338538615452595337
0.400000000000000022
0.400000000000000022
0.400000000000000022
0.400000000000000022
0.235544883999127957
0.374404892147709334
0.400000000000000022
0.249819748720522095
0.317181662234114203
0.400000000000000022
0.394363213743538166
0.326354929727409870
0.400000000000000022
0.400000000000000022
0.179519196096280781
0.217081413910059612
0.376243429549089292
0.192810744332949702
0.400000000000000022
0.400000000000000022
0.353123553596772166
0.391851581389963566
0.368203458625986801
0.376020448055009116
0.400000000000000022
0.400000000000000022
0.394445583258696164
0.388002321258203053
0.400000000000000022
0.400000000000000022
0.400000000000000022
0.400000000000000022
0.397050060816919681
0.375354944324800377
0.400000000000000022
0.400000000000000022
0.400000000000000022
0.395594436077897571
0.399285699471110866
0.258156892311242947
0.400000000000000022
0.400000000000000022
0.400000000000000022
0.400000000000000022
0.380196705746405517
0.241026348678578306
0.400000000000000022
0.400000000000000022
0.400000000000000022
0.386663729511704135
0.391725808230177663
0.235385052030080810
0.400000000000000022
0.397652496360009211
0.400000000000000022
0.180364131254654864
0.225229152524235615
0.131881305675753874
0.400000000000000022
0.397287317233803838
0.400000000000000022
0.370970131042271167
0.253485091054075684
0.106718493009679172
0.144673356675688813
0.103894845574950531
0.052850624745453004
0.019933821732013995
0.018763792856440982
0.009220344092230628
0.215907143528021955
0.075103831482557518
0.013927005124384209
0.063876812205589092
0.024027399467520378
0.019692513955800010
0.137681063173295065
0.087472179293892754
0.029659166063309816
0.047234207474826893
0.025760864216929354
0.017497823387169025
0.088303074549996544
0.064739493957760741
0.036865047855797799
0.046929519641588355
0.011083852980146693
0.030417588236000832
0.094845674627517987
0.060677628691853495
0.025089851104374228
0.086104386491434148
0.014368141582467239
0.008672505599693032
0.088236778414589115
0.041279278901213468
0.034317805724717591
0.400000000000000022
0.077261424183762861
0.004018381020924032
0.077724497379105112
0.079684104818969106
0.126911734680874244
0.298743027481634726
0.094130638248353160
0.020732947517939599
0.129071788980496177
0.334399292122894876
0.191721024816300267
0.300176699461714880
0.400000000000000022
0.068208656708199783
0.186347221952853498
0.111770174241688530
0.019286284191269560
0.003577103794265422
0.004610494951223863
0.002464387008994292
0.222989879086805870
0.124079563374391605
0.011418441666241248
0.008728679614416828
0.006806955602761632
0.006956805686449117
0.025647228182126246
0.037025410287842647
0.011134218660776558
0.014596067730652956
0.007184615220257063
0.009908366087128547
0.031920393086221410
0.015176808226913602
0.011277455753107807
0.021087748683286368
0.003283290126475978
0.005431586827740717
0.022020414159771583
0.025539489362263842
0.017922213095996314
0.052703964415194045
0.009267837175046518
0.005303849069640728
0.023991167708138694
0.012428703086069623
0.010131443434554263
0.184864565967395061
0.019319016301621621
0.005298340963494753
0.027314964241173127
0.003274055200555397
0.008908001818339912
0.074063130450584116
0.261301276333351484
0.087469877723362899
0.025987485525771327
0.019675416687931119
0.011497693026179683
0.068265787986670295
0.175642836853117601
0.164000142594820958
0.101446836954300804
0.142988535276118961
0.066364966029683475
0.064014859920440467
0.045687993344612293
0.022121457487679189
0.234406039863638366
0.160840335633306630
0.013103377743754611
0.005188779306037879
0.006730601034863206
0.005235392693075334
0.047762330362647189
0.009876313031471851
0.002604066614676017
0.007393346718075019
0.002208384476400324
0.012751952047165213
0.029431899885077467
0.001849852233251660
0.001982914603870758
0.005691783569154027
0.001701805157793855
0.005817256914746584
0.019627692917455912
0.005309747050412945
0.002420352509208196
0.003418230245668621
0.004821344788618329
0.004153226429682559
0.007552211921538963
0.007254976782508619
0.002642498759579556
0.014181410271623038
0.020744738575613538
0.006927325255122910
0.006508622377619058
0.035724403002127293
0.090172011084422049
0.161666785824850417
0.400000000000000022
0.292161246757534743
0.005189571452935271
0.047264854447303183
0.120090090483484291
0.258707813888171101
0.359750506703349515
0.400000000000000022
0.256613962052624656
0.244343601520132458
0.070860934842628009
0.080145509753328251
0.055719777044790489
0.027034392003579044
0.391248997330532311
0.298050744876495854
0.054304682515823779
0.004569758250428572
0.002154646620569647
0.001885645943808736
0.074650530064515844
0.026295350488189786
0.007078299070644934
0.018417611606532724
0.005013069453306547
0.006104554145796822
0.025850445400960716
0.006367432258177939
0.006109611749066666
0.012496849236134113
0.002220634667088076
0.009224330279923676
0.016838182855031431
0.007660506296578544
0.008007520055756187
0.007644666231916072
0.000384686315361801
0.002002075105778724
0.011565024031388677
0.006997139582799941
0.000814065246579055
0.035315230310349353
0.028983571275897412
0.004269402135961143
0.007715048567782846
0.011859017290962027
0.150135402663765960
0.400000000000000022
0.385912264153662199
0.191149707208580016
0.010181010374243880
0.006150130692201391
0.117200717742227581
0.319422945490273891
0.228665390131514962
0.386964710102073783
0.245169808905714992
0.197964338666113515
0.162177841006525963
0.250199206012354347
0.219476306179683361
0.208742533036935851
0.252033492620194921
0.195572412597977058
0.196310864255183182
0.188107013267099332
0.159722680984814569
0.142653937791626939
0.138252392239809063
0.146543567027463351
0.159459605484138900
0.176487890706950284
0.156043111656545413
0.135697915259217400
0.136394929366919770
0.133979955973050846
0.171581564243072027
0.169751460142566674
0.153829226387654810
0.128519932597235320
0.133469536276702189
0.101833844861838538
0.177644094994396068
0.182378517008238650
0.144308952686331593
0.097571858008611873
0.153184296602206643
0.108370364638664063
0.182162870021161938
0.215006789585336089
0.171558614338230664
0.128859125534042995
0.146213591133206922
0.144499657669000553
0.280597274737346858
0.289458175952178542
0.243245962351356149
0.145676851790167289
0.179135794609463966
0.150641794581151511
0.225929909742548896
0.277299145834933980
0.256997075174514533
0.182522868787357878
0.260791957639886829
0.275289902628546135
0.183559971490156404
0.215432313724604280
0.196099897213330238
0.189907420226916340
0.310486162659686982
0.277169454698161177
0.212000973950346894
0.163341881527935245
0.143598220479841832
0.128903291881926702
0.156564777954561390
0.163773645780540628
0.164326948435049552
0.152959035279282590
0.139786728510646635
0.121618623432865072
0.146676007187264035
0.140166746932574304
0.181702745772191004
0.153907954697319937
0.141729175705502669
0.119606521168391086
0.138305556101066512
0.121028436387332738
0.194399145664180845
0.151070238679370167
0.124249610078057890
0.092747449854452602
0.157977379450425420
0.128949993910826066
0.195610514667708596
0.188431448333092694
0.152041382887345394
0.119429831110208245
0.142783096339087728
0.170507158589209062
0.305152025672491889
0.233521619668294211
0.225397318082287773
0.154775323282692417
0.161268555535955371
0.219206301708069928
0.268873336810726393
0.226511186200498010
0.188424192915575189
0.214034963528064698
0.283146432215198918
0.269272819480502579
0.210003685875881113
0.282267408841514023
0.233854431737662155
0.223393223279618303
0.297218826689563842
0.214710298913561748
0.200132961290900024
0.185026327468096330
0.157406630384155199
0.136414812208623337
0.156138406062471452
0.145347187955266771
0.156903398427465118
0.172754415925805260
0.153458912360008942
0.132079609351567817
0.136623565735022351
0.122567909452512072
0.168699011656465059
0.167665657350992398
0.152004562006942651
0.130665229704862385
0.125855307666866201
0.103071703164370601
0.185692229622435784
0.183572384919390402
0.139292781097911517
0.095713190039982771
0.143396359776471860
0.103188142781765843
0.173631326471605479
0.206510424056724484
0.170027350349457040
0.126092922343390590
0.139150324968094125
0.118162876025289923
0.242040786497645516
0.240352035986160756
0.222490465704346357
0.155121749760819772
0.149879470636205769
0.144595395992552472
0.235190343062654600
0.291044970686261006
0.220660793033218006
0.177844119248304622
0.277685025534325058
0.310002580105721071
0.244883227268262005
0.279975795703631514
0.224728977260746005
0.214483260401628462
0.320665785219686472
0.326861240794362240
0.223363586357868960
0.167527072277573491
0.140431142474455234
0.126009646352353011
0.181417775872266679
0.186669664086454301
0.163657081401720611
0.146960303583091756
0.135579173475776443
0.119851294626970042
0.153276343841677681
0.140405045228320230
0.174256315188901695
0.148657770250951199
0.139115017103475430
0.117386054371571416
0.134922349784490081
0.110353779454270579
0.195043142514250034
0.159226403262610477
0.125294561709933944
0.090393047672937890
0.150759046561945526
0.121398894249929737
0.190764935254622459
0.181662759688288544
0.143392882851656966
0.118540134534479896
0.141178413152839605
0.147317207386265692
0.266718090364319926
0.187443833929742121
0.194983684324603612
0.140944095898007327
0.143092972505081767
0.170620128196059762
0.259973495047254088
0.238243345689186148
0.200224471458151976
0.189912778651678937
