0.227314836830148137
0.008239287597058101
0.323147703632596373
0.143144848518551887
0.102838843105456157
0.080777027223610923
0.126748215904501943
0.002782701529134938
0.010320899613622501
0.006615586864268310
0.074076993001630287
0.098548780212592016
0.114544032205049578
0.112683877308807995
0.276049747526753375
0.094126246499862343
0.097148771688018387
0.145111629819747401
0.068959301236977660
0.212305810617799379
0.102225279744969894
0.061643318130331901
0.116364451198916252
0.076583964695662476
0.009854931366136015
0.030985831521856182
0.024811838873805774
0.055297731140534281
0.070619220607685523
0.043418317662362510
0.000000000000000000
0.025045661228564709
0.104436720978438050
0.060711697796492388
0.055681047172090221
0.034870275733669444
0.016371571065722103
0.053335188492344102
0.134451900768749105
0.138853698369622469
0.082068923802702212
0.060347514814267270
0.063721231669670864
0.122561175257880170
0.091562547944566114
0.063059143878043025
0.134775786936260855
0.144797461070908684
0.143126266456948315
0.030998006628626174
0.142455316451117781
0.036187636464854366
0.065340796930080935
0.020613129925981060
0.171501878173926620
0.019293274164688984
0.061527408114155892
0.066197958118801442
0.082735933399401815
0.088241974089574959
0.107370519692421951
0.145541819832941066
0.174304520110174554
0.081033750897535728
0.069822602306845283
0.097113770821364798
0.072333749791181873
0.197433511563860214
0.127734396206914874
0.062113179175845648
0.085500248796172518
0.165857793843954604
0.056745768113952599
0.023013277240299591
0.056054805494197439
0.111013541842644767
0.078519751718467645
0.093440373167579097
0.026178121317573310
0.033187249836702425
0.131270736359282464
0.159026380889267432
0.080403770433989025
0.109080997225200510
0.112648311967203485
0.208321357951301800
0.363106539499655101
0.354224683711265864
0.070759306671808353
0.114360673098354904
0.144419893711876385
0.267383074267399712
0.278757888484602701
0.097704432372739583
0.051786266073845420
0.210625607478846011
0.062550113592347995
0.074332804654375931
0.120377544244407317
0.066144384410098997
0.051380169286371444
0.134417154891363827
0.099203734173001656
0.016541972565198369
0.008395672286498910
0.034989648605719147
0.243097541590731658
0.108399801671504870
0.104286125679510899
0.288228907506639098
0.400000000000000022
0.138019495955610638
0.214987552148545091
0.041178201145681624
0.074311631453648622
0.229582616333089129
0.378796834546988814
0.032918360653791390
0.161477345856375021
0.041672997674842435
0.067958097623079708
0.020195629765061236
0.042631794049665189
0.204714982784629657
0.122467846414066134
0.012822004718235873
0.016054638466188424
0.026711638799517257
0.067626061469472629
0.258694193488054558
0.069835992499097971
0.066083034115252362
0.115958420636916942
0.097155241045372043
0.304935885100482362
0.295880652085850127
0.044799773765375132
0.050103909187693405
0.200807221992389678
0.104558521622937300
0.138652352785379351
0.101939637177049680
0.033603229505646405
0.020598871501262713
0.106626366280994561
0.097812877145420474
0.305408024897655284
0.027620649525524774
0.068280011310758476
0.090840925368419173
0.048584781379091252
0.147230283049612276
0.311334075199907745
0.117269006998687864
0.245365437508525686
0.109393645733169384
0.075888597034358934
0.064469206437857959
0.043808463342194334
0.111999041047821754
0.311206334613048141
0.070207673741534651
0.129917683278242213
0.059300915937828241
0.098191072828208631
0.025998658507496216
0.171460115162441612
0.060594923274221855
0.051911887765411002
0.026262610582302000
0.065122298800119952
0.084663130003302015
0.095070442640090333
0.079931993437730969
0.002936890787364640
0.016143407891311450
0.051760055278933861
0.338564586076157692
0.267968589026700732
0.186945023903960311
0.080210856288267310
0.018548330797713099
0.198169572282064110
0.333176943170988282
0.053586946171553303
0.084424137533745780
0.164774924739665873
0.043891117485318168
0.150067267452953845
0.055019537093352430
0.010114720661971123
0.019012917166267684
0.090305998469784834
0.191209263115915101
0.380324072123329748
0.285458813925162092
0.214744726130314173
0.048055150869108693
0.060756284970477116
0.227558428154530423
0.400000000000000022
0.322921488866846573
0.362278479670231246
0.056409796492878382
0.103436424836024082
0.067367689798544544
0.057427608560011847
0.087378609448322792
0.390241886731237941
0.173751921779738083
0.143766030884249940
0.022749275203158465
0.075954633647320136
0.059513348919475989
0.255895162912451568
0.152456020983228274
0.054794574436589222
0.009915025735097366
0.116127000746888615
0.112283899527631167
0.267825927823927668
0.142937417352148100
0.064840993315096421
0.039358313705961372
0.154274238921372070
0.400000000000000022
0.400000000000000022
0.359914120874148591
0.080928886419303431
0.034452383213361915
0.127560759051174533
0.158540864176733659
0.214854313349261333
0.170907704711441621
0.051350136026151835
0.028938981842379485
0.153882614683231833
0.176702554870647094
0.160486893640680917
0.102172946238147794
0.062251006240208968
0.053671315454454402
0.100719488246384686
0.227360688890396040
0.188963269551028545
0.072734361650277315
0.035058403269896454
0.060250582495165711
0.181901777144069576
0.266461238579542292
0.286407329069532646
0.118446886883191535
0.057715019432697801
0.015181049730253936
0.017706950555871896
0.066807760625306536
0.400000000000000022
0.106648424972217021
0.400000000000000022
0.047540575101731278
0.070426340550597447
0.050618303747520944
0.400000000000000022
0.178636264888344276
0.075020730981414790
0.055002289888471459
0.154841748681672775
0.074771454497224624
0.400000000000000022
0.242075817610943544
0.011878184797642646
0.040954161124966248
0.153408165381818007
0.329572590407981314
0.287575120585061406
0.257086430068025007
0.081686883627977228
0.008427721386457098
0.105773894926379147
0.221824420977612735
0.144494874157443137
0.232813631825636969
0.091102011812491474
0.022446378717619342
0.096117641401344781
0.171313312955812258
0.277373142730865718
0.212149584086457621
0.146502269374157335
0.060563304172817578
0.049779715977968451
0.369594722581468305
0.342468099211426513
0.157896381039729056
0.033851166087730054
0.061543403185683687
0.233193344795464386
0.212532361559660210
0.264583776802125914
0.309033589050435653
0.025645233875779837
0.044738487564647982
0.115190372357739046
0.114536714690758712
0.306634361817872680
0.209523266598538871
0.163519768250974112
0.051486107190828231
0.270683204451933723
0.185705726479453270
0.386967644884403605
0.211185006944172637
0.170927314315557632
0.080271659614813362
0.206245827682613542
0.095238986077099769
0.400000000000000022
0.334594324308518209
0.022148893230029672
0.067091201803929815
0.088211292448223136
0.058897190004148461
0.149579824538333572
0.160579503687744179
0.105060863533639443
0.001967619384693451
0.011143423652601563
0.184258825171266905
0.196170910530206910
0.192344430359462332
0.070676730709077346
0.019765918468180880
0.065023569558283117
0.345453105008871386
0.400000000000000022
0.208461383258046390
0.068907247809863792
0.030495299397256419
0.069473045136889275
0.256542824786261559
0.400000000000000022
0.239097545109103610
0.003762399593971063
0.050971083338124099
0.323953707587971873
0.157224284605510523
0.307340149585440758
0.192042516930942569
0.030654067372953165
0.048779420208245550
0.235350022912499457
0.162419853642542966
0.235986600951561876
0.187638222077207983
0.036241648689544007
0.080192297090681403
0.216733664178462238
0.189105956416999482
0.325139836144139327
0.283380191641539381
0.159727300485353663
0.071574457139735773
0.229536967351196608
0.062690035476489797
0.126457181005189462
0.218116995988489382
0.089826287548370076
0.107442908892704955
0.074994522712335809
0.062786607442568837
0.077400475867213936
0.141071486107732680
0.108179387778429559
0.006474555108147864
0.050941672013030875
0.310184610596727861
0.158282916611741653
0.099012392503634084
0.058594956165711275
0.108024499791966072
0.273928021403740785
0.237890360767806508
0.243065754090458580
0.185102532008860871
0.064506265497639576
0.017320254356540037
0.108346248093363601
0.104874357463970835
0.080431720102760451
0.078357189389942433
0.025859932336821025
0.012090705889380998
0.155849195165750604
0.062422627320289192
0.071229371222504057
0.059764075991868136
0.040093480076706697
0.029906676594099069
0.167789696416328737
0.090666455777099197
0.053162555818343969
0.052328484023524469
0.064011347795857751
0.088625224390065704
0.267153442602985014
0.082422263436337809
0.079410974870128478
0.116467802721061053
0.025904937171533512
0.091828767619934970
0.114055706012735278
0.065736529440177674
0.053806891065219228
0.143996855689726200
0.030411964190287692
0.099503529845660590
0.114429035690721298
0.081767355473671866
0.026899769268574188
0.127311055631205067
0.062724727721230722
0.037756112046700582
0.085108869486256150
0.248042007113876806
0.226154769031495700
0.109615856342922452
0.023872423912990826
0.081479741558337482
0.222878708824955279
0.182075944433448877
0.182915843826679525
0.217138868745935798
0.063275545904116437
0.002909077388584813
0.046686789105579607
0.085261746302811442
0.079945346673824316
0.127467457373397847
0.017825588987450292
0.005308647745098828
0.044188250531039253
0.060577704112042483
0.264327603011973000
0.081068404366900604
0.042783194457007706
0.083766711330046317
0.159544566114114300
0.035743741388601299
0.060137484858007323
0.085707088387446978
0.068536381681097908
0.155210591638787282
0.309156127267367964
0.235251489594537289
0.101658302434984749
0.082840105816377393
0.131612598132157754
0.106458671197271301
0.120900231312690773
0.148761618463432110
0.042038116632143324
0.087419595255035246
0.059357956134072944
0.106140257240555688
0.189642174920971185
0.094237680979768618
0.028777836894028561
0.070837542915626675
0.033393391515567604
0.019018805111347216
0.103756238805968778
0.182449319598172177
0.148259600458744589
0.104929665754691051
0.087894080605921354
0.107817371538298956
0.285504362195949324
0.156782599102963410
0.047181656775214673
0.081339545545065117
0.091754944256809162
0.007757010310751595
0.051058561377661883
0.054399517682224896
0.029351421845464704
0.066122987182496124
0.008099798134048071
0.005239925916029485
0.056303677373010931
0.172489958098341389
0.057096482217040993
0.045162092977845972
0.062924320024740660
0.110806390312980174
0.140134515570203233
0.131972019962481257
0.107755081062506697
0.096219191739891158
0.027667433822627374
0.292226376407759170
0.337029674239513299
0.365705234286776815
0.121184893191993465
0.070209779479849285
0.082177746900304119
0.105364961926318251
0.104960984159909912
0.192630490056029224
0.053079458991905831
0.062039357252401242
0.100978999842986444
0.239143765397981461
0.186421572504689242
0.041655492462564447
0.042136324152474695
0.097777075067115776
0.233518876133113673
0.313550421766150833
0.178022920968873399
0.158073009525402569
0.128812208697078240
0.071186379457738674
0.295143388345353752
0.151206257454509663
0.105085406407102844
0.173798547672367409
0.122745921391854224
0.084153580570908673
0.093381821567760759
0.010325229368086303
0.028418920459145812
0.012723450445299277
0.027118122687584026
0.032419538965278619
0.074441153997895720
0.021867595300419224
0.030235148582166516
0.095484262232258477
0.079962190272022268
0.041216017424723521
0.140354686054474764
0.092680396548585425
0.022008491515681988
0.097481561965791705
0.054453739777137668
0.063649662858223127
0.180074126657429556
0.241112783757732235
0.073513688811256306
0.074915466327726249
0.049625197503710333
0.214886811249061782
0.141430984808602112
0.153375617384031354
0.088589306459053538
0.123050279980352908
0.084640015770640620
0.203882390538153463
0.120555421467306911
0.180635307241761245
0.222292023905279135
0.146772605534898321
0.186938940894413569
0.178792981314048666
0.218135150117780757
0.336365825468712021
0.163427918603145234
0.196462713764075148
0.052573791856297750
0.179356216071193147
0.176912132470255001
0.219329518493908526
0.079273339207777058
0.087147978091345113
0.049691976177006783
0.049634576332856312
0.118067814753166078
0.009047758896947889
0.052510418262949179
0.088796415105720811
0.037554070114859554
0.063462166904974943
0.223747374525438913
0.042390869894619307
0.047296121877342910
0.096689633252047838
0.111690716606723223
0.110272971948786921
0.346351488971949839
0.144898293061127059
0.035810433032625384
0.164637117547228623
0.091101223850926810
0.123012727925611284
0.327230492816448559
0.400000000000000022
0.059016475650294803
0.213242748352582362
0.067012714436911924
0.177234136039283063
0.170973249789143827
0.278709527414282232
0.083800451959377659
0.291254908330218554
0.106954781074481434
0.138841845323234236
0.257133581041956938
0.188901148231741089
0.255741101807950566
0.109282105007456998
0.152517977090111168
0.223227710486990444
0.358875285043959602
0.354758476387356358
0.117861716145622880
0.067259802225325238
0.068965455199292730
0.225119661360124679
0.250754228750289299
0.260011723665836969
0.050951124988454610
0.133537057654457086
0.054816695684334088
0.049824482234432178
0.112126145273713396
0.028660547163295670
0.091738249545030293
0.215267738645652629
0.100194647864774750
0.167303942550929119
0.134971500147126722
0.051783110299268506
0.168610042143441136
0.353380323833271448
0.056909421128996274
0.125016985611681730
0.347671073179586121
0.172116788225178313
0.058113688515220516
0.118869844727183469
0.034402183866248451
0.060080478661801939
0.189697791897268903
0.090741993343552069
0.069442217551778623
0.099956781118664267
0.055761327258134832
0.164830473276821377
0.270457374619052615
0.186468836213067701
0.084756562908072292
0.307549950293659946
0.075604032989748229
0.210658871098878375
0.400000000000000022
0.214998968671191504
0.191511604902447674
0.067961514063373252
0.043366944559655896
0.164655126249649009
0.400000000000000022
0.242996743405501647
0.089341010167530002
0.056841261413593774
0.123214934947156102
0.244828784882525963
0.310951217708241856
0.195388167705092763
0.016450566067355024
0.159301308561845184
0.326759252009717949
0.207677752942936028
0.384965769342760722
0.191367142336927892
0.082861853074741323
0.142704776447086901
0.170974622154217132
0.330845622066021694
0.400000000000000022
0.400000000000000022
0.374049074856598107
0.273876446919782246
0.107984163390097490
0.190824189222817492
0.398921077558030301
0.154316803456489821
0.092687718161376581
0.072686368439114524
0.061307200914332415
0.146126892688299981
0.400000000000000022
0.086833071805309331
0.143786376721837139
0.197643950040365529
0.069412057220216233
0.142592571258877310
0.400000000000000022
0.221815592785371107
0.102506144707608507
0.140425092422607256
0.059995632833971392
0.137443516607196170
0.400000000000000022
0.178842918026650144
0.189198561570424223
0.282140125528235919
0.244044716432877645
0.400000000000000022
0.166692481364276668
0.093499446892550214
0.069874227241197878
0.066549403042845914
0.042010550031434113
0.259423858198175206
0.185223805540974590
0.114589763171681402
0.138717207799308961
0.135226773146985974
0.127537694896441289
0.190219756856405381
0.400000000000000022
0.295489360545090229
0.043470403863248366
0.110161553397816317
0.239051172487012076
0.295012372676861978
0.392654755585153503
0.245503472659486133
0.164799367261335594
0.183942136853251448
0.057732595954179032
0.363578977511808010
0.233257257440740912
0.161758079206676619
0.092329424147862743
0.114454213561127185
0.067456390432473215
0.295074841916128427
0.119649954281440374
0.062418965644470782
0.092814179118700837
0.270287654179389270
0.074044539811997934
0.146931556919883410
0.149460169317260361
0.337313088544648365
0.135445824331814180
0.156753489844911220
0.043711970448943552
0.143350481933806756
0.143934045070976041
0.204806062052764026
0.071612945180764456
0.117187312710397173
0.138971799227598836
0.109072637032792255
0.086019042014039329
0.117903127872405117
0.025171127416787044
0.111715128598799521
0.187979710837627156
0.109774548183800294
0.071860979328228949
0.044422701793182806
0.075409836775488404
0.139827620396515445
0.306430048614040940
0.168235662462698082
0.173008438581551433
0.015718147578564500
0.083308602485944683
0.143450390474580081
0.296130790100339103
0.390370143958903904
0.271600937448716273
0.055219187124596870
0.123138995594420111
0.258232910270728144
0.168719704497436590
0.399578565087175930
0.215046390676159105
0.133569662344923457
0.286507829311311968
0.400000000000000022
0.013463895681764175
0.170678656130104189
0.143960420193446570
0.146706907039092560
0.217432846892679860
0.398937642328192732
0.048775959476468705
0.097234186506422987
0.054947857862471278
0.291133870882918311
0.124617524427144313
0.108348194124873135
0.135305078696609238
0.396340410173819047
0.138719422525642372
0.271740859278377045
0.171497831351009988
0.141579113236215803
0.273962534030070426
0.221789117948427539
0.044170510869155584
0.117359016526270121
0.056733998719738672
0.206704509877070647
0.388212448181544822
0.127969343314861761
0.139598898286971307
0.118958517099080702
0.259461315664048564
0.158433328118898820
0.252526298753913248
0.185116247483976315
0.145773117012378245
0.013163725735980843
0.184017457372682602
0.112606954583810343
0.154062458537216840
0.303967944232426457
0.175943646751359817
0.022885992605537957
0.054912442539683158
0.133326338357887847
0.117535125624555245
0.253299578233677047
0.346214433564343338
0.336223173643203865
0.180499804355074955
0.275039602031319774
0.098998580598881447
0.173105830747291772
0.331670676421874033
0.400000000000000022
0.084048569248882252
0.400000000000000022
0.290625241617335384
0.071919568621492680
0.035850375506170033
0.062370774749359918
0.078247998698760007
0.128868228487620196
0.133290700468921275
0.125703186854590476
0.005983306545353166
0.042509674543082999
0.102306895558499478
0.124221480435529233
0.185951332417560344
0.092939405037983966
0.067880826007351888
0.119292677512880169
0.074296810179426506
0.095228755040890137
0.120829240344456135
0.140753626271964999
0.145895722010616485
0.076968512402041528
0.148142634155482622
0.090600659804353501
0.190464754167663258
0.147840436474904385
0.290590382734264574
0.011148364985642915
0.352789912392159732
0.228406594821363329
0.182784189779280459
0.208244484597008783
0.144573804891952234
0.008091349274233765
0.054509150144661747
0.067193290976310785
0.338404596013603232
0.179617184579492578
0.157327226662057285
0.196450588638854340
0.400000000000000022
0.129869987888463656
0.157286256546025738
0.230818718207194407
0.137495682918075540
0.363892869735884528
0.384969801884366247
0.296894807724869203
0.218022753633901001
0.159424070512039884
0.141467529498293804
0.137444502719127476
0.145712070186496540
0.204059349603966378
0.112657337239828861
0.130837912917397770
0.059357956134072944
0.131185918469120422
0.294078895899409276
0.154949378776260999
0.084458884066118775
0.105707818649296112
0.049764962581289700
0.072353993603691311
0.238208139574717870
0.321303017967794646
0.230328524261446815
0.165277180568958321
0.151615312275592246
0.230378546796179140
0.357750487704010633
0.219841742981006449
0.181957443711475542
0.226137006615973801
0.234881210713757477
0.038755016939377773
0.193513877828779657
0.090587154147079255
0.094692218775545650
0.086736117108477173
0.179601676307974661
0.024533200080718472
0.117831085487166809
0.238687916217142859
0.139832415616442801
0.133404067067420945
0.170294839717162638
0.256348210145921240
0.314439035680377676
0.213005770860016985
0.177577683369351980
0.193332962561255928
0.100001183613809247
0.400000000000000022
0.400000000000000022
0.398318509157905176
0.206685141988166010
0.236067573323803903
0.138923515014256704
0.128378239166617836
0.161015789654107344
0.303644031898673949
0.131599210710373477
0.155479730419980339
0.127157121160559744
0.272331015234683893
0.317692308863971706
0.200681873351831908
0.122540094586463713
0.206858072292316286
0.342064767027681571
0.400000000000000022
0.400000000000000022
0.400000000000000022
0.199571515368886621
0.185547052556093578
0.355778633838655767
0.392378222295037382
0.360585469959472715
0.271502980045106979
0.174532187465699651
0.294779188049754670
0.155931935160108753
0.084658034022462220
0.148796464703553150
0.078867834855398264
0.078498291973955470
0.166836693856642404
0.173644888170897349
0.038409567865617597
0.038630820868665421
0.130473910837977602
0.323059731862753940
0.149615819096228397
0.244640811733985636
0.358848419928893048
0.400000000000000022
0.235501057921402385
0.269441291925682724
0.104827864003904772
0.254385758111078164
0.400000000000000022
0.400000000000000022
0.107833826981517639
0.211102543360085382
0.256559808923904231
0.209389082431681833
0.173571247149092611
0.131221100508718741
0.324792755273945299
0.207107862184706726
0.216704395256389293
0.136610059933495315
0.207346946041278485
0.289918085374751722
0.376951245405003577
0.256774933393511540
0.244876015429301042
0.333622033370608917
0.393490503414345494
0.384803458413423449
0.400000000000000022
0.097373565621672889
0.229460125258886538
0.331461494857640260
0.323888040116845799
0.217925691993156367
0.189087615268394793
0.083295205682653167
0.070233447834119028
0.224694181034160639
0.106860636042368354
0.338747751403205455
0.116417064631245570
0.105834081425618037
0.154303092273394116
0.272332155904530193
0.189621152944231541
0.343112013653664727
0.213958640250735743
0.357056154115248936
0.219666617681956250
0.383340577823641393
0.209367499498985060
0.079618896374819725
0.276636158595050419
0.388411214825332196
0.193220401667145936
0.400000000000000022
0.400000000000000022
0.157207548478503434
0.239241406860078581
0.238472829599353509
0.237829059313504926
0.222885137554554857
0.295517452956935212
0.148922750759497596
0.357817594461681265
0.202025223714571767
0.218773838760965178
0.260070471829321637
0.205044556123052557
0.307501157086884414
0.395760066627732998
0.396957967462403416
0.399847106496947491
0.382970670632503674
0.366615483374426621
0.316031288427686907
0.376912550144313796
0.122552401370846026
0.309543798893870459
0.344620822389236969
0.303902841151155123
0.201018392441408456
0.188556594747809558
0.064931416346305199
0.068837399400699870
0.202432143743498244
0.219869810279210764
0.395957395318553562
0.400000000000000022
0.314939373995088923
0.215359093420037784
0.195727785117603831
0.279341538453798943
0.400000000000000022
0.400000000000000022
0.400000000000000022
0.181426782104560091
0.394586833382216784
0.239484478023722885
0.115541297075232363
0.206248454175506246
0.400000000000000022
0.233832400441540023
0.333463822781518870
0.113491268546710544
0.145396851199098759
0.159470130038140256
0.311656490170586387
0.317286494260049623
0.325251949055641809
0.196383861948165039
0.200883563654960906
0.387426304386205955
0.343429960813675828
0.352538142085246808
0.400000000000000022
0.254357282377152882
0.338019845873560376
0.400000000000000022
0.400000000000000022
0.400000000000000022
0.400000000000000022
0.277449126618863562
0.216901769218704521
0.215382125590327406
0.338069248296417380
0.396295650037883140
0.331933971663597005
0.224327149547472265
0.170333180750586816
0.336003863432492222
0.400000000000000022
0.309850699181083877
0.400000000000000022
0.245038457791382308
0.183581341321125996
0.353702981693045593
0.359937891705245705
0.391360266499093390
0.400000000000000022
0.400000000000000022
0.400000000000000022
0.400000000000000022
0.389515755311601652
0.309271076106009013
0.400000000000000022
0.169497853186743791
0.110394668717248456
0.139494129064421046
0.400000000000000022
0.252775317660517029
0.400000000000000022
0.134373646907040623
0.214212717272434544
0.248262253787886467
0.400000000000000022
0.321228836147221586
0.400000000000000022
0.276817882673842552
0.257347893389281324
0.215196546919831894
0.400000000000000022
0.371052357389642595
0.400000000000000022
0.219797079151616448
0.336750906648700887
0.400000000000000022
0.400000000000000022
0.400000000000000022
0.248379364992253882
0.101927168279007316
0.175648122167576998
0.288373824020458691
0.186505424188877222
0.400000000000000022
0.276325817353466063
0.137036141889300744
0.234834849200653728
0.306540086102798259
0.396968452977416897
0.398687131933810279
0.400000000000000022
0.350726091481537328
0.093250119841216811
0.400000000000000022
0.400000000000000022
0.400000000000000022
0.400000000000000022
0.307046875845169820
0.367408561352754903
0.386879405756597072
0.322316372756304925
0.400000000000000022
0.258902491316520766
0.206496566771324608
0.207519796505601817
0.228990928251885911
0.368611350174237962
0.400000000000000022
0.283169722532414458
0.113905072835299020
0.360221010869389235
0.400000000000000022
0.400000000000000022
0.353679646552472304
0.320387483632817993
0.374017116429926300
0.320535960972769096
0.251992475922011017
0.400000000000000022
0.400000000000000022
0.166082938301005734
0.271897263856693827
0.159824237628987592
0.176084502714545621
0.288551623765932408
0.269652140720536448
0.191079905547678758
0.119870747257098592
0.036314551069388606
0.295973953770066411
0.384150621367834066
0.302118978543262640
0.142537710037306309
0.064188620261363682
0.140433406333771521
0.400000000000000022
0.400000000000000022
0.376697045720744528
0.241915686391415197
0.046213446975820929
0.152781647622833999
0.374220322818069717
0.400000000000000022
0.400000000000000022
0.275363337042687339
0.106190270462720990
0.390475016590478452
0.397369797919840728
0.400000000000000022
0.400000000000000022
0.245700458049112280
0.182349082553169006
0.400000000000000022
0.400000000000000022
0.249450496633326080
0.350732659773944633
0.180202068882990535
0.226899204129773963
0.394170250617619566
0.400000000000000022
0.370107648329066286
0.369616461968558407
0.214675158347824913
0.336941127651641137
0.328579775703332577
0.171038229601362946
0.261762259701798672
0.400000000000000022
0.228545710074012420
0.361070667201890960
0.246492354063345770
0.204365720678784668
0.351363009897284417
0.362860604056160274
0.152349898647585136
0.123833571634417994
0.107675670732769541
0.400000000000000022
0.400000000000000022
0.226981735818495844
0.198193854452682561
0.226983016891046802
0.400000000000000022
0.373643275174110445
0.400000000000000022
0.370218779492837213
0.210279382510017820
0.030483980092520881
0.285626515705452499
0.217481312047781178
0.234494178639977346
0.378674294977810799
0.201803579088180834
0.034976698494918954
0.210761637705433769
0.195748965678177039
0.188764496847059315
0.313063654225545218
0.367852892234691753
0.356546373678728878
0.348289500771403693
0.365706057808418916
0.152161136417225396
0.225434314770816213
0.392168793262828941
0.400000000000000022
0.351202011851867280
0.400000000000000022
0.367305135013412332
0.188387371342553733
0.061755312677703560
0.154199542369294867
0.192303704711495271
0.194604757927797856
0.187097591534140462
0.269700042544316732
0.036395270735640861
0.142013204388743597
0.216735931249220803
0.205988835909201085
0.212851101686134553
0.220250460669189047
0.130605553728582596
0.157048789559580737
0.159405679665682642
0.343270762154766984
0.346984009375951752
0.250369482614887451
0.169768145923607283
0.158448253960379010
0.355221251798388038
0.272676604237802378
0.373380597994342811
0.364979305220840211
0.313472680411565896
0.104060137705979494
0.192922447180955997
0.247018113144266582
0.293653267613654068
0.308188558999146323
0.267694677087536415
0.140101055376266104
0.271052529961042066
0.333542289271796355
0.370930673388924659
0.346911715877155025
0.282182733209337899
0.222779252010361251
0.283450183472962636
0.284159811215968783
0.343901237987194852
0.325133375951740855
0.339591625592040980
0.368676896500377382
0.375392822831800421
0.355246211895531905
0.341026366006304926
0.286188716409552679
0.289205907754434166
0.352688434205233103
0.228407719327312797
0.269760167426899677
0.264444253952320407
0.309936261395833967
0.239472497532264211
0.285239358382560371
0.224462530661729637
0.300358888691192150
0.317472436000268976
0.353404064150767583
0.323026817374857889
0.281111428795072393
0.221876590529124923
0.355034622961813318
0.294646558025970284
0.325135122015669853
0.418033733682629249
0.247533935399814192
0.267992741568862880
0.287573386604785153
0.348086855936157069
0.289985044309196249
0.261685705767585985
0.123645512603397692
0.264761324934645936
0.280913883414136811
0.301218784154279329
0.297741439200391089
0.251427395033048451
0.170213493743611249
0.318147950352642928
0.317592404650233640
0.347621375744385619
0.333046648861356098
0.299697255303084997
0.234755310999566563
0.300700223936219202
0.270922283106538764
0.299439272519866462
0.269259064138834714
0.350848736266595795
0.331452697708452426
0.397421971075512359
0.384412917769342777
0.325810462116713162
0.254215316812855863
0.262619337883070514
0.262871261437513382
0.323137771251742645
0.364920202099550561
0.287751913702693929
0.307901637764387948
0.216690112310052807
0.219683984825628648
0.360522810059806242
0.358434478459886074
0.329646371633422364
0.368327099206353537
0.216441093818656671
0.236961616018614402
0.314416973570070812
0.459151207377512194
0.293569956027078804
0.313260536963580971
0.206201050897205640
0.261772815512309742
0.353306748358345690
0.364699100319686498
0.368910187232302678
0.293595597149149512
0.360926544433842866
0.158842852007371887
0.252169789540054090
0.281927124972535081
0.316660924250954545
0.342279270324851337
0.307142290709133625
0.174280362725258681
0.311232618477691902
0.329384811787160670
0.333066562113023434
0.312869500040972748
0.377775481119594525
0.253119634691657713
0.285168294928467625
0.283869644698572121
0.315349892220824990
0.250025783806654411
0.339259488666774689
0.319048580071014665
0.308067114395876362
0.345958443614304390
0.365623539427283706
0.337568299314846609
0.217449181696916349
0.213974512090540081
0.174054563016726338
0.248792214084668478
0.282591183671729307
0.373268983215769290
0.224779452609014357
0.279624257540688481
0.249816542110836842
0.303251258958101177
0.298450842678539552
0.347700256498802429
0.308537743904327144
0.288184436908527075
0.207776978989140076
0.350820804009864096
0.277585099827352133
0.281409279687850344
0.356544340860446840
0.257660792879814970
0.250658657809594176
0.263100509642180846
0.342606715893061464
0.299175820462756925
0.268079955545991733
0.150414003827782417
0.357444316469262169
0.360297791262680300
0.337125621788382845
0.324458086381590238
0.260129522531639845
0.198209714765937767
0.395921238402801245
0.374582922033438237
0.343288407814020258
0.303663012847274316
0.357038939161259894
0.329741362667056892
0.335232677733228679
0.272549309494034053
0.299130400443421818
0.238461569891364494
0.356946083690987126
0.331131580393347946
0.330555227733300871
0.331401437232073437
0.315892600872673124
0.279557040523409128
0.225264503545720168
0.184947107349275164
0.185735418456481893
0.278081785061707998
0.272713703657656181
0.336833401718209746
0.210446443689460222
0.197452624990770570
0.353425711167984491
0.393257729957259716
0.332873275573125460
0.345727183074634958
0.270369854451953384
0.221952208221857961
0.321141894754185475
0.431281330478910763
0.290085646147355158
0.295121239520270140
0.213538222516852505
0.217194007825087382
0.367760875957329092
0.341291676415424350
0.341527117138989589
0.288249321032030270
