0.111515562344620803
0.026453236452857264
0.057544719001603475
0.191018560572665252
0.097843053781600381
0.082832636884860630
0.120812720723796910
0.093229363429789797
0.182218182694088821
0.168441623197449042
0.048281121169522719
0.048690527669283779
0.170732606861090291
0.084092915277800911
0.107991893688878071
0.073164513364254224
0.055234210000698863
0.075434596357888156
0.108187416978135803
0.037955519597625310
0.078469571082575740
0.111731379031332734
0.049962946827215388
0.081107324256394595
0.090763857351224400
0.072846040435998655
0.067424184034559270
0.062015679878717797
0.095294968264105204
0.197713777319595552
0.078101246136600189
0.063435235645041499
0.169202702020432194
0.047709882320394428
0.141488488913119714
0.061794709749246418
0.024886785744449455
0.071733469092988500
0.292247218725062985
0.227558076883057653
0.039310514772636432
0.019127182169037166
0.106967331371542768
0.160456182172106443
0.122092760961548030
0.123667899959544220
0.073553512596344919
0.095079244378839134
0.011103717907663466
0.015399066156740714
0.021280758812229166
0.077914219017604563
0.210239362049569584
0.187806264509429444
0.050196284214545452
0.045462267931727168
0.159061649331735638
0.105562367725954065
0.079127180026671226
0.207296393781612603
0.151439186074693893
0.094642149544612156
0.187235081562092093
0.033732734477863756
0.084614002958051576
0.152064735430192138
0.114221006525791952
0.067803887019438167
0.229605864137887666
0.046347487853338698
0.090812110218098652
0.102784544149842172
0.172075087113767455
0.074057718619207583
0.048546378463825514
0.017542637793415541
0.110629876308449698
0.302949701752948108
0.026016943527519709
0.084436705155212760
0.162656913075970633
0.073896696389319699
0.178624968630213377
0.064092679104220604
0.014764255796715050
0.131107660667277720
0.157364956667417177
0.047463824851105195
0.044502309094309613
0.024310983435490936
0.395818840132266092
0.284633406483252305
0.110628362827727381
0.032269179074907277
0.131697947548193750
0.233487947714939637
0.049321681690506332
0.100987440987460458
0.050721076746693419
0.062275846814417446
0.178864817328258402
0.259036579489052787
0.184924059974104049
0.260623323725004408
0.171973385202226325
0.114249198668118820
0.168057672730146046
0.218313282804427966
0.335192604293821306
0.137918706611280417
0.333546877617687032
0.179097405837610912
0.108534789596070561
0.058820039042313928
0.159424578172320947
0.046662140881805564
0.174844350914071633
0.043803944371597001
0.108553359117357778
0.087573753437051524
0.168027266609841186
0.039164074103608164
0.046755354647702363
0.028581663726497175
0.307071322497234012
0.400000000000000022
0.005787620148695380
0.133094061806497133
0.220297464420056988
0.161901672974221200
0.317879203937730004
0.236580156906604638
0.024149522203229586
0.234021151865854649
0.246297182958980815
0.109418992712736210
0.035710633621468091
0.049255004058099301
0.400000000000000022
0.251418989145555882
0.132683525432318289
0.034076421509760722
0.173450279185824563
0.353321174883085232
0.149691590431715649
0.284709809132555836
0.173750744391438006
0.283707670636970832
0.298206647559546512
0.194366806453580371
0.229841137491344882
0.237723481700920863
0.193928805157913109
0.327380473254955839
0.189955827409647976
0.264048135043030263
0.356758076702739402
0.238126506498571422
0.295778451437440026
0.237749935781386174
0.108328072960458238
0.101801365064865548
0.202759492220680598
0.055277819685399049
0.241889855098688933
0.064369602818339727
0.107194883554977569
0.060446494976663295
0.210764659803789889
0.018599307776035766
0.023295021917284924
0.054021912008780849
0.211036782596359107
0.390200503318216096
0.168234300985901419
0.059561692278480106
0.008254088397015026
0.400000000000000022
0.400000000000000022
0.400000000000000022
0.051944397833982907
0.084902279880726905
0.087776382035620326
0.302806165499497459
0.249196257957580158
0.400000000000000022
0.377510662883348114
0.074726035868257754
0.224120743108752379
0.045209220997127472
0.205037962883818536
0.254802029913253625
0.400000000000000022
0.400000000000000022
0.251582634708366670
0.400000000000000022
0.150487663181031905
0.222240043018133493
0.400000000000000022
0.305378436841998946
0.243874214695882496
0.275955281280895748
0.187748416730359524
0.153930694266685236
0.398436293613654846
0.135822774382227507
0.285876318605487179
0.291818411004408473
0.159154811427530241
0.195070290418078773
0.400000000000000022
0.095461788374721399
0.254775987066538867
0.037158392281695173
0.166796190204416495
0.114769538155299000
0.400000000000000022
0.076542425906170455
0.103998995086503565
0.108936742619506588
0.148214925622369820
0.139118557818224714
0.400000000000000022
0.096638751187343427
0.037635353539364411
0.156487721153272141
0.169210580005008604
0.186423886605777023
0.371009863392596007
0.331284218217297199
0.165239356456243824
0.320715635491393480
0.379559855961019543
0.276365296691497342
0.147236682797834889
0.270102682776502179
0.396362877975941164
0.095763134110144560
0.381420883255641330
0.335022992451562862
0.185017159269292297
0.383044951301416969
0.158706938432118777
0.235424654831619645
0.034217870764318800
0.192483928802140769
0.152313897878954246
0.255014980827555804
0.158030995020977977
0.181773713788433655
0.046197109957437123
0.046771086126488080
0.220309774408335518
0.146196852066858174
0.124532694056160978
0.122319907819893617
0.159984011420213429
0.280423154142615538
0.281220744912486331
0.125915775686955195
0.356004798490103080
0.024514069902495474
0.104450547378342834
0.190908600976882781
0.194033818080699944
0.088134091635612061
0.109088197906176146
0.142040644910333386
0.137272798869837398
0.054336073414222821
0.085696194023987787
0.199897748010557319
0.085349214953977334
0.056624285775993211
0.189937626901052536
0.267015262714206725
0.168073492648514122
0.400000000000000022
0.204523982436672414
0.093894828790661633
0.230011878156007321
0.197400317059036490
0.092334119425343281
0.233174642139405142
0.372519848784489571
0.043753156409441434
0.342036870370355239
0.233165259262108848
0.057275090061798969
0.230604434532929115
0.088212891754179415
0.128454664492962889
0.074693746019740548
0.111982269626780123
0.259621409822433646
0.313179797902754409
0.112237800901137524
0.130568555884741783
0.268030040247786372
0.182461595428442980
0.196523060066627120
0.322845886848475316
0.156022402784251668
0.044150410783712506
0.156043182528416036
0.358438109152604267
0.078589518966392269
0.078569524973397240
0.400000000000000022
0.034534802675508826
0.104342731923046231
0.291724142984842061
0.156049902150206532
0.035006511079843393
0.352953496731142902
0.247201137978138363
0.033163267779979355
0.013465738368570776
0.305334413274136574
0.125653925788914017
0.084622549284384438
0.084106135522491493
0.210351622128331694
0.400000000000000022
0.276508955231857867
0.363001512665630743
0.189376786946237663
0.057775504883262205
0.161818587565272148
0.290415723572002737
0.194127165893027254
0.182076743363574822
0.209462598985847154
0.060099700599334518
0.080701706773760609
0.093165718803704306
0.154397405144284849
0.103223733569390977
0.057190004728504315
0.030054781962860242
0.028114000563211072
0.063752229498905272
0.234722818899783747
0.289451714681987715
0.068287073809997378
0.088297578726119180
0.374535395759106104
0.233469819916059557
0.249432177633680835
0.258485641657314524
0.027878848942758102
0.017829892883067969
0.194306410695656739
0.400000000000000022
0.128547379748766871
0.064776950538450645
0.364590072353270178
0.041089720573163381
0.116531659635884619
0.332281750668074083
0.019727289274618622
0.021017015462967463
0.189790340805884084
0.129592089483050288
0.114754746646318406
0.159995572594779645
0.152958973250214403
0.087156377897311524
0.079356828197957086
0.086989429377047997
0.071890364975435717
0.178618495796998233
0.206676584246566819
0.185274477590731124
0.119037618691059610
0.004691967748174508
0.183900081123551939
0.223688514125152227
0.049049418946570646
0.121777435453407842
0.110882706074793114
0.014265523499021061
0.038409147921114987
0.104602927380677974
0.151041729999559476
0.315012374854246158
0.085040262118431229
0.030239062567418457
0.011209176704948733
0.119596742479274709
0.025389275626872397
0.069627158368317288
0.199183106217763028
0.288168552010619750
0.154774394157366824
0.076595558960957696
0.029380451083609475
0.141467465919270230
0.272050699992493872
0.169677600988301258
0.087364884956105379
0.122228280085782154
0.037452433791056366
0.066910379753868321
0.243382035974209932
0.129994326967986323
0.133254215410989224
0.187767077413347361
0.061213132171231116
0.065949448174949077
0.336931679454982258
0.196600658474372220
0.174136400134621255
0.391195747726283516
0.090621294716117573
0.279047964040590235
0.098129298692805164
0.124845813206621969
0.074709700797246537
0.125549332344888825
0.100018302972650519
0.050628470233913432
0.005064283635816685
0.080067382299458742
0.081956601426342646
0.075854661806436754
0.057397623365096934
0.018113466471895844
0.053362524539983844
0.085423843330150503
0.018053158738083854
0.070951408020345608
0.308792861794633500
0.246363535324123251
0.026514987313372134
0.021182287340664289
0.008818008099384177
0.172062920373264289
0.046168418903514752
0.081906730002771280
0.037352695850753750
0.066589686763090503
0.031423630711673353
0.092661545589462158
0.123283318436929162
0.134188971900888493
0.056533287640883889
0.069228410800345461
0.048693225061655528
0.078965106341138680
0.182707406470407507
0.077693594740196381
0.239234327984808481
0.222294106006545922
0.074227419859448376
0.178493394999419713
0.149360722205283236
0.043331141083294625
0.259668897086866912
0.150759004708212518
0.038022758308328040
0.144264461194719723
0.285029788168012665
0.093010643492995787
0.047516861052387241
0.087673949824349909
0.080152558136477731
0.129247114708271854
0.091083081870132504
0.074170695978399287
0.044993522718456344
0.039274977749555059
0.097023648938368984
0.106333591260252006
0.091485101243168304
0.047717185344880245
0.064611524752440225
0.079987688180578873
0.029953281119620052
0.076525706136766042
0.226342742017370369
0.083548666939259650
0.143479979759491200
0.023713687939747537
0.043477926067789052
0.142624681621345339
0.097502642259247499
0.119678984697496174
0.168912159417189789
0.070804376211299924
0.050420715821070765
0.117429428634289609
0.045250428273324136
0.193141565914584756
0.191057503875783685
0.191788179911315471
0.132034339191168637
0.073393337855892693
0.012250105507398476
0.091739740037916240
0.099411476234499571
0.159949280616659223
0.110737688558222330
0.104293136702092976
0.201767890149499141
0.113668805907492440
0.115847557491321973
0.094553042774482773
0.021348748131467074
0.021279637792419977
0.331637863264878541
0.147901502868736490
0.110497026859433273
0.119014703557863435
0.054008873553960147
0.104029142392333213
0.124470428747052261
0.248688588720590131
0.170686243325146536
0.145277223472810746
0.200715527967123275
0.106130737118237742
0.089461456381808468
0.073311690705847921
0.081642393097030072
0.047700531024122486
0.050209970856202393
0.084417060659345580
0.183875323281113640
0.075215228552914959
0.138617504508462802
0.093689930617916362
0.062533351294061845
0.125509301208954316
0.304561627223618958
0.090678489640130019
0.190793911109486569
0.271104439334566294
0.239509477816855054
0.145361900058885551
0.039885552986359041
0.209465610425027426
0.154535707731473654
0.290417342968404102
0.324616725042340293
0.048673955063553931
0.090205147796652285
0.139046796948516377
0.090180138980142974
0.324908159885655246
0.100979408878247301
0.009314700127566404
0.222831195749898181
0.210659455802310741
0.076548626373966588
0.135106673641767483
0.018625168026506832
0.055498077120858205
0.193592696512108420
0.110358819823722629
0.036819724475111511
0.140250366958510730
0.215433750258208156
0.145184218711930713
0.135678454939654969
0.182347355977348746
0.002647563817997082
0.128863065886195366
0.310527561652324202
0.118802270011521924
0.019363671215292318
0.031835755738058413
0.024743454138635521
0.081930238120898863
0.049993675454341517
0.043656322731475142
0.100935201959787266
0.047771559823351462
0.111008606914406671
0.130019375122744141
0.093081588678763413
0.156962463125666668
0.063376553559453347
0.065286602168951546
0.221508536086671121
0.201930630901126951
0.147019755521293566
0.099190925176854031
0.026263611038697968
0.198045539782812530
0.080966689163685199
0.400000000000000022
0.395674001259139374
0.030745195380628691
0.030780167260003755
0.155988697841116297
0.111204409497236173
0.400000000000000022
0.194981483072673767
0.094774647200100079
0.151410374026445527
0.247101454051902397
0.067186939051336964
0.320075718289209443
0.136632021063925718
0.108923500200791293
0.221120768659887945
0.149209996269838496
0.159280754817176184
0.257949638254988733
0.295466028837137351
0.143256994065513427
0.031177424809137679
0.009230348288077374
0.026894922944661195
0.200037637907265115
0.352656909030640953
0.163730725121888576
0.013650426957790283
0.036040546749269625
0.096072293704622252
0.266142383583538256
0.056570435655089193
0.238241499393636591
0.048538554979529233
0.183867271403020810
0.354400007525641714
0.126873601605822728
0.150055946986152877
0.102959893511868600
0.070597961028358261
0.129591864733086370
0.222269881853415258
0.290740637203895813
0.400000000000000022
0.276317185145614930
0.127926843055401279
0.244992123771442416
0.196274172274777281
0.211936766606101695
0.240646876098610074
0.043446017974516610
0.104222868130330132
0.367385465787921195
0.178044295520908419
0.400000000000000022
0.089611853611991241
0.016736183387379356
0.202708704609447787
0.350463074793877394
0.086371905442773719
0.400000000000000022
0.112132538921171199
0.007325191735990971
0.082113510233983528
0.171898617308133828
0.198075750097868847
0.141294380351635385
0.114220820569219561
0.121964503882023775
0.259727523999654708
0.061594117602975458
0.400000000000000022
0.235814233430743064
0.129487849011709011
0.195595412349069409
0.088335297350974507
0.035455414584939740
0.400000000000000022
0.400000000000000022
0.068333732782823578
0.116866460535640426
0.071262160013592563
0.362382827266152452
0.400000000000000022
0.272341928398189714
0.177877728265490698
0.107975745140829249
0.140210861251075847
0.207543237309939343
0.112079489716592623
0.158117731199980321
0.275448153668349627
0.105544440911542123
0.130331276264242651
0.158045976280725198
0.130755162478691428
0.245054741577152291
0.147814842606379560
0.071531195900416844
0.058432473923458725
0.101935490206251450
0.129040465081873890
0.236661475504169494
0.062505251046323582
0.064719175462173831
0.138085358208741626
0.142734282444902494
0.036190324519708182
0.140654721950839195
0.049442726356230218
0.265946756781231031
0.181090686132249379
0.171414916330435346
0.091031372812158964
0.052451879980085311
0.087441273882115145
0.130070026278855971
0.031637421401116361
0.030583585898174295
0.253777685009045517
0.194381148441663265
0.224975762378099797
0.228054531079319889
0.048590597422075471
0.013172267304774721
0.230203000001969083
0.271681895821086095
0.130693049987491372
0.251482802757716117
0.092864084780057227
0.103971818760910717
0.224660267134733638
0.346012160989829676
0.157164779034900226
0.049558545962103434
0.119188367682627694
0.108508700196315588
0.151679986498340108
0.164338857313456072
0.210521228035987273
0.093107998181120435
0.227367726396439401
0.067934223574855040
0.041476003771905801
0.135040041846206077
0.084077208427195640
0.070743349774926884
0.097805732254724220
0.123424903150420845
0.053707702883258754
0.110821369471564568
0.069125984159321224
0.127496450427021957
0.013341803868266368
0.131464168335932136
0.056408980157191257
0.128700470483195412
0.064887401250985827
0.304298682615904981
0.002007647433632631
0.182846993740198832
0.152946359483939448
0.038236151851247992
0.118018310381835717
0.071506625762204470
0.082558149603606218
0.065204382656648519
0.128359593175420839
0.067143497601365398
0.082095354605844245
0.065611560418446568
0.075255233214525999
0.085459447459573290
0.083008238803522677
0.119242133650873480
0.087693432640989083
0.157955223433719705
0.023211919760751178
0.024859464222429482
0.065071887847460680
0.280771259682374374
0.167609205779659681
0.108949824931794503
0.010122993709553156
0.127569045643864759
0.099106252603508846
0.110707527656965399
0.158392130843369783
0.045999898257902114
0.045223363043390565
0.042391610546265508
0.083958523026001833
0.230461705346631768
0.054495896463323173
0.071475124560468492
0.035640377344143950
0.026766632204052683
0.093301592024747360
0.246265227608494841
0.035084908951069381
0.065245404029074139
0.112527145840503023
0.190384859392108224
0.040077263619339887
0.162793467504289163
0.041275460369507265
0.146942912119637253
0.077292314882299151
0.137509985647716021
0.258053567074751355
0.044507904814712153
0.104772628065403051
0.114733850851074209
0.035991301561356971
0.062168846365288979
0.258570771418459300
0.092782401465360514
0.028119175445976065
0.018753243734887372
0.119685018984270697
0.176906949857351753
0.145458797376803395
0.158580933511838468
0.121279104261363763
0.067206184502055136
0.075524338650522646
0.023231947334166322
0.109573128276540394
0.258233510090081220
0.144265746012907203
0.063548736644836082
0.083715593799286642
0.184551757168552100
0.127248632643906678
0.041960458020151234
0.099663263347421566
0.117688422998462328
0.074987938640660917
0.090232263629246592
0.072526187167632053
0.074797058136921127
0.123219637206193972
0.127995819568269054
0.053668902462479948
0.042681769140277021
0.061468419184414286
0.096453957166099696
0.076724648961355349
0.166475594260532739
0.053477217860826459
0.173497153619197347
0.025905285846599249
0.065560606898405094
0.089186309585107065
0.180651366603347935
0.029126527378982373
0.105078592867376919
0.188448401250250419
0.028984439874518493
0.102675886848040937
0.106762828825170589
0.023027783379241940
0.024228880397598667
0.236347910659510108
0.153008995943976489
0.016667468683319957
0.021306687745902993
0.082913978656724868
0.179003024386599929
0.136734948916953980
0.109753516829628861
0.062234567915123863
0.095644913381262853
0.369623342366253493
0.272816771776980493
0.084059706314975613
0.212200847913329549
0.106661061880984565
0.254895557258124905
0.166981139627311675
0.175136093432561063
0.219570878544842557
0.235031309960539586
0.079704751881196079
0.141352073258745936
0.294015925298019454
0.218281887178689404
0.164525181329761960
0.142392924164599699
0.103927435062354384
0.154399702699026808
0.290894823448543338
0.115649114337821698
0.317703899067384166
0.332068833238948924
0.124190366686663750
0.259600719255814294
0.240124579556507650
0.116177181519293279
0.321133235657899863
0.212774684586930357
0.133317726572433237
0.338435403125642909
0.344345158482610936
0.156445879138037258
0.216719563072819449
0.135383832144744337
0.221641047049597445
0.191041824457518272
0.115969867614581945
0.145904165071387759
0.337240741443519287
0.266833054632612754
0.136334163711005402
0.125460773429289157
0.198452432614711044
0.208173367516986674
0.186704285713988255
0.203655588140123078
0.103506793715964968
0.171604950515605204
0.237446459925033854
0.098947733096000356
0.164760738571720383
0.101627906957352104
0.253717288117358664
0.330430946130774783
0.147698926473792957
0.165141252629223328
0.327973808748925455
0.176366743937253961
0.129547895847741984
0.324725822415902199
0.196689614348018016
0.287783715459196898
0.370937425142311317
0.225520914389179206
0.216648342149220241
0.225458073286084804
0.126471112033190419
0.159543627057354420
0.327262391611879311
0.206296768469997893
0.201549798776320982
0.207077680851935120
0.373842977263266596
0.187726524526699995
0.164393935955147508
0.112095680567898315
0.131978624439916786
0.324229339545368089
0.349144255142506577
0.232338208023949250
0.273153939935403878
0.192911399947183149
0.232633842184173517
0.168121821496553830
0.139234684543767306
0.364385361256046925
0.328051199992563713
0.192741048323915948
0.245217837061432908
0.130441720553728685
0.400000000000000022
0.342615152627024577
0.192270755924757453
0.079969710099029756
0.181907918404396129
0.317905008374285258
0.233197004971619992
0.176202669540375445
0.189338581255156208
0.155965777432333808
0.241398168622320247
0.375529972122041811
0.391212553799178631
0.350912512239596297
0.362767296311712839
0.384790965852978450
0.381956211934368906
0.355888316893923640
0.360995787830921122
0.344270284768862012
0.400000000000000022
0.400000000000000022
0.387416354570017996
0.107493994105867866
0.249629725968973232
0.185708937830321913
0.265024489894214565
0.356167842481704411
0.209532767995605052
0.096888453564617907
0.390858462359739367
0.249823529905918912
0.123303981021668951
0.163688337368264686
0.325696490523740889
0.400000000000000022
0.199380316660803802
0.243452881630219747
0.257117188895168547
0.302152039932731931
0.400000000000000022
0.379347142067503973
0.159827977142884575
0.379611607264752404
0.248944746776977865
0.238282058598931562
0.346238195273792237
0.168057274069621232
0.400000000000000022
0.283254744883614351
0.157426979570953807
0.116006659630659578
0.223443954640166059
0.391534784391307511
0.250626792391502873
0.332481368955907297
0.284759351305844621
0.385602706461295353
0.379659014167557873
0.351329269579247039
0.293217691050798257
0.303010083869872382
0.399884234129574079
0.400000000000000022
0.336975582930941542
0.355581453257236113
0.368031275817081616
0.393984210354262343
0.369829127661054358
0.400000000000000022
0.400000000000000022
0.132546560445494233
0.233539659480684308
0.211266517526515374
0.343893063343363670
0.400000000000000022
0.302176366627651349
0.155221142176763388
0.362175033830235416
0.265700761827938170
0.090481960968621877
0.361419124228412825
0.347668803660284853
0.400000000000000022
0.360160717857732071
0.208771688548318624
0.167534843214191209
0.400000000000000022
0.400000000000000022
0.400000000000000022
0.083121822643120596
0.094132628168804286
0.114671304980281510
0.400000000000000022
0.400000000000000022
0.400000000000000022
0.382976675682540124
0.110766582617527379
0.320193036813374632
0.311351604580665742
0.261608398538907716
0.400000000000000022
0.400000000000000022
0.400000000000000022
0.400000000000000022
0.400000000000000022
0.300543610167184783
0.325199936530002065
0.400000000000000022
0.395857752798384310
0.400000000000000022
0.400000000000000022
0.400000000000000022
0.393306530773717355
0.400000000000000022
0.367777671743597212
0.400000000000000022
0.400000000000000022
0.377190768353373118
0.238516308392595355
0.400000000000000022
0.399563780750923581
0.386367699563061717
0.400000000000000022
0.256408043816407805
0.131505721542678367
0.400000000000000022
0.392783195036318478
0.190370900529277270
0.400000000000000022
0.260347464543541018
0.146443749554215685
0.400000000000000022
0.268537368495477269
0.235711103637233271
0.297782101504907526
0.283431400574228221
0.308388390487800756
0.400000000000000022
0.370047617025132891
0.400000000000000022
0.400000000000000022
0.400000000000000022
0.400000000000000022
0.235571980148809368
0.305558097361441905
0.400000000000000022
0.400000000000000022
0.400000000000000022
0.400000000000000022
0.256279319282884888
0.400000000000000022
0.400000000000000022
0.400000000000000022
0.212095599029809484
0.300459673942970018
0.292524759130030121
0.400000000000000022
0.270110484737570600
0.339891444988413949
0.321645263625786826
0.152315527038030196
0.348698899048614730
0.304242828347583427
0.255287856534852420
0.362956031489337305
0.307798854026592961
0.351954350043032382
0.336963923131748944
0.227851265893206645
0.399707195502290058
0.261175545406664988
0.166955798424666402
0.255627776439056653
0.332119176289441598
0.230868374080514555
0.145278522425884321
0.282695366861172581
0.186715525226067602
0.320282830195453894
0.266786880156237194
0.354242347395759938
0.176380587766136299
0.109076165756078508
0.277378900783167737
0.387762497071105883
0.199710914049630484
0.400000000000000022
0.399487668030726994
0.288275977232324898
0.396393430800941138
0.391690664733320204
0.140924716847418752
0.246346909444179890
0.400000000000000022
0.315435052230527535
0.400000000000000022
0.400000000000000022
0.150139174841856210
0.334576253293839831
0.312873158888913094
0.400000000000000022
0.231858525054640774
0.161540815588883585
0.352630707385749975
0.392930739552398767
0.263917787399477577
0.294907413198197910
0.400000000000000022
0.275569593609563401
0.381947761543234732
0.374784911620340611
0.197498406556157469
0.179190452629918590
0.240120390955611690
0.397612430987080101
0.176395251221116489
0.201994428123818071
0.400000000000000022
0.145356172147073387
0.173468716082367441
0.388943643741924472
0.169391706018472921
0.166470679415775535
0.379948494512927559
0.362679742723143184
0.098050669030965196
0.317764420984475771
0.306805636086219025
0.308500919529112849
0.237568908768323872
0.122342287373739478
0.328369932510167384
0.400000000000000022
0.336115497481953462
0.384474874933328215
0.317736380121658502
0.124919002484627617
0.243913942171116394
0.356027283990449361
0.269382399107553294
0.267536190823148112
0.292470837789369775
0.179341834250207999
0.168395139414749706
0.251120942237424039
0.177609324905036031
0.128083197791820452
0.122261892575964981
0.310826041645234641
0.195723206342870770
0.172702054430699747
0.244845812609336910
0.391902074257383215
0.167393326413506183
0.199005106383084579
0.400000000000000022
0.279469718173961712
0.294655540677071393
0.300877252203579970
0.111837371968759924
0.248291598229699678
0.248802307158979941
0.400000000000000022
0.164187757092910835
0.091543582742503321
0.395055848273198396
0.287354948181658243
0.151616568586953993
0.379166363187331990
0.132254435115121638
0.211401874855075694
0.229867604425224026
0.292385556987339479
0.156030207015825706
0.306938484714416926
0.230251288132513499
0.224666363545027503
0.330986405974125431
0.131497334191760157
0.176662993040838767
0.293352346648072415
0.242667885807923811
0.247443323956020089
0.368077845361389877
0.097474369213535014
0.212019256569528053
0.242441757860039603
0.168734437930841363
0.298684385310759581
0.256341503451596564
0.172846457010859489
0.159688252182478757
0.171809111882733123
0.226566068650082136
0.338244322188412494
0.194613390394971636
0.288472572657499704
0.155474922717855957
0.183145479124110805
0.109104869426159032
0.254178915536869388
0.326431738861669707
0.330129010030770997
0.254437657504788362
0.194283981959420010
0.104368389724270386
0.231699729548516808
0.344576887160125911
0.244474659125222371
0.210584522162299365
0.250224099654051180
0.091121336253536300
0.109592148894145328
0.304850455158624245
0.226448284134086048
0.209978864372344559
0.354242671673880127
0.114690350032057561
0.239446601794146452
0.354445103035393339
0.262161265372777286
0.263322709719728321
0.400000000000000022
0.119747822095099946
0.363016177211897995
0.286577699943055597
0.153830253081140456
0.177385587645287501
0.232312161170059428
0.123046086351892459
0.074857350631512096
0.241412194295326760
0.233076378243435217
0.098624070109662593
0.097161349552339737
0.140311602021821802
0.197116490858495752
0.190097473456937810
0.195177360159779323
0.080287726653207728
0.166596321401608460
0.241167209356497020
0.338596178976718232
0.286014205817883116
0.327511449007150679
0.253316604912120269
0.329318395254689422
0.271061387907241713
0.348951437985418667
0.319588466708819741
0.349925779897441502
0.384336031268047329
0.290696694972097769
0.329053954325033371
0.327048079765506372
0.310997155219599142
0.397949983646709471
0.375189833187997646
0.265170799454582551
0.234243750242987964
0.228982406137591965
0.405817359298163371
0.372113567703926507
0.219500702871707754
0.238231236588343304
0.317120658275993283
0.323268785515797352
0.252817706199303605
0.273990775154026145
0.176901838078907137
0.371887720408650313
0.334199860728133402
0.256630558596666059
0.212653718752877224
0.209990761847215435
0.313075074516531049
0.370835441630262552
0.209497508015526634
0.247576809496476730
0.312096143394588299
0.310819125573497945
0.348879697024034985
0.325420387667981870
0.242399492220777640
0.204065717735958496
0.338762645652363137
0.280034036225934369
0.244538332369441086
0.351678133450848640
0.345832599212184733
0.371575206787825685
0.284294858324448285
0.315779182244834089
0.200454765259241385
0.269464673597009707
0.367872046498831429
0.402107169640503193
0.362688059359124126
0.354680501397824532
0.325655239377201200
0.258121050826500331
0.394904365599327178
0.405509501031769859
0.374444132865983215
0.352085749459396580
0.310743695504339612
0.308267751713587723
0.240664986032126993
0.203557680608740826
0.473610259215754559
0.327628858903544651
0.230156068057599195
0.294403996583069871
0.323980242360613957
0.213103442126918202
0.300908772430969362
0.357342175961797459
0.217797887946524216
0.350428848023926431
0.400236742672794521
0.291255791147351561
0.234254266699262970
0.252856782306127625
0.351308531817515757
0.332497016217274621
0.318703053008388637
0.349371569072763177
0.327305477567065739
0.273581405162925395
0.380259893490661915
0.318110822935644189
0.292609670639948194
0.297389538235363182
0.344771133055901791
0.216135354299316379
0.275825450750595391
0.357163946812024291
0.233732687348999046
0.349195673318150046
0.323453186292291583
0.409220596433285289
0.270591640224682406
0.275023265419821139
0.239801805583198774
0.310100463468345577
0.324644396285367620
0.376026589607235895
0.418639500292386724
0.352762408666800475
0.282224100612985807
0.294367961221107977
0.296977677734493406
0.334435352231710004
0.309292086363758101
0.283045105172146483
0.250638344281265912
0.178556823293143180
0.332371831289057229
0.307756005694950763
0.220077228797806723
0.245523784394689887
0.315515927729412005
0.239195342763435875
0.183354393862823706
0.314999904278544463
0.245264443034806268
0.384274159330163123
0.270055108935772226
0.356429312189231684
0.259246041750628375
0.230542099436059300
0.325372252146832019
0.361146647984806335
0.196100520077850254
0.300426856145148746
0.368532149356449346
0.262704745555294494
0.286186894932682123
0.304341697918105059
0.268700299366634587
0.225563096288309811
0.356531087314251816
0.251977943430096274
0.223222129427777666
0.334825081663794155
0.310962727976836495
0.359852109539111009
0.292919556512966806
0.357883255659915411
0.260278745009923318
0.287840933430001167
0.343730646587224742
0.345972727593939045
0.322307699750470522
0.360291591358952390
0.346429568340310856
0.288647730216160026
0.383846209237714675
0.339208998257262528
0.337027987022568976
0.338339064009151980
0.260978607035590837
0.256609439094294456
0.300273885155728670
0.221394017574834484
0.390562388083878498
0.279846556206690245
0.176842555424224057
0.295177258511422291
0.324726353014001268
0.211836782487866998
0.225984344166463264
0.272112106595914671
0.257170474193064380
0.441536962483668027
0.275718866270248220
0.226173440783751345
0.325351305057307583
0.297929226011678761
0.389693800086321707
0.343512475416516139
0.243664009400081150
0.333058923131325846
0.401177929418416956
0.331854603191156339
0.327331954295018657
0.268686250122178893
0.350835227782958448
0.345596659375245197
0.371585142573947758
0.227437310504588291
0.246977617634816404
0.326030262780072522
