0.102292729302058266
0.106168320859927376
0.000626992277232551
0.000681683625745712
0.003990833037807128
0.007064591268583918
0.076680238773781065
0.078743587399086323
0.032092068378036881
0.028173235633297461
0.348414642383052919
0.386391972785320115
0.000390227978603119
0.000424212071392496
0.013590126325163543
0.014705298458288600
0.388408025149334035
0.396021870505286366
0.000370737393590260
0.000137888790940121
0.005868679405311812
0.032585272827663068
0.011032174401245005
0.036605531843539721
0.001058719458061780
0.023102795209162169
0.050560330574707345
0.181803707842608631
0.122409596948783506
0.061415021429887279
0.001155260148629612
0.003516140163530316
0.089617820561174136
0.311985440534331748
0.381970227368575721
0.400000000000000022
0.003873458600988771
0.000554576677455296
0.011032569934985265
0.054554535718288583
0.077767212858528612
0.273619987196742076
0.007564837981899438
0.028348492204206360
0.102442085697417987
0.221243862891353893
0.109392640743274039
0.358150239366339607
0.077100429198412049
0.031663963097973175
0.003085999823493571
0.000386735435364097
0.002439576481113399
0.005139687297639870
0.073697813607421239
0.033210631322515505
0.044890027873952909
0.067702055025825908
0.266992137198969026
0.049875007469223381
0.000820762181158026
0.001706355962780363
0.008735060427776329
0.118341699526674948
0.389618276472610603
0.047304588698381576
0.000827915414739758
0.000552831914415322
0.014101389732974874
0.132362162799190580
0.053151790308220467
0.009815995255542855
0.002266024929445185
0.014442014870306955
0.045148639422549083
0.136780758003217484
0.053509457771466429
0.053863217684146855
0.000108973297366935
0.007102116182137006
0.024814614514972470
0.335825474538539115
0.300239734871131536
0.372689792035465928
0.000283086881456747
0.003184102429046826
0.012577058268408832
0.058486015471910388
0.182675129180070644
0.162425734278455525
0.004425020566194469
0.007001443700080285
0.019426490724633632
0.107829937384827934
0.317221104624818673
0.378027561951383650
0.067620734674533611
0.017535023168324688
0.000412473059364316
0.004422805542688072
0.063510672514562258
0.113378400387429246
0.057169387529325336
0.011809156035654793
0.044782993721173926
0.031570717720745239
0.027295025820965789
0.002942293150766699
0.000607609709834531
0.001143684546468339
0.017974885394151357
0.056282754244383601
0.052066790739259662
0.004761202176169238
0.000402640647309909
0.000208933069550086
0.009063409249662948
0.025182931559585391
0.014854029650072272
0.043084869825555566
0.001897434425892039
0.035878521260392621
0.031676074933693510
0.076007201316455664
0.022092486114843733
0.027047662294448636
0.006634835201468163
0.114252793314616588
0.052986344830494400
0.250241664874043257
0.182377753264494208
0.028234051441024630
0.074222325141835813
0.021752777382552883
0.031685760892712675
0.106643335855518800
0.128085962284460647
0.105180614254109892
0.182006723934394848
0.021858413742171619
0.063569728629712774
0.192053662165952405
0.201052102631157970
0.131183058308638412
0.319295570164812637
0.032133299176149821
0.194896765778116071
0.063307911706287037
0.400000000000000022
0.400000000000000022
0.400000000000000022
0.370341223139819764
0.147492512892280658
0.104322950237980258
0.400000000000000022
0.033928043388852129
0.400000000000000022
0.400000000000000022
0.074949242111202852
0.049757784004507366
0.026269514478629422
0.002171593686611203
0.400000000000000022
0.312889737311393079
0.012339113410142676
0.072676963186905280
0.057111094307338427
0.008865906851906143
0.400000000000000022
0.340031754839464351
0.197355628479651934
0.033632255575245754
0.007377238955367002
0.009152180251485821
0.317712555521854678
0.400000000000000022
0.170215905161769931
0.134854963052598642
0.017142111583323797
0.010881954646025770
0.400000000000000022
0.357119473998999015
0.034308331390672651
0.100420008741523403
0.199775343852694659
0.127596208742628198
0.393709424134532915
0.028532767645124003
0.210955406563287817
0.313554639818866665
0.346195166341375260
0.222063012534492510
0.221127523895707029
0.079330991512932381
0.196201435678587777
0.027353103034188031
0.054233600716707117
0.019786578153597481
0.289280716291688167
0.091510771733266272
0.033296812198473753
0.083380473616940662
0.073792343691006984
0.005513720854136425
0.329962047839679640
0.210967221295152885
0.038603578083689430
0.180085230145059727
0.128900101189913546
0.003459947746944045
0.274383854946394612
0.129909376378367331
0.018144740305817145
0.165571630800246866
0.387865805701113842
0.023253983856050015
0.280406741812822824
0.029638403326012537
0.034995861440028767
0.074319224219498492
0.049535996095659611
0.027071583172637054
0.137558176333256982
0.025651332820581289
0.053472472657623935
0.122523985165705895
0.025294596477592444
0.027690445011934881
0.082270220469656874
0.022209892214184318
0.043870758497699842
0.074755315784427845
0.138232845884920685
0.063271022932639059
0.107467869603180860
0.031702193362536955
0.181210178963481905
0.220681792831442625
0.352819599214099999
0.204789003804656533
0.020087537172491024
0.265984343062488082
0.084193546945747086
0.010523040989728127
0.005381938184584545
0.005211864096020937
0.120239628974493279
0.012935389743204760
0.067303320772332115
0.039714966528704987
0.014102890573695459
0.002354600609446955
0.057162650375039856
0.005534044101919470
0.029822354032601254
0.294239501328980468
0.400000000000000022
0.000848014534050754
0.200132844450483516
0.000524988952274405
0.003419386148436371
0.180275187061819081
0.400000000000000022
0.011384110093243817
0.059865688169648476
0.000025634240508464
0.001513261732263369
0.033822927655088063
0.054790936347830006
0.022615308849105488
0.350662467066787942
0.000125082231335261
0.000224454654521590
0.001710000204172585
0.008746984096260790
0.037804015833756643
0.049787672914590797
0.001849486679930982
0.013235120744759852
0.055301892832496417
0.017591882905224444
0.059656661783133377
0.212748919217384647
0.010954980454239366
0.033716790818962949
0.068706627371831197
0.118155150427644268
0.092712072737824308
0.008742500412038617
0.063369524601427071
0.247651265733672854
0.064631767500402018
0.016013655365723033
0.002433443959596932
0.011230248516271015
0.003377552637575327
0.099632602427600123
0.143013499330945038
0.125539110031936463
0.001536364654194817
0.005696132909063874
0.001037935482542962
0.032961387134208285
0.385849760538996667
0.400000000000000022
0.000282975903288844
0.008420912320214049
0.002180680987396959
0.028994088029978913
0.185347340236508507
0.293832474955326606
0.002890010568125042
0.001664190326150681
0.002516544738422115
0.011519965429423672
0.060901129514673497
0.107645628561306217
0.038361455841364592
0.001337761814642772
0.000721430979952808
0.001683689124090030
0.018319331696904022
0.028465781327870910
0.060491230512524155
0.007537836938191826
0.002244872497155353
0.026524908551474467
0.120284963103028872
0.139342319164703687
0.136093970818018162
0.128655122665297827
0.014199051318649805
0.040200802747475291
0.111987485948140009
0.065979608715749774
0.072600651856773682
0.002854146777555374
0.040780341594796946
0.400000000000000022
0.282179895561906813
0.023147444243528947
0.004164806855837696
0.005635580223580442
0.006230444378951679
0.196435499506623729
0.400000000000000022
0.224457089174684626
0.002261351385534573
0.004613233738349013
0.001174575716952394
0.015888423423168849
0.057595045302432375
0.036646488207037017
0.001146553984353059
0.010555572724704402
0.000459652753010190
0.019161883341820465
0.094661085846686088
0.351361818318647878
0.037275025136301917
0.006894418483358574
0.001843944702991313
0.004900947784627891
0.076405855661112812
0.400000000000000022
0.400000000000000022
0.007848329212692587
0.009992111609022074
0.005477442960657166
0.027114655090173433
0.067927214328187727
0.209385513220199271
0.004687367201696308
0.002932906304678920
0.006850054239224708
0.037881397247938590
0.033693950374981928
0.021813311117262327
0.065402180152656586
0.007851961853135114
0.028818731542253860
0.097011797571951136
0.017681881429897094
0.022312903001072918
0.013771082766414477
0.291996231159811215
0.376184353362667534
0.179645052056089105
0.008375980734719830
0.005729781443648514
0.005164349717289679
0.016629571779503374
0.190085548126456449
0.365795975141999574
0.275756518565153153
0.074191171228125075
0.000740712428342551
0.001117739563625754
0.006860857018162015
0.027314781997535013
0.089816329325374783
0.039202286379991853
0.006144986966650860
0.000329530296302893
0.018980633396549498
0.067245267239031001
0.126148452401956546
0.018915645597172938
0.006823920422058130
0.003783552701632314
0.005303663754967915
0.051160548605722854
0.253235887555548267
0.302540960580978124
0.018138878640658912
0.004298460267276239
0.007766197469182316
0.041757110079971398
0.061622924759185904
0.208529365242365261
0.016515933176708138
0.002554778477445602
0.011150997571649160
0.059676271202738745
0.058381704773748017
0.018582989481330220
0.062891507421131268
0.013063232353919428
0.025938872255340417
0.061950708014176487
0.030342494264330534
0.023896899836984509
0.027504284794765285
0.195939861460015768
0.102963551494041766
0.034355008863481959
0.006071710079287836
0.007646787931478878
0.008565771812269054
0.010297301667598742
0.027990729319109852
0.065134350453804057
0.400000000000000022
0.400000000000000022
0.003511558718450555
0.000067289967376373
0.006205700906947578
0.011185909072421880
0.223078781576071916
0.248317507840277063
0.002396479284533726
0.000232441104727632
0.000956465232358155
0.041839797917919641
0.012704239775407409
0.012759249790648361
0.004331711929021062
0.001415452966529149
0.002706858962366126
0.065747873644548982
0.089506993932428225
0.229359823562348880
0.005285434128650943
0.003062817099551944
0.002612013590884360
0.071486592985821107
0.039160715978001810
0.211118850437601119
0.011996584731761618
0.002810253769998852
0.013078354191556809
0.040187100967587534
0.060170065900660277
0.084639712999085639
0.066583411416575256
0.037859570015837576
0.020231993281166330
0.031908071555916004
0.088206877211814264
0.078524198111030508
0.016324066541858605
0.030174071845885296
0.002970381928579899
0.001951339289011578
0.011126939211456665
0.008387765190955798
0.004359513190532014
0.003382410043749349
0.003041345408391369
0.010248471871513024
0.000000000000000000
0.382538254313579185
0.004790418630782430
0.001100543570339204
0.006236795086731218
0.062644315521511951
0.014360621489316614
0.153999541866362222
0.065269291387438838
0.000722370120284118
0.017755912234744101
0.082881985882130832
0.039497743656338909
0.073086202097025418
0.024101407254388071
0.000585455736741761
0.034535280735526364
0.131977011146295869
0.054239979531828492
0.115571483483833587
0.060262836824591437
0.003497634576661392
0.036185397324681012
0.096191897057560261
0.035500065110143503
0.066810164062270264
0.051339650536376139
0.014056392445928587
0.039295382972268013
0.096552910692037780
0.090660269868588023
0.162039919809513100
0.091397555944191064
0.057678593460816628
0.017539328288903942
0.054038966915507254
0.064753777546703792
0.082246114242461046
0.400000000000000022
0.048948360448866982
0.029007959832700648
0.036917378748622054
0.001496393919799711
0.018290269514118458
0.146731005691936117
0.000246809713594822
0.013612186302260841
0.030471112235096857
0.001571059245752992
0.133625914583472116
0.022419954428146496
0.000889668324746514
0.036193180890489965
0.061988039837051701
0.187850202724017673
0.400000000000000022
0.001921403187660047
0.001862761195183421
0.046487515620820555
0.135198111624079298
0.400000000000000022
0.287254298877228309
0.001775291774188960
0.003957299121982550
0.022212615835430768
0.165686963648136676
0.055863964344308292
0.029576026345567559
0.038265339833390803
0.080373001426033430
0.400000000000000022
0.149326267189337669
0.025954104438157571
0.013375837386397343
0.096885274109875102
0.400000000000000022
0.400000000000000022
0.201311780953912972
0.053949154196427290
0.084787338617163588
0.400000000000000022
0.400000000000000022
0.156685042698072818
0.054518837898319607
0.068469941687372568
0.106920779311131975
0.396196600991416070
0.217686449544372329
0.122284896455998188
0.400000000000000022
0.099391780332765078
0.016981664827735748
0.358155637940863358
0.354862937482958940
0.032026683204000143
0.112758463672079368
0.001177985501737963
0.113752900187204770
0.400000000000000022
0.295135010592816327
0.148127221707039097
0.033420819600065307
0.166939846539759407
0.375599616624239574
0.389396651423951523
0.400000000000000022
0.318103782057109152
0.066832443760031682
0.330707631379414280
0.319359493810545569
0.399294201106349833
0.400000000000000022
0.083758826691555030
0.037746153649799670
0.037078629042036161
0.057287826238765369
0.400000000000000022
0.148933442842875907
0.157008575244877019
0.061183209027218646
0.024970024869926652
0.004273767750893953
0.085289040290880636
0.154369941460264587
0.156813385296600383
0.051688225245719685
0.088865494895075420
0.147159940814239748
0.158489378236543438
0.211393722455001709
0.145791280092296749
0.067387484412068696
0.091504748207258318
0.175392385024395664
0.318235639234015766
0.101033139741722469
0.029027716845647818
0.104528202641565857
0.017438239735168361
0.048009322793943245
0.244907844892006177
0.290576121518419495
0.220188278855601965
0.023338019392738499
0.001499621380522601
0.028646492503918559
0.230730130016834095
0.253283869451386590
0.345741074469605614
0.049797954981687251
0.012558402367206175
0.070462608850773656
0.172686227064637460
0.324887731110735323
0.399956774799584136
0.054522730509857037
0.044309889233629114
0.136107201443700643
0.065537406083385166
0.144532860619639381
0.183534881672934219
0.083440378877644383
0.030187602879034835
0.042374325778639914
0.059597020237856520
0.026771712986642254
0.014953133348822024
0.045285803959922662
0.033495924281653988
0.017033693154015487
0.055638439437673354
0.016277471456772784
0.015912008390124365
0.021832389784342442
0.058162449036757838
0.129889665725400560
0.028815959239826938
0.041830881378450105
0.137166771257527687
0.057299004454221744
0.073728732184359158
0.193005023102843287
0.106824197508383234
0.032758684419146630
0.009937091302606048
0.010209906528211474
0.006445841367099624
0.025445142785034069
0.071481395841806988
0.287241309718510085
0.391447936813480557
0.028493690179494803
0.003840976629363475
0.044743895623851421
0.013714858316998226
0.400000000000000022
0.400000000000000022
0.047036262126311838
0.008405323807101050
0.073488332914586660
0.000836093897983013
0.123197370458566074
0.371524317371009327
0.080518156358871246
0.028095830504724903
0.053843831973849635
0.002348104297413499
0.088912694691678118
0.337501889255703458
0.033000906894406185
0.021673163908150481
0.049596491975274853
0.009842136723623243
0.003711420598928810
0.019776365923943801
0.039820250154036493
0.028006230455240901
0.002820551208146264
0.018333663957005031
0.000157390488506899
0.001917226062217375
0.018921793552739562
0.034370608878684976
0.045851423954516288
0.022675934100019439
0.002058944080006861
0.032622163457590010
0.061258064791650531
0.037212282722199487
0.230582087299878502
0.000165501406301296
0.010693605849157038
0.013650010599678620
0.022838110222960884
0.019585189244416684
0.005995219160013312
0.000267444509908667
0.064888235349094978
0.076010234425517478
0.020986643263875886
0.004915072823263058
0.026296142521816453
0.002181797975445209
0.004534815860355455
0.034670654888123917
0.043714288691992856
0.006258184311713162
0.054100941954974863
0.001413545153492314
0.007388033627114524
0.039508108412595486
0.056313178077886453
0.014843149400638005
0.034388531652797004
0.000307950397050781
0.156953032618233540
0.400000000000000022
0.061281192048886886
0.014712530563608522
0.011651372252428556
0.000546673969993685
0.063140862510305276
0.400000000000000022
0.273254014403629952
0.038509503504017828
0.027412568281132699
0.000555285805934388
0.001327138039872693
0.015859961123354829
0.022173494404911537
0.051971872154242739
0.047009088725782466
0.001477861002131117
0.006299090905631378
0.108933062723900520
0.122814745437440032
0.071636401488256229
0.337285282513942630
0.087317864306866694
0.120886444230053458
0.045349408225959849
0.009981351195627982
0.013737373078515974
0.012607598906376168
0.114454510259903858
0.252477369509219396
0.178822673020942208
0.035705429418082898
0.003827612374721447
0.032161039913626385
0.000039020807053594
0.001826570834619142
0.026119114339990035
0.050615196645897725
0.001097481784317878
0.056233005385830002
0.000396847256701133
0.002324907186072437
0.017841335383800762
0.026720935119412655
0.004257444697169202
0.014206745506506642
0.000252420184170151
0.008734394057480208
0.160792638035622631
0.085672817481339383
0.070638922413369637
0.055390667092647609
0.000623076908600281
0.008076131001697370
0.339491557326019544
0.259109788076470560
0.302771775302437651
0.191669645574388980
0.001153429894516656
0.000093698345942891
0.002175697452519722
0.026294033080945203
0.059566750470722310
0.248272323725622412
0.000000000000000000
0.002632560307426597
0.012029167897299187
0.073293115606087741
0.049857591045242573
0.275422662622981873
0.136364319897351483
0.329836448037674312
0.021313109634679153
0.011504655152490956
0.011055011899859338
0.004401282630048728
0.112036368024937910
0.302793373710770530
0.038579842005058491
0.030561881396532264
0.020313840762125154
0.036363918925831400
0.000000000000000000
0.000313755878535675
0.021914295745229576
0.032814912899342845
0.020967640663172245
0.045397679559648935
0.000927901610374961
0.000992895046256268
0.014053807073886645
0.075980966203250871
0.016252003806276710
0.007296073497053235
0.002602795314024938
0.017573487025961353
0.027828651378801646
0.181221274853310188
0.216187614582895871
0.080070336243968226
0.000331013596509938
0.000561873516106101
0.013126255817283617
0.230437666166412064
0.400000000000000022
0.395451239238405416
0.000000000000000000
0.004215075541797146
0.006788928850243156
0.019363486081397090
0.108012964460326821
0.145941153534469348
0.001467761328421670
0.020459798070562599
0.075226573479466791
0.147080625247056340
0.079743199741248147
0.106037503699350194
0.129797014096823565
0.302108182319943186
0.103590543771274329
0.035036692489227667
0.010062543117094964
0.014711379200062793
0.085246010586050108
0.089040889066685072
0.060082797697146730
0.093307586087101504
0.400000000000000022
0.400000000000000022
0.003901786697053674
0.000491502038768869
0.019795827232111117
0.025891207530710478
0.400000000000000022
0.400000000000000022
0.002767216678123986
0.000370329895667753
0.006825144637669967
0.074425070745582717
0.023736414176652416
0.049364781634188080
0.005390431387082841
0.024518248175691319
0.053267189537073469
0.247551581487157613
0.211916590881211703
0.284560253165638599
0.006440694277280554
0.006578957263082260
0.092229834152058487
0.348244532901631931
0.393482584136429780
0.400000000000000022
0.015870043332750387
0.003364830447454149
0.024110924126542074
0.094741636685876124
0.137937278759188875
0.306365653030500562
0.074148249398474683
0.066208062220043939
0.122674078978584289
0.245088763865188464
0.197599517955088316
0.396770725487716636
0.093424495740270674
0.061838034943858478
0.006056381752073469
0.002338074724375676
0.013566515692570065
0.013527452488595670
0.078057326797953255
0.036593041366264858
0.047931373282344286
0.077950526897338931
0.266992137198969026
0.396002055677141085
0.005611180811940455
0.002806899533119567
0.014971855514507547
0.180986015048186899
0.392525552537615452
0.201304130564743805
0.066097206802178593
0.001275202034699440
0.031857301967718972
0.215244148681321412
0.092649533964559383
0.082902197352568277
0.026367432183833257
0.015027470607048716
0.079683920158075433
0.268757769149513326
0.107749437303294920
0.169434701167980428
0.060371810121958372
0.010599750758798397
0.061000011839653472
0.370905342154630724
0.330230264131719076
0.396774939552842987
0.051622737417832888
0.017240494874975410
0.051872441240676845
0.155038926163948182
0.273335399048658667
0.296332356567514443
0.095822576510385532
0.064680037160896903
0.036965819013537578
0.161868904300335181
0.357316754667165726
0.400000000000000022
0.400000000000000022
0.066483383617191666
0.029420432892064963
0.041340184291310124
0.065007066434361979
0.131668669901547686
0.203900393221261439
0.012055965749249616
0.058395180023434766
0.062041829955842093
0.028866085066718779
0.136568207734238833
0.023027564137981023
0.002033352871214852
0.054168066284641325
0.118270794081435288
0.239916993463277356
0.400000000000000022
0.002324043834969956
0.002071694264733508
0.055550924870483499
0.160381043183664668
0.400000000000000022
0.313633352192347448
0.003672726200080999
0.039835820382375167
0.053888690769124281
0.241694164964592340
0.077956450459152032
0.056623688640016191
0.044900175034858970
0.194625794740650004
0.400000000000000022
0.343590552008126937
0.208331857702651807
0.041609888827421969
0.171107599251710929
0.400000000000000022
0.400000000000000022
0.262099459717134720
0.182035116480887910
0.189967952871273466
0.400000000000000022
0.400000000000000022
0.220254771327785537
0.241317897947669169
0.269522044318530551
0.238103837619770387
0.400000000000000022
0.249819748720522095
0.317181662234114203
0.400000000000000022
0.400000000000000022
0.400000000000000022
0.400000000000000022
0.400000000000000022
0.179519196096280781
0.217081413910059612
0.400000000000000022
0.147680943576056906
0.400000000000000022
0.400000000000000022
0.223076463818241949
0.083178603604572660
0.193209361018388814
0.376464766809854412
0.400000000000000022
0.400000000000000022
0.324074366366199351
0.139509406946936976
0.369345306580226240
0.324787715608133354
0.400000000000000022
0.400000000000000022
0.281114455171206978
0.071378409225045431
0.044455867997403156
0.066440006490251183
0.400000000000000022
0.400000000000000022
0.327224480406646923
0.196038172079817274
0.042112136453250446
0.015155722396919724
0.400000000000000022
0.400000000000000022
0.191121716687273013
0.152108233987243047
0.288484693399083725
0.274756149556867890
0.400000000000000022
0.239926490100125733
0.343307648491912865
0.341912013073248477
0.378199764021591056
0.386299996933921364
0.400000000000000022
0.180364131254654864
0.225229152524235615
0.131881305675753874
0.071671840451875468
0.067795900947540719
0.400000000000000022
0.370970131042271167
0.253485091054075684
0.106718493009679172
0.075291965071529604
0.034160213358054983
0.400000000000000022
0.400000000000000022
0.360696670693780197
0.229883185126746964
0.141458503557119697
0.073922556597717723
0.393872493262419798
0.399297275596941947
0.400000000000000022
0.220094361310103903
0.397815712767800589
0.159361185299750630
0.345944147896207976
0.174171263945651938
0.218530743112962972
0.157759603097142820
0.079723598974694443
0.069445908951276974
0.197155196571113495
0.052423045807223539
0.068425606006445955
0.167809789125628578
0.058790520759246429
0.044724138165950368
0.137908659907330228
0.038487363670957099
0.059782766887824204
0.096587705568770291
0.196395294921678565
0.193160688658039620
0.136283828843007770
0.073533074740987067
0.318376950221009647
0.259318909983828227
0.377903502990519780
0.386458723289118899
0.126911734680874244
0.298743027481634726
0.094130638248353160
0.020732947517939599
0.011827779551684171
0.030657006881055007
0.191721024816300267
0.300176699461714880
0.400000000000000022
0.068208656708199783
0.017943867203058936
0.047098496233298384
0.070877508692038085
0.400000000000000022
0.400000000000000022
0.341275763455292314
0.400000000000000022
0.074336347448637416
0.200968938348466519
0.123722359410840477
0.372785013083081207
0.260793343420690327
0.400000000000000022
0.065227942067093453
0.062213792467061976
0.088938328932186575
0.338500971094455982
0.066823834549494240
0.076464100255980494
0.072211800824380348
0.360504603790411216
0.003836502830264071
0.020000820578465393
0.041530250358209085
0.036753214551501691
0.040624567041902912
0.068121336871595828
0.002006877168437881
0.015152346806977227
0.074223686385235979
0.051962491783909409
0.105508085737649665
0.235424853317404092
0.013013924534246227
0.066338954276552967
0.129964692163481721
0.155367433149843748
0.323294160037702838
0.008908001818339912
0.074063130450584116
0.261301276333351484
0.087469877723362899
0.035598844610139721
0.008428663119610245
0.011497693026179683
0.068265787986670295
0.175642836853117601
0.164000142594820958
0.130454182855199524
0.027832507176011264
0.007877930884509082
0.005572751342898418
0.067632042022332195
0.394693791476941391
0.400000000000000022
0.054383917858263714
0.009834457473706364
0.009568714614511484
0.068502196442574395
0.241660518314394973
0.308675624355964628
0.037278542220922056
0.001972140723201461
0.159469577356655651
0.400000000000000022
0.122182321563560375
0.122358159124914725
0.050012828093793142
0.001884435784636457
0.063862293490258085
0.400000000000000022
0.284641310829552352
0.066975284831888748
0.087903798793656854
0.008093122744126215
0.003572010537028047
0.042384869674829295
0.142458457507940395
0.191314191318946447
0.183103059543800600
0.130132983667428953
0.020498142224281184
0.149133865471375804
0.234572013359896941
0.137616010204005990
0.390834168048411090
0.090172011084422049
0.161666785824850417
0.400000000000000022
0.292161246757534743
0.036884817322044919
0.016772405762213866
0.120090090483484291
0.258707813888171101
0.359750506703349515
0.400000000000000022
0.228284701549406083
0.034422391299160963
0.004652254545402607
0.003001146551571536
0.042007537763158881
0.108210241948330094
0.037743969991354889
0.057379559370183048
0.010952419981405533
0.002784559939082627
0.037003218725621227
0.121382020966098736
0.354406841113265481
0.051481770642808566
0.007146838667528726
0.010578338760471519
0.165693585820250538
0.162078673142452168
0.400000000000000022
0.400000000000000022
0.008471406121292869
0.018068242610719445
0.343339855964128582
0.277917111421372320
0.352860374977040814
0.376212725884794041
0.005840797096212965
0.003026604650621811
0.009025751691744431
0.064175430328883787
0.093260700845704245
0.270085634842884725
0.065402180152656586
0.010484522160561713
0.040847899439553047
0.170304913178038864
0.067539472475139667
0.297735565624054843
0.150135402663765960
0.400000000000000022
0.385912264153662199
0.191149707208580016
0.019430992634579168
0.010131064073697243
0.117200717742227581
0.319422945490273891
0.228665390131514962
0.386964710102073783
0.296070359327278265
0.110555090153956481
0.000740712428342551
0.001431495442161429
0.028775152763391591
0.060129694896877854
0.110783969988547032
0.084599965939640795
0.007072888577025821
0.001322425342559161
0.033034440470436147
0.143226233442281858
0.142400456208233273
0.026211719094226177
0.009426715736083068
0.021357039727593671
0.033132315133769560
0.232381823459033049
0.400000000000000022
0.353363106247117753
0.018469892237168852
0.004860333783382340
0.020892453286465936
0.269196270583878072
0.400000000000000022
0.400000000000000022
0.016515933176708138
0.006769854019242749
0.017939926421892315
0.079039757284135842
0.166394669234074866
0.164524143015799595
0.064359268749552931
0.033523030424482028
0.101165445734807222
0.209031333261232855
0.110085694005578660
0.129934403536334703
0.280597274737346858
0.289458175952178542
0.243245962351356149
0.145676851790167289
0.086314186785429792
0.083923138254204346
0.225929909742548896
0.277299145834933980
0.256997075174514533
0.182522868787357878
0.241997675621057312
0.216077884825716188
0.163961904511610024
0.192263864088374009
0.173541009878732805
0.187469126123100349
0.309801845083601146
0.282801440805071136
0.175066114377427556
0.167917484885797108
0.182556548933660578
0.197718931328791009
0.325029171289256791
0.190017153726372068
0.145082347044001830
0.155081636878592805
0.205086885500250476
0.220532642748392432
0.196398730875705307
0.180145805567803324
0.161230117267716189
0.110005632757007324
0.232543760089848478
0.417791940581929311
0.251528660876307930
0.280988339208466942
0.112476239938770373
0.130329074424094082
0.126094924896121174
0.260403302462878183
0.251245670962981837
0.334696995267911801
0.239910426685928324
0.125411558345003116
0.194432795055588331
0.250877224537822241
0.246702476902010359
0.360511018386391491
0.305152025672491889
0.233521619668294211
0.225397318082287773
0.154775323282692417
0.086698374203247788
0.076016630987309153
0.268873336810726393
0.226511186200498010
0.188424192915575189
0.214034963528064698
0.268565621193423587
0.185702230095741910
0.184237896648515725
0.176560269254448760
0.126677978192961671
0.209927540826425812
0.324158614374016163
0.226231444268104376
0.195845808920948605
0.149848146082038280
0.142626376611169947
0.199811374931937763
0.329086166504056643
0.115476610476263244
0.153715628374388485
0.146894448650725817
0.162627707930044885
0.146922913264111582
0.214206555035705321
0.169413198383197239
0.179453110673988225
0.106226707698118553
0.194895523302700796
0.221842045641696323
0.275040820264350172
0.297192551487289569
0.120748483484517166
0.118935190990057157
0.093414838837773850
0.100724134183660746
0.258652735785258492
0.349346425668529525
0.240774427932202273
0.111093673962730136
0.147948937481799242
0.157587379601841215
0.182548825992722402
0.323288942417439273
0.242040786497645516
0.240352035986160756
0.222490465704346357
0.155121749760819772
0.096383981866285703
0.091632631180533802
0.235190343062654600
0.291044970686261006
0.220660793033218006
0.177844119248304622
0.260908266564961466
0.223086952018808682
0.165558643922033816
0.197663458363376565
0.164849525384744844
0.154107939490439633
0.271270224960078632
0.227249895182858014
0.163641863560472167
0.158527744950773125
0.178976175289128542
0.160058852709784732
0.271949266822817004
0.141924657337229698
0.141757294607744389
0.157534746165477524
0.238170907408177118
0.185483093812417982
0.184587948069569352
0.251045849523076903
0.154284554879954128
0.107183859119730565
0.225710330806767723
0.315040221722272917
0.199532496898965184
0.257291681683741447
0.105116536918729547
0.114922407074357386
0.095645094206355058
0.126801260984244518
0.109566253921153045
0.136499326060739251
0.207107797686930106
0.110376431221205065
0.203943342235427927
0.399501336824983178
0.297141819942059904
0.379215919484422626
0.266718090364319926
0.187443833929742121
0.194983684324603612
0.140944095898007327
0.090490100866386938
0.083439420853003252
0.259973495047254088
0.238243345689186148
0.200224471458151976
0.189912778651678937
0.262542416210944374
0.203440754903954857
0.182679013025592835
0.178445696318184771
0.131061075508950742
0.192076829750803396
0.298367599485131307
0.193694323567554727
0.189744726019839383
0.140675948306032500
0.135182495410833603
0.185674832730507527
0.292987850259200266
0.085448700858975102
0.154082090163471935
0.141018753366777133
0.165252311160426463
0.187446046527827148
0.187654443188166542
0.159737769812669461
0.172492553902056728
0.102629635274731137
0.190379315977567021
0.209885605114780216
0.217714205748814699
0.241993531346730739
0.114376813578007316
0.110847929089936903
0.082271406248274490
0.061878769739315297
0.125948836840388628
0.152347218698486303
0.224733788412520952
0.097990630181956931
0.119529532912582392
0.165295658486697722
0.303122462890121902
0.394152908210108677
