0.400000000000000022
0.400000000000000022
0.400000000000000022
0.400000000000000022
0.400000000000000022
0.400000000000000022
0.025042662865114480
0.133067922938459093
0.080522023660399331
0.110646362963656736
0.120839056802762163
0.062608123333298765
0.064695380489490986
0.089112515593957095
0.168654585703197579
0.092386709807860123
0.023170433130901107
0.025031357105828132
0.034473685394371366
0.055269653240944162
0.097339934897249000
0.138441605040784038
0.091821046751826924
0.063998034985209271
0.076839458545719011
0.142565555958374252
0.159688883944490406
0.098233394037215066
0.028824345583926166
0.055192414588534425
0.058373987091565771
0.160144737117414671
0.201039233598821088
0.400000000000000022
0.213356323250420754
0.080450361879567361
0.025569180016651274
0.104953961798323156
0.120075377988172638
0.398516245552398840
0.142028622816447819
0.038135509197528707
0.011327774999256399
0.011455484927977301
0.034722056272972791
0.111200888506866893
0.146455179944973868
0.020020251170317714
0.092619393435679737
0.047123627072608018
0.037859142050235717
0.028088929600180310
0.025155293795021447
0.029511588690928795
0.072174734779365618
0.098427313612878028
0.151693036504332274
0.141274868224859240
0.074278417761814167
0.057837212666747670
0.110852354380526361
0.141468754238939287
0.280011480557411097
0.081983169837813979
0.053645633046811858
0.024023197939380000
0.105133437419236295
0.088612806986626602
0.117999115968497062
0.071689096577835343
0.104997482091898880
0.026582109482885509
0.198307579275189771
0.042540519983189216
0.093160854060490170
0.061052730053681836
0.109551328587575936
0.022180444908104655
0.068791949919985398
0.175496268208840234
0.151959971757715667
0.127144852712413797
0.131650515530837037
0.044645777781625706
0.109269284489115742
0.087377649300309695
0.327467590032997302
0.182392818077830365
0.196277772974939452
0.094425295166540552
0.055036067581978466
0.005402109879253725
0.041932409949297103
0.086445718977008909
0.194309666724189700
0.045874806570617870
0.162194448150227266
0.063769877061514296
0.033044688431863409
0.027273832219026725
0.036393144326545890
0.011944915527355675
0.185490973090967182
0.094071192180911145
0.096711009433804715
0.107603231638688235
0.109192001666202604
0.014195126007874381
0.207043107417730299
0.083336820296459987
0.284087388196762491
0.235842667241245474
0.071044822854850850
0.046822393653484902
0.109222846125180933
0.047394733387242441
0.052328462429460362
0.189963713914458543
0.084590707749347863
0.037308707266195631
0.278524369379318293
0.044190711473322090
0.163577733932532610
0.106150583967717871
0.116109292558729676
0.034973002312037725
0.103020948306032811
0.307676667442314478
0.213258488978327332
0.126302550411994008
0.113573872674562537
0.006547893434108954
0.137154136450273689
0.188346165924883652
0.352043462165974375
0.182345509293124930
0.243277744889424274
0.066265474756512469
0.113413635908361121
0.130464545699388229
0.135210927596984110
0.040260563204605984
0.068163291044889260
0.076500631062697777
0.103410681568672058
0.031865452439689378
0.032389222278215328
0.013521952047440687
0.013195944160832741
0.041677948608950202
0.245488215106799024
0.143057408057978036
0.135713340300113144
0.063537579621558468
0.038572979129358052
0.052854970163236870
0.278122710378813698
0.082976669138528983
0.228831759183291739
0.140870506625826619
0.117754563756685721
0.037327548840524180
0.199977678953457083
0.059200804802108660
0.102119121684897146
0.101866251772414249
0.079078402457587321
0.017829712644060913
0.075492058746348401
0.032475149863709377
0.137809568948708827
0.054850243048169066
0.054139446741450312
0.032762790171414154
0.119403453184215691
0.200329585058864584
0.146897719417265982
0.048236858659681879
0.007756491635252827
0.032584438097798922
0.155305215635171190
0.180286876150113823
0.244647357668855286
0.044127463867890321
0.136739139886362521
0.110096401754608025
0.065279721667525645
0.211388807306157112
0.245460500021570049
0.018279840792496938
0.195057870130489447
0.097082862379222340
0.237575706347538940
0.048555322510084438
0.034437426663642447
0.048766752282318887
0.024996261912930123
0.026105482144409678
0.238266485589312238
0.079824408293174665
0.117185709849417688
0.127069139530221920
0.058519256538808379
0.022126854519411557
0.221497434190459419
0.076271565117409318
0.224161280253977746
0.156919703061848825
0.068856698475234568
0.018356254570036624
0.189509991130981686
0.031562169905997889
0.215098541548489619
0.246296391330287967
0.083302975337569835
0.045080891341498515
0.049987434736769851
0.025749437267641194
0.291235076407725502
0.202059908697834079
0.057768238805065784
0.032993639697823082
0.053909506123754426
0.032515925208587704
0.089880510627628377
0.101468710442072424
0.032531403025163150
0.059417819497248239
0.344470410278753747
0.110125419320799944
0.171797430307946031
0.127576439757980331
0.129958832670637542
0.119931131610769820
0.400000000000000022
0.143311795385729523
0.400000000000000022
0.053136421443077494
0.119516481736979874
0.037085226785355807
0.057722570573357397
0.064296116697112216
0.024406065884725565
0.007600117621213917
0.006866417020372150
0.034310923840481483
0.084606045781614916
0.068540101465534686
0.174440825508302255
0.102099154002817369
0.010865639267082965
0.012283300597512811
0.222612182645906459
0.114611630160114636
0.142175204727856053
0.084327850138947599
0.053455958764903590
0.018646851808436407
0.263408816070149765
0.091640324628976810
0.232489895288733428
0.159953841513156697
0.036783573517543570
0.033152911893510009
0.075079374807644872
0.025871352422664914
0.229765279640301773
0.099962080466131573
0.074019921472551792
0.030562217943136349
0.086327963720406686
0.068055018734589773
0.123907011973939801
0.071166902392558226
0.042126081044319037
0.062122505368685119
0.400000000000000022
0.095606926688774685
0.095175264201582718
0.049417783580153925
0.128154578370989092
0.096445013060636353
0.363946574114973331
0.071417375337279543
0.399765332453963951
0.045901283789540281
0.053825221040389629
0.028872771244029719
0.086028781479268235
0.046964715779760711
0.064714406742625727
0.040407320359536966
0.002660155633542315
0.032862474283243563
0.121456496181657075
0.064551537993398272
0.216489138966299510
0.131895902128432829
0.013940813230450088
0.013758812492212353
0.150407549977795429
0.114719461697307040
0.168019151704987157
0.158679143768751307
0.045544229161099625
0.014071724602947235
0.188655795124992365
0.105960515502527719
0.185724500503839762
0.072697908988621010
0.064510639858483168
0.034440525928610577
0.166479245409929977
0.121877478658525440
0.120846425633348409
0.089487847383349611
0.039132656018146084
0.011016538214573678
0.125546867231857234
0.125985476485782372
0.164342722105899314
0.047850664351403616
0.047865459423418411
0.042657191007700566
0.278134005103805870
0.101484764773670882
0.091527402313138315
0.010211019313722451
0.092024405399921988
0.054169744844098172
0.137340579634774057
0.109062504508417452
0.078387540711400555
0.010566956036545816
0.034442423575725759
0.020820897313674449
0.036358743025641585
0.049062976807230513
0.055528323465786691
0.034699438383230190
0.006340397590753836
0.041065810565468625
0.158030754371475735
0.116547309521382925
0.113958525370825431
0.170847566292902681
0.043881183839989582
0.010677356363610321
0.274092775971447100
0.121449783474262357
0.171217501611172607
0.171813692655965716
0.092199238959991325
0.027045509320377633
0.287359344962637875
0.122043282158787264
0.178317493924639914
0.215788044936671308
0.083148309703387990
0.039270634861822057
0.400000000000000022
0.400000000000000022
0.126653021280480949
0.103115100485559219
0.090717610954555994
0.023587603613872486
0.214947444862851750
0.400000000000000022
0.400000000000000022
0.069307747998460748
0.088034497102769269
0.084798302295283692
0.188618875712133788
0.108537489596598272
0.132515314509909110
0.035641151357034800
0.038591739368909833
0.051101642172988078
0.083016317809599630
0.140501407485978530
0.098250272456541748
0.041998871817225808
0.078335680940936153
0.039231080353898315
0.020347754873358236
0.009958328141348460
0.019248546329189757
0.040506374189769809
0.018113185624896184
0.009195672048653052
0.118439606100450567
0.063606917978029157
0.142175758189722029
0.061962618245013784
0.056075647555875394
0.015647419485762259
0.167069280805784592
0.184657105465270449
0.257172963856657111
0.151563831668385995
0.051541939271822920
0.013379634070599479
0.158246098470670310
0.172646963665501918
0.378985079948568560
0.193920318607375464
0.079667991700431123
0.042135319071620915
0.150805985517280944
0.172894389374026652
0.133697219254348437
0.100060061861782817
0.067018687346506706
0.040015281245565144
0.249188915033453084
0.135888720841566057
0.287428832578584537
0.126856272431662614
0.223886229739625631
0.132474089432194242
0.135860901598514217
0.126143259785693657
0.176507776163928570
0.146917485796764558
0.299864108470140722
0.083211484429625948
0.131509145069314298
0.157961224168761571
0.051430812429073686
0.025980874641225150
0.013572963281149500
0.025161726336527333
0.008113547042497471
0.001044662835283784
0.016958899975876133
0.031480416228434331
0.026734496452558563
0.009932420755270651
0.054415015025688379
0.027082074486348789
0.030992226762927393
0.091850360726996746
0.074400565234236646
0.010939072265994491
0.117447874561097482
0.156485117314710764
0.091433636217551628
0.143027072369415920
0.126280663585536329
0.028590388311068582
0.157437858507958606
0.251421959967054631
0.177114089781864659
0.132691788983295145
0.187102313424133693
0.016808250486801186
0.124279726373997604
0.171972677457413570
0.080053095015774775
0.099410680212346100
0.158099956854192425
0.083866871211078040
0.122947778562472146
0.023347589815282288
0.061320010504767125
0.349453350741950830
0.383066074649254351
0.105688951457658137
0.061745779368253838
0.161954457757157860
0.137943128277984856
0.273210734501870944
0.400000000000000022
0.132070332885821901
0.085613484719553018
0.133115701601815850
0.069908935243129161
0.067657654243032592
0.085848103920884627
0.039923884572731681
0.031197976473498090
0.057399472432527653
0.040799663925016022
0.061263001977333059
0.036622561120884141
0.030103472900238362
0.054531685008613148
0.066443608174379415
0.091782205611650569
0.099255259454543970
0.090582779591977525
0.040237461746940428
0.120941245471943959
0.151913063656845426
0.101102066109218111
0.185750566937673223
0.168568119995270604
0.057714173560164728
0.065229100262959902
0.206322877871341626
0.099926935762922442
0.149323466026314189
0.094397198593745429
0.036294805634170965
0.052465081964062563
0.039943279894062468
0.078351001247287055
0.142153459122294518
0.109457977262115397
0.053855042345604717
0.059139173148945762
0.056784178210524033
0.097955077951980538
0.334413713619092001
0.182910378683624308
0.052278399964290734
0.141722370019913391
0.261410585548562335
0.130181955067973643
0.301402419205655303
0.164339010363730831
0.041129156081414389
0.041035408803630893
0.163817226227530949
0.113397528731342206
0.088810375535191471
0.095291299781221472
0.023599370057994104
0.007933397879004664
0.038953329217117763
0.075215272231890784
0.044147229584203758
0.047192268501014170
0.016944266425593508
0.093222184605018674
0.057047062718296702
0.107528103408955314
0.054662097279894642
0.119299042425445062
0.051873559502422811
0.134963838672585656
0.104860137322036195
0.083407052063781420
0.238596686560939408
0.265509127694110503
0.085301612465778553
0.125549643938173944
0.106369730537564863
0.084008118662809439
0.166627502606616240
0.220313192022018794
0.051306114560766287
0.166014738489601660
0.106840237864870874
0.039628937269352495
0.118420400904014816
0.079647417738889420
0.020481139205570396
0.165703361606118343
0.030284527249933205
0.082687475445407943
0.288161705890548459
0.115463840204928531
0.018220169796046931
0.026441716872573243
0.131362431702835514
0.184556235232809174
0.400000000000000022
0.070904770538262996
0.009675627246608969
0.077481598916156982
0.156072858850694718
0.156576659042675564
0.039261944221647638
0.044330363026902735
0.017833290786904099
0.022245533473769487
0.034171910560811258
0.033262549554294626
0.029656223737137336
0.030403040463135505
0.022227096289846756
0.026620699223715079
0.099399271301575942
0.144713803523894319
0.035334686783974931
0.111493753431389508
0.079722297760827496
0.027408924953658792
0.126092845421557687
0.133162246536515677
0.096009461581445299
0.208237477851942965
0.044436320616084095
0.051844292745203760
0.122658636552914785
0.101833445290640673
0.107648931370802309
0.167616069617394170
0.065247592888178108
0.124250903424874437
0.054691335000738847
0.078786734338474551
0.209066609282181542
0.151391003324182039
0.033209176639460193
0.115253038408822631
0.137024763754401507
0.144386273438699642
0.128198703397313540
0.094799584665938880
0.017790192305973465
0.035532743151840580
0.315632625527118960
0.173386887666821116
0.085872848765870993
0.019044557186502192
0.009704712624474731
0.060803370737289142
0.336397880138782024
0.312992460830115338
0.094332592821449623
0.034471065717357016
0.007397787712651357
0.016447945087183759
0.023866286680568161
0.031072525358591063
0.024874576314611908
0.095429936980472183
0.400000000000000022
0.042744219470890299
0.157000119132443133
0.261659696622052962
0.096958113008870334
0.152568109366758048
0.400000000000000022
0.023253208193880225
0.288416853606490275
0.220613583231450194
0.114872607429861190
0.193684365071456088
0.400000000000000022
0.037460768569445545
0.085333056147111244
0.098136320347207942
0.179472346598297527
0.202721387689519805
0.400000000000000022
0.092976563633388951
0.070578614378039431
0.122409191672166698
0.226790422067100983
0.083342989382046692
0.400000000000000022
0.067363611149231090
0.216396830216484676
0.147640904657171945
0.051303904861407248
0.050522415461336796
0.400000000000000022
0.024375745409917736
0.142269805299584523
0.205047898065852219
0.155531105575149320
0.069811869528654633
0.400000000000000022
0.015423766617501248
0.160679921492362765
0.150239068729421499
0.210414535032377753
0.058176098892456611
0.400000000000000022
0.007080064467293065
0.007961759057204136
0.022070650189518374
0.019348400991681846
0.022455288913480941
0.351283340854144643
0.045394015374744218
0.028113724065617556
0.058312320869634643
0.044263982347742745
0.070906829071217856
0.396289159721381623
0.051758986467674795
0.030151422960117240
0.045919860265603921
0.136594109774743871
0.099358890357615914
0.363541351937081147
0.056352107370660716
0.036403075261668492
0.037762770246605827
0.097399598347272520
0.105407283092753074
0.397374016648219697
0.160716680490880420
0.104231525913434250
0.070791136504059757
0.100049730129252390
0.061803467862780723
0.400000000000000022
0.126243185689257326
0.114435893544022116
0.129660087928297779
0.024333749650648981
0.144869903464023092
0.400000000000000022
0.021676885901625323
0.039284037422500119
0.073247845296165681
0.088461136170317506
0.114562144019370218
0.400000000000000022
0.021132118545821962
0.037760390185697608
0.016158702833696040
0.098877006111518034
0.100968322567848157
0.349355257074907666
0.021870995711706434
0.047475835686603463
0.034339763466105504
0.038905242322041289
0.093916929289607626
0.032801065679228747
0.037117422321943851
0.084261338545334505
0.097927082370473470
0.097522724622073301
0.083696509219444978
0.010429730520924645
0.056144133792202622
0.155679616077277677
0.136318526434733855
0.086795198964432579
0.099867723231225253
0.023294316792948327
0.341959539607579965
0.141005486645611522
0.151672052352096326
0.077647697339134195
0.169396964589723309
0.037496643579084749
0.400000000000000022
0.141161426593807815
0.043464871150076745
0.102300679590366816
0.101466457595517673
0.032326517871804142
0.191715371787549160
0.280752018760228539
0.175632872038727905
0.050174179479097164
0.105217376357834957
0.064082266163824952
0.010980448990790223
0.133257518676395181
0.178175008264862267
0.139545722660302574
0.192022116757165517
0.023409349791615502
0.011324954884591622
0.003343607903211104
0.027952656838454382
0.115968175600408147
0.108313361755131538
0.023471241369254568
0.024373652730632085
0.017470881192757255
0.021684497934415882
0.029536814913682763
0.027225711456025415
0.096229280817035093
0.090088341296492055
0.119774062384265578
0.090603763415095365
0.101572322116183986
0.063464238341807214
0.068399935099989012
0.065724921945490566
0.132128877009946855
0.222569259693935040
0.175903672684332130
0.079531834811896962
0.060229130624066929
0.130094896863554188
0.085538872489759457
0.147169094894000319
0.228864052041725941
0.216758670473338133
0.042736451288092489
0.184402182752458621
0.154384252515664538
0.066375055111215400
0.127383907929902007
0.086145177331526157
0.025574579099291169
0.096762397661822472
0.283376057443342377
0.078677565474676969
0.032017994197629324
0.117640068541445472
0.048890221104193443
0.010816753300134313
0.158116426450244763
0.141665769652085355
0.155716603688207306
0.259139208485065720
0.072822052470721377
0.019888265305808062
0.048753111902085519
0.048499720548789857
0.145429708953420389
0.272022380115873652
0.049585580863215087
0.021782542584782974
0.035074572283250303
0.032632277646042172
0.056059878203299454
0.058734466172809988
0.043039461181247157
0.125582506360436219
0.175853242030346829
0.100982328722806658
0.209468977122078431
0.205811609988044680
0.058484594162485228
0.028619713592604051
0.123286395484458286
0.147036489347002780
0.180170775672973571
0.105318285917754967
0.021172831416640024
0.061172423779338611
0.115226055539916244
0.085212542049759074
0.103452715586611219
0.114409514219219285
0.038616627941168435
0.071005339812408072
0.286273671685668973
0.124081990912869033
0.024599928429911176
0.045074183285120098
0.039373860430834004
0.066482621191000860
0.202996908178379343
0.056066343822878922
0.185047559923913668
0.187637469994032691
0.079624896474033993
0.022943646725085819
0.060306651706623395
0.040781210864738932
0.151814300354415010
0.154437200706042776
0.083573318233546884
0.003704178476964729
0.023748158200743590
0.058030652257012552
0.108112887132619739
0.107861178803452473
0.040424958936570089
0.400000000000000022
0.400000000000000022
0.400000000000000022
0.400000000000000022
0.400000000000000022
0.400000000000000022
0.079457677890802852
0.160149997424807899
0.111514250423326716
0.202496723690653468
0.193993338413361499
0.073547195599293264
0.182143255050588454
0.245597632908667873
0.260088221920749207
0.235413782177276071
0.149451096716437415
0.053621745416896717
0.191911543902329979
0.295726800457066452
0.274454024679113617
0.271133394024079211
0.269329207504033996
0.080806285472010464
0.201119184919716615
0.297193123177546148
0.239741978960265167
0.197644074249561152
0.186924302438118584
0.139059285799612464
0.181321765654037931
0.183492326932696959
0.262359244103588185
0.400000000000000022
0.400000000000000022
0.186139313337225526
0.087314959384905105
0.266908419555481058
0.258018506266157521
0.400000000000000022
0.400000000000000022
0.170205842083350573
0.096941259718809430
0.144571186529793144
0.104630991516101973
0.178858542749899513
0.232303283865858495
0.059944135743049395
0.123817369909177813
0.104523099505135664
0.078658805975251725
0.089351931577513380
0.061777854915905588
0.059615061591167161
0.126706419787978752
0.164870921787257430
0.243475242115982843
0.240530127679403211
0.164861197353791705
0.098074674413688112
0.231793599852470306
0.293381817895784769
0.381113546666629166
0.267733736775487174
0.222213753042082462
0.081737371499544728
0.170362537682196225
0.288224312148742556
0.217926051731419490
0.221012562604149532
0.199394680685644310
0.062876915117056481
0.250772661239252348
0.082483799877251684
0.171511855307777239
0.203206189175976354
0.213828411549864483
0.076035487253709372
0.127931123068931174
0.232280446419364239
0.249915049709696191
0.387299847421842314
0.309253193646779501
0.096924177745916440
0.250991654509029105
0.339096954054088795
0.394422772601753291
0.400000000000000022
0.355699763161176685
0.135554451247954955
0.096071476385609353
0.169219336106784690
0.155329938680639296
0.175256094512200367
0.280900586604969804
0.069474176628611967
0.170127846029231949
0.102723206278632045
0.108259960663754179
0.071421061803230490
0.083585412827560046
0.028889181952949185
0.258287579567548664
0.151118254899207827
0.204239112842760001
0.162265328918582863
0.210001421881766515
0.066068685510297195
0.317072584565245785
0.188196957618496197
0.367494440260543953
0.400000000000000022
0.283928738127034785
0.132124006119263476
0.234772490063354877
0.153764463924807304
0.136336581092269787
0.356591216521074783
0.275786932018539876
0.088614821826961912
0.392164765509864566
0.151030949338192944
0.203206671201885097
0.224570984871732715
0.195756710297619096
0.055454141517608121
0.268724309912151127
0.337961194692247668
0.295945964423735275
0.368263767846970680
0.229037712879491040
0.024768063230155884
0.163595853322846929
0.319162644378797766
0.400000000000000022
0.400000000000000022
0.314182515427687270
0.075941102003121430
0.190895234824518117
0.286537404550082975
0.291787586639659757
0.079522507426253636
0.112493654071792001
0.094333921849601862
0.125656215042441538
0.066037363000500629
0.065651771832509961
0.043178175784578027
0.043598984623968245
0.063905044898796962
0.260606719311447355
0.242456679359554006
0.267379144949121628
0.098872266405533385
0.150066732560747568
0.132577267924064379
0.295519217227169895
0.209069514560086656
0.361994005719807388
0.236879968207271918
0.281147933826765173
0.081763869456608268
0.251058064222856536
0.181859441355023438
0.203952566975537819
0.209515183143216571
0.246694472074981463
0.083077305532239021
0.199742962171222838
0.087166484864448224
0.216596303287183378
0.263916852330350560
0.205530450065632364
0.065971966810874333
0.234656491593038335
0.337354348813266036
0.291283992855965568
0.176435562056995454
0.102556076301191706
0.050374630403772394
0.190837958787011763
0.400000000000000022
0.385806934529357215
0.130000312633761272
0.155783697072864713
0.119801114379082738
0.126083092404814773
0.400000000000000022
0.400000000000000022
0.112612433613946558
0.229528935847846477
0.104480650091873684
0.254023651434722719
0.072421609190652603
0.065509952022233503
0.073641328596930788
0.120426198893402295
0.400000000000000022
0.262541905869008441
0.236824527425617798
0.291767324784098003
0.224027252539092253
0.201622846896246544
0.400000000000000022
0.244750642384339634
0.362062046010578786
0.400000000000000022
0.271792310491709987
0.262541063546690712
0.400000000000000022
0.226970759700427183
0.116895226053109147
0.313234861895697547
0.400000000000000022
0.271094233208019786
0.400000000000000022
0.142963998370158829
0.096328051645680632
0.346279678026856552
0.331163996904096036
0.141111228187112470
0.400000000000000022
0.121273117272985523
0.248912755425072435
0.237521415284800308
0.152772615303479686
0.083053818486499939
0.400000000000000022
0.361528553665987518
0.252395224620384495
0.366697159161091524
0.283107545333129651
0.199770702199292161
0.400000000000000022
0.400000000000000022
0.303991716878092288
0.400000000000000022
0.263550956475455289
0.177692580629436492
0.400000000000000022
0.064802635040650453
0.072257875754316372
0.046476716074243932
0.026948518612895763
0.029321705933853096
0.375172286139416999
0.130000061156359120
0.096653825531152246
0.232753146377936898
0.146363136350560086
0.081772468338300819
0.399052130687086837
0.274144003478646425
0.144763053120231855
0.188095064993459959
0.220921959913691485
0.152814849122519525
0.380706681320875817
0.297212221693853085
0.128043399890645310
0.270252665535339276
0.257353439860429245
0.142190856610296623
0.400000000000000022
0.235796055298525264
0.130102878336099154
0.287955858560670963
0.200011810595383976
0.135823389335332501
0.400000000000000022
0.212571149409663984
0.182490912278611916
0.253567099902237580
0.095500652043207207
0.186995984508342095
0.400000000000000022
0.400000000000000022
0.134890964111274825
0.168423109497748413
0.137878919750471396
0.242716722390359324
0.400000000000000022
0.377982535046377244
0.109177765522977158
0.400000000000000022
0.144778289901058316
0.154793543608237771
0.378228028318937315
0.107899777190974683
0.094440551466364167
0.099054170208731224
0.079312562681578269
0.096577084923149953
0.065663539962472317
0.158573918503600947
0.148812876538732791
0.275545811517807382
0.229418626750506144
0.097637322449895078
0.024188543013136998
0.206551683769998051
0.270399077774584662
0.304337678139720957
0.245474342733183887
0.145411952392324906
0.037366041395895569
0.393033338783120190
0.246966002148139269
0.337396552855936172
0.150345606327755205
0.233907604448206463
0.071937169507695339
0.400000000000000022
0.263038905252333199
0.164311296783425154
0.191788526973716456
0.140599113613663784
0.043343056086377826
0.317262239019406422
0.383983286262349566
0.339975594144627247
0.098024843830500780
0.153082835781253368
0.106739457171525498
0.289114454094596074
0.234742283450066119
0.269702410578000595
0.149756741974025054
0.284046522157087533
0.077579094635713677
0.148665534519365677
0.112406112411628567
0.106340197549854937
0.126535131636953957
0.142755785330857310
0.044292138682929021
0.060732395756273663
0.066533857999987761
0.077212821400202580
0.064236253296912946
0.033566109046779258
0.137295091382503731
0.240912511710735466
0.236321371905648531
0.204562288785920809
0.265808401820133267
0.107345422181796782
0.079077291463599347
0.315808533034723449
0.253578660484209184
0.390147031136048539
0.347717365340297846
0.171731073771888232
0.087274639944444565
0.365398140199285515
0.207582154648546707
0.325486588818640177
0.400000000000000022
0.274544897377772434
0.082007086149914532
0.400000000000000022
0.400000000000000022
0.193028076391696335
0.230499008415461226
0.176862788286082151
0.049162182713163652
0.311709842524674263
0.400000000000000022
0.400000000000000022
0.101325742196090071
0.205674565644214713
0.133688523399477149
0.199435629012268106
0.266653916046843020
0.274181084161994493
0.191357755045242106
0.297730947853975580
0.123923694643709476
0.102904583115407691
0.189254519388064063
0.146749993005331592
0.187428580770646225
0.320955126457555195
0.088816661217113402
0.042130297458141217
0.045032900424598760
0.051880823975231936
0.096566252393069263
0.076847651797706168
0.052235133229900206
0.238585741203240720
0.239460160008376000
0.243158086912528715
0.265569660126186324
0.232807858303199472
0.074132013648247480
0.195688994398388660
0.307943500949728777
0.395147100847520028
0.331734607341359622
0.156860225189577873
0.034552465487239503
0.219418522250008935
0.283717006140559891
0.395368378914077945
0.297373034193986696
0.194077505919650395
0.080751947012789357
0.221811325329689002
0.387511450690475934
0.257779210167217498
0.124659990291694014
0.112092870631626818
0.079389141676399155
0.315671536224453930
0.338885629019945400
0.343495176401463431
0.311903832355576283
0.373295754733667384
0.212098985906228249
0.158804548323600025
0.186449911492317044
0.217288987028667474
0.298731786151179568
0.400000000000000022
0.166784802663172832
0.135213323546279018
0.181709382369505179
0.109461464686086252
0.134093761773844911
0.121434142084601973
0.065586685273097425
0.164976435003023503
0.127455687553023611
0.127646434228089217
0.125447568369991796
0.114597888036815573
0.193750382143816541
0.366185655693903100
0.300159908079578541
0.386963837174872649
0.331838914958561659
0.124310358437839830
0.162673334442492989
0.302305139757978403
0.302139560319861389
0.373075201847122395
0.308456355472465804
0.112025725569587814
0.147591092426227311
0.280110780052066966
0.224627056687338428
0.306122993563094359
0.300293050538088357
0.127776101495628958
0.163686423457954922
0.352527699287747909
0.235115298938993716
0.172459114879189468
0.144987253076250378
0.107981301525005222
0.161416745561242997
0.298487097125622047
0.328792112622829757
0.263948622708251868
0.240611715520433450
0.223955719240062995
0.208370047526847568
0.290439779284662025
0.270945741494766468
0.334649983661507167
0.349179713541277970
0.319674801956915056
0.228902771729805721
0.205851279468031112
0.188814917991343978
0.292838961223797656
0.213753476487288069
0.177366319356723617
0.157506307197579215
0.176451148989301115
0.135250693691554624
0.131121092737619738
0.124256027350431481
0.126189888341490225
0.184356989665323517
0.212612858114871017
0.291908371165555680
0.405380057549160955
0.328802895804910900
0.363118166702795120
0.170399600842054688
0.165603804727537107
0.209277622131407132
0.384067280000151279
0.326431816140340003
0.342637093834699258
0.159178145755759004
0.196936799699091225
0.127007176482614254
0.233386735396420908
0.304506135432474512
0.381417995272952781
0.172116433300717575
0.307826466443440916
0.202156578288223004
0.177780243788357328
0.152761261334744131
0.148084114770311331
0.161331056336801282
0.267034758554071050
0.387650608737747038
0.323752414516992826
0.271423621098486889
0.239479472956129980
0.189961568919546492
0.250241438884839351
0.371586670132052932
0.408785700228683768
0.380957033005805912
0.383314222385463310
0.215023975243293752
0.181079238304640483
0.266215288924745441
0.281282906749658002
0.168612645892232932
0.319436411764868589
0.162034981438883285
0.135662315950895340
0.107154314897080133
0.107294829231273689
0.105685651381009785
0.111377680637722284
0.209857086982752516
0.132805011820541441
0.094567545709309225
0.122872694196119001
0.106018028416945520
0.100795512974822782
0.162436974783166238
0.399152182800515620
0.285044119204148128
0.344639702414327065
0.304335830369873994
0.113764732728978329
0.149368755426135841
0.456493010379611874
0.328258460028838295
0.325584255387808164
0.309360103976552003
0.128362949539173682
0.163788469836232270
0.384026036102260160
0.349631351433107418
0.377240498108821876
0.335527362052379430
0.114803478821810273
0.158432092261599794
0.230024395709976293
0.365341059176140903
0.350293740198193704
0.341729788949573676
0.265766360800482881
0.209204391306493348
0.242118779858998129
0.244009656217073628
0.289915749753498819
0.307817236128812788
0.311370380977584960
0.233867241744365989
0.220391361335525754
0.215387971369683628
0.267982301181185212
0.131237866628129612
0.159786331087029609
0.162544458712769513
0.162743080690578273
0.113331434469451070
0.109893216694173151
0.104761499458249474
0.106240637408147862
0.180057024204649474
0.145737340658780884
0.103745760100155571
0.128175880911206685
0.104404840416076478
0.118116268947442482
0.154251344526258355
0.227838733824715090
0.277208122429007331
0.362336264165072031
0.301551439002573085
0.338343348666431509
0.160917345717227545
0.274699246414024822
0.227368934695695912
0.333788180498164055
0.327388231076486125
0.392934536662554068
0.172473919231688699
0.297991035558395290
0.221063869265925389
0.290921425602625294
0.340234781215703719
0.342694073696353130
0.165567291572045167
0.190208458914172734
0.309549155243223351
0.359647378201154500
0.353697417567201355
0.346961271343882660
0.209057708861907082
0.221573373851675220
0.295001787143098715
0.369885175894193619
0.342635568560413717
0.329685820174749289
0.211344779801323601
0.192774481623870259
0.293431769734787018
0.307600944941911147
0.147598762275075318
0.197097931035979501
0.150646954482762635
