0.131732955847128574
0.127177793995377930
0.083343862041141609
0.038783620033434170
0.100515507148928943
0.108881092999429607
0.026453236452857264
0.057544719001603475
0.191018560572665252
0.097843053781600381
0.082832636884860630
0.058417278606526082
0.093229363429789797
0.182218182694088821
0.168441623197449042
0.048281121169522719
0.048690527669283779
0.050484243810240227
0.084092915277800911
0.107991893688878071
0.073164513364254224
0.055234210000698863
0.075434596357888156
0.085600813091298619
0.037955519597625310
0.078469571082575740
0.111731379031332734
0.049962946827215388
0.081107324256394595
0.083473424766406970
0.072846040435998655
0.067424184034559270
0.062015679878717797
0.095294968264105204
0.197713777319595552
0.400000000000000022
0.063435235645041499
0.169202702020432194
0.047709882320394428
0.141488488913119714
0.061794709749246418
0.091459708117311841
0.071733469092988500
0.292247218725062985
0.227558076883057653
0.039310514772636432
0.019127182169037166
0.016741350607939288
0.095566157376285404
0.137079283397240320
0.064664608549857561
0.070344949185136535
0.138924818423890623
0.185159653576890876
0.015399066156740714
0.021280758812229166
0.077914219017604563
0.210239362049569584
0.187806264509429444
0.049239320254608338
0.045462267931727168
0.159061649331735638
0.105562367725954065
0.079127180026671226
0.207296393781612603
0.125944405931274844
0.094642149544612156
0.187235081562092093
0.033732734477863756
0.084614002958051576
0.152064735430192138
0.018262608612694971
0.067803887019438167
0.229605864137887666
0.046347487853338698
0.090812110218098652
0.102784544149842172
0.029518061669633180
0.074057718619207583
0.048546378463825514
0.017542637793415541
0.110629876308449698
0.302949701752948108
0.304236497318259802
0.084436705155212760
0.162656913075970633
0.073896696389319699
0.178624968630213377
0.064092679104220604
0.104454652767182216
0.131107660667277720
0.157364956667417177
0.047463824851105195
0.044502309094309613
0.024310983435490936
0.084697456875869215
0.120876019995638517
0.170684854515307349
0.083060802275382858
0.083926744816326337
0.246529676391619157
0.089662041302646822
0.100987440987460458
0.050721076746693419
0.062275846814417446
0.178864817328258402
0.259036579489052787
0.083298414870689785
0.260623323725004408
0.171973385202226325
0.114249198668118820
0.168057672730146046
0.218313282804427966
0.084501257691246751
0.137918706611280417
0.333546877617687032
0.179097405837610912
0.108534789596070561
0.058820039042313928
0.027970208026914058
0.046662140881805564
0.174844350914071633
0.043803944371597001
0.108553359117357778
0.087573753437051524
0.024076966265888324
0.039164074103608164
0.046755354647702363
0.028581663726497175
0.307071322497234012
0.400000000000000022
0.252819812401181565
0.133094061806497133
0.220297464420056988
0.161901672974221200
0.317879203937730004
0.236580156906604638
0.177180149497659561
0.234021151865854649
0.246297182958980815
0.109418992712736210
0.035710633621468091
0.049255004058099301
0.065646454044058208
0.202589664271747238
0.068540843474132002
0.074815449417372518
0.136655474889166462
0.198501202176309316
0.085938860798258354
0.284709809132555836
0.173750744391438006
0.283707670636970832
0.298206647559546512
0.194366806453580371
0.043652532958775546
0.237723481700920863
0.193928805157913109
0.327380473254955839
0.189955827409647976
0.264048135043030263
0.036068812468481766
0.238126506498571422
0.295778451437440026
0.237749935781386174
0.108328072960458238
0.101801365064865548
0.029057520401560368
0.055277819685399049
0.241889855098688933
0.064369602818339727
0.107194883554977569
0.060446494976663295
0.043974366261413524
0.018599307776035766
0.023295021917284924
0.054021912008780849
0.211036782596359107
0.390200503318216096
0.151574153297861475
0.059561692278480106
0.008254088397015026
0.400000000000000022
0.400000000000000022
0.400000000000000022
0.134900546342925531
0.084902279880726905
0.087776382035620326
0.302806165499497459
0.249196257957580158
0.400000000000000022
0.155722246321058438
0.133750291825356804
0.109315069565606521
0.099820738879211710
0.168147582314518707
0.370773077052936162
0.056847253783991067
0.400000000000000022
0.251582634708366670
0.400000000000000022
0.150487663181031905
0.222240043018133493
0.052866072695643314
0.305378436841998946
0.243874214695882496
0.275955281280895748
0.187748416730359524
0.153930694266685236
0.028405450823150585
0.135822774382227507
0.285876318605487179
0.291818411004408473
0.159154811427530241
0.195070290418078773
0.069936951493730914
0.095461788374721399
0.254775987066538867
0.037158392281695173
0.166796190204416495
0.114769538155299000
0.103508693900724882
0.076542425906170455
0.103998995086503565
0.108936742619506588
0.148214925622369820
0.139118557818224714
0.153633582671028807
0.096638751187343427
0.037635353539364411
0.156487721153272141
0.169210580005008604
0.186423886605777023
0.204658335681742659
0.331284218217297199
0.165239356456243824
0.320715635491393480
0.379559855961019543
0.276365296691497342
0.181851376887818883
0.016525814996825042
0.061816884067464814
0.139363125031485791
0.212224657058405569
0.347482802201752539
0.094694270915422651
0.383044951301416969
0.158706938432118777
0.235424654831619645
0.034217870764318800
0.192483928802140769
0.104802394102897142
0.255014980827555804
0.158030995020977977
0.181773713788433655
0.046197109957437123
0.046771086126488080
0.007073541136043533
0.146196852066858174
0.124532694056160978
0.122319907819893617
0.159984011420213429
0.280423154142615538
0.074978390594473865
0.125915775686955195
0.356004798490103080
0.024514069902495474
0.104450547378342834
0.190908600976882781
0.231178836163789342
0.088134091635612061
0.109088197906176146
0.142040644910333386
0.137272798869837398
0.054336073414222821
0.274308093092813121
0.199897748010557319
0.085349214953977334
0.056624285775993211
0.189937626901052536
0.267015262714206725
0.101697810848027190
0.400000000000000022
0.204523982436672414
0.093894828790661633
0.230011878156007321
0.197400317059036490
0.133522786610459854
0.164451817006259771
0.112707536957237592
0.153326430149746618
0.400000000000000022
0.209611669270286821
0.090101601792353658
0.230604434532929115
0.088212891754179415
0.128454664492962889
0.074693746019740548
0.111982269626780123
0.147405048762996260
0.313179797902754409
0.112237800901137524
0.130568555884741783
0.268030040247786372
0.182461595428442980
0.041417991555454205
0.322845886848475316
0.156022402784251668
0.044150410783712506
0.156043182528416036
0.358438109152604267
0.143215181838559469
0.078569524973397240
0.400000000000000022
0.034534802675508826
0.104342731923046231
0.291724142984842061
0.351404800195420086
0.035006511079843393
0.352953496731142902
0.247201137978138363
0.033163267779979355
0.013465738368570776
0.079085351230094136
0.125653925788914017
0.084622549284384438
0.084106135522491493
0.210351622128331694
0.400000000000000022
0.128139361896558612
0.363001512665630743
0.189376786946237663
0.057775504883262205
0.161818587565272148
0.290415723572002737
0.308587063003103179
0.037529726153226681
0.047780083913472646
0.028692880815591050
0.279186793024191304
0.221706096929598584
0.097817335873675776
0.103223733569390977
0.057190004728504315
0.030054781962860242
0.028114000563211072
0.063752229498905272
0.073897671182552610
0.289451714681987715
0.068287073809997378
0.088297578726119180
0.374535395759106104
0.233469819916059557
0.031293860336907932
0.258485641657314524
0.027878848942758102
0.017829892883067969
0.194306410695656739
0.400000000000000022
0.095952649890869157
0.064776950538450645
0.364590072353270178
0.041089720573163381
0.116531659635884619
0.332281750668074083
0.319838834558919261
0.021017015462967463
0.189790340805884084
0.129592089483050288
0.114754746646318406
0.159995572594779645
0.114283845988496252
0.087156377897311524
0.079356828197957086
0.086989429377047997
0.071890364975435717
0.178618495796998233
0.128033484664588193
0.185274477590731124
0.119037618691059610
0.004691967748174508
0.183900081123551939
0.223688514125152227
0.225983978964448412
0.343152229088635685
0.118512676249130935
0.055066042834431277
0.107768941533550239
0.273239012966705663
0.235786705390879564
0.315012374854246158
0.085040262118431229
0.030239062567418457
0.011209176704948733
0.119596742479274709
0.243082095360292461
0.069627158368317288
0.199183106217763028
0.288168552010619750
0.154774394157366824
0.076595558960957696
0.012471455132341906
0.141467465919270230
0.272050699992493872
0.169677600988301258
0.087364884956105379
0.122228280085782154
0.037113492003372682
0.066910379753868321
0.243382035974209932
0.129994326967986323
0.133254215410989224
0.187767077413347361
0.291078007549107565
0.065949448174949077
0.336931679454982258
0.196600658474372220
0.174136400134621255
0.391195747726283516
0.081973399676867148
0.279047964040590235
0.098129298692805164
0.124845813206621969
0.074709700797246537
0.125549332344888825
0.077198544844097300
0.050628470233913432
0.005064283635816685
0.080067382299458742
0.081956601426342646
0.075854661806436754
0.181432865067231164
0.270393506492703772
0.114458487731963446
0.058759645388035672
0.087286431841280432
0.337701321721554537
0.382167688837169173
0.246363535324123251
0.026514987313372134
0.021182287340664289
0.008818008099384177
0.172062920373264289
0.155161408440027265
0.081906730002771280
0.037352695850753750
0.066589686763090503
0.031423630711673353
0.092661545589462158
0.032234425290288089
0.134188971900888493
0.056533287640883889
0.069228410800345461
0.048693225061655528
0.078965106341138680
0.017777708502369257
0.077693594740196381
0.239234327984808481
0.222294106006545922
0.074227419859448376
0.178493394999419713
0.251901178274698045
0.043331141083294625
0.259668897086866912
0.150759004708212518
0.038022758308328040
0.144264461194719723
0.050918288983613516
0.093010643492995787
0.047516861052387241
0.087673949824349909
0.080152558136477731
0.129247114708271854
0.231315868021122084
0.074170695978399287
0.044993522718456344
0.039274977749555059
0.097023648938368984
0.106333591260252006
0.121953241195796591
0.103463628601711141
0.237448687841943035
0.033026862574258242
0.057768498154411554
0.193025019583692503
0.220968109955798409
0.083548666939259650
0.143479979759491200
0.023713687939747537
0.043477926067789052
0.142624681621345339
0.144588544283678649
0.119678984697496174
0.168912159417189789
0.070804376211299924
0.050420715821070765
0.117429428634289609
0.055627277140946355
0.193141565914584756
0.191057503875783685
0.191788179911315471
0.132034339191168637
0.073393337855892693
0.026849841207665329
0.091739740037916240
0.099411476234499571
0.159949280616659223
0.110737688558222330
0.104293136702092976
0.069999438096838548
0.113668805907492440
0.115847557491321973
0.094553042774482773
0.021348748131467074
0.021279637792419977
0.007608754129277124
0.147901502868736490
0.110497026859433273
0.119014703557863435
0.054008873553960147
0.104029142392333213
0.181460175592863510
0.248688588720590131
0.170686243325146536
0.145277223472810746
0.200715527967123275
0.106130737118237742
0.157488925705952215
0.065183507054974985
0.213011888224610396
0.126462577891000572
0.023474579754676008
0.137115842514465208
0.281071827047890299
0.075215228552914959
0.138617504508462802
0.093689930617916362
0.062533351294061845
0.125509301208954316
0.229831864804483699
0.090678489640130019
0.190793911109486569
0.271104439334566294
0.239509477816855054
0.145361900058885551
0.123819757243829306
0.209465610425027426
0.154535707731473654
0.290417342968404102
0.324616725042340293
0.048673955063553931
0.041859672351245672
0.139046796948516377
0.090180138980142974
0.324908159885655246
0.100979408878247301
0.009314700127566404
0.103038510545555240
0.210659455802310741
0.076548626373966588
0.135106673641767483
0.018625168026506832
0.055498077120858205
0.014796676266135785
0.110358819823722629
0.036819724475111511
0.140250366958510730
0.215433750258208156
0.145184218711930713
0.237243274474461585
0.182347355977348746
0.002647563817997082
0.128863065886195366
0.310527561652324202
0.118802270011521924
0.284901235204634951
0.198211735327454619
0.317580678563308960
0.258510659300863810
0.077874321035709348
0.133985529423189975
0.278062628818818658
0.047771559823351462
0.111008606914406671
0.130019375122744141
0.093081588678763413
0.156962463125666668
0.400000000000000022
0.065286602168951546
0.221508536086671121
0.201930630901126951
0.147019755521293566
0.099190925176854031
0.285831630784181001
0.198045539782812530
0.080966689163685199
0.400000000000000022
0.395674001259139374
0.030745195380628691
0.079734492733661344
0.155988697841116297
0.111204409497236173
0.400000000000000022
0.194981483072673767
0.094774647200100079
0.060933205914271392
0.247101454051902397
0.067186939051336964
0.320075718289209443
0.136632021063925718
0.108923500200791293
0.020934706174826651
0.149209996269838496
0.159280754817176184
0.257949638254988733
0.295466028837137351
0.143256994065513427
0.232054277677401000
0.009230348288077374
0.026894922944661195
0.200037637907265115
0.352656909030640953
0.163730725121888576
0.224424880825291273
0.119943089887356663
0.228108585798860258
0.227216587700720507
0.111093790851639576
0.066050332287909436
0.257501186445953156
0.183867271403020810
0.354400007525641714
0.126873601605822728
0.150055946986152877
0.102959893511868600
0.256944452662469069
0.129591864733086370
0.222269881853415258
0.290740637203895813
0.400000000000000022
0.276317185145614930
0.400000000000000022
0.244992123771442416
0.196274172274777281
0.211936766606101695
0.240646876098610074
0.043446017974516610
0.225584223737465506
0.367385465787921195
0.178044295520908419
0.400000000000000022
0.089611853611991241
0.016736183387379356
0.000843388040517108
0.350463074793877394
0.086371905442773719
0.400000000000000022
0.112132538921171199
0.007325191735990971
0.045015824358083760
0.171898617308133828
0.198075750097868847
0.141294380351635385
0.114220820569219561
0.121964503882023775
0.240306802141595499
0.061594117602975458
0.400000000000000022
0.235814233430743064
0.129487849011709011
0.195595412349069409
0.273472382250124602
0.196477511435924512
0.272059294369712434
0.209444488342613644
0.049197138742853953
0.042706787355038293
0.275290965142915622
0.362382827266152452
0.400000000000000022
0.272341928398189714
0.177877728265490698
0.107975745140829249
0.233369156240702424
0.207543237309939343
0.112079489716592623
0.158117731199980321
0.275448153668349627
0.105544440911542123
0.281047216105932862
0.158045976280725198
0.130755162478691428
0.245054741577152291
0.147814842606379560
0.071531195900416844
0.400000000000000022
0.101935490206251450
0.129040465081873890
0.236661475504169494
0.062505251046323582
0.064719175462173831
0.026098117378548131
0.142734282444902494
0.036190324519708182
0.140654721950839195
0.049442726356230218
0.265946756781231031
0.176283232826515396
0.171414916330435346
0.091031372812158964
0.052451879980085311
0.087441273882115145
0.130070026278855971
0.161488122798567113
0.030583585898174295
0.253777685009045517
0.194381148441663265
0.224975762378099797
0.228054531079319889
0.315049959219899534
0.232062253995771656
0.287801586578164292
0.260459059628076028
0.128484374797805445
0.123273361534657594
0.326641910084154885
0.103971818760910717
0.224660267134733638
0.346012160989829676
0.157164779034900226
0.049558545962103434
0.099635631040325301
0.108508700196315588
0.151679986498340108
0.164338857313456072
0.210521228035987273
0.093107998181120435
0.146380753740854130
0.067934223574855040
0.041476003771905801
0.135040041846206077
0.084077208427195640
0.070743349774926884
0.400000000000000022
0.123424903150420845
0.053707702883258754
0.110821369471564568
0.069125984159321224
0.127496450427021957
0.400000000000000022
0.131464168335932136
0.056408980157191257
0.128700470483195412
0.064887401250985827
0.304298682615904981
0.089308455580025065
0.182846993740198832
0.152946359483939448
0.038236151851247992
0.118018310381835717
0.071506625762204470
0.072769718264627248
0.065204382656648519
0.128359593175420839
0.067143497601365398
0.082095354605844245
0.065611560418446568
0.097871848697615810
0.122906980690072373
0.162101113188218238
0.135811155432580322
0.053239007253998161
0.060097190783868618
0.090799663667049099
0.024859464222429482
0.065071887847460680
0.280771259682374374
0.167609205779659681
0.108949824931794503
0.070424609875133354
0.127569045643864759
0.099106252603508846
0.110707527656965399
0.158392130843369783
0.045999898257902114
0.069978355625415739
0.042391610546265508
0.083958523026001833
0.230461705346631768
0.054495896463323173
0.071475124560468492
0.298740704982115801
0.026766632204052683
0.093301592024747360
0.246265227608494841
0.035084908951069381
0.065245404029074139
0.269457522637805591
0.190384859392108224
0.040077263619339887
0.162793467504289163
0.041275460369507265
0.146942912119637253
0.164081244422982470
0.137509985647716021
0.258053567074751355
0.044507904814712153
0.104772628065403051
0.114733850851074209
0.163756415995714305
0.062168846365288979
0.258570771418459300
0.092782401465360514
0.028119175445976065
0.018753243734887372
0.029001349678785763
0.140394207518232644
0.185468098806366971
0.220071157829579783
0.025932062388437448
0.047070448317941216
0.099962200824108199
0.023231947334166322
0.109573128276540394
0.258233510090081220
0.144265746012907203
0.063548736644836082
0.018780721883115720
0.184551757168552100
0.127248632643906678
0.041960458020151234
0.099663263347421566
0.117688422998462328
0.059051250630787422
0.090232263629246592
0.072526187167632053
0.074797058136921127
0.123219637206193972
0.127995819568269054
0.101025589913958797
0.042681769140277021
0.061468419184414286
0.096453957166099696
0.076724648961355349
0.166475594260532739
0.037978590222793526
0.173497153619197347
0.025905285846599249
0.065560606898405094
0.089186309585107065
0.180651366603347935
0.140594651115673208
0.105078592867376919
0.188448401250250419
0.028984439874518493
0.102675886848040937
0.106762828825170589
0.060436760480188437
0.024228880397598667
0.236347910659510108
0.153008995943976489
0.016667468683319957
0.021306687745902993
0.056449173096951966
0.392675171157981562
0.241636281727341390
0.142103507429177267
0.126070051874714595
0.388661760197152151
0.400000000000000022
0.272816771776980493
0.084059706314975613
0.212200847913329549
0.106661061880984565
0.254895557258124905
0.213578687046553306
0.175136093432561063
0.219570878544842557
0.235031309960539586
0.079704751881196079
0.141352073258745936
0.082718669100528316
0.218281887178689404
0.164525181329761960
0.142392924164599699
0.103927435062354384
0.154399702699026808
0.103378521593667894
0.115649114337821698
0.317703899067384166
0.332068833238948924
0.124190366686663750
0.259600719255814294
0.335374603041105057
0.116177181519293279
0.321133235657899863
0.212774684586930357
0.133317726572433237
0.338435403125642909
0.400000000000000022
0.156445879138037258
0.216719563072819449
0.135383832144744337
0.221641047049597445
0.191041824457518272
0.322775576138433939
0.145904165071387759
0.337240741443519287
0.266833054632612754
0.136334163711005402
0.125460773429289157
0.138694591803735862
0.199029785977996532
0.361791797152828776
0.097691471124115817
0.128113447339548048
0.331949838007583098
0.378951113171760279
0.098947733096000356
0.164760738571720383
0.101627906957352104
0.253717288117358664
0.330430946130774783
0.193827864538286987
0.165141252629223328
0.327973808748925455
0.176366743937253961
0.129547895847741984
0.324725822415902199
0.181571683072221213
0.287783715459196898
0.370937425142311317
0.225520914389179206
0.216648342149220241
0.225458073286084804
0.045112449820360306
0.159543627057354420
0.327262391611879311
0.206296768469997893
0.201549798776320982
0.207077680851935120
0.099517499766471729
0.187726524526699995
0.164393935955147508
0.112095680567898315
0.131978624439916786
0.324229339545368089
0.311845251447536942
0.232338208023949250
0.273153939935403878
0.192911399947183149
0.232633842184173517
0.168121821496553830
0.285914828360045725
0.364385361256046925
0.328051199992563713
0.192741048323915948
0.245217837061432908
0.130441720553728685
0.242186382581821458
0.186059527050613488
0.368200688752885030
0.209523380166383444
0.107401324571002349
0.365167638758035040
0.356862338322327832
0.176202669540375445
0.189338581255156208
0.155965777432333808
0.241398168622320247
0.375529972122041811
0.313130279675173484
0.350912512239596297
0.362767296311712839
0.384790965852978450
0.381956211934368906
0.355888316893923640
0.208321014935076043
0.344270284768862012
0.400000000000000022
0.400000000000000022
0.387416354570017996
0.107493994105867866
0.069829880378159723
0.185708937830321913
0.265024489894214565
0.356167842481704411
0.209532767995605052
0.096888453564617907
0.127115476811443584
0.249823529905918912
0.123303981021668951
0.163688337368264686
0.325696490523740889
0.400000000000000022
0.267616488667317354
0.243452881630219747
0.257117188895168547
0.302152039932731931
0.400000000000000022
0.379347142067503973
0.372528383540574604
0.379611607264752404
0.248944746776977865
0.238282058598931562
0.346238195273792237
0.168057274069621232
0.347568544453366657
0.391710765676798967
0.369895588409904719
0.333326108718236314
0.214529795924875838
0.332486731599499263
0.352197821018737534
0.332481368955907297
0.284759351305844621
0.385602706461295353
0.379659014167557873
0.351329269579247039
0.400000000000000022
0.303010083869872382
0.399884234129574079
0.400000000000000022
0.336975582930941542
0.355581453257236113
0.321900443252662760
0.393984210354262343
0.369829127661054358
0.400000000000000022
0.400000000000000022
0.132546560445494233
0.108792013135221716
0.211266517526515374
0.343893063343363670
0.400000000000000022
0.302176366627651349
0.155221142176763388
0.104907572175684916
0.265700761827938170
0.090481960968621877
0.361419124228412825
0.347668803660284853
0.400000000000000022
0.172508859472688153
0.208771688548318624
0.167534843214191209
0.400000000000000022
0.400000000000000022
0.400000000000000022
0.352766757278907828
0.094132628168804286
0.114671304980281510
0.400000000000000022
0.400000000000000022
0.400000000000000022
0.368386249110260466
0.253693381712713495
0.335856202802347181
0.327037326579932230
0.279241373166158324
0.399209164236449421
0.314348440229944237
0.400000000000000022
0.400000000000000022
0.400000000000000022
0.300543610167184783
0.325199936530002065
0.309810525358112376
0.395857752798384310
0.400000000000000022
0.400000000000000022
0.400000000000000022
0.393306530773717355
0.400000000000000022
0.367777671743597212
0.400000000000000022
0.400000000000000022
0.377190768353373118
0.238516308392595355
0.295521175231196420
0.399563780750923581
0.386367699563061717
0.400000000000000022
0.256408043816407805
0.131505721542678367
0.104352081941242014
0.392783195036318478
0.190370900529277270
0.400000000000000022
0.260347464543541018
0.146443749554215685
0.198649407029112601
0.268537368495477269
0.235711103637233271
0.297782101504907526
0.283431400574228221
0.308388390487800756
0.385243187329425418
0.370047617025132891
0.400000000000000022
0.400000000000000022
0.400000000000000022
0.400000000000000022
0.396873303039815051
0.213003326432749551
0.333376547258648903
0.348807613374099490
0.261421795801259571
0.368710937917699821
0.356343649695433973
0.400000000000000022
0.400000000000000022
0.400000000000000022
0.212095599029809484
0.300459673942970018
0.334742670930489761
0.400000000000000022
0.270110484737570600
0.339891444988413949
0.321645263625786826
0.152315527038030196
0.288120757241976388
0.304242828347583427
0.255287856534852420
0.362956031489337305
0.307798854026592961
0.351954350043032382
0.400000000000000022
0.227851265893206645
0.399707195502290058
0.261175545406664988
0.166955798424666402
0.255627776439056653
0.257276953542337483
0.230868374080514555
0.145278522425884321
0.282695366861172581
0.186715525226067602
0.320282830195453894
0.398963911363852786
0.354242347395759938
0.176380587766136299
0.109076165756078508
0.277378900783167737
0.387762497071105883
0.263185933646594317
0.400000000000000022
0.399487668030726994
0.288275977232324898
0.396393430800941138
0.391690664733320204
0.395436977908858511
0.388590367621704180
0.379952396825061767
0.389549381852778875
0.400000000000000022
0.332885030804944415
0.381107013237484138
0.334576253293839831
0.312873158888913094
0.400000000000000022
0.231858525054640774
0.161540815588883585
0.247040679803321561
0.392930739552398767
0.263917787399477577
0.294907413198197910
0.400000000000000022
0.275569593609563401
0.187798745296308300
0.374784911620340611
0.197498406556157469
0.179190452629918590
0.240120390955611690
0.397612430987080101
0.400000000000000022
0.201994428123818071
0.400000000000000022
0.145356172147073387
0.173468716082367441
0.388943643741924472
0.400000000000000022
0.166470679415775535
0.379948494512927559
0.362679742723143184
0.098050669030965196
0.317764420984475771
0.168393806810119229
0.308500919529112849
0.237568908768323872
0.122342287373739478
0.328369932510167384
0.400000000000000022
0.200909080161185916
0.384474874933328215
0.317736380121658502
0.124919002484627617
0.243913942171116394
0.356027283990449361
0.380041059556327276
0.160436706843299054
0.209881197101690897
0.164504036248171392
0.332425800278189409
0.281803287713467188
0.188616999540724889
0.128083197791820452
0.122261892575964981
0.310826041645234641
0.195723206342870770
0.172702054430699747
0.144322281057685964
0.391902074257383215
0.167393326413506183
0.199005106383084579
0.400000000000000022
0.279469718173961712
0.101272215962323650
0.300877252203579970
0.111837371968759924
0.248291598229699678
0.248802307158979941
0.400000000000000022
0.372514072972787047
0.091543582742503321
0.395055848273198396
0.287354948181658243
0.151616568586953993
0.379166363187331990
0.400000000000000022
0.211401874855075694
0.229867604425224026
0.292385556987339479
0.156030207015825706
0.306938484714416926
0.278365090411478722
0.224666363545027503
0.330986405974125431
0.131497334191760157
0.176662993040838767
0.293352346648072415
0.291789900660302470
0.247443323956020089
0.368077845361389877
0.097474369213535014
0.212019256569528053
0.242441757860039603
0.254985328643234144
0.400000000000000022
0.303980775055497920
0.275137200664011095
0.133701003921987721
0.320309461284646935
0.332623066037232629
0.338244322188412494
0.194613390394971636
0.288472572657499704
0.155474922717855957
0.183145479124110805
0.261862817243408097
0.254178915536869388
0.326431738861669707
0.330129010030770997
0.254437657504788362
0.194283981959420010
0.071522705763129329
0.231699729548516808
0.344576887160125911
0.244474659125222371
0.210584522162299365
0.250224099654051180
0.138139081917331458
0.109592148894145328
0.304850455158624245
0.226448284134086048
0.209978864372344559
0.354242671673880127
0.329056597771901105
0.239446601794146452
0.354445103035393339
0.262161265372777286
0.263322709719728321
0.400000000000000022
0.222568050792540356
0.363016177211897995
0.286577699943055597
0.153830253081140456
0.177385587645287501
0.232312161170059428
0.137635305324285723
0.074857350631512096
0.241412194295326760
0.233076378243435217
0.098624070109662593
0.097161349552339737
0.237882038164183157
0.302229023955894960
0.336802320804873045
0.276314313672602729
0.266257041286801777
0.424806098801064846
0.463287204790473750
0.338596178976718232
0.286014205817883116
0.327511449007150679
0.253316604912120269
0.329318395254689422
0.344921639564134130
0.348951437985418667
0.319588466708819741
0.349925779897441502
0.384336031268047329
0.290696694972097769
0.223705016792096228
0.327048079765506372
0.310997155219599142
0.397949983646709471
0.375189833187997646
0.265170799454582551
0.239472061901965877
0.228982406137591965
0.405817359298163371
0.372113567703926507
0.219500702871707754
0.238231236588343304
0.320185441118532588
0.323268785515797352
0.252817706199303605
0.273990775154026145
0.176901838078907137
0.371887720408650313
0.359940785388096873
0.256630558596666059
0.212653718752877224
0.209990761847215435
0.313075074516531049
0.370835441630262552
0.376271815532429943
0.247576809496476730
0.312096143394588299
0.310819125573497945
0.348879697024034985
0.325420387667981870
0.361760823754831984
0.312891575936890154
0.299584417778721690
0.235857118884383682
0.257905966269545206
0.441612649340910102
0.386755742695395366
0.371575206787825685
0.284294858324448285
0.315779182244834089
0.200454765259241385
0.269464673597009707
0.283532552935154170
0.402107169640503193
0.362688059359124126
0.354680501397824532
0.325655239377201200
0.258121050826500331
0.185339180907783729
0.405509501031769859
0.374444132865983215
0.352085749459396580
0.310743695504339612
0.308267751713587723
0.239286648951850534
0.203557680608740826
0.473610259215754559
0.327628858903544651
0.230156068057599195
0.294403996583069871
0.311748473762623268
0.213103442126918202
0.300908772430969362
0.357342175961797459
0.217797887946524216
0.350428848023926431
0.266783192756676057
0.291255791147351561
0.234254266699262970
0.252856782306127625
0.351308531817515757
0.332497016217274621
0.272510544767080587
0.349371569072763177
0.327305477567065739
0.273581405162925395
0.380259893490661915
0.318110822935644189
0.316293808225473927
0.345812430592978892
0.421664241577164978
0.282381308532631048
0.208612026601142919
0.333424073109160390
0.383214674806932221
0.349195673318150046
0.323453186292291583
0.409220596433285289
0.270591640224682406
0.275023265419821139
0.289175834787973041
0.310100463468345577
0.324644396285367620
0.376026589607235895
0.418639500292386724
0.352762408666800475
0.258397336561204616
0.294367961221107977
0.296977677734493406
0.334435352231710004
0.309292086363758101
0.283045105172146483
0.294730248763921066
0.178556823293143180
0.332371831289057229
0.307756005694950763
0.220077228797806723
0.245523784394689887
0.320197159916417728
0.239195342763435875
0.183354393862823706
0.314999904278544463
0.245264443034806268
0.384274159330163123
0.284614241926360645
0.356429312189231684
0.259246041750628375
0.230542099436059300
0.325372252146832019
0.361146647984806335
0.374494540753289806
0.300426856145148746
0.368532149356449346
0.262704745555294494
0.286186894932682123
0.304341697918105059
0.403645670677347856
0.309589480906521441
0.342786454867289037
0.295284524516613578
0.262533725204760315
0.331410369483025158
0.302259523414339648
0.359852109539111009
0.292919556512966806
0.357883255659915411
0.260278745009923318
0.287840933430001167
0.244558221289684352
0.345972727593939045
0.322307699750470522
0.360291591358952390
0.346429568340310856
0.288647730216160026
0.214845642258808839
0.339208998257262528
0.337027987022568976
0.338339064009151980
0.260978607035590837
0.256609439094294456
0.251174387660916487
0.221394017574834484
0.390562388083878498
0.279846556206690245
0.176842555424224057
0.295177258511422291
0.319848460869741114
0.211836782487866998
0.225984344166463264
0.272112106595914671
0.257170474193064380
0.441536962483668027
0.277276406807069109
0.226173440783751345
0.325351305057307583
0.297929226011678761
0.389693800086321707
0.343512475416516139
0.262963459311466918
0.333058923131325846
0.401177929418416956
0.331854603191156339
0.327331954295018657
0.268686250122178893
0.292335745247114476
