0.156241648586706833
0.044165281819886437
0.051118477679461344
0.142893923092734743
0.156025121173443831
0.281448961043517853
0.170870427896710364
0.059373374683052968
0.016182856560744398
0.021821702112303876
0.056001809880067310
0.161195798940289070
0.073867389081985063
0.060043747189475728
0.051827081046057183
0.133379022576973538
0.116998770449850228
0.048092977113530208
0.008926481727196850
0.029326930994968057
0.051353363179331341
0.104427800027127302
0.081872963694914550
0.066424097631388138
0.105530494707394076
0.082926213885313307
0.084565149491062253
0.093572257403345349
0.089238029724680631
0.116991061764872256
0.072085780952192063
0.088370950016758237
0.107785982125307295
0.152429559639293777
0.084312265529516095
0.137495688555850593
0.022971239116325134
0.049207195675759846
0.080073520826675376
0.062740180620999134
0.081163509398979677
0.053491503437272395
0.069017329299267766
0.021196570376421243
0.185577477690245629
0.167725336408456105
0.076049134319516015
0.069489613403702993
0.196624377257561878
0.156846177340016268
0.056908499477632893
0.103008303000267407
0.173744579107344060
0.211300768963637142
0.084609585876152846
0.088007721742602171
0.034706323598058204
0.030973097104082935
0.022890823418180706
0.112730091817465655
0.074741917423825535
0.080110743980331231
0.045799278664629704
0.250953344487860663
0.083820158183940605
0.100807222704545618
0.055099951282148354
0.061363904448523791
0.124570449643501391
0.398113717769776110
0.053318391953174261
0.067449544438275361
0.035925239484013494
0.098397365488068947
0.032455621155613130
0.103515486583961619
0.061403771592340221
0.114601668123842246
0.069784273155151594
0.244221949325586135
0.183135074933358899
0.172978847204093011
0.273666620626319523
0.274707099877010696
0.052622471151524033
0.163493516395551680
0.140084772084328846
0.123049384609545370
0.262621457052195528
0.190953420997836298
0.185050790150780686
0.162422921221379357
0.162272995647127161
0.146981461011934045
0.190369115389843829
0.166050098208439467
0.396403657768353956
0.254246519803022042
0.111734867210751099
0.122679054040161814
0.091953761096839420
0.110324241357555197
0.156680678014237212
0.098800509856772356
0.060770565064728707
0.042986628318662984
0.093053076759135558
0.163045959607743984
0.196907022616708810
0.179957531608447796
0.053298995171666558
0.068487212033072051
0.039400186560258843
0.155141964837432145
0.089286983168106682
0.057697262230324953
0.073082859708823611
0.069532600617788806
0.052680048526940533
0.029206530702144552
0.114098637691003965
0.100267797488636984
0.075667863635955901
0.060199087286245651
0.080281546672333171
0.047268851902403250
0.071000521662421767
0.173459982509490379
0.378739159230556011
0.326471820991555584
0.233239559026900051
0.332729442423800759
0.040283926458546490
0.100015970519587785
0.400000000000000022
0.278243234132729778
0.180638981773806995
0.208656652600022308
0.132227862140915031
0.125702051904155454
0.254251957054185296
0.082053479190276640
0.153609305331144919
0.162497235591972572
0.308682607839595280
0.162144913766274379
0.400000000000000022
0.218836741442682642
0.145247525770905134
0.228797455945097178
0.133941117964418571
0.074529472966778088
0.145875999261803085
0.068144044998168563
0.089275956758329222
0.153326081900681255
0.344857773603910012
0.230289372983703555
0.062168165921524833
0.123659084599027427
0.095209163884237127
0.348293290158993407
0.261080132647963925
0.096801205265457144
0.140652491264878166
0.188988721974982732
0.103883904012410613
0.072061178439431245
0.371657056161120269
0.156499791725001586
0.124969067263475203
0.099385189172642829
0.143982241338503653
0.090647615651850838
0.320031634503892493
0.370604916977610332
0.294524605280353791
0.243549467117973095
0.229973836137632115
0.315255563829191399
0.262871269905681382
0.197662094054224191
0.233557561231697020
0.214083207084090732
0.225212658244943492
0.400000000000000022
0.220727572012874684
0.286813776625955419
0.164438013508725195
0.072965433476799416
0.160724399088787162
0.278734765100254300
0.382242424972757955
0.298787122686003159
0.400000000000000022
0.106722305473854778
0.034109681195131018
0.189274296887750715
0.347006297415431320
0.400000000000000022
0.400000000000000022
0.058477806752260518
0.025035152679947791
0.400000000000000022
0.400000000000000022
0.400000000000000022
0.400000000000000022
0.111096633507468151
0.146479069661616723
0.334721818298868545
0.400000000000000022
0.209763933862797347
0.048334222591424503
0.063382799055451175
0.045778579033797555
0.109666130814489532
0.400000000000000022
0.171085187562999896
0.062535916769110939
0.055099286778940160
0.111552596271473792
0.156434570849250998
0.400000000000000022
0.176373790888364274
0.034839011147170397
0.077319204242256565
0.142181965386107501
0.207316000441357340
0.400000000000000022
0.378745921827779330
0.117407475654501270
0.108313628565246400
0.178487563198089311
0.158757452627838247
0.400000000000000022
0.365459937260089518
0.105225072548811749
0.059407605155009244
0.308512806193078248
0.307842208570647702
0.197903307789586286
0.053583312537319502
0.090558793057821607
0.047382084319913129
0.128207341235984457
0.159485960985309760
0.234891131422794580
0.032143543832336113
0.131758192224686294
0.102376880310610582
0.032979818590066573
0.288169696164340183
0.201480252773941493
0.392374324910140571
0.400000000000000022
0.173563947741670416
0.107594161908268510
0.230043076266945312
0.362720215080813868
0.395679515649570823
0.400000000000000022
0.054697808587628946
0.057434547250515347
0.231730597812056849
0.189436530708317091
0.131917311118271763
0.157342844069603749
0.019054236018109637
0.092925603268005086
0.118319223463126136
0.169788055201774979
0.057346783922456776
0.025648621836937974
0.023194985014788089
0.112873932403566038
0.291132975004061378
0.273022866564534450
0.264653698431884243
0.039342280021361919
0.050315711224020176
0.142163079792651692
0.147028092935232890
0.110593367531598999
0.309892758509102140
0.067863859477780702
0.053173509023678241
0.233015367938168433
0.200601903316732805
0.056765222504519264
0.050458086851997624
0.002989003282583085
0.021435061821136206
0.064913211292086215
0.260971438720180582
0.183733503404959142
0.027645819328994528
0.045855046497567616
0.205956577948712471
0.065154125052616779
0.283514581439827162
0.086240621017457914
0.093818823151474079
0.070862354920914070
0.123732147989995572
0.071482112495148062
0.198623201449717013
0.102553811077303769
0.240863873240546977
0.400000000000000022
0.062219595149395096
0.069218012443229310
0.224861435666699638
0.290156058846243070
0.090349328139144702
0.202931975010638199
0.186521612686762650
0.144059564177906357
0.131110918827374273
0.307777639041719675
0.102433223700466536
0.053206165981847825
0.040016439552558528
0.087931141836583682
0.108188729480483858
0.206082788727790456
0.101387800063334199
0.009054092100829277
0.059423536901660134
0.337610419607413226
0.209674203915018814
0.078390488000403324
0.040311990630432296
0.002301885513209829
0.074983721716106663
0.127311152861884103
0.142183488863869417
0.102779219519702966
0.045547724846706591
0.011780389765460447
0.022532939260687959
0.152837178313770305
0.211562737415872115
0.051770756061380110
0.018075433017080061
0.065540409503983377
0.203900602221535970
0.138440973191404304
0.125148856652584739
0.094201078267005106
0.019703498463418345
0.026647768449134537
0.112264419934364229
0.051771616374012459
0.114555952726173638
0.087826479180490705
0.107177087889732917
0.382839126018186260
0.128347364806025793
0.377678274562349814
0.255644997265109752
0.037276636681802568
0.041344469723295148
0.317553974826995433
0.400000000000000022
0.400000000000000022
0.400000000000000022
0.117114895303053496
0.020508120184636124
0.000635598354667316
0.119030577252546510
0.187015144461926131
0.149156070941748931
0.180539151181824342
0.109534519073618913
0.018630130103405210
0.052268522432755884
0.172555138005103692
0.179720130083047602
0.220005476540026751
0.087369793215097497
0.126653096566447076
0.145224473034692159
0.197774763264803588
0.143571973018341542
0.073847640878728277
0.033012077206128781
0.014918898597084446
0.025336220367890988
0.074561775401571551
0.254148280540065996
0.209324076777814616
0.034780837349346831
0.084556884390700623
0.095315730653776715
0.044973713259702640
0.157865147704386810
0.068348463133888870
0.051501716023609374
0.036023959803265851
0.032610594306337892
0.015564847194056045
0.055737977330089387
0.048077572171443858
0.040933250140165883
0.190595818340876466
0.199910113336502576
0.328892085378921506
0.186287415626602199
0.081231640976470204
0.027347366778859846
0.388232990591239946
0.376323395356902513
0.204098204997216676
0.400000000000000022
0.038078195561678678
0.036615489099880674
0.048568544831105745
0.052817191763094552
0.190693077283355411
0.172767467922107676
0.015036251967192962
0.004253873990176018
0.020523229460209340
0.194073937423528825
0.241306807486994734
0.226449722390014707
0.108666149953198177
0.112320884539108157
0.089437760469413097
0.148180373688321460
0.182799311825095762
0.343776513550364482
0.090610945862156275
0.054414647641516545
0.010796071653180857
0.020527580059325236
0.083099945582774337
0.173551709119489889
0.166920362721697413
0.064327065923202170
0.020107705257353208
0.093106952821829278
0.057902091682352247
0.116843113611735772
0.154037238588873943
0.011700319987360978
0.014266315100634057
0.051004883098732835
0.019638420664147602
0.026508462350769302
0.019246582477928223
0.033295466075577401
0.094131846233241806
0.249753889141759222
0.214405356375867162
0.064891802085570521
0.068626917048523292
0.130334726657008876
0.165652343265979385
0.365553599987164857
0.229468770187566118
0.379072609322575138
0.184818314284584784
0.143151297291071844
0.029056773253573514
0.165027411980191718
0.169358909663745894
0.093161023034662852
0.085795703437635484
0.058715521506022106
0.059099678955785342
0.235769967068825081
0.274871607520547956
0.111250812729755413
0.345560126524420697
0.334968088196188840
0.362129669600780690
0.338867554351062417
0.371105713540239468
0.400000000000000022
0.093171514871921948
0.148476487776243976
0.049842834458290707
0.010836071589383498
0.132047910472041341
0.291443851407592325
0.305970649480554413
0.118420711412593013
0.050153888819100240
0.052657325164708349
0.084684090529479533
0.152469375444648447
0.174487375463260513
0.006490273576487336
0.047594707823330126
0.116193845689116573
0.041696629846117009
0.063091312756456311
0.102744838475342576
0.153684132394919126
0.098119228918823645
0.269944082717274658
0.168726314268125899
0.028494089019860926
0.115480392670065823
0.274096562132345956
0.287946769818965609
0.284246463409649819
0.123824797086093202
0.095613115949982674
0.149551041774505622
0.113309143386017386
0.165937646223948188
0.162518380103269799
0.036982498082223467
0.089947837041360043
0.024661957458820754
0.106303199098694373
0.171813121723547124
0.296205619129140008
0.130028839363381388
0.283143606797666925
0.117335348309305976
0.233992023881190114
0.301656012026586817
0.254651077269541670
0.095617751844879584
0.138417127296227738
0.057759192292745593
0.125915050728613032
0.045802663810470240
0.131644370662101884
0.127834128531044505
0.184208253092615876
0.255395061244681865
0.175681387762131824
0.049364791304044489
0.080231011691419107
0.156680634239640904
0.057008141583353100
0.052459621704645382
0.054709577134535052
0.082575317991171446
0.082963679057527107
0.021284818074467773
0.014875155156641093
0.132792854317923148
0.165979097290340161
0.119538804692588346
0.400000000000000022
0.286004626356144487
0.031225899468258128
0.119854878544919830
0.209737745254802543
0.304869329096948638
0.302500117456972917
0.147285245134521847
0.012663303384210952
0.188093062069130346
0.098246182524187375
0.287977878292072331
0.091429977858304548
0.095467543262543614
0.128491301485388704
0.089791822622757533
0.278254438410014016
0.400000000000000022
0.211626575171905279
0.159033162407498763
0.197663963081756350
0.219194312800191637
0.378044463258667252
0.400000000000000022
0.145102834915690482
0.053326831577594901
0.071075284128587699
0.211872055957499028
0.175325420075437027
0.070537249905027508
0.252646809578294385
0.368051341369000529
0.126634221982336426
0.114638828244960578
0.122511911369492382
0.148724069137698423
0.189149054054091409
0.357775174329236501
0.179663623124646094
0.072657778056131925
0.212299258660206269
0.164828922469674982
0.114030644716445348
0.218732195326957368
0.030029250846420354
0.143053761290755643
0.235697747362412197
0.074418539845322873
0.106400431219288022
0.064856954917984960
0.016573055055422864
0.076115982232116380
0.291720419451882984
0.136967416784409796
0.109026073509639262
0.107942501868071764
0.040140753184760861
0.129418835088475237
0.145600511118022469
0.173761244912223001
0.091210812021738169
0.079182758643650430
0.100848286008366844
0.167984751809963556
0.215212723055300925
0.398729263607092044
0.187360147561824120
0.144321171595701098
0.158934230679242283
0.197819723505482853
0.103409595135283403
0.170181964420041743
0.079598935418234582
0.057831365205367330
0.111037920724415817
0.091823449339917124
0.069184757801963245
0.057261551949096698
0.349950540589800130
0.400000000000000022
0.244045124823455362
0.035653423342999951
0.046281241560354770
0.075081148305230966
0.377375872176616889
0.400000000000000022
0.132048803199355164
0.102517947102438375
0.167107337162897079
0.141552591942713912
0.156889065150530110
0.215691340813359889
0.061152231887682942
0.164707977130994526
0.218613298720835431
0.084997182814858602
0.136883741363992562
0.056513868309632696
0.012060385795581210
0.094397455627713983
0.126154843523323568
0.074370844900742417
0.086994681738613369
0.081003204101093407
0.065112453328755759
0.094752084148822302
0.169765865072844635
0.326160711308699613
0.112172374743813946
0.064577846538583145
0.097880231540671048
0.217981196125568460
0.078510957392907213
0.162151094106368659
0.066010119081360355
0.094101116696695325
0.115164043901690660
0.249638244872843085
0.048003080473344499
0.330079318479200357
0.228725177543930736
0.086714599812077409
0.118388147354269974
0.083512548128351169
0.087392833962823782
0.021934273530228469
0.123794622872953564
0.171668251733992777
0.251570507271451804
0.074603873685729641
0.024830599747312769
0.045499312459645509
0.219846003918616362
0.248761625379005591
0.112450713693113796
0.304207253765978347
0.067501374369504943
0.102769604138716567
0.168392216681519519
0.268356091730779234
0.028362293649489220
0.202615868656032067
0.029981897391914317
0.048959835147386110
0.068810932579012760
0.150949054493097978
0.064476804274313723
0.147430942593876568
0.109893192809689275
0.070777271522901253
0.006302192374287726
0.022597704767211374
0.016302406245302749
0.155359685930459818
0.224008841781206697
0.215376450006525222
0.083623869615305463
0.018004328777239446
0.035691891510036433
0.161040156069223950
0.061216948565604168
0.088713385075454260
0.134012943198310391
0.027107312672878622
0.038859106183170532
0.070495258137505332
0.016334718823770286
0.010486460850907988
0.086686686137239705
0.048759870814839540
0.023778933535616480
0.062011233376646276
0.154206115117327403
0.014631501566318475
0.107647493923158658
0.099036459153639150
0.082101481818407956
0.022728639822087716
0.043733230852558799
0.019955993119956522
0.111883215197626992
0.126935334807123323
0.020682557648999310
0.104779936211141345
0.068778224231402452
0.127970277021092232
0.128408150532384802
0.328031087728624771
0.171707195937586016
0.033512866929473528
0.010421031074031022
0.152667160681064284
0.081359097417523035
0.118783678646585483
0.207151368743337644
0.025033914122864872
0.008900503891224154
0.082794905219203574
0.184313729015189526
0.151994423606398060
0.012409100868690986
0.005794320361888481
0.035113063395760230
0.096754063084324715
0.068072997966135473
0.064064029410001500
0.023085443904942226
0.164672083276877435
0.013949736313267319
0.047996460023752407
0.037030574587486063
0.029591496081762689
0.052095607623525789
0.125519470546408718
0.038364137130431977
0.025217612655520149
0.054331179514948806
0.020984852010989888
0.068922688761848636
0.078911800859478465
0.043659711195687942
0.016526387094325794
0.041601106897300538
0.088961784316033604
0.110333787296439639
0.060270020321769466
0.071936101775152111
0.006324589850258812
0.061976589294395583
0.160656827919142597
0.042164954429332407
0.043024439934218672
0.158173347820293853
0.115830788188841974
0.077344459579838362
0.400000000000000022
0.331225207288586787
0.000000000000000000
0.054250651107851530
0.083012641664392567
0.070435637819482810
0.224992729321556117
0.400000000000000022
0.047079568042417370
0.049809049797322397
0.040904729189424074
0.152895987643390852
0.144718047490633273
0.228272118425282444
0.029210998555959426
0.042604029098321963
0.053509610052858592
0.070062885441149483
0.068478844284950990
0.056128613749328454
0.090148740830454044
0.036313139166484688
0.041978093297024545
0.113093446849288015
0.038787890551463547
0.024158501786916156
0.050188194363861023
0.082375609342286174
0.108544490467030935
0.129214233550157598
0.026605091544171153
0.006706393325148221
0.069422872237848779
0.113710547575572210
0.034641179931389841
0.090773642365910789
0.084887024345083023
0.026906650287804944
0.130030288006201228
0.069188211259449836
0.031802998643294576
0.099733525037951604
0.036829827963327740
0.023465489741634329
0.142877288682427189
0.117383124718235907
0.036166238741438726
0.096366859643595953
0.102869245686904198
0.066335006926429477
0.046847845990172471
0.029200572011506512
0.041454937876881925
0.044914726567931100
0.082141366743447838
0.114600769472438413
0.037786625645047318
0.082231256971697572
0.079345152802606622
0.068507891202303162
0.081707238145852151
0.110804106531482066
0.025307971072745065
0.102954696846080745
0.129941589469110858
0.073827495805161708
0.082519159378926552
0.065194001745461486
0.081999640921479711
0.009565891944929083
0.066061434367412117
0.087509509889814929
0.065988509637659537
0.074401116649663132
0.000000000000000000
0.014427667487468805
0.122762902280173031
0.094829159232906524
0.033792529054319058
0.085034067604271221
0.246852594448863094
0.098579929461402982
0.061914549332642205
0.163421503152059999
0.239125066756218196
0.400000000000000022
0.319973025842320125
0.123700440606255166
0.036290561818097603
0.114928654934133151
0.113903901562419543
0.278038912552024842
0.227904627670859006
0.071744067176836707
0.066093396146691227
0.184383905675706367
0.136637191113997802
0.074601439464299507
0.028173064205125074
0.062622397070545441
0.145485209412573147
0.354181689168886538
0.296278320070781698
0.131315899716958673
0.174157411755917368
0.213260940542322142
0.250217492757041637
0.397518794584748869
0.318706799912246763
0.400000000000000022
0.256904095236776819
0.231522247307830109
0.136842755378880798
0.317456971619485495
0.253671175193262044
0.230656711590513430
0.108766942553960633
0.107922717181781938
0.139173199782460705
0.298510147689824201
0.350846482514253100
0.164742316167027808
0.382569876218134985
0.349585437932353638
0.400000000000000022
0.391259195922926684
0.390652754209007802
0.400000000000000022
0.289795892129483812
0.290736312727489565
0.106751333935923606
0.113844374589650896
0.305792489579385429
0.400000000000000022
0.347525412413075829
0.206428433155195185
0.084860212417158437
0.083630422268791291
0.107574913947660250
0.265199467262114075
0.249229292887086035
0.086601017556818566
0.093393986487959837
0.357220301316826472
0.125516788030057613
0.163898535461001915
0.157844789757490916
0.215048036843442925
0.222689678562325050
0.400000000000000022
0.222044706221300181
0.095943633458136293
0.151405632154079317
0.356277686712126507
0.320402390974578677
0.368801571916790527
0.185228568678433403
0.210214784073824934
0.219335314929657216
0.357531092711603493
0.349072721157307031
0.330256699413710331
0.310649118708542948
0.360619224054467169
0.077284428610344791
0.269796715494246053
0.311897893807875970
0.377882889522574539
0.369592710094504784
0.400000000000000022
0.302386138460086662
0.370851628682639101
0.392070206135855193
0.368088084310402741
0.285986867234723441
0.304467225504667149
0.400000000000000022
0.329472831689424872
0.157537531021221339
0.254323424702263656
0.219787889627883870
0.294532494450171156
0.351638560900364494
0.274481897618904180
0.110135356368773196
0.123217640010082091
0.249733710998776448
0.220054101191097085
0.249366644321354192
0.234667108742982827
0.135874313162838017
0.151450891090599171
0.060685004634726612
0.170017119994073179
0.222079837486029830
0.223676359520665058
0.192621664401411957
0.400000000000000022
0.338684674883085013
0.060432430170402687
0.233953516235923781
0.310005542743439499
0.362969458190627869
0.357212249092760614
0.227566791806855018
0.059932155286614192
0.259093583731552113
0.271706165033677727
0.400000000000000022
0.388515980852693621
0.325977507565044622
0.398514844415498004
0.130075749081304037
0.364962874393276904
0.400000000000000022
0.400000000000000022
0.339317860870486099
0.386058706410438934
0.336744739310621877
0.400000000000000022
0.400000000000000022
0.227156314105967150
0.206936136908739798
0.233572519720560284
0.387607939226710219
0.310819092344071790
0.400000000000000022
0.378799915961201550
0.400000000000000022
0.355431677927433631
0.248579946209379177
0.197041384336270442
0.294600068399501536
0.257293099052259944
0.400000000000000022
0.332989705025327376
0.372990439715721767
0.390425504113462996
0.226997088391199808
0.237689729315472775
0.313941359211194482
0.369206381977924658
0.373585247041862911
0.328946417496214893
0.215071031110201039
0.295389153194270726
0.168740858930395587
0.088634233494854123
0.391062931862275365
0.386155834673630904
0.261936484047884943
0.208411262682282106
0.251924743206575430
0.130788368836611713
0.399405441748420520
0.400000000000000022
0.400000000000000022
0.329750921008075515
0.309156594781282545
0.388878062335175079
0.391349452102183748
0.380053778955945831
0.400000000000000022
0.370325704564660574
0.359608293299101378
0.400000000000000022
0.379717198069471240
0.368183110750751719
0.332385568608887572
0.152564368895033997
0.218555764294154437
0.362237964293942616
0.397696062657375893
0.331936282672719907
0.400000000000000022
0.390422661427504480
0.400000000000000022
0.400000000000000022
0.360126297677099139
0.400000000000000022
0.400000000000000022
0.393738221410383282
0.400000000000000022
0.400000000000000022
0.400000000000000022
0.400000000000000022
0.400000000000000022
0.267985698657998261
0.362170410474976612
0.375321871101140903
0.400000000000000022
0.386685574552035671
0.133331405406283077
0.200266540419443750
0.102292447343430251
0.121726516610070751
0.400000000000000022
0.297240031086323464
0.136906761669853355
0.142093968517553543
0.192555800372567198
0.221547024178006730
0.400000000000000022
0.346139655961208881
0.360999722455870087
0.189491578986070525
0.206759811924690645
0.305196231982028388
0.400000000000000022
0.400000000000000022
0.279558569760869902
0.174323747646606741
0.272588679894784636
0.273921496529528907
0.400000000000000022
0.381226162526925538
0.380724403922116039
0.288132782698939993
0.364691836391901392
0.377413009634664509
0.281415855917937441
0.140976146500143285
0.112493066588050084
0.171176707192866678
0.299875592969977234
0.395853130070928816
0.301546503479767636
0.056974143579648875
0.177257504684331796
0.322222884229226958
0.281741443969072192
0.385459687457600064
0.396390403278661596
0.400000000000000022
0.400000000000000022
0.339571675892931191
0.374504752585247402
0.258405369916434591
0.400000000000000022
0.400000000000000022
0.400000000000000022
0.123508741166641706
0.208383601743613311
0.296207402086370586
0.330090331770601098
0.241810503927961051
0.228120115592505002
0.025356428392397365
0.115523308035216460
0.134621629708428892
0.325147741132234824
0.281355625703663514
0.241025071843463168
0.106818854630093538
0.130878261180805505
0.326824866514097812
0.392773728049700233
0.325870646997488467
0.128055665096816179
0.184328654422330596
0.169270392465530273
0.185887199118403401
0.181088625669104358
0.324969466523974959
0.078350320328688702
0.139860195160917938
0.281775238753007917
0.224380836852349247
0.118776455881165546
0.204664201969324999
0.017620504848901562
0.129082555744294836
0.163949670445725365
0.343072920538588511
0.206462143227046868
0.071379050181553341
0.065811039617524131
0.317839793146339478
0.192089459859740103
0.304197139088826396
0.191020557228599258
0.162597047382876558
0.198832631942006288
0.252140298522380402
0.385441960697612940
0.357906986874605426
0.136066678006777297
0.251284904314578006
0.400000000000000022
0.143578692566918131
0.188001691089814793
0.396002522336191709
0.315189972969107890
0.099249832030368884
0.285726880229841773
0.361433035403863068
0.296053987784304418
0.143520019696065260
0.313571959403608158
0.137546287096226794
0.149960229066172568
0.108089437518694001
0.151995171246585181
0.131274173385426074
0.364657653709502316
0.115337536376601504
0.057050552124581690
0.096454111489146191
0.358601097725163243
0.261769811538544617
0.203909958546812042
0.078676127760864273
0.027519498168729978
0.129314901231055490
0.148296004872874032
0.211106177625718039
0.181691020379181417
0.089207436042394533
0.028306776859786244
0.064134046157988497
0.241798962629803882
0.321896524712311671
0.112040776383149576
0.090011534792232173
0.071864999354242190
0.265877191515931477
0.299097801110546957
0.167313811081917146
0.137225518201223778
0.177876846283712198
0.142478556637976511
0.189608879514202605
0.400000000000000022
0.396286357676522982
0.087826479180490705
0.161427738997584447
0.400000000000000022
0.198783002625508576
0.400000000000000022
0.400000000000000022
0.084356204724219938
0.091153519520617551
0.347712163171065625
0.400000000000000022
0.400000000000000022
0.400000000000000022
0.146325893859012901
0.063112149282958094
0.054145208407525909
0.189093462693696035
0.255493988746877121
0.205284684691077413
0.270687892012278386
0.145847658240103595
0.060608223400429748
0.165361969282043941
0.211343028556567253
0.203878631869963745
0.270193670903887795
0.169745402557383684
0.235197587033478039
0.274438706584849756
0.224379854808974738
0.150278366343489761
0.143270513116577070
0.146722624781701005
0.049560078528474286
0.116109862733801777
0.159448799746654574
0.281054930827870919
0.320991242294308088
0.103969048608796660
0.116359883033995193
0.195049255691728318
0.081803541223030379
0.181330637446021153
0.211225751816316087
0.168884840741845288
0.072190198544704570
0.128977453949933818
0.118434092880960240
0.122072984256518885
0.094925418161616343
0.070133822151672395
0.232050756217758419
0.244824839904433683
0.396730092122335343
0.300888185099040584
0.119018266621517529
0.109578623750557422
0.400000000000000022
0.397452001468461380
0.285805443143068882
0.400000000000000022
0.063386166634423730
0.139570185945961406
0.178510134300216589
0.126644687568256281
0.273212236662281893
0.237961469667569148
0.097035892888672662
0.013819765935105099
0.086584663827621436
0.281583447313343782
0.307295317124654244
0.300850839039677798
0.108666149953198177
0.126748552026576977
0.212200662749586100
0.243009532921228011
0.216591840879414854
0.385081078243554198
0.237484856252898779
0.160994354145457125
0.171343291074601140
0.276625532355967652
0.297862594855717200
0.434549446043721310
0.215839202270025371
0.157623609296357742
0.181831702896355724
0.295824338481766758
0.263849441942627272
0.356338322273916208
0.261275653981005107
0.273642761466299511
0.245674388718423703
0.266751004801052016
0.254780891480810900
0.253208565904636806
0.263597610780235581
0.256971514475364260
0.303338183515719118
0.327884602575929829
0.281571051587079624
0.233898215176654212
0.281950292110030198
0.264538268214990713
0.332114538627044598
0.389866059248862196
0.299743632908533897
0.306463100638002639
0.269001962887215118
0.238613921357481440
0.309418347978823116
0.313202097944954738
0.259621081652597396
0.327949106203316521
0.269781220517516074
0.230215580972559869
0.296805020198592173
0.354431709413063734
0.283043843068933987
0.289797477133969306
0.335620136556491755
0.340778511893328306
0.414614989207744367
0.360534975438379757
0.264106924368909146
0.291369991686044105
0.355605280862073270
0.280000085909442087
0.169098723500913484
0.175263200912739614
0.311881797861544297
0.404088470841587999
0.367881821806726905
0.195605533322095210
0.165892034954375295
0.216753973225198293
0.261980365452215702
0.308011581581332461
0.352119048110160759
0.302963532104945032
0.238377709566116230
0.226470764011583503
0.265000696086430065
0.242983248035344490
0.309757741290643540
0.307737923743178154
0.332964201050531650
0.303458762933707660
0.300301876102055276
0.253005825651939797
0.331179750764274250
0.321065434874421185
0.382352436659170847
0.375343952676363835
0.323403006696814488
0.327977100958611878
0.322628217480296020
0.304632161525131007
0.308697802410029143
0.239864234515397179
0.327138329105138070
0.360322550104602790
0.328053389354075187
0.291577594757719438
0.290981842610959107
0.253074798476633278
0.387956351427785340
0.356672455842624136
0.425761565143584098
0.387664443854473795
0.388872611131936996
0.283788741115008625
0.372863659546846637
0.412303625495173409
0.296728998828143298
0.174627418735931045
0.173302201183286458
0.283026281338483343
0.285875663398141577
0.378461821656787212
0.270193204158852285
0.154001734398042517
0.165444886577370637
0.294479572476730400
0.249503421138071391
0.309105253547980352
0.256911874200948520
0.242816587362766179
0.232905537494203008
0.299408158732440366
0.293799816858811735
0.336768354812421677
0.210775962307978237
0.214428270717194946
0.301725182728676100
0.339070724696247050
0.299920123445884756
0.275649322234383654
0.226804799342368496
0.197805874304603585
0.255752635357463953
0.328190179360128453
0.251569377104623904
0.271398756231226890
0.270736990671954614
0.255394406683698505
0.280889223672084687
0.231266075112463360
0.219708500184887218
0.269763965246999970
0.271997687791886433
0.234002226476660136
0.294407014968162684
0.327071110398516440
0.284119476755313682
0.329932896680969978
0.273338785489316283
0.249808992587261219
0.307153400982238201
0.273889122665932794
0.214514082390894423
0.284410194784854964
0.387950972485662793
0.360683739417688998
0.175434402136843803
0.179718303350762360
0.319265905155345975
0.384769187688978331
0.437268625175934844
0.232993069014148402
0.161999104434958630
0.190383324779356766
0.260818611472316664
0.290742056529101345
0.398557691255368662
0.298710858806965851
0.216500332211168933
0.207369848074217572
0.291672424251053941
0.288643547196945571
0.281748501685310848
0.244144817125468233
0.291727051669286808
0.301481120349269716
0.314681787379471611
0.266421433566418564
0.271211041082262017
0.245662813218821136
0.297791784932893100
0.299120729700656618
0.265168540678682951
0.289520134178280653
0.329316618266844219
0.306645828260901698
0.329255011414098853
0.217748168652041302
0.240286848447277296
0.304928731374015327
0.326348039045513016
0.294011052174755538
0.294050752592520170
0.249169179455821399
0.358007794668740553
0.357848752535469217
0.332542080315042676
0.323476757725026209
0.298411569597447135
0.195564992303896956
0.291615061199509418
0.349800470047938183
