0.400000000000000022
0.400000000000000022
0.400000000000000022
0.400000000000000022
0.400000000000000022
0.400000000000000022
0.059723620235739017
0.068763014219518540
0.038113752353369994
0.004990910159393500
0.167562575431570215
0.121075807455016587
0.056394732657416693
0.105739639767986282
0.145403217429189463
0.031573151749356446
0.102999921902299618
0.119690107763778225
0.057196453457576714
0.130336469853415682
0.122260318382288541
0.115622302738156491
0.069328915185847426
0.081080701553182172
0.021180068003196221
0.098746077657962145
0.096175659308653239
0.068981010801229856
0.204020663647690226
0.131362200011869934
0.022074537744196800
0.082950356308664860
0.094918421787477114
0.139923926423918626
0.201035541606561785
0.253053147231595443
0.027544242689990936
0.082735919069513261
0.106247731014115471
0.232946952899192483
0.160132791102744670
0.315797295753203255
0.042258373263455266
0.279523064348289718
0.147971365184465797
0.400000000000000022
0.143948438841554227
0.098963106946064000
0.264461996966796398
0.236736425937700196
0.159392603165976199
0.386167323722979794
0.131144626927716723
0.063539937096642379
0.158213908665765818
0.170767238805588389
0.152047402381605634
0.037609726256823142
0.131717205592866315
0.137659418621013246
0.087151160543640749
0.114047752045218387
0.100845105320619410
0.190281189857592070
0.130749723639801085
0.098672509875605857
0.085802748101173193
0.165997958334949292
0.032923835144757649
0.079534469699610477
0.092192308603939399
0.087168264647891444
0.089242537803703129
0.107299988872774990
0.055206770636420391
0.118066250360832597
0.166739742236465649
0.131910605466985631
0.047082796526411105
0.088766025578749047
0.122844991896895003
0.162177182951418780
0.075864026810283258
0.104748369163812069
0.038167219994759270
0.087983129329079715
0.157870900839980066
0.232494558598551893
0.098719072081390163
0.112608495527912147
0.132257942775307086
0.266641595793764674
0.219116463997020894
0.400000000000000022
0.201830163442482308
0.053686598945481501
0.003883827875028404
0.085898690591551086
0.124597309980669924
0.338157390341312980
0.070386501442588095
0.044776428658337288
0.073826732763887015
0.141021554940300692
0.151641120384372913
0.111912707279979179
0.110672225595402463
0.101777887369527545
0.065270860166757705
0.097658518915047704
0.102849078769617838
0.269809643622389905
0.189548135958409747
0.101001202923280187
0.107261586976013193
0.074545210795769604
0.125023707606918721
0.256853153937636469
0.147488989068652598
0.112679718911367840
0.109699568699331562
0.065511719711930497
0.033007772872262468
0.096081043401907304
0.142899065645827411
0.153453046914654778
0.051629170766185006
0.044170973918573067
0.063820235385572438
0.142583972604304915
0.165558496590098969
0.194716302201677349
0.013927326119791292
0.066469178337650342
0.066633242845034593
0.118000448387894696
0.078506906738664617
0.155151096757372597
0.021954407977263817
0.031116090948602838
0.069064360274263215
0.140652732210398618
0.085631781305321453
0.171912841303859920
0.033597064765070211
0.048256043516379472
0.109044546879950938
0.196710984178341264
0.043540850658655109
0.054176200039735320
0.049486972363990307
0.082516020619400526
0.160819587420089588
0.136354791802900999
0.150216774865635005
0.157788508708480713
0.147556433825869110
0.225408630622656148
0.062253740028053409
0.210918365175903566
0.269291564655367743
0.210622264036986473
0.176643505951117163
0.184269539042505148
0.139661334715449809
0.258669649425581349
0.163670147021050205
0.150934609679712395
0.222057338024157308
0.123496094543494458
0.080648734552382251
0.105719162246399351
0.161527234856415819
0.127892475003691497
0.083156781866199209
0.225612997893758382
0.152669097929865438
0.128518096444503849
0.245302212753211624
0.227911610872882808
0.083574723826143865
0.259688179314651046
0.141977859537173290
0.165702886569527336
0.317855820663047406
0.114716462809233782
0.032325210394373180
0.067233045976577296
0.075812564883226449
0.062166357265984809
0.121076570708712375
0.147813910837182150
0.121636174774796990
0.180818111520123947
0.078616233246322137
0.199624381124135192
0.121722017710355707
0.172298113451651608
0.026451762913231570
0.047445512319147592
0.099562068363559852
0.273343971688925769
0.131365732979123739
0.258964743831558764
0.108685787988296478
0.180917856892779783
0.034801207053076474
0.142590072842876919
0.155273532886625820
0.291038936902856094
0.103325659671612030
0.078802999758038936
0.171467430594611309
0.157720246007564263
0.140928977458114085
0.267089037811441443
0.257083953241536822
0.175203987243169879
0.124967607667760439
0.127830685612508627
0.231537642495728863
0.248828760398332793
0.130002952693250462
0.155530158348138964
0.070011053217071822
0.232772923545990468
0.300231301076081203
0.257433520712870900
0.104350778840770805
0.273503029909698325
0.174712163350873861
0.122944678844791322
0.371266432208101071
0.256195392843573122
0.068546078772665817
0.183571581610310119
0.184868183989088608
0.097605815602642490
0.259557099293582394
0.304706321189066098
0.032810302999498081
0.164443995010024435
0.157605931917798009
0.216678141466240703
0.219761046186088105
0.230372588080251212
0.206427672222055936
0.143171587420545976
0.286929512820492005
0.400000000000000022
0.152094177028063299
0.294642633237236440
0.163835075428296284
0.229476170275103170
0.165046470243574328
0.272532642188989760
0.148653511263657973
0.121601367157345222
0.062202956954448524
0.156603338278675175
0.202328911742539919
0.313360503599517504
0.284249223898207670
0.171232940031883329
0.094469459022956684
0.173174173740127973
0.227963498221926242
0.261984680612056986
0.375793162335099851
0.257334770748582298
0.152395524643205826
0.153388928636408184
0.308173977797821907
0.179200374830280534
0.211206670900529303
0.256076716054594866
0.119296605048392845
0.382465985265958430
0.273202306980279142
0.261977586671868989
0.276181109289098559
0.208907039906736647
0.036664177580079574
0.161051413647365499
0.223270511357081397
0.314728362547027463
0.307100990728136236
0.244937670486700010
0.108630693525304078
0.104329485095510335
0.145398327230903346
0.176076274217208950
0.291227903612296057
0.158277724963482247
0.219251535264206460
0.182708270678762996
0.208870495413776558
0.331556326615560948
0.090956685108362370
0.154895916911103715
0.218559153741552020
0.193471601003221971
0.165796837634701044
0.153319642175506476
0.120863157879358168
0.141821214730276063
0.398308112207553466
0.257347412495511740
0.253726657850909143
0.382413150455409800
0.234709917220380065
0.096988187977625484
0.261616460876570311
0.400000000000000022
0.275636054314084278
0.292147712612956190
0.235721711267827261
0.102659941128942458
0.169189296993748101
0.400000000000000022
0.142506553515598433
0.189112313729909248
0.187134692001601599
0.068876396034199233
0.150820048518912675
0.160592393757987256
0.271403123441252392
0.179957493338396668
0.172640967974224568
0.166197711190472330
0.109855266328698492
0.161823579796941314
0.113818460166795574
0.397508282485074083
0.085090875434758156
0.229549644911641038
0.118633300316858023
0.075987341796778449
0.056813795135664237
0.108180296195871842
0.103968978244632276
0.048266779487919589
0.245380402479627779
0.148888673887475342
0.138747924483469176
0.129794190120538944
0.029059366119109989
0.051958681947948941
0.278907384832942640
0.232487209939498757
0.127952355502040871
0.262684678636583457
0.066034801328279547
0.022514869917502713
0.332142694758186086
0.355411136482230883
0.086206454927277562
0.237519384211304918
0.257733037049884595
0.103284435488493101
0.151842345437185944
0.203339538614937143
0.169649251054282579
0.198565826424753261
0.078807047917776277
0.135196198396425410
0.080541417344384192
0.364202422955043958
0.152058558905932673
0.190102264104612589
0.105310577990944551
0.145400773810893558
0.075455901376006565
0.132606446687886764
0.201493819050881567
0.273294703914267856
0.211789799621341313
0.079219202026274957
0.095797575951427419
0.038675274094364338
0.161085980400284740
0.365330749525864973
0.150607804411857338
0.022002998218545081
0.061842355353844525
0.066026985312757247
0.134582981664944201
0.086747084265775681
0.186707788362527272
0.021828974997116109
0.110178317229627884
0.073424615106288005
0.106317339952219453
0.160457048951192505
0.107442531652272660
0.091667459094729176
0.165486697438238572
0.146405601183546841
0.078269867659086306
0.260646278158311984
0.115251818820546068
0.055519837028920008
0.221588663478370695
0.276393130160045908
0.146299028226364008
0.121028522477985109
0.222632906234421779
0.072692727096957593
0.126834220306734385
0.156967022472768114
0.174193036239759069
0.160273207393510697
0.225335121996616705
0.041961014256919213
0.035231051436713845
0.055192377786020708
0.178061075675138847
0.244139447635747187
0.089394563757938944
0.110644288136753088
0.035541557732924597
0.049802618789221625
0.189226437232026701
0.142791764714402913
0.122873745899431813
0.120448517152151213
0.147446573950186011
0.102826059030956624
0.255433149568017492
0.058933761288704513
0.125336881927424926
0.125850370307503789
0.101072133932125982
0.165492834932908034
0.009987425131771595
0.022955694481102167
0.075830067433205361
0.042078774274146177
0.087930803988764752
0.035288770635404254
0.040736709235851633
0.070989386799260923
0.063076118801119505
0.065606979445073293
0.034459563838918301
0.045279016241453918
0.043111881002127178
0.084644684828018790
0.084785233551685629
0.128710886059314467
0.107702544508281359
0.111435916328006396
0.121586941908826990
0.103871510877957346
0.097642650044230228
0.073401769619997323
0.059888289551247267
0.043441530687668352
0.070783805920264703
0.145431483281763613
0.028170692107613360
0.082520689761165611
0.012099962651756741
0.015623049499246092
0.060901601687127063
0.248289939264050824
0.256110991713433933
0.046207968706007005
0.027941576563648159
0.050773753995608378
0.035777019999997550
0.048330306981039642
0.046867032680789865
0.043545410398679055
0.047243632720527000
0.400000000000000022
0.217198602206326252
0.091874982537322236
0.099364932440190332
0.086073635750520239
0.121492487893302414
0.255809046547233243
0.031749870653716497
0.049336969732221500
0.200394040790907557
0.045303343644079869
0.089116099072388946
0.114149156886732966
0.075553371222034302
0.017394094941363025
0.003761647844634186
0.049402999464041669
0.090011808711937022
0.177848457995711501
0.138884564182907899
0.121124364611114407
0.028215648435317844
0.088409824550766264
0.042805127266992371
0.048583559029136220
0.028530084909050707
0.095796744831189218
0.100200155811370900
0.088181783467172467
0.029026500925478819
0.026329340876112117
0.073381425783863891
0.208171759266481460
0.080359765401606817
0.129250734679640933
0.018175336211746652
0.033304858603598539
0.079642905874393474
0.104040919949518224
0.068207363611129113
0.089724576533286540
0.002121272166327720
0.002236664700082906
0.025441192639915379
0.042358668296119853
0.075278598830287688
0.095162505827698446
0.077781313409153535
0.340733986286836543
0.208962862711580516
0.122054865698508416
0.116239136879795577
0.053052034255591206
0.125050386942966774
0.182841903066543632
0.079789142902230367
0.039573085869766420
0.046344977723136296
0.012280096497923146
0.034103959731691669
0.036311687620934660
0.081902058232672076
0.066564729223158189
0.018917672701961943
0.066201618584468935
0.101833900321467899
0.141549773797341905
0.085322886591714525
0.140875238252895302
0.041826576166186138
0.153639354012019003
0.197211926055383346
0.143610037474793978
0.035420591841805210
0.177235778264535404
0.145981473258041006
0.068007009476064723
0.100548677178987633
0.091445917164739446
0.053156649572543901
0.254930529769565595
0.164140744537572547
0.143459805596239137
0.000135057727585319
0.028617649554484637
0.124052180160534264
0.103682048696837892
0.122107257787872653
0.197419183168219242
0.009505405128026535
0.034584684947606144
0.120597652053820573
0.082077900336936543
0.122357300742728575
0.145547550837296091
0.060031345161963130
0.112089552606640705
0.037925913280564418
0.046846628180895813
0.112391457946023954
0.161468879455140712
0.050106011734547096
0.068898355117208210
0.047535057134117341
0.003840417725948652
0.055736502433185432
0.035619529605075050
0.130319921963013646
0.055271436703480663
0.132441533677417511
0.062078898076303186
0.130380684989346740
0.077645126597845088
0.151419976883147678
0.077577349730913570
0.127950864029599598
0.145205869079529232
0.372666578780229019
0.175225952777605609
0.206408159524694657
0.108359144665141738
0.038153336435321296
0.312824257697975228
0.226966882307815310
0.099519444212233674
0.394924685473655335
0.214832886930161698
0.075097873723537573
0.127453581008173139
0.082034304902909583
0.083825929581862996
0.040587076687198603
0.071449348576856364
0.135172792391207358
0.051596092998985182
0.113890952699778086
0.150228846270005129
0.003762119279336795
0.024699961760193227
0.086368193460193352
0.104048788694206168
0.056666159519693712
0.098509835198544143
0.029787280937572255
0.081131390036160503
0.089646023336093866
0.138154975198435503
0.147316224141849889
0.172817335255506660
0.076655367830212068
0.058030792977165874
0.096254287528338228
0.066340706766448682
0.071784572993248488
0.092862727599865427
0.082338231519651070
0.151688562228364021
0.087066670479361091
0.130655928263662624
0.253567459147171270
0.133250586756877731
0.125250411423346003
0.256535105932490071
0.180873280823940746
0.126923169653768125
0.382321348599593325
0.181857950656695827
0.049518926807927258
0.188101543735664373
0.105543562069724178
0.113390836484787788
0.322765716331175290
0.161125081779297019
0.213977478128895698
0.059697350613862402
0.055038644689872171
0.114502278821764225
0.106945680571732343
0.137131588677852134
0.093073046139006049
0.048233455448903034
0.127279415483469716
0.129888397165305702
0.120667050233169482
0.140947132697638366
0.013670601908811194
0.014656942302440350
0.065575500550354229
0.111924753016136247
0.128618046765671123
0.302180176321837135
0.087066306738920463
0.073779953329565828
0.085221944638882136
0.140796059029628606
0.192074198945695190
0.278486436648896218
0.085578473729364224
0.098129188688620070
0.179003929170107823
0.191768175420957254
0.212173104318475664
0.019372365844317119
0.123214881954879507
0.093979958351747564
0.186615594858060035
0.258725337138014488
0.400000000000000022
0.202009408549174069
0.229064440417397597
0.128239285270809245
0.105936486661032558
0.083975776596438109
0.206344796518810714
0.072651262377478903
0.134302988910218690
0.164789194212766582
0.130500635983389068
0.267870026175002773
0.383641765264133516
0.159053469797900887
0.378000615202331136
0.152807111564926046
0.109725162928412404
0.282657243420349702
0.227420297038103736
0.143611140495930628
0.400000000000000022
0.025655061969890564
0.189737825322833370
0.084694464863612762
0.065826184794280387
0.151554422876975542
0.327131077323915664
0.063143687177902835
0.284293441247850442
0.167409400931022717
0.249728816757336214
0.213051761124092409
0.136935940213571639
0.044812564249074316
0.072944796126067468
0.173671773976488503
0.334808966106892036
0.158885326414268946
0.134242433834776770
0.096607773729349672
0.174767609985015449
0.310942304664036051
0.391555819121519821
0.065579313786779017
0.156167622235175774
0.124055847931398011
0.271193991315620886
0.197973982522461622
0.316736574983807251
0.048536131321664504
0.292226439663516580
0.229589850844372056
0.197365838286217399
0.108799428689564409
0.123825928070695368
0.097162202496134914
0.246984215668741680
0.151560591713734288
0.175323237263256215
0.317290169195077187
0.206855290570388539
0.106350221235625306
0.008998430220937952
0.043281942972597090
0.053591938618912385
0.283650336833559558
0.159513941099876516
0.085627838749729235
0.251576271928945883
0.070857466495392929
0.142406499596956837
0.112234883329415405
0.157408394248478856
0.138355160190336973
0.400000000000000022
0.164458652908608477
0.186757159617115087
0.158570006654078360
0.141592731729272947
0.064116097773450356
0.202244495475019048
0.064421877915168402
0.071424023579908832
0.210420050409296705
0.187787005113359468
0.059043031389956133
0.168948716790962933
0.161084789756735763
0.226197973404209912
0.333444356358391147
0.377278759177815171
0.040147869291299348
0.179149383209858570
0.289435980350930266
0.316176975094676904
0.067617916109496592
0.171621769786353739
0.085588623357774160
0.105749410074872513
0.083425689616976328
0.061845626145567691
0.082031175756057145
0.081834716345540626
0.068938136889677176
0.240466800571461387
0.208154323602539187
0.142231297830260534
0.358089948527458846
0.079030675887531543
0.101531989013806695
0.036226935836040995
0.175488943491684507
0.103079553645066990
0.336121412404029762
0.114526689041669655
0.104609962532059481
0.011923847907560115
0.069967135809376219
0.152070722198403285
0.238757528460142893
0.139825475060492976
0.105057523074637046
0.189109628838046606
0.200484147456493123
0.173580186373023859
0.083424767399342251
0.112888234544493149
0.070350410401482669
0.239330474564265289
0.124128882405722063
0.068565127329886705
0.093024187810722081
0.061205707671143535
0.035937999667724187
0.147424008139937696
0.393840383982865305
0.253121691768894097
0.161490864945442597
0.199089888776113388
0.029095648022874569
0.079983304163546820
0.094916102131593669
0.087385983785004631
0.031430998388108936
0.024417817701989326
0.049008205694551971
0.084607446347578941
0.091562818601711837
0.101469450279293369
0.081447084013462900
0.045924435536250245
0.080434739653913651
0.107340936198834544
0.103549950982458824
0.093800348181453955
0.102868564442691865
0.051695648231029651
0.093894646581076144
0.030758273743512626
0.083616935779981444
0.055461121045635636
0.055538804686150106
0.057946490494349571
0.132205231350887131
0.029554664204727653
0.007253360432172119
0.126632599573681476
0.121656445207068600
0.095912318472345104
0.082986415377907422
0.067014515789587004
0.112493936336991437
0.130228147870915661
0.178467867893339460
0.149019111402613424
0.059000881984642838
0.099313986796752407
0.342634998904915222
0.084422230723640579
0.220921372068432181
0.074228377944795310
0.057485699540477816
0.400000000000000022
0.400000000000000022
0.400000000000000022
0.400000000000000022
0.400000000000000022
0.400000000000000022
0.147654424224503755
0.104051784854922807
0.078850461589221627
0.075980296958654409
0.230638694232689734
0.186682786900089881
0.090854296496335002
0.151018656009440200
0.188515098431316641
0.116217836577375236
0.187785155453985220
0.248400993823092664
0.164898997965858080
0.241772386181422050
0.243847260291115531
0.219493813616113864
0.166971565230077640
0.154482471173179481
0.081068357554443485
0.142187608345630490
0.166959465228917942
0.214412494082993454
0.232191355755303586
0.213882889773035489
0.034174500395953537
0.098573405807910935
0.155820023474604191
0.379635265556399537
0.392021433260860031
0.299261115937602462
0.055485819253639102
0.133509673065121653
0.142024751014113021
0.281277259880232111
0.206999823783534542
0.356202440933251097
0.089502005983982280
0.400000000000000022
0.365169967390792050
0.400000000000000022
0.243313371281744573
0.185036742696584267
0.382807008403806548
0.400000000000000022
0.191142473819692710
0.396256809220005612
0.331538667718624280
0.108843280740722234
0.247330007738154750
0.284916395692321300
0.227600773603639922
0.055003821198186163
0.135478853437500490
0.187062418085054943
0.177162969255577785
0.291896210040929860
0.239729669503527310
0.311405554468706547
0.158965372075118933
0.187082334426372121
0.128607875368165564
0.214581517364085539
0.061453920053808356
0.175331214530799695
0.192392464415310271
0.175350048115063911
0.118269038729181958
0.133629329748887110
0.128588196420284268
0.326238009627314085
0.247099507638072480
0.261161340146626564
0.065258132738157754
0.122070884182347614
0.202487897771288505
0.266218102900937059
0.144071390421412371
0.194472945697098609
0.040288492161086993
0.090219794029162609
0.183312093479895466
0.274853226894671787
0.173997670911677893
0.207771001355610579
0.210039256184460621
0.400000000000000022
0.400000000000000022
0.400000000000000022
0.318069300322277926
0.106738633201072700
0.128934214817995163
0.268740593658094717
0.204386452882900305
0.365612152857055062
0.116731479165724392
0.057056525156260432
0.107930692495578656
0.177333242561235338
0.233543178617044989
0.178477436503137354
0.129589898297364392
0.167979505953996494
0.167104760488225618
0.239208292712389581
0.188171965361332377
0.386334723817145398
0.231374712124595955
0.254640556935299189
0.304473513031396470
0.218155248270563595
0.160444299448723932
0.398019109002076044
0.293470462326693604
0.180686728387432577
0.210248245878319223
0.156957636876669970
0.086164422444806363
0.344504147178509412
0.307039810183399930
0.296912852510893943
0.051764228493770326
0.072788623473057701
0.187872415546106702
0.246266021301142807
0.287665754377971594
0.366267860619481189
0.023432731247817827
0.101053863285256479
0.187230894898855166
0.200078348724831240
0.200864207481393192
0.300698647594668633
0.081985753139226944
0.143205643555243539
0.106990273554827639
0.187499360391294417
0.198023239251345406
0.333381720759000577
0.083703076499617321
0.117154398633587689
0.156579604014068258
0.200551401904289939
0.099277353091840548
0.089795729644810376
0.179806894327003974
0.137787457322881196
0.293261121097507127
0.198433689879204178
0.280597459854981746
0.235433635306325800
0.298976410709016815
0.302985980353569717
0.190204604057652993
0.355695699472138194
0.400000000000000022
0.347534395077410518
0.372024301780121025
0.292628683707646942
0.177814671150771125
0.400000000000000022
0.361225563598298827
0.250454053891946082
0.400000000000000022
0.336707915711575323
0.155746608275919823
0.233172743254572462
0.243561539759325374
0.211718404585554520
0.123743858553397840
0.297062346470614747
0.287841890321072824
0.180114189443489059
0.356073748858809935
0.360333882467978261
0.087336843105480663
0.284388141074844281
0.228346052997366655
0.269751675263733504
0.366979256583544022
0.213226298007777954
0.062112491331945428
0.148364436012737799
0.165458588219320302
0.200321332464420299
0.268392794850562277
0.320631246092688782
0.198291542605009030
0.238848904497289821
0.174870520774660365
0.265965087890583873
0.193506590703604181
0.265160841051516993
0.108789994432882633
0.199134074547511586
0.186628738842920944
0.383172952099575692
0.366881501954017586
0.344816869469558251
0.233936199411642481
0.390043606023107725
0.215674487877017235
0.269513242496644989
0.400000000000000022
0.380818656662637645
0.152844586479539274
0.266904543493703350
0.277010992664335487
0.271111082492352051
0.391378268650463879
0.366620618502510653
0.400000000000000022
0.234901337857032266
0.180006252357632623
0.242332964434272852
0.328791985306500556
0.354626809700135714
0.223075998832256539
0.203763613797041998
0.197290468700541538
0.362661320711296198
0.384724845802338455
0.368915850327279138
0.118021380749582003
0.288159972212138626
0.240287663901228077
0.234869431860927569
0.400000000000000022
0.400000000000000022
0.155612385511586265
0.257351534939875948
0.270090128627970771
0.238401874632271082
0.391400837381380207
0.400000000000000022
0.118388776728862305
0.262573183698644519
0.336609861087905804
0.381984620068893221
0.397619623527013299
0.249744953924568330
0.328490631226799890
0.237151545772293526
0.393096203746475026
0.400000000000000022
0.400000000000000022
0.390224802973473395
0.369527910923775349
0.357715455545912442
0.270982956904606942
0.355971542345704051
0.353050970107226136
0.194252629534824112
0.196505945864667214
0.321392532491441785
0.330960980641794689
0.400000000000000022
0.400000000000000022
0.325957615291000313
0.400000000000000022
0.325981285305054047
0.337688661150338687
0.400000000000000022
0.400000000000000022
0.360630456642620612
0.400000000000000022
0.179043990606298720
0.400000000000000022
0.263894839693893268
0.277032855694809732
0.372838113153933282
0.388661490176877122
0.394963080378175013
0.400000000000000022
0.394868695758813892
0.400000000000000022
0.383420989395079403
0.173600117793651226
0.205863977896439843
0.296215307483148838
0.400000000000000022
0.400000000000000022
0.371922386368118973
0.242873127360080848
0.200937258824860021
0.320165937215918794
0.399596041570330129
0.400000000000000022
0.223857038750261222
0.360220530343376144
0.306764118610160952
0.394377875609570272
0.400000000000000022
0.382494044190452409
0.203432048232768226
0.400000000000000022
0.387081313720452402
0.346369927261093391
0.262119070865070913
0.244689085950053509
0.238983417226410949
0.400000000000000022
0.375401067247363107
0.371715248162628131
0.400000000000000022
0.382244882452074330
0.203338409213250776
0.270614891097508248
0.400000000000000022
0.329227992932996649
0.400000000000000022
0.366141720012540306
0.188287779878671679
0.388777538649142662
0.400000000000000022
0.284913053112555270
0.301347197059324667
0.344543086250080510
0.207231556224536206
0.400000000000000022
0.325051046666595733
0.400000000000000022
0.338527499992475056
0.314233699703497571
0.230313808963922673
0.312099761803717568
0.226245457712109688
0.185242483746704406
0.400000000000000022
0.272877880548117568
0.288592676301597184
0.287582017107820942
0.237072131553514198
0.283011768539874142
0.390934714291869212
0.400000000000000022
0.088414648779218924
0.392098508379120692
0.391706266042552653
0.390306322593947042
0.197412106230035578
0.200681135905463714
0.137547305305723122
0.363873428632209894
0.315912899556475113
0.189797981647608527
0.344715854392640630
0.147869517673820144
0.091453006807179868
0.400000000000000022
0.400000000000000022
0.228437752757538082
0.400000000000000022
0.333647893729690836
0.204816424502299810
0.188069281273226946
0.354487003046840166
0.272728804699349625
0.400000000000000022
0.193333736959445945
0.239806160928484918
0.092465265251944317
0.392597143356202216
0.304129281104335902
0.394315535954570584
0.245136053051437541
0.250458296885530618
0.264565530214053157
0.333090594144379859
0.373841109825374052
0.356719471313610037
0.324678034165834406
0.149569612427757626
0.335128050515692721
0.162804156500086394
0.229651107730171417
0.400000000000000022
0.211813512083000866
0.057940997886269274
0.209266363493782220
0.400000000000000022
0.379064307053243343
0.248237949211218223
0.383021360138250055
0.050924623019990685
0.190161621393174690
0.168340717237881687
0.193703323737224098
0.191888047339301426
0.131860349354261969
0.140675664789281174
0.250094143785817513
0.237968419785258678
0.179739317938379661
0.342093362171774829
0.161176254356796306
0.135954576682833644
0.328929599677205253
0.362976564996621065
0.240099376407817977
0.223897086920676974
0.274328554465451457
0.166587373678033723
0.157592494050247028
0.240583958252749586
0.229654157285394678
0.215812012079660803
0.283281612490966228
0.174166245607806330
0.064785715641441505
0.062445738218192826
0.304693675248820295
0.365795892842815773
0.185306882230284076
0.193630703514660524
0.102556073522511587
0.162296555126213049
0.319454585102942334
0.321259632607742374
0.271892857302045265
0.179449399136794085
0.246760560746938473
0.400000000000000022
0.339855380291658071
0.279855133357136687
0.199565259872220235
0.183336069847981564
0.268374505030296417
0.335707138718980447
0.248364677098376979
0.329731095001604357
0.380435779340362712
0.208253895924642496
0.305395916890392249
0.270058327075926252
0.279083264531169328
0.287082984187823909
0.344022984645721508
0.375418403223113206
0.283880685886168771
0.338786565899946157
0.186217164424643061
0.285140830778728094
0.353039382419019276
0.319379431873516806
0.339784910145851105
0.383610556010925807
0.201586458157384185
0.413085777417165456
0.457656210993074630
0.311834774710272600
0.314904177683194508
0.321551490180240929
0.226460480853180074
0.419894158156705388
0.424110737835224627
0.362791100775803288
0.208821473007221814
0.256903673381707109
0.298443639967098773
0.355886347372263212
0.368238808443982935
0.360754773477018953
0.234466689065753298
0.277371023470751599
0.286389685358644897
0.288365279388549722
0.367752161703034097
0.346731657328050225
0.231351000534352230
0.338151714345785948
0.263292993680494303
0.396134690160665270
0.374132437237698734
0.332898756966275855
0.247637395434236823
0.341788881461535854
0.305361541724843977
0.387981037449250554
0.346822484799956809
0.175463036837221809
0.235699046691146219
0.274667701683010468
0.401209440265827333
0.334709022689617330
0.284983631175816821
0.232825253742110938
0.240320311383729612
0.267536207771555623
0.282975060135822576
0.345012454476000763
0.268250133549414793
0.201608650167279163
0.296815738372510796
0.273191664894585851
0.297814395627101491
0.478045953189212669
0.323798545590450904
0.200279784151035145
0.268239231802360201
0.229784327179669234
0.243210298623607990
0.462230968369649331
0.333354589780246291
0.250540578235102229
0.175471024317515767
0.200322953533152714
0.282924482420918333
0.354130893479921827
0.316172409774060303
0.282782584755119193
0.195374847287964420
0.253222904219379930
0.315278527907309536
0.290698867942645822
0.276182370712985126
0.261367048947824254
0.181509057156275688
0.348418294083063129
0.288268903657206865
0.408124825437024941
0.270505035842767583
0.242646658677559524
0.251430286332706199
0.342692002276178131
0.295388491170297307
0.379499126042795232
0.384258750153246231
0.181973808390360925
0.238243418054322059
0.209165243989316796
0.243414290840174879
0.253779664017057482
0.275633183060665421
0.224981286501982625
0.371010267339010880
0.343781600311642677
0.198706946366526999
0.307180800174564783
0.346672296316361594
0.323928340307169160
0.385845533017637576
0.397768496860728238
0.204228985074664804
0.403275295474410489
0.423981373887214352
0.291248142001525323
0.336845822097826708
0.329567822662072629
0.169434878057372507
0.297475883315893863
0.344433391804075006
0.307640225865254469
0.204733552777808109
0.261205095961343392
0.270407580328874797
0.290628429327788040
0.340068658199168705
0.378153618926897195
0.198803082178465040
0.284194347545820236
0.342428791185636017
0.349304156538119415
0.385270811135442481
0.351653557172926068
0.208547705029519886
0.350545713374727841
0.273007173046949658
0.415744916849600521
0.387927106818880207
0.333765728550754981
0.248927201815662580
0.320111611912260730
0.312631129153438991
0.452768181932221569
0.396325391709570929
0.177177401039755628
0.215912001578145579
0.214271928532597716
0.312361358283509083
0.297955504266031124
0.251971694500787935
0.179191755930121183
0.286339015972558508
0.349649288955117654
0.287147215425615776
0.368152804276478951
0.288984535976845980
0.196647826630542699
0.333872501396132060
0.316190459037814120
0.310345770281385547
0.483694549779118133
0.316108569420205210
0.183850739630314064
0.299228338297301777
0.247948777347413940
0.250315156424904262
0.346842634180548726
0.238498895446681652
0.197585782694424950
0.178615283140542341
0.196449908075918694
0.290407880942858965
0.320863523967757969
0.258196729174608508
0.261149808099042202
0.167519152447755254
0.205028732463274327
0.324622392767013823
0.347581170124806660
0.334546691117447226
0.275648471334854928
0.164340793831332599
0.318722559232987201
0.300546088168605174
0.417964884133529446
0.289993663602530594
0.251593304699882503
