0.113549100620918136
0.142378452896370522
0.098020566632742528
0.086446573356495679
0.044180901006528356
0.008455928990743596
0.097227289750347445
0.140147557788138755
0.012829221537463100
0.114818364362135328
0.074373808075425180
0.010158949810418091
0.017786239755843550
0.073887592057866769
0.110690216689846743
0.232883070234072481
0.080474772832709901
0.014491216219914001
0.020728248922246593
0.104407885964829084
0.234021571639259796
0.246359059691994953
0.066576282893436728
0.019983909190835196
0.000354822625952535
0.046620017584555702
0.258546720593689439
0.150898078847469808
0.063911391003702134
0.005333664648736075
0.002540617802063427
0.077283386127626280
0.045820225087412528
0.066705161403229934
0.087182801415201849
0.012215035036633520
0.001433987553792046
0.032466441523119824
0.041857285851229144
0.142705135950681822
0.113778890270580482
0.026976777968637847
0.002298656069493181
0.044830858271109719
0.107708561051182414
0.132917726181817769
0.016152429877103077
0.007388494086159191
0.092694603075493584
0.080145749986546874
0.141829456187981762
0.063829599322755309
0.038462526085477573
0.001880854319069491
0.026439255652193506
0.114249649063450448
0.204874309600476617
0.105836218559176881
0.111037540368492671
0.009663921054859255
0.017157801572286326
0.057406042136399493
0.102673395765806141
0.190942619639863087
0.051781568622976976
0.005592151376167378
0.006626053921780111
0.041404576742382335
0.079388401196776398
0.089035735337493205
0.038334401142108579
0.010332099524857028
0.000000000000000000
0.024309391569930304
0.085199607033322869
0.082628216464493018
0.010110581006806844
0.000517897376341996
0.005079858024699018
0.051524011129151476
0.024263748878942570
0.105588380137110860
0.052109261195125836
0.000439975241658755
0.003245818974291430
0.050933629452196164
0.070550133126937614
0.199939806779615953
0.065175806063629160
0.033796711810486761
0.003960567412339234
0.031708476012379701
0.044493833609658057
0.126175062807832611
0.047330888991269762
0.013598791041402523
0.095920439589639056
0.061624941484546940
0.080727118636823580
0.055963368741964462
0.043255146871519323
0.008277516424516664
0.048377966740054054
0.064716410174937275
0.174583007058595169
0.114415079122874380
0.043768008610428344
0.002502765309059721
0.063362020429522548
0.041920631740727257
0.067240499301941481
0.196830439140319613
0.054354083160532134
0.007007218745403718
0.056608506624105034
0.046645475555326193
0.171190413063847802
0.186777539276291538
0.030284138227188846
0.006073410201934725
0.007765534694978592
0.048999452547684917
0.163910423853001058
0.077563386482001950
0.071656339526320223
0.004799513481814130
0.006137425557136776
0.080433012281247732
0.056715510476893952
0.031776937636209167
0.053866112957667203
0.004004422339684181
0.005427573888914858
0.057279609130174595
0.093804753385387310
0.173681772777675325
0.037888046599607081
0.029569678102038210
0.012565144615901282
0.068124097781689888
0.079190453000191702
0.082316120573253951
0.021211339504122413
0.009288240910329173
0.041936235229429096
0.063849303074450470
0.079329434750263092
0.025138003591120596
0.016356760769448961
0.003866659739532269
0.051445227951655001
0.052675876568356268
0.180627048970346898
0.070851134907408686
0.011206597271835182
0.000956008385734661
0.143499222602409521
0.042753024807031151
0.059842367583768062
0.129127680824000418
0.011849822632434434
0.000263590713412241
0.169276008415208651
0.068475913272098052
0.059359376985208871
0.090266054257538211
0.075708804500000934
0.012156132222368398
0.093085922811074556
0.085707160820932882
0.090939580476087634
0.072969421914359067
0.050479897431305959
0.009978084155224509
0.077679150947461015
0.130928077177253438
0.053984220222375721
0.066305629650690451
0.009920024940254110
0.000000000000000000
0.018810047368682241
0.067983711417290052
0.022015214202215513
0.158915420134810553
0.022527632128939129
0.006028369123951690
0.149986849190864940
0.166159528780699589
0.031188718228951993
0.155123846351868488
0.046718814022562651
0.011917598917068001
0.119760581475682873
0.159411652855968949
0.116568105224825080
0.175073638434631834
0.064368704627910528
0.003305364616808862
0.091670932772718747
0.111499767411318451
0.258609133964474935
0.323970845946853436
0.071159405349397409
0.002786080259606094
0.328780084625916458
0.168488093000512568
0.194671039006720781
0.249303186032563934
0.045203689238886569
0.000594325770224596
0.364585206040477727
0.122430372723770803
0.228604303670400522
0.362294857374309220
0.036770841684525019
0.006080648416358026
0.363320567585844023
0.169781345899566949
0.177067962647634219
0.198367230635342312
0.078519368232931278
0.012989014080591514
0.400000000000000022
0.270349921438965413
0.250019936232381557
0.141859230718926532
0.030631398344647037
0.004871917005199721
0.290373530823979153
0.088771080835268801
0.111505507268195192
0.259627032536375424
0.042060124679086895
0.002704717113804206
0.400000000000000022
0.317815095829020733
0.092802706735802237
0.087195334940860861
0.072323772763079455
0.015990628990573581
0.022384437353655220
0.027841999936183269
0.034678588796692743
0.100705903975713121
0.007403678966393894
0.000635501788952308
0.140761191732870383
0.040196625444420445
0.068368222874953047
0.233495850604651833
0.051907424662200108
0.001471654875933843
0.307996074770704453
0.079556746525648231
0.060582051270095555
0.121222415548568829
0.021688507808445605
0.000154563250483022
0.343964242531415221
0.115871638539390864
0.105691582943562859
0.186926289878128982
0.016446043126047145
0.002917168089220371
0.400000000000000022
0.147576574126304427
0.052748460776469476
0.045699020898869847
0.014642386180432631
0.001945125611128320
0.400000000000000022
0.222685042868327299
0.091806232609681876
0.096850212134324792
0.022726137596074267
0.004956148207255422
0.400000000000000022
0.297566567249536174
0.051912607220457402
0.048621590924696798
0.000740585054838065
0.002042003576896195
0.400000000000000022
0.374693276134611009
0.062482120532077273
0.104622842617799056
0.018660092503871989
0.004281044944638824
0.149788919554935174
0.299944081773888649
0.059990455770092682
0.029737576203028731
0.026935095990507717
0.001264854548224228
0.298441644694210306
0.273689913045678967
0.113026663495932184
0.067911480477471670
0.065430731006363499
0.004325648104235739
0.303254441854590329
0.050306847106434495
0.136536553002699179
0.218709887615711973
0.030355737193127529
0.000598535615350169
0.345764367825887320
0.130489226577783113
0.081056885820512320
0.112173401896085059
0.009747695484554279
0.001212599677917931
0.361521499345001052
0.282725003706960520
0.048052483122238795
0.101134817108860534
0.018285988093050702
0.000933214989033077
0.400000000000000022
0.173917176258664929
0.186411341766548305
0.346390098459825269
0.015153715547350580
0.001861158393625336
0.400000000000000022
0.289963578903476238
0.106794774164115591
0.243027599930928095
0.018652094802571999
0.003490639080856600
0.400000000000000022
0.259765508652938903
0.056487304360520768
0.400000000000000022
0.061806663331775522
0.008302965003072548
0.089935418352967908
0.281498532930865686
0.138334195940263971
0.115590726644688363
0.066401625218828919
0.007494871690261851
0.121083951924220778
0.218248141602695206
0.120001588603574932
0.143222233243012725
0.048816835322771326
0.005569739241705166
0.131689334854815931
0.052763306308152916
0.186013652685083714
0.140752474295639030
0.004852120621733381
0.010018120025874429
0.273774921005903005
0.082772422915653260
0.069106683312486233
0.068050387949133678
0.009046454185324831
0.000524057550959506
0.273273882986466987
0.173472674720918374
0.069751584722240051
0.059908242010435819
0.011951267873085458
0.000000000000000000
0.028641980251207448
0.057634909029520370
0.189060666004006117
0.185493185867281918
0.023907939330597993
0.003723743151074412
0.219694408688307419
0.117595573811055759
0.191656483705826525
0.231638612097518182
0.027431457078317158
0.007618406877946723
0.234609885559460551
0.088008831528589210
0.124670166469525515
0.400000000000000022
0.077887696062059170
0.006234782702848551
0.103627210339806791
0.082068828680411987
0.016705581938488048
0.122298865945584645
0.061040510222874114
0.005308200893112774
0.123496899539564983
0.039059796326319243
0.056441445754183299
0.057018647472301690
0.066955145479237990
0.009186857466981750
0.086312078401764289
0.062904353122651691
0.212767369583411026
0.092371991759844813
0.013271818216051386
0.001232778957688546
0.048616313922665855
0.037801155648308958
0.206284084211125929
0.209260053686506353
0.059876584192645049
0.004163136682926600
0.077431235596946285
0.183188219823947368
0.138192181442687551
0.110612582593783565
0.102647872142138358
0.006634646993731813
0.021782935918927097
0.046647277414255076
0.208637878795558285
0.095759968730451020
0.080716989756755703
0.015065906564146360
0.053876878058118909
0.159022005999993166
0.173675746769819506
0.153917155200720218
0.052164563085732051
0.020998323798649434
0.027700506557749201
0.136944846959575733
0.169689040778744277
0.179719603764836755
0.041740628271946217
0.003350251587860963
0.196926030355680598
0.300722091477135745
0.221585512574014654
0.245918195512157656
0.138061496797147853
0.008338523536793024
0.150581460323709337
0.271290218795030236
0.340927311521244114
0.215645996145850949
0.078179630868035449
0.016460030555783964
0.148842611986596596
0.050741426089622087
0.267253844587480582
0.157715158522902021
0.068256916759135505
0.015315923403987752
0.039859021583848089
0.040147804853279755
0.136513621494430054
0.114406760423353654
0.119306330908427835
0.007685002294055195
0.079598934965052007
0.258154812826065450
0.143322198939562495
0.077325832737930242
0.119651526157051727
0.007965734606433621
0.040442735557709150
0.064198260842427135
0.093602554542975100
0.086183353139276442
0.116259032653720090
0.022128028943464412
0.024463112896566632
0.039212040213223977
0.110443119961056255
0.095619707320297301
0.100278381995163146
0.031326789035839894
0.008272388610145754
0.023416506933367338
0.139162220371966294
0.213045559552352104
0.073959161519963706
0.008482059199756548
0.189913164582880600
0.312127756728414141
0.296085990374671870
0.283091895689628281
0.142128473036143482
0.015137238636734980
0.123210526616133742
0.191264737354196690
0.240163630563241470
0.390361513274289806
0.066132683410487600
0.017040520919945523
0.112039461495619358
0.145051810545667709
0.234379398368230796
0.096687691231683290
0.156659204859713796
0.035901174288338222
0.085721819809813943
0.155117026957743098
0.146218648841907578
0.079774108810338334
0.180813902114375813
0.006691372804103802
0.077009581092790103
0.143310248882896618
0.147358496078829948
0.038412367747347721
0.170318558165952316
0.011318723595826741
0.016118844353143601
0.030316384930918826
0.098134934787158012
0.097007699079300888
0.126513708938774533
0.009442116563438047
0.007560013815205695
0.020081997834678938
0.037447058726379913
0.088487761973982365
0.130003683384487201
0.036021338846599069
0.000200908087966875
0.024075785021816454
0.062742292017506751
0.292211888356721294
0.115698909308810369
0.014293720472727322
0.212473646243971304
0.246973883920814596
0.270887612111361975
0.150169242454468860
0.218588445882269500
0.008002437011651506
0.142706101482455938
0.259309162526811188
0.192592945434790053
0.207509777723378197
0.040458460662233214
0.012558542149746313
0.135285015871748571
0.122041530422909439
0.143503999342488420
0.156895202991111926
0.172134635669694835
0.060028535941465441
0.111275916834815039
0.127885364357907871
0.272460839633889229
0.212872664401584699
0.221840045723789903
0.043972707423636986
0.045565823496583918
0.120454969856578775
0.211884566618111753
0.268389007490042353
0.124560404499345176
0.017065713372150529
0.022520216507460764
0.078947939356812408
0.156180327000800978
0.102563263152812681
0.071358519438958545
0.012154805477306758
0.004524448941478955
0.044662218025163472
0.118346436983192818
0.122802909932834714
0.139167300988203679
0.020443881573301768
0.003733985840439884
0.053758039650941641
0.092667175685481898
0.117823330915094643
0.097849797538224009
0.005732217053440503
0.181654376526396238
0.198915869072842338
0.207678634642241206
0.148516125199893545
0.121541438515988837
0.013778240880254094
0.057478634786636687
0.056007837612233789
0.177855146012294685
0.400000000000000022
0.089610944550262833
0.015525423531584839
0.072270325916870354
0.290037836595030851
0.140258877447565100
0.212795846466919458
0.047590534263602158
0.021752105456291405
0.096478166907804933
0.126439012572491127
0.253157045325262509
0.243972124975472882
0.208997920329334286
0.031544910527506118
0.140821123393997272
0.167573514161264564
0.313968393895389331
0.300957903558017714
0.204425936398572983
0.064968874393612416
0.046566796737969415
0.077316547111197953
0.286263446345840999
0.324986205179134235
0.201989047697834101
0.049043639319800235
0.001687041869963747
0.098869719318423838
0.191624656870883703
0.132958076913067186
0.222569687907295255
0.032251554409739397
0.018262378949300703
0.099267929740150279
0.225662448800908327
0.286661482659491318
0.204789897935280296
0.033468693214207569
0.176423357208440851
0.125999245504356844
0.146885161834926226
0.113928878360971542
0.109480147648216231
0.400000000000000022
0.137539841189638634
0.177589043034544147
0.183408316606071653
0.400000000000000022
0.154944583495425614
0.400000000000000022
0.085078542007992503
0.295407576398708183
0.207303896162271989
0.294888182989401948
0.166132587242215801
0.400000000000000022
0.075370187065873756
0.193853765826264651
0.237241010130789215
0.180885856420432062
0.155384343945474040
0.400000000000000022
0.050726821950929660
0.077351587628576177
0.252479710613638109
0.231024989132417286
0.200813975961050467
0.400000000000000022
0.071120416344454873
0.054201781538895662
0.213165493838691877
0.213564109386536527
0.193053626173832121
0.400000000000000022
0.014512503925926935
0.103931687587471594
0.228514650625990690
0.213417018377031809
0.240221040829908056
0.400000000000000022
0.047298781595600400
0.077878639464084742
0.181290652401488589
0.350647466263151075
0.238661015686454231
0.400000000000000022
0.111668322467791639
0.182462620494986821
0.181372635208385813
0.116485523273840083
0.042483606356362009
0.286918940645279785
0.035099218361011882
0.216400706283334604
0.115145329779515040
0.198555892118426364
0.045866611706520441
0.400000000000000022
0.018862684154830098
0.213022992360483387
0.150495266502698011
0.119124677200474496
0.021963919793540225
0.400000000000000022
0.041269739717175159
0.178663347870664652
0.400000000000000022
0.044324998646099394
0.061869049990790952
0.396439419309595142
0.007743196070276187
0.036675414830402847
0.051714116439514742
0.132201130766249231
0.075761399335803503
0.299376833491739269
0.017044790153835403
0.044991697383632429
0.044253279332178347
0.303860961879983071
0.101925238280455494
0.400000000000000022
0.001486047453231433
0.040304241760980630
0.101080090807376288
0.134921723232440005
0.111551024776836066
0.400000000000000022
0.003185386870991073
0.027341406159452908
0.068364844223460952
0.207101349019932407
0.073228096293776856
0.400000000000000022
0.112685964425637664
0.222017673707618712
0.243420480011977719
0.250282844279897665
0.075085549751221031
0.009566454901140751
0.084578219461915516
0.288962606551819046
0.067872544594257761
0.214593630916494693
0.034796342771670374
0.018244062105611535
0.020411352095871971
0.186459727448855528
0.161890870102594731
0.273652590472326596
0.038414032956663340
0.013845237218136379
0.050119054388865623
0.194066373596369135
0.308616250984616425
0.060669194564040643
0.059116716104037431
0.015786919712036208
0.006742785208554460
0.036889436180304935
0.094319630477142438
0.120121574619629717
0.100369224439842794
0.022082704734214264
0.000549938821920651
0.023281272768819243
0.059956680532667027
0.290750278387754468
0.152615760367346059
0.043190487336680683
0.002925684420487496
0.038873897791828128
0.043006932760647106
0.110348245057535099
0.071694477611333074
0.026865330344197753
0.015790399963657595
0.023928865985458715
0.060937311013609288
0.080185984224621878
0.037603072213413455
0.016783141620458811
0.105328313260949435
0.171339097950368641
0.132830941553093690
0.151317662397988856
0.076985232045247209
0.008229005730700919
0.066893360929275975
0.178701302621877889
0.086664082658971450
0.125820929997469966
0.042049295867990194
0.001556316003016326
0.040616509279651582
0.154477712906633924
0.081649521301353931
0.042537669151303574
0.110302319560374298
0.030671553217800074
0.044961473508953027
0.145148937739638773
0.070877890270907656
0.054076975647331743
0.110523659396821822
0.025942693681141500
0.002062972648417836
0.042230460367019301
0.109687343478269861
0.152635262336705935
0.113599752852398456
0.007342738174086026
0.001925763383959607
0.083744200880112946
0.105630462665071756
0.082679766728211895
0.147331310455639214
0.014889959433327285
0.003288357989506878
0.051098346754416837
0.132382576618526565
0.062820209251522818
0.102196353050285960
0.010229798807541844
0.000000000000000000
0.031957570199437638
0.069407961875658231
0.096803128930357002
0.046548605788270331
0.027230790179305707
0.036166819689524676
0.072340713085238650
0.189658071783537191
0.088557711180683396
0.035482233413035552
0.008229466711758924
0.071485482174781262
0.170506291965388995
0.119496256690795319
0.205705337312219072
0.060130076866758753
0.010156329621281726
0.026588386547984563
0.141248672752212201
0.108313052680597321
0.279473723371429839
0.135599997712817888
0.017591157388093203
0.021090595214268048
0.117427940130393399
0.234456104521779007
0.124314090260043225
0.112906483708036895
0.011668157084572833
0.001202193925041409
0.021376992424370529
0.062488329943712263
0.061100705666884920
0.084979191694289094
0.003052572163394331
0.000743440369633096
0.025981902543916351
0.072762033945016583
0.027936508130873176
0.149382513027964847
0.038031318291097134
0.000556093993728144
0.010522908592112254
0.025899197937139806
0.111365776986597748
0.105375496500615479
0.026419569941046703
0.000687340619229865
0.006804096785710514
0.016943263808633431
0.115021899946298967
0.033139435786431359
0.019395099497086298
0.294444620808688606
0.397069504753547631
0.319606079206757154
0.332364768868653293
0.182242397803676209
0.016794452527536620
0.247808750074056783
0.384951834147611582
0.353756533058707134
0.330464360507986277
0.152553438943460629
0.026618980366202055
0.166628851742440159
0.124629018147488876
0.376516244390335431
0.380681454487534821
0.148731689591845406
0.029807139623901753
0.060587270506094693
0.144555690818108845
0.368164021420572696
0.359331385344468901
0.185882613801864577
0.027668911484890389
0.079953757591004537
0.280403893015677697
0.381587753443268396
0.228223911585400063
0.183562917160753847
0.013299399255169696
0.042983353359772568
0.141481646970053443
0.139422779630387628
0.152888514542506404
0.203441834068921912
0.034343063980097933
0.025897100450358680
0.071678481736343794
0.152300405812285405
0.238324843270979109
0.208482015474591997
0.058303567004477738
0.010571044679638934
0.068247365204477065
0.246870781423148722
0.345963285734169845
0.090111591397066787
0.015870553285915738
0.276991825551607174
0.378488040701678630
0.392006228222462449
0.346267637010969742
0.180590999121621021
0.017018092955804472
0.149649782268327258
0.305514386417647110
0.398726717081196447
0.400000000000000022
0.177170223778980285
0.026704441974804774
0.129197263067905660
0.202457852682067202
0.337052794134036937
0.287630310871546391
0.208440773482690800
0.041493325664505594
0.092347873731594032
0.196521603700125391
0.225607050038684004
0.168809844147831539
0.212567434268485400
0.017023472328960829
0.077009581092790103
0.167619640452826929
0.232558103112152859
0.121040584211840732
0.180429139172759184
0.011836620972168737
0.021198702377842622
0.081840396060070320
0.122398683666100599
0.202596079216411762
0.178622970133900383
0.009882091805096801
0.010805832789497125
0.071015627286875105
0.107997191853317520
0.288427568753598318
0.195179489448116361
0.069818050657085837
0.004161475500306109
0.055784261034196161
0.107236125627164794
0.400000000000000022
0.163029798300080131
0.027892511514129845
0.293141302142097437
0.308598825405361543
0.351614730748185500
0.206132611196433335
0.228862800514721410
0.016279953436168167
0.191084068222509978
0.324025572701748477
0.367175952493385249
0.321924856846252605
0.084226469272661558
0.015061307458806031
0.198647036301271090
0.163962162163636710
0.210744498644429873
0.353725642131431539
0.219663439289393886
0.067035754686869148
0.167884423458920073
0.174530839913234065
0.400000000000000022
0.381125960843923528
0.228378976808572637
0.050046117625571714
0.053331358191562511
0.169454422404263699
0.365599978150926930
0.345952393972044359
0.196216744025665413
0.021865226853964661
0.028657642064597543
0.159380951638060125
0.212895837477694916
0.134340200789021841
0.125224632396625762
0.016159227816990942
0.009952022830393814
0.101941827155338061
0.212151190368580128
0.296484682710510039
0.177055347587810746
0.050013559675339977
0.016299130456341165
0.121882137432631543
0.171857628685673614
0.200139451488348580
0.119061137042346429
0.015020457963769673
0.223590611755825341
0.262765172147292780
0.287008069392504284
0.173654128791014106
0.137898199285437784
0.017644900619786363
0.108923862738291702
0.108683714180590058
0.358482194982641611
0.400000000000000022
0.100817541822097997
0.016481431917319499
0.215769548519279847
0.331183966585169742
0.200101245031333197
0.341923527290919849
0.059440356896036585
0.022015696169703645
0.265754175323013597
0.194914925844589193
0.312516422310471387
0.334238179233011079
0.230545811644537385
0.043701042749874512
0.233907046205071828
0.252078685363824218
0.382960975192552067
0.368914695428828709
0.224272663967495844
0.074946958548836914
0.124245947685430444
0.208244624288451363
0.340247666568216811
0.382630048435421810
0.210268162733622976
0.049043639319800235
0.020497089238645988
0.166853430735713876
0.213639871073099230
0.291873497047877684
0.233926112976905298
0.038279923533691085
0.168249228140165658
0.253217081406681699
0.256851167029860328
0.400000000000000022
0.234205753416871137
0.045386292131275582
0.285494321126155248
0.285410898360325849
0.263453267059751306
0.289002516795603348
0.173848852276126786
0.400000000000000022
0.229210773962357395
0.289088810445862598
0.398056655060412212
0.400000000000000022
0.222164669170444640
0.400000000000000022
0.353362670397149192
0.379189620338002742
0.388078091985820328
0.400000000000000022
0.211336276481102370
0.400000000000000022
0.388731919080335442
0.304969012988585308
0.400000000000000022
0.400000000000000022
0.192155185629999059
0.400000000000000022
0.381891227550766488
0.247132933528143084
0.393470372385107292
0.396336052404116734
0.226598702339085634
0.400000000000000022
0.400000000000000022
0.281441488501338766
0.394069712232647640
0.355423340105463059
0.216395850246596744
0.400000000000000022
0.304886034749906054
0.192702768422740395
0.324256615265353487
0.394643003962413808
0.245618278060641654
0.400000000000000022
0.400000000000000022
0.338660301193395463
0.274093359137290826
0.400000000000000022
0.248497212285983482
0.400000000000000022
0.134052759821446849
0.210304620431170070
0.216051224005078563
0.217191427249553204
0.049887285322755909
0.287554442434232116
0.175860410093882286
0.256597331727755062
0.183513552654468060
0.399202360714356552
0.097774036368720549
0.400000000000000022
0.313446256922018496
0.292579738886131591
0.211077317772793566
0.240347092749043312
0.043652427601985837
0.400000000000000022
0.357186029566510133
0.293003276569250182
0.400000000000000022
0.231251288524228354
0.078315093116838083
0.397106479498345211
0.400000000000000022
0.184251988956707247
0.104462577215984218
0.177900151665119077
0.090403785516236138
0.301321959102867631
0.400000000000000022
0.251178335934975960
0.136059511941860223
0.386788676054429348
0.124651375876529746
0.400000000000000022
0.400000000000000022
0.306152548476020026
0.152992698027833718
0.183543314157136761
0.112291609831674119
0.400000000000000022
0.400000000000000022
0.382011550185962667
0.130846964755538225
0.311724191637731463
0.091888188797648832
0.400000000000000022
0.262474883980572837
0.400000000000000022
0.303410935782070346
0.280020420482926413
0.102020645741728741
0.010831309449364980
0.322822475398268194
0.400000000000000022
0.180899208090189945
0.282505111393966335
0.100227073778033887
0.022569710209847275
0.309152095972316854
0.236766574555290044
0.298427423105293910
0.400000000000000022
0.068769770149790868
0.014443772833486548
0.361821252799507387
0.307714162228875654
0.382009946922210630
0.172842596460125703
0.068864411588591704
0.016999519389954140
0.363989975912401620
0.292292296454092049
0.142372113599381234
0.221256391728490265
0.118655212532893489
0.023015919723247343
0.400000000000000022
0.197198449027484152
0.246368022299215339
0.400000000000000022
0.167769475914696653
0.045051645730306018
0.400000000000000022
0.298244855068408810
0.149801706924762690
0.342660891846540916
0.090346572413905063
0.030355969425054356
0.400000000000000022
0.273578363690977877
0.117424615374130056
0.400000000000000022
0.099409735545188990
0.025086106623531355
0.195263731613917357
0.399202596615088834
0.271165137493357689
0.266908389042677219
0.143386857264076156
0.015723877420962769
0.187977312853496753
0.381960348004009687
0.206665671262546369
0.269043163240482719
0.090866131190761534
0.007126055244721491
0.172305844134467534
0.207241019214786826
0.267663173986437686
0.183290143446942583
0.115154440182107673
0.040689673243674514
0.302088414904999270
0.227921360655292005
0.139984573583393890
0.122127363596465435
0.119570113582146642
0.026466751232101012
0.274743284772097418
0.215703135087937647
0.179438928200509912
0.212543504347141782
0.125551020725483908
0.007342738174086026
0.030567743635167052
0.141379109909633288
0.294691128669077873
0.268172952595493785
0.171239249786237197
0.018613702584401697
0.222982766677814304
0.168693920565472583
0.313716455318861831
0.294458821349041000
0.129627810128603138
0.017848205685488568
0.234609885559460551
0.119966401728026820
0.194078128345183759
0.400000000000000022
0.124436301850329473
0.033465572882154258
0.139794030029331467
0.154409541765650637
0.206363653722025225
0.210856577126268041
0.096522743635909652
0.013537667604871698
0.194982381714346231
0.209566088291708252
0.175937702444978611
0.262723984784520803
0.127085222345996757
0.019343187088263474
0.112900464949748869
0.204153025874863919
0.321080422264008347
0.367951214168837581
0.148871815928869250
0.018823936345781746
0.069706909136933906
0.155229095778702364
0.399747606508865316
0.333574143946549606
0.172783067900681930
0.015831293767499435
0.078633429521987694
0.204565212248317918
0.200680511386399835
0.171713288260668479
0.187627063836427466
0.009687219157126146
0.022526376288560190
0.072629179958171433
0.281399912740574853
0.123696476861324206
0.219733662660703155
0.053097224855243499
0.054432972051847058
0.169544914592105411
0.199574944706959301
0.265282932187317910
0.157540059586347536
0.047417893739696133
0.028387847176979068
0.143748943745286240
0.186632304587377729
0.294741503711135722
0.074880064058377577
0.022745351084947261
0.322831959623877396
0.337188438534062329
0.263677086085511658
0.249129321185888625
0.033754336350415172
0.091709555009500648
0.283916828387332953
0.362250567303989968
0.283762404374684307
0.416866725468220900
0.035451219145994924
0.110136801118526209
0.302171213628832813
0.320737183821719618
0.312284737038953097
0.422251591343343557
0.036447913375218487
0.120081437989469006
0.308241617785889432
0.329721115876961457
0.424080704479685655
0.352533274533603502
0.038889534239242393
0.114886252788209617
0.250724299261278927
0.381618458200237154
0.341652263382056565
0.276811521805836069
0.037309859197544017
0.101242978627637190
0.181983851347048919
0.271924033321098824
0.283783786333282773
0.272222388652663405
0.042558780599164042
0.121499852044151896
0.168659636936761448
0.238135065178152472
0.214362966524311693
0.253215895490674359
0.050214872324051155
0.128239803322834023
0.201084540881962703
0.266629248078655789
0.235699798474557076
0.398592636951156709
0.042028985411303822
0.115919272875963889
0.135682830899087087
0.313076852941491401
0.285407087121263059
0.235787590598860425
0.259599227881644357
0.097482417035244837
0.111363232539622228
0.278810658502570474
0.337042985339993606
0.397457337580696179
0.226595269217675588
0.112306020297265940
0.142790968276562874
0.179326910679885987
0.332219213799071211
0.389939814061278311
0.273674899997141285
0.123748884070913903
0.193245782353906354
0.144494259263705183
0.397282111056806497
0.334204176889695670
0.356259560132618114
0.119635261025728509
0.193317068131208525
0.109179417452034550
0.297002709889827521
0.302099489389644038
0.358598363530142739
0.108541076948684173
0.175204292870053180
0.066791143604100239
0.214134289678205497
0.327116928469958712
0.320401437078558393
0.125384882519471469
0.167676086240214212
0.087732983079039095
0.137251546976150773
0.285893469552360502
0.293798715346057948
0.133312186204919858
0.203824362113569635
0.138456024625105367
0.124275368922680263
0.393694444621400019
0.270670083813960627
0.119059809590548668
0.379267909475918041
0.411052947555531012
0.355303294605517184
0.292447592290269343
0.033087493617639130
0.090822658660976413
0.337143133612493873
0.367785479974903518
0.316139262298217760
0.447123763713585476
0.032595281703783612
0.108953295192805000
0.356019256265765582
0.311042061063306008
0.271246484368472873
0.360380013330336701
0.036543042788569798
0.120270309419942323
0.340066357357373450
0.309329300695019294
0.355916796414945669
0.296453926763047326
0.040737593563992938
0.117534710419440011
0.290116199680021558
0.334775489146392935
0.272938402233319999
0.255459540967047871
0.035259397037876464
0.098139529668828163
0.198565764805514161
0.318782482178128490
0.297674983459666198
0.314406814644107357
0.038501519728192837
0.119074905012336668
0.181823994230787406
0.329419465000906686
0.297316476602274615
0.329985057877755228
0.052376572397153681
0.129907453596629530
0.205388472939709604
0.321615477039117637
0.265049163192856430
0.392493090789847121
0.045862496821281414
0.117806051470957407
0.177064633683899020
0.367807461376375378
0.347928371816289772
0.317722366439164239
0.299692019759195516
0.096487864080571792
0.148395816408262882
0.341485968880534063
0.342192745364069351
0.430752277469042266
0.250685123091831608
0.110853850596443718
0.170023455358112668
0.239397394219351717
0.322177016564228647
0.338696680094949520
0.233573931113861072
0.123825798148955224
0.193682995078088532
0.172948665369714871
0.375627346250205885
0.273768510171751633
0.305884639539618697
0.120840161713965541
0.203092592832264218
0.148526312030868829
0.253533850843632669
0.241340569891982520
0.330937717987046076
0.105166618091053321
0.179109151896251345
0.094094393326606962
0.258772694431310180
0.343129279969901835
0.370051837903004111
0.122419557362930490
0.167192503174389467
0.103260732114775294
0.224345630698169540
0.396527629884555088
0.359488731237759707
0.134992482815613712
0.204542593089954455
0.148443620509754820
0.169704722148580650
0.430977564055501361
0.266189717575066875
0.121320004117559332
