0.193319404642779996
0.334196684021394130
0.317654319264707830
0.286091902701301526
0.284174553561406695
0.043592406918646381
0.147181744283801208
0.333506602915873862
0.221487794468081006
0.042769377297305344
0.152827551751689716
0.099240183325309414
0.090076710145063410
0.103634287425668062
0.019666649518587067
0.069400076757131127
0.144684904912976614
0.124860796583961320
0.081693919805071680
0.037872097337833609
0.057167098331123371
0.390580610094764635
0.400000000000000022
0.400000000000000022
0.042337269741477980
0.007451654806274632
0.048182680512320740
0.140243763105265373
0.148781490059015753
0.163872402467198364
0.074240898018970894
0.026540718866919756
0.116478397402706671
0.187815267995223495
0.070013012043321762
0.119827247120251223
0.011191977919354643
0.029479003164209826
0.131217165972142280
0.110646378522861272
0.352527225062092553
0.253183049658919856
0.061450253084660809
0.039645828909966471
0.090282598983078680
0.173151231721450527
0.120557830058389256
0.083133606772000060
0.159733281678107575
0.225243852065472400
0.252043324585070838
0.375858791235588852
0.240366081055258085
0.137453473744985039
0.167188193154789305
0.400000000000000022
0.400000000000000022
0.229195678484475085
0.054615233221531792
0.118913031543327316
0.193443859265727991
0.397305598478591149
0.157416486294256197
0.096297922391718610
0.085883723951458435
0.271628884152046557
0.075891968093132728
0.002903914348043457
0.062227938822534128
0.329055053714767676
0.141581525710763323
0.263005193476398780
0.036328641190214957
0.005321887482342839
0.140626366553943560
0.126726588255404227
0.050823823684463754
0.128876934601358711
0.064724775370123125
0.039786997567418041
0.203266103392357900
0.137009769690329991
0.066419542905485712
0.239756679654731297
0.008634974165738531
0.053386726912148012
0.093621728820382374
0.073948688681734001
0.163661398780183098
0.395561582123124145
0.057363908650603590
0.030749862020095019
0.073809288943277929
0.194429219849893115
0.149165105785909607
0.136788044198128261
0.079547762163763164
0.036745984465263545
0.222236072971681742
0.285969100913957164
0.371716192301998150
0.370593094430402059
0.110114580035254289
0.381839183328582910
0.400000000000000022
0.361163322318176605
0.066547831110654321
0.167037118621005065
0.290060973886539675
0.400000000000000022
0.207782681878897479
0.116395597614426083
0.058950889780026550
0.157834491727244064
0.085390200699501415
0.011708111372669635
0.097580532260498162
0.279508012955954732
0.102747330692668989
0.139989763160425051
0.018623890155215702
0.006811245332502029
0.186012239432568116
0.125764997059079592
0.056515306713950546
0.139979139518772722
0.018973992435426763
0.074815122272659407
0.150821890316025109
0.077553282251817610
0.081122792926581769
0.142796906831781339
0.032289173211554889
0.075438441386062496
0.133268295085439387
0.023019449557386024
0.064146857993799308
0.111715109495357470
0.094517010293225706
0.063820752376913495
0.035330834248083150
0.068642325493537021
0.100359015216554159
0.187327688839638407
0.099526972882929152
0.078632112109268182
0.067795741589911293
0.208533126492870202
0.223342388457384800
0.357762711710225501
0.090568747923864101
0.041762301655909197
0.177868132787425970
0.280613233669149698
0.149508829926625786
0.196342285075946615
0.397748427908494406
0.271805237013753587
0.009304457880737416
0.141357067437641454
0.082505727305726376
0.249516937179934339
0.400000000000000022
0.236013374627904116
0.077505476501144074
0.144204956877494128
0.012486013505333553
0.070629518560024154
0.400000000000000022
0.044732642299923353
0.123785743982825047
0.179839136229008240
0.063049075162476931
0.096797908320763945
0.120667711133239000
0.030147191665211692
0.029134242415006388
0.042210923078312562
0.069979620565025463
0.117846529734136188
0.017875954369212362
0.038339709997861245
0.105202858829798296
0.042239872542680183
0.023079949437523992
0.039401428474783465
0.097941424739287561
0.070831935936117252
0.156822088218943168
0.138698489720943202
0.102419874530156399
0.189371354163294009
0.141617631135362160
0.095794859078564804
0.129602704980569777
0.184985035329229719
0.116395670374785626
0.297148779448212719
0.091480865240718814
0.024719453620442297
0.007965667167751884
0.106287188144734576
0.132143642800572642
0.346248219271948598
0.387913811653188167
0.203182535518383223
0.033397308551559833
0.262092355535422594
0.119327502357638865
0.299311925939965529
0.400000000000000022
0.355730723577338481
0.043743835298439712
0.083532180194951261
0.008641453083138304
0.153637526451095408
0.400000000000000022
0.106449920913434859
0.033583172694352133
0.060190793960487828
0.053125201983691521
0.112464900816536095
0.400000000000000022
0.015574389453593393
0.018228850266686976
0.097468299071733211
0.171228280290927792
0.173201149242789620
0.221977015147891255
0.024643541502893176
0.043127058277431310
0.053856294712035749
0.051938655511586371
0.084254232632855114
0.076337607351317033
0.010809035864713205
0.038405096108814270
0.156369480305556169
0.101286092671255296
0.255198960721588264
0.088996635618486641
0.083488936471836445
0.049944439268560806
0.129839343073781976
0.025841165638867722
0.224831206212392443
0.097804169833824811
0.012599735011641763
0.002371989138908675
0.072118065965054365
0.086795064972387120
0.159045407393597404
0.115929825546061321
0.039306518789716222
0.038955686467981726
0.123236362884721312
0.055496454527584560
0.200606048406789667
0.183124839712262899
0.048549646553798578
0.045667696166732580
0.042534343636020586
0.003482370495678932
0.163496700355121038
0.135680648630497835
0.016165009322197915
0.033076549451612099
0.065222264786566023
0.057911201694780284
0.187546694884334370
0.391164272998250628
0.059016926492559046
0.049424469433646687
0.069445197701102954
0.090520448071452209
0.178111198095998402
0.400000000000000022
0.035707665019909345
0.049209180618047715
0.055782018937099706
0.043941715490838057
0.135803129663756850
0.188220965734173407
0.026430352541610705
0.086487578851628208
0.085402232204680559
0.080208457719818882
0.076110580571856462
0.143606395269751802
0.039585104560517281
0.196500857080638691
0.337453946137726613
0.025031944057791331
0.126768752293291431
0.035194669183506604
0.043748160873445879
0.011961843367985307
0.066323794535128683
0.049646600541481421
0.143199252702463614
0.016545429046781111
0.005459207568817083
0.012814837178574161
0.212077800294593305
0.123794020464538468
0.214287857233077417
0.049861924490870832
0.012528729245898686
0.075805252151298366
0.122869501305978929
0.017295243083804410
0.067455926800262203
0.059910157397049101
0.038479599745778033
0.051344991397029513
0.152696923109235660
0.064138437061250136
0.092419569323352962
0.082229829019415737
0.040075371563333594
0.079343094569562220
0.155846744126524217
0.083037242730104169
0.161663829890652144
0.400000000000000022
0.084751524861179761
0.051053821835593538
0.056911169001221416
0.033693490774548009
0.153546022026676721
0.400000000000000022
0.384611547014775679
0.192115597050052822
0.197467853203145416
0.116066578626727979
0.102290184014910926
0.054952875351139352
0.089943865600253886
0.240860268803341160
0.172859146506006423
0.032546934313053916
0.100541289910512754
0.066898230674826434
0.037457518819321106
0.067166436573949287
0.036342010899966921
0.024755973163787602
0.036400183217170021
0.052278508781645069
0.002847404073117384
0.027739442305874509
0.207510243497269736
0.130973608967771327
0.243634078112103747
0.061181970391407214
0.004675166564420717
0.029779242104229130
0.087570270837260905
0.061353786416274855
0.236207996020864230
0.054927309369031271
0.039908484236591962
0.022032402085131061
0.123590898512836528
0.135295799595156696
0.272679042773986247
0.085058789235016141
0.088830080468255898
0.121548377178914022
0.126308081760635071
0.115005953586287624
0.164826540219618289
0.148941266908517139
0.063045420251183842
0.031176416704234985
0.291139784972277493
0.124738183310440925
0.120081562785670073
0.361028014205662551
0.378233285733079350
0.069793064270505273
0.365688562862025501
0.172129504923502347
0.131479564771023988
0.070553072817782822
0.128354955190294717
0.300205623804511712
0.151791267986506606
0.064375988252977148
0.071387098077997757
0.189057029926818110
0.123555975418698755
0.088390336712033293
0.068295670190399671
0.035253572902405321
0.120148154722320918
0.072549483398524184
0.011101230983344078
0.073516239428036992
0.071943552756116150
0.130330700760979384
0.163853013402282671
0.060673090660226948
0.032659697806807164
0.158016374150258210
0.194873564774920238
0.260021308703029752
0.217886484285465615
0.019071919465692325
0.072202350719694539
0.100224417525017762
0.256719704591585329
0.251966260024983679
0.353736637347647764
0.019912618485808335
0.129530907456484656
0.197732373847499920
0.374060288476893432
0.168736659796344446
0.199137872534010052
0.028500549481681441
0.033786137142245758
0.186069969875241104
0.400000000000000022
0.225056659976356321
0.343941689215174429
0.206470666187190593
0.220130916001657018
0.123235154813553294
0.378215468914843977
0.231141941132401080
0.176193893796599055
0.076694242123316381
0.161338458626041903
0.125518246964258229
0.113019184832126418
0.183162747944155352
0.127399106366936160
0.130492769084273041
0.400000000000000022
0.351006317999448814
0.114430118362243899
0.104152790450788041
0.097232859753824979
0.065842237988033694
0.082420640738333592
0.335840362051163188
0.048064862107056988
0.142844545486103036
0.179978949184286641
0.083563554665666839
0.019276127229328855
0.059969479576564760
0.251729883075359651
0.400000000000000022
0.281491307159660309
0.050744615175366832
0.042048138177890201
0.075206134619998005
0.394459753186798823
0.266118780439720815
0.240950981423325883
0.114500656220660316
0.130441974671655470
0.176001005410451689
0.221130315780782155
0.227794161034834464
0.188069084353904126
0.015012324068309928
0.081406689631367601
0.341187656880814982
0.345006279035336427
0.400000000000000022
0.283689947334566317
0.046926276898195673
0.221383189329536906
0.131710057057586483
0.295366481166858763
0.283663443353395661
0.168664599308318147
0.123820570874828784
0.108471456843963338
0.059908000955751786
0.094472422672061435
0.204607174326093266
0.140416985501685576
0.205069649886725047
0.248581129434569170
0.175980187329174642
0.283246854385708347
0.367486502409479332
0.086761458922904877
0.113230693623771986
0.124202940472148471
0.306976124016524743
0.156341157274246079
0.088846284069842921
0.183027534290406080
0.041966924821011609
0.084454869607906935
0.132684102951140304
0.151033789240875072
0.376327283243042099
0.377499556674153247
0.027019351555625931
0.034493735642973256
0.130994659269463604
0.214780452216258771
0.303601193165392136
0.120136746996069979
0.040380506862290361
0.055547932269172852
0.134739494916539332
0.135164282720263540
0.158860441626857141
0.084689520005995750
0.006558742625047125
0.173160339378615358
0.400000000000000022
0.109863374645146061
0.232732652789984396
0.331953470844276066
0.108923678132454654
0.386738366970156788
0.400000000000000022
0.205430347049767315
0.248054335907479911
0.181431418050574889
0.108649971914463642
0.147623579048396292
0.025584172446356183
0.077287935394206961
0.392400545444631876
0.385535912816960202
0.156313183389269444
0.121070173785825325
0.084904057060243662
0.391119709871134202
0.400000000000000022
0.243953102620802553
0.213411866354279778
0.115508396468277819
0.180978030269702578
0.352565884847312883
0.059048959697290869
0.100121479776312305
0.039911121466751236
0.028749758970242883
0.129755800537526861
0.103610268071354608
0.245579188040168928
0.093085968019275489
0.058377258448613932
0.027342305334586134
0.109189500139283663
0.091243057262512625
0.111553254209922223
0.036504397918420153
0.072348892094386691
0.094348030915738235
0.132655130396369864
0.071751224800333788
0.114434786668374755
0.114409103269509135
0.031487777488669544
0.264926859218716060
0.243199457046375994
0.035354892071638888
0.084062472849867231
0.013833674170511231
0.185139770024908334
0.387203725661509901
0.335699053006421277
0.151934397339639149
0.190527870505767305
0.071232101666298023
0.121414455080047209
0.109333343870797212
0.041123729327970857
0.080232546842539026
0.230293553460571121
0.180420148454500384
0.139470807183255607
0.035457448077510820
0.117457054905675373
0.400000000000000022
0.179601311869341862
0.049298882668643663
0.197340871925247963
0.050249729779461308
0.047523923997318140
0.179159841269768028
0.104368795425887950
0.028316251610824981
0.069801845710139004
0.038893477881058097
0.069973780989118620
0.060584295374582590
0.018440834717516820
0.038279878038695217
0.058639789949689387
0.036937416633613364
0.082816357146028086
0.076163928233803996
0.041771967985682612
0.022873376746693187
0.029183998178183110
0.130845604311981278
0.137424857175105553
0.036573649834312688
0.198730658753603129
0.033237458094882905
0.037297659075681784
0.138093959775150238
0.042880741447482940
0.017989164996950552
0.081304566377786602
0.033638341041002343
0.068134925094275101
0.096049189367010887
0.130013155071548869
0.022816845450648826
0.097065160684486396
0.078184589794323273
0.069564627991622940
0.049467839077804034
0.031096546045790142
0.069249430040644544
0.201034602655766809
0.112457824711250515
0.090255679785816070
0.059240485387993577
0.046992843183316930
0.062217030188934423
0.046478864223833023
0.083672049640829180
0.069166422800993763
0.058344096103042371
0.143898837713206745
0.113806264514767413
0.032883408942309435
0.063089879700044801
0.039976103908949845
0.146994114657457986
0.250031629199617300
0.037831901713958158
0.028659853477088770
0.057111381473055362
0.024468924590189602
0.154923254535222960
0.400000000000000022
0.134492903776824463
0.056960317459362135
0.084229537348255945
0.068126750246581672
0.327472728732564611
0.283766742288218521
0.082048481288996042
0.097302259896795792
0.113556518435007137
0.084526360544835866
0.266730755296410715
0.058110141993547235
0.021600296403007667
0.028832626218521944
0.022955848884299794
0.140891808909676203
0.186148824727337431
0.107202286301522370
0.023598354437299650
0.041177691455554333
0.059759168925200015
0.079946270055901797
0.076630127049644323
0.024050417655238319
0.056153759231597544
0.081193461837721262
0.098743117943749167
0.081305480934591043
0.045888071226451423
0.016053762898561353
0.055482157051388668
0.018879073168672062
0.011932335920284391
0.062706073880030327
0.100660783474890131
0.179605080234910841
0.101801363819026006
0.049353771130008620
0.065667541896916384
0.035340248520539672
0.243382167670600114
0.400000000000000022
0.086101308104944055
0.047910060373231880
0.077078134299129006
0.019058816901660607
0.303076333103087403
0.400000000000000022
0.061551928513530932
0.100823916281494286
0.082303618768975267
0.037150916790898193
0.166151973581907975
0.340335914570731868
0.098168032903214908
0.069854024762995667
0.066143718718546823
0.068466767847773113
0.137867532081423438
0.040976033830765785
0.003512102400234707
0.004674396451734301
0.118210072908447594
0.126980046896700172
0.042733644961396020
0.037701566011481960
0.005564015163032343
0.039941621353440739
0.076459985017547680
0.154139082813525646
0.083012703000894028
0.039540893143928987
0.039284669334044335
0.138727936520640832
0.073185834788000906
0.157540686200561386
0.076138292721826650
0.024620674106920044
0.016129565039602372
0.060672815742931104
0.012092368395401291
0.037062292327742705
0.123500678182329696
0.276329603614703767
0.116413654180950843
0.106340030776882671
0.134612413121603131
0.066479104399530434
0.181525820244829827
0.325306796500410056
0.102437879441540203
0.079122029851232512
0.041545495610680980
0.020256708612008918
0.208340910829411002
0.313132422979367275
0.016118929352953344
0.120046884925995745
0.099567449961553728
0.046079806608415944
0.060863455408773637
0.125760185515724071
0.034860626239629225
0.013574798850996304
0.007137321589195514
0.061031040052639020
0.052818060259773439
0.023396346054592263
0.019960847824485168
0.049743541105032513
0.089109814985658731
0.154021688072528085
0.245397230436878000
0.176451927853485041
0.047140255656895606
0.040534211038927098
0.047292740619705911
0.126183416142359534
0.132990657326185785
0.093211358526498228
0.195763542787801892
0.120303688292839162
0.124996534990050090
0.057076653744697711
0.040841555564946445
0.012480605933287914
0.008631791089505953
0.036608995331430721
0.027902582410553919
0.034811493623292382
0.039085466566807954
0.046294112367978368
0.106952050561893386
0.048103722308982105
0.008932036286096305
0.057784377333593859
0.085108470345066856
0.104141617778912149
0.061637604231804713
0.015277703880857446
0.026670520049850925
0.044514622520923766
0.062670351572744115
0.019506868665494486
0.010438378551396175
0.066986803075757717
0.074100238475043198
0.030762702550543447
0.015440585554067979
0.254217218512558407
0.356792549717583007
0.088590605779120785
0.056497468488738101
0.045018919664647272
0.043065342072677253
0.112955618180815398
0.400000000000000022
0.133913889616945503
0.094752149557780857
0.130623735216100378
0.315837092737989822
0.122932538506623321
0.083057788697806917
0.057028664446481914
0.050416148524986305
0.211619389214331821
0.271276845535232680
0.212018044786643572
0.109819618087173027
0.023440189807268967
0.053975433128343041
0.105515753827146036
0.143373034591921161
0.153496827190944041
0.041574521352921570
0.035084824451944788
0.083885375547228871
0.066604627785513681
0.027703038574573041
0.012713780791124214
0.062578930778099520
0.111917337350151511
0.062079353829111630
0.018291709879608237
0.010098323060571315
0.020267127936817775
0.194008554622366602
0.400000000000000022
0.195479546122140024
0.044835866452631365
0.026607220990315920
0.008797136297958565
0.059173079204714457
0.157774125013973393
0.136408534823757005
0.061706741036240013
0.018069126226161789
0.233264963231273381
0.400000000000000022
0.166224909506164698
0.069921772623997125
0.021747247539771388
0.028040742045918630
0.163356931747567630
0.400000000000000022
0.387843146150996909
0.151803139209082838
0.107370780775586108
0.110510321820235430
0.133053206089252751
0.085106019320530191
0.078669836147175293
0.100367706690457220
0.270013646766096349
0.385484109139429432
0.374146102850750673
0.368839539463700516
0.395857455920314516
0.170991513285582514
0.277674513368074249
0.400000000000000022
0.400000000000000022
0.157199495659549243
0.256980342202477730
0.196473043079134380
0.155918948133097091
0.186054928164001654
0.343472360540698018
0.117464938864188129
0.287529450399079678
0.304839745768248016
0.165257474470738491
0.057148224567162460
0.117136577907688125
0.400000000000000022
0.400000000000000022
0.400000000000000022
0.093081884916844812
0.049499792984164841
0.123388815132318752
0.400000000000000022
0.370919804915308293
0.367766314214342860
0.188741554239631210
0.156982693538575219
0.292479402813158318
0.371787403673040528
0.295263978633738988
0.307896331474155349
0.026204301987664571
0.110885692795577417
0.400000000000000022
0.400000000000000022
0.400000000000000022
0.400000000000000022
0.108376529982856490
0.261029018239503419
0.221992656040665148
0.393592207834825791
0.360802976207688642
0.251798206080318165
0.283553852552936358
0.320584061381130492
0.309043115818352421
0.400000000000000022
0.391270275400708800
0.277870459246670642
0.365272745620161099
0.400000000000000022
0.400000000000000022
0.400000000000000022
0.388162643034239085
0.205674490466232179
0.306674552889499907
0.400000000000000022
0.380215938515269969
0.252639079665964661
0.174730008021301342
0.382482683745211327
0.117858892914144336
0.087358783955950398
0.194912041773674383
0.400000000000000022
0.400000000000000022
0.400000000000000022
0.063347992745840881
0.039815623125316085
0.271621025823407136
0.341507040471663026
0.336792333353877316
0.249013681597428677
0.105105282232413499
0.095334929836590893
0.327219658541065161
0.272174052410593503
0.225279984532342825
0.324446199660727019
0.015193716790785655
0.226547066290763377
0.400000000000000022
0.183812063326880049
0.361503349713289235
0.400000000000000022
0.166287586783058272
0.393365958154589745
0.400000000000000022
0.365222560963103460
0.354162854109357661
0.316103369596121897
0.188197734078226792
0.184369563513659851
0.247820245418037932
0.353671878915371440
0.400000000000000022
0.400000000000000022
0.266427763424523734
0.400000000000000022
0.400000000000000022
0.400000000000000022
0.400000000000000022
0.374050809296358644
0.400000000000000022
0.400000000000000022
0.350865614659196523
0.395266258138052495
0.117999849477317426
0.257955971503556425
0.125301322166252643
0.040457870342912518
0.227336332798025009
0.372059426238009250
0.348326518732837931
0.233075731179700540
0.077001148603829644
0.034153550667088160
0.295201739571851807
0.217008054321592231
0.168068560923872790
0.176483537437192889
0.091322884529813464
0.169163153188397641
0.283477020712394945
0.149304507052151370
0.195557579594956482
0.257206010101290461
0.063776950700224433
0.333359349835008034
0.354580887689191715
0.058374341629024919
0.148209330843666554
0.125548783665868691
0.279656780318134068
0.400000000000000022
0.365578652936883797
0.220576722833176198
0.286125434301465531
0.258559790505936415
0.220941427962976361
0.187965455980065421
0.108919470917882150
0.288765673335409256
0.393047114292359279
0.400000000000000022
0.230039555107119736
0.077219749733420023
0.295325187693101343
0.400000000000000022
0.318980721039383686
0.245641167744590300
0.400000000000000022
0.316534625578907935
0.056828381878055570
0.320516908707409509
0.186874522731614368
0.277833188790759356
0.400000000000000022
0.274906852508962241
0.147479257490262694
0.204789252252076753
0.030926848222850377
0.108909396598719371
0.400000000000000022
0.081670058933536710
0.206602101128853077
0.256003064462812235
0.104821043148159557
0.119671285067457167
0.149851709311422110
0.160992795977192960
0.166559099590111948
0.078784572912625250
0.268710279318628620
0.151083987829019079
0.055173613444894139
0.176433669773011503
0.148083600277281235
0.060229037539630735
0.104384515815310580
0.073039769515785807
0.166076349833562675
0.166881125303128153
0.286835243290492037
0.161515335171592000
0.199485035214642781
0.267555943957617282
0.211182259126985100
0.145262698156368830
0.160699251026359902
0.254234465369874263
0.317430273030552434
0.368677948577694758
0.181736545026534857
0.083959939008435888
0.054958510351068815
0.168504218333668992
0.178622507024405630
0.378990995256705876
0.400000000000000022
0.261526631621425587
0.177296146264766585
0.362722787292432181
0.152210911299948293
0.346857286936322895
0.400000000000000022
0.400000000000000022
0.293775464498057026
0.121364081908909432
0.037301306560227072
0.210748907924150769
0.400000000000000022
0.261373175448657791
0.400000000000000022
0.194683697737312311
0.110085519443053670
0.196694438164792013
0.400000000000000022
0.337846248192206267
0.301995592554905490
0.179516780360729267
0.268530540187723599
0.286757667677796757
0.306503375692727120
0.291374296799303878
0.101237200270978545
0.075456591115043423
0.080771281730108307
0.107210081517154915
0.217229416260993208
0.196957860592050643
0.145607382410336633
0.179967834742855826
0.142463784126809628
0.313888593165833396
0.168942905674388438
0.160119063521480753
0.073994856923799146
0.185993102305379521
0.107034627476588984
0.323574324156141624
0.179109650768415840
0.058487806238093187
0.018425752037470027
0.127600223016443026
0.105674138141059179
0.170977743313881769
0.178635899426091649
0.139967302264606352
0.218560766702892595
0.225037726703747332
0.104850225657593193
0.266273590303706009
0.218465088232802584
0.290535937104973163
0.400000000000000022
0.128635651740964640
0.051392430868910807
0.240574834654250030
0.154739465532158449
0.315112679486405145
0.400000000000000022
0.126774193300096955
0.158735117976274570
0.269850313653309692
0.400000000000000022
0.225168900074466993
0.364825150097711659
0.167613230604317875
0.160374472834447890
0.244254916814545170
0.400000000000000022
0.173575197101332790
0.090185214448813486
0.059294121337334409
0.048616111942572364
0.254013202572204444
0.315201012630873578
0.069163997503006724
0.124189144863110154
0.090966247367712888
0.120150079073259627
0.152570565589404128
0.297745478083277448
0.122597807561411309
0.236041750224567637
0.359610887739991503
0.163759880578432188
0.199954587081292379
0.192735355384067997
0.119886453595272530
0.036582517474905346
0.082453359574731058
0.110319416284412525
0.155291621097864901
0.053607721374523826
0.128959885751146780
0.289144440793277946
0.328491454475544120
0.230134051241421139
0.337660444320913022
0.116341028890401293
0.194054549490728478
0.378978400576224506
0.225307380747519131
0.096417272935036921
0.109001422410943197
0.080166866009058008
0.246820510575189028
0.356088704079440488
0.168815852462189026
0.184185321987245854
0.191987019284906690
0.128309635627831709
0.100938826972107251
0.205103280085286277
0.190707370366153428
0.096612041581100483
0.168801151479847644
0.400000000000000022
0.137569585120953186
0.074450167890185798
0.076872016825706602
0.083437031879580514
0.242655837012335396
0.400000000000000022
0.400000000000000022
0.363816124098435778
0.244608108860041057
0.156600789665655049
0.149582924634616837
0.181136291493498858
0.222934522926439671
0.323866251449533404
0.355941759175068095
0.152850622605893105
0.225537824900562844
0.123974884419524159
0.078299074384267559
0.079647042507237212
0.044973801989472872
0.061364968495218331
0.064302765627723940
0.087090002404937444
0.041932870639925332
0.074033554673852878
0.314462294059163094
0.179077331276753432
0.252566114398200092
0.118966347725001073
0.089783636909487582
0.133920859883141286
0.149207875069065604
0.076631490297132288
0.262878516070715162
0.099441931889955038
0.102578835809336091
0.041539270750625551
0.134029277064232677
0.202282602670914413
0.343711762156460821
0.115821491785559574
0.104270666022323877
0.352197869779115824
0.400000000000000022
0.203596559365408408
0.221324008708356390
0.193960186573164411
0.106110762323861088
0.144132034885050386
0.400000000000000022
0.258652072927386456
0.214833712343450944
0.400000000000000022
0.400000000000000022
0.192725602777128580
0.397966441683027472
0.229158169369984260
0.181895713296010286
0.282172462032114657
0.352239043629647863
0.398056543643135585
0.261610886073679660
0.087816178060246108
0.125362531206340833
0.294572783753964229
0.266929010010619916
0.241887163902977320
0.109870191543321255
0.070338397354350116
0.204033530269549790
0.139154111184037893
0.038804269557917118
0.086230020219161208
0.134522483534215698
0.242248038111130909
0.225932367231394260
0.078964800539835178
0.042758020867378475
0.178283502087075968
0.374647981188213408
0.400000000000000022
0.375976325140240208
0.063907785918323690
0.098809571710010480
0.109021553822976319
0.315892783796299759
0.367586135296411876
0.389656125311565016
0.081619359522048351
0.147600033682646431
0.374568606961346418
0.400000000000000022
0.319625095108920565
0.269059645158007177
0.050247797021452822
0.061826879188164388
0.336294902535161033
0.400000000000000022
0.400000000000000022
0.400000000000000022
0.313841446962776660
0.330641237821892475
0.256288360902806045
0.400000000000000022
0.298234621181635462
0.276561600487056247
0.200174324473466642
0.177572902710392916
0.219832201388167281
0.315017901447766091
0.365096526350207284
0.413652186446237136
0.212010065345937165
0.280979364357488715
0.283424083559762785
0.344733679257115067
0.288868205985523208
0.297567033059663699
0.296528366078219308
0.304183227585063998
0.299127098437128702
0.302946748046674263
0.183329638805521000
0.318280316754495196
0.220956183802918316
0.247773824109930096
0.244441993957293408
0.294484503356935823
0.309702199762121155
0.379350224890682819
0.185850850677940854
0.181893356095701758
0.232002512240806091
0.279824604402919563
0.342119034490165397
0.332414209379805425
0.221501812690326205
0.194749135279282670
0.229239402095833933
0.283007035821331743
0.240491459469520913
0.266181963038598424
0.196444079836783136
0.186842069000424077
0.235908078354563927
0.295451098916159283
0.329774946040067185
0.379836433694359266
0.340829561596159569
0.407251108257698446
0.320594422044998162
0.375046633296590493
0.380969095446660133
0.328516606470866890
0.229314667285679147
0.230474461198903496
0.224253687496380139
0.285051912636860583
0.291978446403442060
0.300136664997882219
0.249108592482255004
0.306234227048565844
0.273133072399828203
0.297781954763083778
0.220756986461635357
0.240582866192050882
0.283249475878102286
0.252446988886104340
0.307152759967496636
0.357316769085099906
0.176574434253051527
0.235296989548796187
0.206252035307589232
0.146033860653814351
0.296837696581703392
0.360981100989369585
0.308157054048196932
0.300663539122069889
0.170178911449858555
0.105961595262088260
0.289322077993091176
0.260651866842750157
0.240434190917590579
0.339268314684059435
0.192843141946969387
0.142568290594474567
0.352852480301102001
0.278797117278907658
0.162164085096424326
0.210195175593855366
0.188878345859623570
0.161988527616195338
0.268074004137346666
0.289299499034196661
0.261086370663964007
0.288860218908033428
0.325009559678857973
0.394300117884774926
0.305084075835018120
0.348538811018173189
0.255374457961496437
0.272611032501845929
0.315381764682260535
0.299967814380702635
0.325440300673488947
0.388788012005872097
0.378028288075355656
0.399703513360033291
0.250541652512215163
0.287992039775417319
0.276192229171684511
0.311867771947369254
0.237671302654947403
0.266253042687260577
0.275353003268607566
0.220404457274797544
0.199800098312286761
0.296754448446994668
0.257034192404407391
0.413519419073075933
0.226276658963120103
0.199367077711647689
0.230745607148988813
0.289293694036781845
0.311484436571875078
0.383957381912176932
0.184243837635802016
0.189732919720656229
0.255037449520927273
0.242391888935555189
0.206348090977462623
0.275963753867273121
0.218464210967021066
0.232267788221403287
0.305626037699586905
0.365720468372363106
0.332979894408267141
0.284203848365143175
0.205448999529449450
0.240781060522423096
0.232112135836339689
0.288959167542083395
0.328918705326077143
0.353038767564144651
0.291871338155699322
0.382869565084107966
0.245605868466283656
0.274920386185489196
0.249477824851013497
0.244835930561004861
0.246901131191607642
0.353639546672177174
0.375454801343717726
0.410570746298547284
0.359748040519129120
0.313534293172501477
0.287014210429661298
0.336188247134368512
0.279851030699020453
0.288198751914356122
0.196002942845740963
0.177666965177654207
0.312396664501225940
0.239453532559619875
0.188929311329208344
0.239392872010578156
0.172965213142117658
0.329894129928552382
0.219044893135138113
0.152167369769985655
0.236593352796265061
0.339194756972871714
0.305218019075890468
0.303348546711708966
0.173801135715884902
0.104102033356838458
0.297728348638653828
0.296363039847529985
0.204453429101156298
0.205137962308925753
0.195541446719573242
0.139164269884185121
0.424727236633160143
0.347238566547523553
0.231408757209279725
0.291032236773628605
0.182587498176622537
0.176266478189895021
0.324560223768358524
0.286325786090511181
0.252069197081121021
0.287547092360092849
0.273747823478932784
0.332197978049954157
0.279424289732993825
0.263940783838249426
0.174827318582599395
0.177776911867139287
