0.079839017117410108
0.065896758575962083
0.073051614652964336
0.152173880330358169
0.110769414095456972
0.079578875968359553
0.182797880913454697
0.065122620786017535
0.083215452806824436
0.121260698514003493
0.061250311670539903
0.014248373713195202
0.142944206839672322
0.123094621233360374
0.163492218877938189
0.165393759662240264
0.377667762880391278
0.172902731864908482
0.011451069112788887
0.133221153855186736
0.167882996686094355
0.167598112791098874
0.248536637987367137
0.241359339932218531
0.008239287597058101
0.323147703632596373
0.143144848518551887
0.102838843105456157
0.080777027223610923
0.137926653590291520
0.002782701529134938
0.010320899613622501
0.006615586864268310
0.074076993001630287
0.098548780212592016
0.066142311318840533
0.112683877308807995
0.276049747526753375
0.094126246499862343
0.097148771688018387
0.145111629819747401
0.120934416188011304
0.212305810617799379
0.102225279744969894
0.061643318130331901
0.116364451198916252
0.076583964695662476
0.119021206108881991
0.045291612792385486
0.075272920860038436
0.145550521812313843
0.125051583438347241
0.073692664504953542
0.087164002238429905
0.106380633469793012
0.113263892921785111
0.168456678794421111
0.124861896349884829
0.034076818788587031
0.036861401720695020
0.066017661585728596
0.338531538845276758
0.070236258745703328
0.064467173035530831
0.129324090200192282
0.047177721567746959
0.057936778623970439
0.191416140528052559
0.161067133676456420
0.122043147255946463
0.125622768940357066
0.107616937405249469
0.030998006628626174
0.142455316451117781
0.036187636464854366
0.065340796930080935
0.020613129925981060
0.033807814939196337
0.019293274164688984
0.061527408114155892
0.066197958118801442
0.082735933399401815
0.088241974089574959
0.025882825895326082
0.145541819832941066
0.174304520110174554
0.081033750897535728
0.069822602306845283
0.097113770821364798
0.079719109444322714
0.197433511563860214
0.127734396206914874
0.062113179175845648
0.085500248796172518
0.165857793843954604
0.114365782280072714
0.070218453685652521
0.144219806269032552
0.097751464803614935
0.229247437666708631
0.129549874516110941
0.090617782705011710
0.075662059639364634
0.142353027045044878
0.306454274696996376
0.141965548629104710
0.182273251677086467
0.053088643802865348
0.013917454902909887
0.400000000000000022
0.400000000000000022
0.077018217641887654
0.044939526705215463
0.033327896370468527
0.030394811259331946
0.239428226753214790
0.124397556757377015
0.065120087399395260
0.067016725013746267
0.086615110132392356
0.074332804654375931
0.120377544244407317
0.066144384410098997
0.051380169286371444
0.134417154891363827
0.189707275955142585
0.016541972565198369
0.008395672286498910
0.034989648605719147
0.243097541590731658
0.108399801671504870
0.120396457165970555
0.288228907506639098
0.400000000000000022
0.138019495955610638
0.214987552148545091
0.041178201145681624
0.090898263140855029
0.229582616333089129
0.378796834546988814
0.032918360653791390
0.161477345856375021
0.041672997674842435
0.003190538996237286
0.018623661694857817
0.075354945462045353
0.204206089872186247
0.197124282812258356
0.117399954785429361
0.039878443971184049
0.038089650790085347
0.218591566704174622
0.278962837695180710
0.179410318364325250
0.344901485401141128
0.091029235631181427
0.056066254666754460
0.247225910577207247
0.382212287704092879
0.170200542023806745
0.136618543460893055
0.081589035703693330
0.037173161661947715
0.176778324592510583
0.178308151832364536
0.094314746799171900
0.039651949133594787
0.078525937069226309
0.097812877145420474
0.305408024897655284
0.027620649525524774
0.068280011310758476
0.090840925368419173
0.156572037812681281
0.147230283049612276
0.311334075199907745
0.117269006998687864
0.245365437508525686
0.109393645733169384
0.105565104486869302
0.064469206437857959
0.043808463342194334
0.111999041047821754
0.311206334613048141
0.070207673741534651
0.026987209270869547
0.059300915937828241
0.098191072828208631
0.025998658507496216
0.171460115162441612
0.060594923274221855
0.054434959781548997
0.065131857075448940
0.045048304611860497
0.336426781775550021
0.152426127467155337
0.224025687691957603
0.085392135043844186
0.071733363484452611
0.186223388097256776
0.400000000000000022
0.178746934860907120
0.152167373352080582
0.086674519064550232
0.074023661228315538
0.178137076094634611
0.264275736193652744
0.093049084136273053
0.048949007106486385
0.141368195551180853
0.101299434921697531
0.169588393281511596
0.196778784730278877
0.198702015570441870
0.030957886467375947
0.160199712341153488
0.191209263115915101
0.380324072123329748
0.285458813925162092
0.214744726130314173
0.048055150869108693
0.122350495932606912
0.227558428154530423
0.400000000000000022
0.322921488866846573
0.362278479670231246
0.056409796492878382
0.199975233271289077
0.067367689798544544
0.057427608560011847
0.087378609448322792
0.390241886731237941
0.173751921779738083
0.032543240343683610
0.022749275203158465
0.075954633647320136
0.059513348919475989
0.255895162912451568
0.152456020983228274
0.024030950429556719
0.065772703553246326
0.122558162957716515
0.207660507522959781
0.099615543860960318
0.252810057749879857
0.054841419706718221
0.083006879506915196
0.304989918449794395
0.313314738815886895
0.078136159886779633
0.303821120034696190
0.070927238624029207
0.099959271086980134
0.195146776424377166
0.115305256949346860
0.037327793924235332
0.104789856635646716
0.153420402023025426
0.083482622688843280
0.140624351716198775
0.297058359129918403
0.130608676214035935
0.154333553204815788
0.163196229095942280
0.053671315454454402
0.100719488246384686
0.227360688890396040
0.188963269551028545
0.072734361650277315
0.037471902057280827
0.060250582495165711
0.181901777144069576
0.266461238579542292
0.286407329069532646
0.118446886883191535
0.113929572477874316
0.015181049730253936
0.017706950555871896
0.066807760625306536
0.400000000000000022
0.106648424972217021
0.085036747716464536
0.047540575101731278
0.070426340550597447
0.050618303747520944
0.400000000000000022
0.178636264888344276
0.096431380581942241
0.101685778408612898
0.201602533127428596
0.093609622660027564
0.056118770102944873
0.105502598555620636
0.055021915423512341
0.252417349269863811
0.337778408931290519
0.184807117383953778
0.028973275291553864
0.054260734635089861
0.035907814553465638
0.120322726354336829
0.211912896206552182
0.250034788821941689
0.090870819559636162
0.004562053566369880
0.030373214834917683
0.278512728724886527
0.263263444670849556
0.375223127427434466
0.178611710042181071
0.104835179522354105
0.059048871469378109
0.060563304172817578
0.049779715977968451
0.369594722581468305
0.342468099211426513
0.157896381039729056
0.080667548985410537
0.061543403185683687
0.233193344795464386
0.212532361559660210
0.264583776802125914
0.309033589050435653
0.098140978631731116
0.044738487564647982
0.115190372357739046
0.114536714690758712
0.306634361817872680
0.209523266598538871
0.050784348922740044
0.051486107190828231
0.270683204451933723
0.185705726479453270
0.386967644884403605
0.211185006944172637
0.134022695136619796
0.077336525933908065
0.046335594163056201
0.033770471362195485
0.123916296973649753
0.083774291079201785
0.088373725809651166
0.086964557055446284
0.095775963647074080
0.089595037952860362
0.070640114183102370
0.103898526399522531
0.019951402354004041
0.194950689911650626
0.068020055973316243
0.195458010371617058
0.044846161337330236
0.039064434562745325
0.044730152086028402
0.141678100632019521
0.285296814948003075
0.319965072552309271
0.225295809243203748
0.196652592661030134
0.152740223384670054
0.030495299397256419
0.069473045136889275
0.256542824786261559
0.400000000000000022
0.239097545109103610
0.164915188248579869
0.050971083338124099
0.323953707587971873
0.157224284605510523
0.307340149585440758
0.192042516930942569
0.139681240517580130
0.048779420208245550
0.235350022912499457
0.162419853642542966
0.235986600951561876
0.187638222077207983
0.125078599970007004
0.080192297090681403
0.216733664178462238
0.189105956416999482
0.325139836144139327
0.283380191641539381
0.185043758208824488
0.050713446981408346
0.047421268581486792
0.019979764907532872
0.039121147238546872
0.183814013687232519
0.171060086371854825
0.080528938782980231
0.131076968501791791
0.073643126779823417
0.030255924558788977
0.049140813475513287
0.038294645096845499
0.150418017666770931
0.147684870646765110
0.056585019132989814
0.027928110075346149
0.086845056300103710
0.020063358611001704
0.101214509746312895
0.235885542813623894
0.168302738181431877
0.203978898034848644
0.230630009825875698
0.220488900311713532
0.017320254356540037
0.108346248093363601
0.104874357463970835
0.080431720102760451
0.078357189389942433
0.192479130407951671
0.012090705889380998
0.155849195165750604
0.062422627320289192
0.071229371222504057
0.059764075991868136
0.104197461441084813
0.029906676594099069
0.167789696416328737
0.090666455777099197
0.053162555818343969
0.052328484023524469
0.049092888192236867
0.088625224390065704
0.267153442602985014
0.082422263436337809
0.079410974870128478
0.116467802721061053
0.210140135266181055
0.059047133609701784
0.052836385210914959
0.005157977276692447
0.048726217260930987
0.163906588964177286
0.202631681515943962
0.091239290995183492
0.072698473539302380
0.093882199115727080
0.198462552354095767
0.389251913423647955
0.089944529585889846
0.083950550131038873
0.096539271925480716
0.152919009672101314
0.100201735575527362
0.215365647248174696
0.066595712141853308
0.046534103744851479
0.115428087737808785
0.102283959674563787
0.155460893124798438
0.114425485554533468
0.075317193890099457
0.002909077388584813
0.046686789105579607
0.085261746302811442
0.079945346673824316
0.127467457373397847
0.117421758394909648
0.005308647745098828
0.044188250531039253
0.060577704112042483
0.264327603011973000
0.081068404366900604
0.121479702721921892
0.083766711330046317
0.159544566114114300
0.035743741388601299
0.060137484858007323
0.085707088387446978
0.111832314983886058
0.155210591638787282
0.309156127267367964
0.235251489594537289
0.101658302434984749
0.082840105816377393
0.065894072659816852
0.124247573516402421
0.038445327355096377
0.013493851003808340
0.028818376543188848
0.215030245727160313
0.331056025702661738
0.057489150111856208
0.023030269689816266
0.083460174066642356
0.046064264451741728
0.105153491734728211
0.085389497400465447
0.087648355835618530
0.147056499769518401
0.224332831413992684
0.052831030005165966
0.091281099413436456
0.043992881185684410
0.042853919539783111
0.325968365907975399
0.173012648162289978
0.053117145236770531
0.140963336554467911
0.102215090369561043
0.007757010310751595
0.051058561377661883
0.054399517682224896
0.029351421845464704
0.066122987182496124
0.153269376164608229
0.005239925916029485
0.056303677373010931
0.172489958098341389
0.057096482217040993
0.045162092977845972
0.132502729872266967
0.110806390312980174
0.140134515570203233
0.131972019962481257
0.107755081062506697
0.096219191739891158
0.016864107933626395
0.292226376407759170
0.337029674239513299
0.365705234286776815
0.121184893191993465
0.070209779479849285
0.154891918591272992
0.102554009692084627
0.122397969640285736
0.018919505360659932
0.106424887408855376
0.193315117271759151
0.127461352893147334
0.074096560222935454
0.032382258834929269
0.148433290924142813
0.400000000000000022
0.188617252197590596
0.149533366715389970
0.020374147530100240
0.147567908748832188
0.238667369713343069
0.096808311515474657
0.045660875496410458
0.027575283801541558
0.027040725551979519
0.316973666084972905
0.147438285657547435
0.136321852879568356
0.066446698079815528
0.074280801265456706
0.010325229368086303
0.028418920459145812
0.012723450445299277
0.027118122687584026
0.032419538965278619
0.195150881028026107
0.021867595300419224
0.030235148582166516
0.095484262232258477
0.079962190272022268
0.041216017424723521
0.090401364688573849
0.092680396548585425
0.022008491515681988
0.097481561965791705
0.054453739777137668
0.063649662858223127
0.053870148367227394
0.241112783757732235
0.073513688811256306
0.074915466327726249
0.049625197503710333
0.214886811249061782
0.268793570359505851
0.025765189075978107
0.039909116007007500
0.011308611833909287
0.119732790259293995
0.080012090232797650
0.195846459898163433
0.095622374508367011
0.004103009826482531
0.099975883039312263
0.271033558504789052
0.269836746305546271
0.396360221163131410
0.126144046335988469
0.014396218639994587
0.084060670473940974
0.103542793684981677
0.088293162842749157
0.053335916519286222
0.016896804044404384
0.033746103578070182
0.049184639072690502
0.074264841257927344
0.102648553755617322
0.105188951573024200
0.009047758896947889
0.052510418262949179
0.088796415105720811
0.037554070114859554
0.063462166904974943
0.058554178503055263
0.042390869894619307
0.047296121877342910
0.096689633252047838
0.111690716606723223
0.110272971948786921
0.055001450666941190
0.144898293061127059
0.035810433032625384
0.164637117547228623
0.091101223850926810
0.123012727925611284
0.047506371751866824
0.400000000000000022
0.059016475650294803
0.213242748352582362
0.067012714436911924
0.177234136039283063
0.148585266605032823
0.036345744377629746
0.054095342510473231
0.053542379924120316
0.294611303496810639
0.206487554436159404
0.143004955277067303
0.131805409766352327
0.116402515011115551
0.154123544064505180
0.332178465826110603
0.347854304680654314
0.244127409968196263
0.067633194092235130
0.024676495760840612
0.044757170861314394
0.238327875776911002
0.112375204635528192
0.043194068771743942
0.043845579335945704
0.020489133160233659
0.091480485027954486
0.246795999205995542
0.174529702352096916
0.159734102144661327
0.028660547163295670
0.091738249545030293
0.215267738645652629
0.100194647864774750
0.167303942550929119
0.087384970213705143
0.051783110299268506
0.168610042143441136
0.353380323833271448
0.056909421128996274
0.125016985611681730
0.119337222880571400
0.172116788225178313
0.058113688515220516
0.118869844727183469
0.034402183866248451
0.060080478661801939
0.111130155440622075
0.090741993343552069
0.069442217551778623
0.099956781118664267
0.055761327258134832
0.164830473276821377
0.123491506196505924
0.054841261576877166
0.051726292927226768
0.070853396498846477
0.139813369208226818
0.143007528839526721
0.096466245532946027
0.225992136497822210
0.112003059955964587
0.158019234544854198
0.256837928337589116
0.168369204202192063
0.062521028120992750
0.112052888177201410
0.033568397438342175
0.163755488874329475
0.399620158070723319
0.204760142397292400
0.185772557212057515
0.041449051611020263
0.073019644073184231
0.089874925396787902
0.227228706719966894
0.360897789927854817
0.295421210450674265
0.191367142336927892
0.082861853074741323
0.142704776447086901
0.170974622154217132
0.330845622066021694
0.157229738279898779
0.400000000000000022
0.374049074856598107
0.273876446919782246
0.107984163390097490
0.190824189222817492
0.261318076582753245
0.154316803456489821
0.092687718161376581
0.072686368439114524
0.061307200914332415
0.146126892688299981
0.322710753624121383
0.086833071805309331
0.143786376721837139
0.197643950040365529
0.069412057220216233
0.142592571258877310
0.167340237998681057
0.023104561753420360
0.038222854030348620
0.060151083320187392
0.107134538166640675
0.084681993814880493
0.030841088854749742
0.282010388708140880
0.114124030211224470
0.092762550704921648
0.189138528760874003
0.102649612039477950
0.039018897912541532
0.223145515642651227
0.095720821878874970
0.067200983969458727
0.337295153945323223
0.196711256593863654
0.165168998542201267
0.050379785239887634
0.028989257909937421
0.064522212994956460
0.308310055880792910
0.274917638125216635
0.223588280625070995
0.295489360545090229
0.043470403863248366
0.110161553397816317
0.239051172487012076
0.295012372676861978
0.242664160249717598
0.245503472659486133
0.164799367261335594
0.183942136853251448
0.057732595954179032
0.363578977511808010
0.393447563174991743
0.161758079206676619
0.092329424147862743
0.114454213561127185
0.067456390432473215
0.295074841916128427
0.300308782181607281
0.062418965644470782
0.092814179118700837
0.270287654179389270
0.074044539811997934
0.146931556919883410
0.132591766043354709
0.064150639666369844
0.165094912141693473
0.178484369694898670
0.205824901887715017
0.093264472424454625
0.100814202902101496
0.315314436821569288
0.226930497250525026
0.146770270090767957
0.093368289325971618
0.072013986363225257
0.029686989992170072
0.151492653732666294
0.163391903521267534
0.074653399836200507
0.243749569740684680
0.168516272557355185
0.066874332115402335
0.027189635935776921
0.025336497199532237
0.033244294151769577
0.113376810397728595
0.175072621439670978
0.184938262777644191
0.015718147578564500
0.083308602485944683
0.143450390474580081
0.296130790100339103
0.390370143958903904
0.304861643526363024
0.055219187124596870
0.123138995594420111
0.258232910270728144
0.168719704497436590
0.399578565087175930
0.390244645046218253
0.133569662344923457
0.286507829311311968
0.400000000000000022
0.013463895681764175
0.170678656130104189
0.351988807496689482
0.146706907039092560
0.217432846892679860
0.398937642328192732
0.048775959476468705
0.097234186506422987
0.161340367232893606
0.086371070778584913
0.043440290667904224
0.055259658415206747
0.145277994762986307
0.093685378809731698
0.087840438539908569
0.172428965213897500
0.082050958431294660
0.062487187705138253
0.208412318116637019
0.153310887768161874
0.018106034782505175
0.072107601833663271
0.051392800886294103
0.037228628776612621
0.200534301899848832
0.364306299618424090
0.256277597072943675
0.015360548663257751
0.050767383220574239
0.072523709441584636
0.152563675307507585
0.196128112754150152
0.129052865097313535
0.013163725735980843
0.184017457372682602
0.112606954583810343
0.154062458537216840
0.303967944232426457
0.239246291299579361
0.022885992605537957
0.054912442539683158
0.133326338357887847
0.117535125624555245
0.253299578233677047
0.203405950775146421
0.336223173643203865
0.180499804355074955
0.275039602031319774
0.098998580598881447
0.173105830747291772
0.161741585680476446
0.400000000000000022
0.084048569248882252
0.400000000000000022
0.290625241617335384
0.071919568621492680
0.072265555227256889
0.138886150727111884
0.118733143786877021
0.078209591929656791
0.200900097591289128
0.274676003059634188
0.282210557484303515
0.274037171908638189
0.137821094325319915
0.177097651922551502
0.319723250868099218
0.400000000000000022
0.104192903299085038
0.226894756970711181
0.219633893158841076
0.316411228550039503
0.265595495237767598
0.400000000000000022
0.239498444006761790
0.057985172857640363
0.248649241592995507
0.270166956360658128
0.323059005915897313
0.357387221901340257
0.316676533822318029
0.011148364985642915
0.352789912392159732
0.228406594821363329
0.182784189779280459
0.208244484597008783
0.255348411985201140
0.008091349274233765
0.054509150144661747
0.067193290976310785
0.338404596013603232
0.179617184579492578
0.187622014040762425
0.196450588638854340
0.400000000000000022
0.129869987888463656
0.157286256546025738
0.230818718207194407
0.232766731171897334
0.363892869735884528
0.384969801884366247
0.296894807724869203
0.218022753633901001
0.159424070512039884
0.184915278768698843
0.169539186308787948
0.113718248215134821
0.159044372816122187
0.153869959981536103
0.288722910232113883
0.376506921133778705
0.163869783581649192
0.136294162611601377
0.251916852861063467
0.170926160801626537
0.139230310523315248
0.122250899121160467
0.153666017421347112
0.392038315857201281
0.294569090159695957
0.117298203040696783
0.220605189613628738
0.091170602753431376
0.100790698163753550
0.395568974606323343
0.334079781838746315
0.175160292492717001
0.266586105494824976
0.209832027774810526
0.038755016939377773
0.193513877828779657
0.090587154147079255
0.094692218775545650
0.086736117108477173
0.187077191103804552
0.024533200080718472
0.117831085487166809
0.238687916217142859
0.139832415616442801
0.133404067067420945
0.158385555767593056
0.256348210145921240
0.314439035680377676
0.213005770860016985
0.177577683369351980
0.193332962561255928
0.096583217377949102
0.400000000000000022
0.400000000000000022
0.398318509157905176
0.206685141988166010
0.236067573323803903
0.269257700871345707
0.172772463377737134
0.237907340946522161
0.116670970164274870
0.335672325075563993
0.322569693872992114
0.218079135598159030
0.149758619862300074
0.174735285879974139
0.395595776458829484
0.400000000000000022
0.364430287483762272
0.202622010518255347
0.034291602433010125
0.400000000000000022
0.400000000000000022
0.173826529157362270
0.090600402201625921
0.060903180172010074
0.057435536811311472
0.400000000000000022
0.271835842414924422
0.201441940278963644
0.133463423093561795
0.160895911397849034
0.084658034022462220
0.148796464703553150
0.078867834855398264
0.078498291973955470
0.166836693856642404
0.378572858269841883
0.038409567865617597
0.038630820868665421
0.130473910837977602
0.323059731862753940
0.149615819096228397
0.210797821854544432
0.358848419928893048
0.400000000000000022
0.235501057921402385
0.269441291925682724
0.104827864003904772
0.144768411508082423
0.400000000000000022
0.400000000000000022
0.107833826981517639
0.211102543360085382
0.256559808923904231
0.271984109355743131
0.044388850770835923
0.115264061469052839
0.215514701706095546
0.316857073071552309
0.197412045018227011
0.235724903869347524
0.133712025298452358
0.222694576530657162
0.360926836162425824
0.400000000000000022
0.400000000000000022
0.400000000000000022
0.182210301002742908
0.261622129217201849
0.400000000000000022
0.273743335708788449
0.224911706303642212
0.134924952222979566
0.054069965706352106
0.210524428170580757
0.227492790905055031
0.168579588057099217
0.142300502889212088
0.183714888642250523
0.106860636042368354
0.338747751403205455
0.116417064631245570
0.105834081425618037
0.154303092273394116
0.215126216315736557
0.189621152944231541
0.343112013653664727
0.213958640250735743
0.357056154115248936
0.219666617681956250
0.160566555153810520
0.209367499498985060
0.079618896374819725
0.276636158595050419
0.388411214825332196
0.193220401667145936
0.074493581022736371
0.400000000000000022
0.157207548478503434
0.239241406860078581
0.238472829599353509
0.237829059313504926
0.203020226386581820
0.101477601453078672
0.099143647122333728
0.359151528372049889
0.392566422033385209
0.384111157743262599
0.228397090320911461
0.203538773250804939
0.290882523385928793
0.400000000000000022
0.400000000000000022
0.400000000000000022
0.330801929032746467
0.141656855320550668
0.202813571855475216
0.309032907054967165
0.331376959913184055
0.161324211742014556
0.184562264322924802
0.145145014257643201
0.190077526441745248
0.288259269758233405
0.400000000000000022
0.205487588819472877
0.319933814485814816
0.219869810279210764
0.395957395318553562
0.400000000000000022
0.314939373995088923
0.215359093420037784
0.209735466146312083
0.279341538453798943
0.400000000000000022
0.400000000000000022
0.400000000000000022
0.181426782104560091
0.319312456151860546
0.239484478023722885
0.115541297075232363
0.206248454175506246
0.400000000000000022
0.233832400441540023
0.143673395784305713
0.113491268546710544
0.145396851199098759
0.159470130038140256
0.311656490170586387
0.317286494260049623
0.147522456626062642
0.120613965130123499
0.174284455884943290
0.278513904021806258
0.239428913069187149
0.369273385789217978
0.151307665239664269
0.308999016004737392
0.352231656741460064
0.399052030787696244
0.334974088224368804
0.400000000000000022
0.133448266745021971
0.212012159264181516
0.228715173862719334
0.279060745823676348
0.400000000000000022
0.309549999032939060
0.339192959235082914
0.124931674299863515
0.213643995789382979
0.373257510068900844
0.357837382934002746
0.400000000000000022
0.400000000000000022
0.245038457791382308
0.183581341321125996
0.353702981693045593
0.359937891705245705
0.391360266499093390
0.194701640337179627
0.400000000000000022
0.400000000000000022
0.400000000000000022
0.389515755311601652
0.309271076106009013
0.368591536684975740
0.169497853186743791
0.110394668717248456
0.139494129064421046
0.400000000000000022
0.252775317660517029
0.378020927842105836
0.134373646907040623
0.214212717272434544
0.248262253787886467
0.400000000000000022
0.321228836147221586
0.263771618580623257
0.124790340162033261
0.224049048573746468
0.153760705980214962
0.163253308269585562
0.190184592370501088
0.085863004278262087
0.400000000000000022
0.377534687281771753
0.277569668088875399
0.218111804052427860
0.156910346674567824
0.074926712466007184
0.343468241996988000
0.307633718085427166
0.317235772791400472
0.399495470030463706
0.201273310160233532
0.195542213377118967
0.328892513964774202
0.292252702580786949
0.398977211912087237
0.400000000000000022
0.369294001780962444
0.282637152094449173
0.350726091481537328
0.093250119841216811
0.400000000000000022
0.400000000000000022
0.400000000000000022
0.323331709235128106
0.307046875845169820
0.367408561352754903
0.386879405756597072
0.322316372756304925
0.400000000000000022
0.400000000000000022
0.206496566771324608
0.207519796505601817
0.228990928251885911
0.368611350174237962
0.400000000000000022
0.338074174029635577
0.113905072835299020
0.360221010869389235
0.400000000000000022
0.400000000000000022
0.353679646552472304
0.266614461179974449
0.141487165600277909
0.209361871390683407
0.212254841057094135
0.329741198861364770
0.177038763503656410
0.189187928711752634
0.379190081694649406
0.303548417159179018
0.236365308043628347
0.164008403509073974
0.175912512762747775
0.049638392346174100
0.346443343644316948
0.231411959494583708
0.270111410207817593
0.288595731078014894
0.207580707120100516
0.111604484201430737
0.168867736567796467
0.310633312147535312
0.352165491876870129
0.338672619640932371
0.363601389683337939
0.334667366470131067
0.046213446975820929
0.152781647622833999
0.374220322818069717
0.400000000000000022
0.400000000000000022
0.400000000000000022
0.106190270462720990
0.390475016590478452
0.397369797919840728
0.400000000000000022
0.400000000000000022
0.400000000000000022
0.182349082553169006
0.400000000000000022
0.400000000000000022
0.249450496633326080
0.350732659773944633
0.399806361903296215
0.226899204129773963
0.394170250617619566
0.400000000000000022
0.370107648329066286
0.369616461968558407
0.340423509043204175
0.137084517759993252
0.090861559249391016
0.075239423322739613
0.184399142001533206
0.277499392496964203
0.258900524911763408
0.252957903996877731
0.213127926933086437
0.136130314484961656
0.238668242675425968
0.202451701243675175
0.056400679879350678
0.222525619500434202
0.199077671533059219
0.093813647909602421
0.228462411975195012
0.400000000000000022
0.276340955683945400
0.116575058409570637
0.286652926034198119
0.240826447623016526
0.356542573342356228
0.391252033971434821
0.342911671667553875
0.030483980092520881
0.285626515705452499
0.217481312047781178
0.234494178639977346
0.378674294977810799
0.398125124170493616
0.034976698494918954
0.210761637705433769
0.195748965678177039
0.188764496847059315
0.313063654225545218
0.307603412216231220
0.356546373678728878
0.348289500771403693
0.365706057808418916
0.152161136417225396
0.225434314770816213
0.210834473872713313
0.400000000000000022
0.351202011851867280
0.400000000000000022
0.367305135013412332
0.188387371342553733
0.282405690493437944
0.204448429831054240
0.170637706743432704
0.213284321914512159
0.312742040560443912
0.374105524336028394
0.268784996772538642
0.232467786368338869
0.179183835135247244
0.298605290861574779
0.357087910295924460
0.411611567407605794
0.167708546729658958
0.197573540487397836
0.251444855572609982
0.339975719565744516
0.313191133163473745
0.302621385160576295
0.158553480112986200
0.134832930895635278
0.261517795547471621
0.289525216655091067
0.304288633872881187
0.306197846088743231
0.271827281146348632
0.104060137705979494
0.192922447180955997
0.247018113144266582
0.293653267613654068
0.308188558999146323
0.286250849672492091
0.140101055376266104
0.271052529961042066
0.333542289271796355
0.370930673388924659
0.346911715877155025
0.302858184941317665
0.222779252010361251
0.283450183472962636
0.284159811215968783
0.343901237987194852
0.325133375951740855
0.234266251344637244
0.368676896500377382
0.375392822831800421
0.355246211895531905
0.341026366006304926
0.286188716409552679
0.228247703692558535
0.221697198758225661
0.325396934726230769
0.274157210316837041
0.323532814067867214
0.315169224424056593
0.294740068461412652
0.276433507361245279
0.321517778734804638
0.344917888008870910
0.330468445036514791
0.336392723769217195
0.202498085775373426
0.231686556167219698
0.380525332490951662
0.380812109228823192
0.300083728773319680
0.271829988760205421
0.208040349888151094
0.127678146844819762
0.420653498073768228
0.375825822208034344
0.327393240216867831
0.287708920056732154
0.299227902754288344
0.123645512603397692
0.264761324934645936
0.280913883414136811
0.301218784154279329
0.297741439200391089
0.309401863272475375
0.170213493743611249
0.318147950352642928
0.317592404650233640
0.347621375744385619
0.333046648861356098
0.356537273990590431
0.234755310999566563
0.300700223936219202
0.270922283106538764
0.299439272519866462
0.269259064138834714
0.316486619989892692
0.331452697708452426
0.397421971075512359
0.384412917769342777
0.325810462116713162
0.254215316812855863
0.273347165380203483
0.056104034440014917
0.088715910955632304
0.153691172052532465
0.248354254774966476
0.264743023858057425
0.202644607740902316
0.303964814711349229
0.224236627452345155
0.321832241200248337
0.346315793955516871
0.380548649386260096
0.176707855158506705
0.205121909562093807
0.241836172299930818
0.319087540378715062
0.304110657703369924
0.322654628138066280
0.177739391326582091
0.129708006893696604
0.243309307739011438
0.307543917118979548
0.365789850522739268
0.382165679163838756
0.287092300491953722
0.158842852007371887
0.252169789540054090
0.281927124972535081
0.316660924250954545
0.342279270324851337
0.315964028078382198
0.174280362725258681
0.311232618477691902
0.329384811787160670
0.333066562113023434
0.312869500040972748
0.305980244308118099
0.253119634691657713
0.285168294928467625
0.283869644698572121
0.315349892220824990
0.250025783806654411
0.205018852706114363
0.319048580071014665
0.308067114395876362
0.345958443614304390
0.365623539427283706
0.337568299314846609
0.229975621557134163
0.060350706714801479
0.089294306870645213
0.150431650625802299
0.233135454801383896
0.250281726497569246
0.208634068225813873
0.329609515701614064
0.396475608918967493
0.419789180583681421
0.356638481067528545
0.324701528454982291
0.189257339681737524
0.243915812090377493
0.391461439675246159
0.367336187291892047
0.281862016045227703
0.262552277694262648
0.225811841059218726
0.152103370473494121
0.406799757439369747
0.352940680590961009
0.347768670024065973
0.345859132239477729
0.376698023922140302
0.150414003827782417
0.357444316469262169
0.360297791262680300
0.337125621788382845
0.324458086381590238
0.347813703867307256
0.198209714765937767
0.395921238402801245
0.374582922033438237
0.343288407814020258
0.303663012847274316
0.326755215667733023
0.329741362667056892
0.335232677733228679
0.272549309494034053
0.299130400443421818
0.238461569891364494
0.252566004755442275
0.331131580393347946
0.330555227733300871
0.331401437232073437
0.315892600872673124
0.279557040523409128
0.322421299125856931
