0.085640402479888675
0.054377114785284196
0.116678524881406731
0.085430678877255445
0.387247601426762067
0.314396121224719438
0.050531285885845052
0.113821964349736598
0.125614544760768221
0.070509225678154958
0.074977075057826956
0.045874041729758022
0.028226010902579046
0.047157316414528826
0.106348207955282437
0.164332410933327011
0.111108385515538963
0.062090346581649115
0.081763570843595063
0.085031110114795916
0.121557598799468675
0.078952198993580108
0.054571004184487765
0.021747477241887418
0.128264951931405025
0.157170830736122619
0.179419681231221456
0.185049733835130847
0.043382081079583634
0.024192368269616762
0.228051848306833255
0.054601993974543635
0.326527084730495520
0.242002736201594015
0.039609079271329471
0.045277418777439751
0.084195291489267896
0.074471476745343101
0.112663523699092716
0.102866659247775549
0.144218788976692963
0.199371599708928343
0.084476010824341821
0.093964157248067198
0.124585742191223675
0.117673546661393097
0.198396718387431475
0.082734381926316991
0.077034581155718457
0.163460262913059651
0.048557343682072443
0.012292063287321249
0.064287048073539299
0.131445372826671625
0.165136144422503739
0.211316562436987626
0.310435172439257001
0.056329475102705161
0.161066589665616294
0.069891902181793877
0.117682541683002961
0.190030005036511074
0.196341024260024533
0.292236570649426652
0.102458362352040505
0.085522690660694151
0.105115540976375779
0.195565505438232062
0.204789114203647538
0.251722287481691120
0.058160415585284189
0.023351637943570452
0.072926307979186158
0.174142885767039596
0.287137700298013887
0.234436261626843556
0.033022540597221761
0.060278133379227924
0.080834522813089948
0.116922727632198131
0.243036205554940377
0.179811972228472228
0.024364735331437432
0.061163983420653531
0.077395783279220101
0.053761193954309824
0.109350782793952536
0.294180712771944686
0.091817725227311797
0.268238188573282244
0.060400673904970489
0.103614417451412033
0.190747672503259802
0.147145549722261154
0.108801920369502647
0.177145445884719310
0.051772482651927340
0.096780681137510011
0.059526767744155926
0.046106474343113130
0.013805433299979977
0.088647861428420099
0.064599318158462246
0.124191400236295879
0.174986754248233956
0.149958544064539401
0.151691233431015704
0.091207888761909786
0.132824896500471801
0.121174462174679545
0.176316305306473936
0.377877479555734253
0.117868979313078562
0.115136499715935828
0.163596443840935468
0.133968817576659516
0.241400562221643855
0.242419363931553555
0.028825129451691141
0.012355615039057771
0.077535845152235716
0.112686402961314033
0.234146422108104990
0.169875094543787075
0.117325267773946196
0.185907898491111917
0.097506110025065110
0.160029845972355478
0.337992327550210248
0.236379674866550427
0.092681236105720211
0.160835007879890968
0.193759414493078624
0.232002967385585984
0.257606185914234787
0.200357393610741563
0.077654938178103677
0.393808943599541994
0.159910764723111776
0.306841333597658250
0.169864590684529471
0.133456082948973681
0.294373249087346245
0.309320107079480322
0.135882373189415928
0.204907733863074093
0.150683998655504831
0.104024090757154339
0.020681011462501307
0.092949757514635564
0.232618003924081773
0.143962257036236718
0.246482740066650219
0.235045468160756804
0.110903371443577370
0.043364461301108589
0.145897050493516450
0.168816570736167154
0.140573337691982964
0.178812768226957408
0.089834831866886400
0.036939610908789555
0.131747751074281716
0.222625355969698069
0.203623602145231286
0.103022051941960541
0.201927336450828110
0.127273699093938875
0.063427815719869607
0.133288344297560341
0.186224782781671261
0.289244897479154828
0.250658319841329413
0.169104067168082794
0.116346920051363073
0.191599876222885629
0.281576422423898354
0.255248360091122173
0.074897649098608562
0.121004730232734267
0.120740730927000356
0.202408634019282024
0.267450579676686617
0.121442188651990676
0.084203497509341224
0.164502256594792340
0.193708069562486374
0.230744616270722402
0.174193003730801516
0.129021403043003330
0.189857625782555162
0.238645479886063133
0.400000000000000022
0.101700569146155662
0.103373300897171450
0.041670004083312916
0.005695931084868401
0.122784725624182509
0.400000000000000022
0.191265206795801251
0.088854185103456690
0.100045532514522362
0.088185620022197334
0.201985044850305884
0.400000000000000022
0.175578358118889305
0.140500943125895089
0.179760707251557461
0.346613415843004369
0.298558615560335527
0.400000000000000022
0.172191155257237966
0.113393501309858993
0.092323887554282044
0.400000000000000022
0.400000000000000022
0.400000000000000022
0.147310224706675041
0.073488834260651448
0.088219575930387414
0.400000000000000022
0.377596641993161508
0.400000000000000022
0.166198145881215786
0.196712555436753062
0.046558456070055834
0.174111896422013496
0.117868907340017981
0.400000000000000022
0.158999632154634973
0.237397751095287129
0.210765894907480017
0.097359283733666369
0.163025338041023177
0.400000000000000022
0.062496824803641583
0.204354505640024137
0.216660634427281978
0.203141082753355129
0.151195323909290469
0.263141951646595540
0.083086207591798383
0.187469154640685476
0.127726572698280194
0.025825346298342499
0.132727569162885251
0.267395030407174272
0.186795071711275212
0.136653758423921801
0.229526744852072556
0.138514427272906054
0.203501096760790035
0.380504620878925892
0.170503111667606788
0.106350504172717297
0.054792312562336291
0.310569138916086618
0.246424075466376985
0.390043539116687987
0.166412502552792135
0.057808188226388675
0.051068136923670730
0.187609944584760241
0.183053573447857221
0.400000000000000022
0.353489201774353778
0.124580760963340337
0.042332214215983342
0.313684552000295547
0.130207033104282971
0.297335857443656926
0.154145253177052050
0.243572195516948559
0.070358448387654260
0.400000000000000022
0.198812179600515254
0.305903499919091493
0.160538126410916610
0.322809142734226118
0.230730705486478838
0.173358226502638435
0.187195813860269011
0.370165508162889623
0.193671359327993509
0.247680353070279191
0.222129933905567067
0.039670473983185892
0.050886447838189450
0.211345487039801855
0.159061143156584317
0.284259931689666789
0.150757770737754954
0.052888935111810031
0.192557035677733218
0.140811851300139956
0.160932349767445027
0.162053809447111341
0.134431416723153119
0.330815663816729111
0.229117408413352180
0.101112238532940948
0.138161787770150479
0.225762965182935149
0.120197864158187631
0.258643357628700832
0.165203227862552898
0.050068537885310738
0.171048476094855795
0.101027202363937529
0.077500698917507313
0.189392824137558147
0.079233767723794896
0.232673836241333615
0.295538428042887824
0.074295245833880613
0.083742968599420611
0.061047163915970093
0.056607002276317354
0.194629556889412247
0.157369512294690428
0.242619613965944780
0.072736922138323862
0.217368125155827541
0.148812979484635233
0.376189927434701477
0.121184422834291705
0.129283738327442804
0.084986793660609738
0.281855546568970827
0.329926340010689767
0.216887818272101462
0.185106425679358810
0.138237893028146819
0.216935442106720833
0.117860362450380368
0.117640765590794491
0.149013046813453454
0.173470294475762954
0.198540379462587707
0.327538818838441714
0.070501729471536947
0.175049983178119484
0.084053804651712680
0.127659029148052938
0.090704997927761460
0.202850763402996598
0.100126707570420068
0.195460690513025392
0.075520274391697451
0.114364951161938816
0.155907663919425565
0.093616278471200673
0.030924412204663965
0.062311153016298783
0.096999644048641143
0.199844451819208069
0.210276748956576415
0.153619209182397409
0.048013999185442392
0.017827194154473407
0.110683700886705108
0.105770231152452376
0.084990688024208796
0.143295939713592946
0.038614283407006372
0.034180627502616912
0.159008160326157777
0.103967653080081254
0.200907043070492675
0.058208798293499453
0.039505727957361472
0.071879397030798584
0.038890544019349799
0.031912994366306680
0.215226384215116223
0.083573039212601063
0.096545493096043072
0.200045172160899620
0.003317408580593614
0.160840338190317178
0.165703227682551690
0.110212624498905010
0.086561448653099685
0.143339905443927718
0.084742976508837470
0.078052341135865039
0.330331698830096221
0.400000000000000022
0.400000000000000022
0.189759536714853128
0.034058480671979821
0.090733142304467940
0.138153030730020276
0.139013706374409074
0.216615787674101751
0.204320937865010099
0.083046210017319724
0.215558801109558468
0.235553031513747568
0.106750574446727975
0.113424790932788344
0.042625917259744121
0.091120618101316608
0.202216526320659673
0.198689732849702677
0.185747660425586214
0.094656977366619863
0.004792156771379486
0.124928680436165895
0.146194085780945560
0.116237342270049115
0.147156716215980754
0.021530429585264764
0.039526893084629686
0.074859287265388957
0.102136878652302532
0.190613313657698763
0.156011313313290656
0.029177491229816409
0.134778919481139486
0.161465333805538014
0.070243730232765228
0.384305757010681259
0.303782134185241914
0.070224463703522325
0.023428467604815647
0.084111594234538220
0.079391556074933478
0.253889955215071184
0.185560422746457399
0.094987914450669925
0.220881340715529145
0.113424405914112805
0.213482074777140596
0.118882810639948849
0.172589672662027127
0.257338170665733723
0.205600594013402527
0.013383397629341993
0.094656890232031651
0.204462573379559476
0.110526513975243934
0.074792659412693488
0.141549568281506555
0.080742819395718674
0.209648119869750377
0.221756776532022720
0.132039453329590023
0.079405867095042354
0.027919264100220730
0.073185262223799341
0.076039036843447663
0.134067059287091173
0.203225117696696544
0.124604780093986497
0.003938274004479257
0.106462882994932923
0.137381902574483433
0.166270152203287114
0.108482459133871528
0.046477409171488564
0.046372901698815042
0.051398074966795312
0.119267498411900597
0.145656737989039026
0.213618247576105674
0.082225542094786913
0.080915780716331404
0.053733553254963734
0.037953550147995493
0.036829989881332348
0.147876382054131922
0.100980387103457900
0.071886614278887845
0.100582862842119064
0.089968119980818648
0.087596401387718070
0.104260681772696512
0.067120799778605453
0.237476913170840381
0.076914697105241264
0.149517632936484957
0.128677810003241855
0.064942164003626776
0.076477906995341322
0.062711853257537045
0.026302183523833476
0.144248020385407405
0.124048057029310599
0.112629780585638009
0.057219326726370569
0.032072230105305050
0.069708351149135345
0.133345448594978266
0.122747233416241788
0.131610093626602531
0.082670210537217959
0.050499764832912686
0.077592051518917099
0.112244087229337819
0.130186291594605513
0.164860738123820239
0.063285570408756667
0.016874096184996266
0.081434710645087643
0.136098677594413603
0.182485767191131243
0.200469724462457449
0.050731091369844203
0.041122304614947799
0.008909757157686295
0.097349180130346380
0.119560323496701065
0.162240863788713552
0.071593877796144151
0.038303001818067790
0.149768814206571843
0.105344228863038777
0.132283610093647835
0.173497644338004298
0.064773763009907018
0.025507074559206491
0.129003331012955552
0.110814697786325411
0.093517979339351007
0.177823685208977011
0.153731133202116649
0.400000000000000022
0.296493529518563004
0.068670616473687704
0.035918569264229830
0.065409550289526483
0.056980220297202948
0.051529262866721742
0.116231448169387949
0.050597638281081984
0.121484143113943177
0.146851481931363853
0.082717353328852619
0.031923306418529751
0.120833019486003473
0.018121905651557670
0.044154906960666609
0.215126137282872582
0.093977728565780030
0.050558128201916852
0.060292075481693200
0.032711069044308982
0.208877978399536757
0.205865819645427245
0.045600901206421574
0.033828810412310638
0.049441529075596409
0.187522603047328207
0.399902715389290564
0.101505221493830983
0.069458484144042279
0.086036309838564112
0.069780129792758258
0.164367671415401456
0.068944174849058598
0.168156226967888539
0.081483503246041991
0.029003804216738659
0.165383472397668208
0.168104835238989114
0.066313187105112151
0.125739137500570641
0.071744900148846019
0.056271346407834259
0.090987284311344438
0.127646329490919308
0.094539214170293720
0.089717983501116233
0.160951594409172283
0.391048801635945242
0.082916140800076241
0.126985576212639173
0.073682621682688562
0.063049016381888229
0.068664159851432011
0.039348008527416212
0.173639288575078210
0.208014932359275151
0.143490630404891739
0.098220598498143172
0.037130256095134845
0.010175229418052866
0.094155970283452239
0.056268936128776446
0.119723978380392920
0.107719677973973124
0.045947374527044650
0.017974098161431910
0.071419910905334089
0.070558704961477342
0.215360715999987240
0.207850841394652847
0.215820170763797392
0.165068532461681988
0.085247049213709292
0.110523140480899867
0.203477902137028988
0.134881912764714951
0.202700665817528408
0.246552939672470051
0.035168804937649886
0.143671020390184978
0.213431586231305620
0.315503832973839493
0.161301633088992591
0.047543063175302866
0.206919293711891106
0.243583071265285001
0.237854362110018647
0.109445781013090715
0.122488757441210724
0.026871348994264833
0.138826165115222722
0.142995252058838063
0.048141463698548242
0.064351339388753329
0.117271831200423587
0.074807175968553283
0.257101922023366236
0.078084835907691386
0.076315932751309212
0.107639535209201526
0.039427219652732895
0.029070527089213653
0.125993202409073524
0.224508965511541758
0.098509863727131608
0.149977740840242180
0.108720708756216741
0.044946087337580549
0.275103280695175367
0.102809509710403452
0.141699928678671094
0.189865812570161718
0.163435562897292275
0.123242234623175378
0.160353084791841599
0.096028631150418847
0.115612021748190630
0.146759909096265767
0.235665185476990252
0.306179591202849988
0.179724833797594741
0.166837186350481420
0.232897724317676164
0.129016195848320581
0.400000000000000022
0.346172261529034020
0.080009717315080234
0.198517920044899682
0.135751849257656043
0.145391985007208596
0.400000000000000022
0.379337071974954587
0.137835737237794104
0.221579092308670955
0.191479186372196075
0.218756632593851946
0.250034059355666027
0.104071432048462059
0.094468616928966950
0.119103936834938695
0.105395725064369464
0.085594018136435995
0.157863445277234893
0.068877232638836008
0.158350968575597301
0.163399668347761567
0.122608596683928150
0.025190257253386587
0.007243999465028897
0.000661210348912013
0.061335509414010850
0.200418455348208568
0.087015707964452571
0.023760604247235913
0.078116305967136160
0.082286565495766767
0.024432094703504298
0.088141636008170710
0.095038040174630856
0.096323205230842035
0.302193147128967277
0.400000000000000022
0.077733820156724504
0.041725453800644963
0.048180345086578757
0.218051645072109251
0.205838889944594261
0.287803479386528283
0.066248478021602344
0.053981249883522014
0.030681107042584348
0.126199384319794911
0.118300055319854922
0.066177263844209688
0.069880932208500404
0.066701661725739006
0.146076118738369176
0.125685876821629461
0.158770006412758236
0.069933447094344847
0.111748773848687449
0.148219346444973671
0.170980745963925346
0.211441736651610701
0.267704270906033492
0.103489289843003610
0.093063543077841759
0.120667206783310624
0.084584004567671789
0.085687462288031882
0.222459657503200986
0.081079634188072680
0.036497943252106264
0.099438322342437213
0.094543211521253390
0.184676268402514276
0.042342745462390308
0.124153364307534791
0.006949711735552890
0.149240501897707989
0.077498587563491123
0.202163479798466467
0.349146098959510931
0.175549671202874430
0.116366662753843053
0.140229150082116588
0.061433295243867703
0.158396651856871379
0.181544067853661090
0.106522022460910581
0.101112274184543383
0.104992702654820844
0.066371864573793959
0.128834253521853404
0.125175173803514367
0.027277949328245777
0.066210435106469789
0.101518361490704367
0.095668638614171492
0.077540170826176369
0.046120565018525198
0.024723429753715519
0.076505147096258053
0.101153526878563133
0.061271361639583063
0.091018288333567759
0.084163031850078049
0.048272945094780376
0.078006211178675150
0.068932082664578953
0.030323998681410228
0.105304157484923402
0.244249414796656350
0.139896554554348240
0.178037033698046826
0.115357668026332530
0.186154262360805428
0.089391896043546387
0.113729114253978830
0.076258883623364193
0.060273751150792455
0.124155410350876308
0.209538816156109392
0.169569930157136894
0.056089828226741946
0.184584264995725278
0.043469436786014115
0.088693687610134866
0.131370991177362811
0.375644576050613410
0.124855594635575939
0.055226401769776064
0.180418770677857276
0.149584040258613327
0.191206359121021907
0.076616324333595484
0.167213696994849337
0.131843059351719416
0.085305016002315714
0.213891555908133635
0.181666695579805304
0.096376247417932867
0.153834208122938604
0.026211932799034277
0.015503986269848117
0.042236271706339888
0.043763197114153649
0.136365169418559945
0.178238780277771486
0.024158905033934589
0.125535999179528762
0.069658486091701957
0.006142948370899008
0.105927120078336212
0.121641098949386336
0.036221257284879398
0.084409040143329367
0.024446446629739736
0.012723212165782788
0.143772307753082446
0.191269536300552323
0.136225684450938689
0.046651799734640002
0.115836631996920750
0.299017172027106037
0.139025596369072052
0.158036933309697702
0.071701402051872087
0.028141162386565478
0.089860313776965198
0.269334235668300948
0.290546625160272076
0.400000000000000022
0.372194939981104311
0.023199715525268675
0.176674089525192340
0.181048386611701695
0.143532632566705315
0.111371602791473581
0.028340696630828315
0.109629722146373301
0.232465300118093521
0.397680136032219300
0.127570141721271041
0.153044870717390813
0.036977805291480460
0.074435671211787388
0.257599285060369942
0.288939676317208072
0.120527472706298128
0.071659539974576192
0.010926783769046097
0.056353358959969319
0.202495215140726270
0.034407842413181268
0.154490299778243301
0.099216685011161654
0.023064105971404129
0.094530061920982691
0.089546625558742154
0.054124970901166004
0.190100169694941756
0.090983323908738950
0.030117783401652779
0.064299370738031977
0.023750158027634340
0.055057690752165697
0.163960158374329534
0.191362800688278323
0.207242277858809915
0.141100763719144817
0.089191499215394460
0.091649725634567553
0.108296958982689234
0.144831909064870312
0.076418103483892913
0.199064808394001480
0.267859189562424826
0.235561335521355608
0.258020351539282600
0.400000000000000022
0.400000000000000022
0.063914683515187032
0.208478854581768236
0.330077118140327697
0.181035739653398892
0.149769734470520444
0.187423610011264591
0.108968830298297736
0.256805436284279209
0.328104984487305129
0.296371864262917006
0.190514252610581303
0.090009610681869856
0.154948833067394404
0.161070146958243593
0.255624658086559875
0.282177316690276625
0.179175784278474248
0.025685751246366677
0.234727834926337919
0.294552733310606052
0.345689833434508653
0.293532192969002403
0.089859490251072191
0.070565269968431793
0.279449923273628609
0.173869492386444252
0.400000000000000022
0.400000000000000022
0.121834621366116391
0.126193199493771169
0.137928844744231616
0.112425026893338581
0.149493513580425064
0.250743041301907499
0.245199176080150849
0.271258213987816188
0.185058873666460899
0.183932277228885804
0.212182143578941745
0.221934228434089609
0.265517518166036914
0.320211295097157400
0.153949278260959721
0.312977895849544663
0.177235153685314312
0.077234227290948032
0.140764955068880621
0.194157226084208656
0.191438327946337195
0.355564582822395114
0.388737245761096695
0.168959255688343163
0.218285916391986912
0.101964132287098927
0.187390892832138306
0.323375453631489396
0.319088257676266307
0.399023771124022764
0.185128572889258464
0.136022455493606836
0.182707592495292892
0.307809592667569909
0.334975405798253023
0.392620224030661435
0.121445985994040842
0.040225734128566712
0.154361018624273788
0.310241563361453199
0.400000000000000022
0.400000000000000022
0.083753631967065950
0.101400437994175724
0.089744279970776233
0.214271907762544511
0.362596529051641414
0.342052836017185780
0.095958613127581568
0.099466985238721328
0.227164597485791986
0.159105422817348630
0.241634392887600413
0.400000000000000022
0.156591488237218801
0.293745263132488776
0.189404004917926055
0.214429115237737444
0.284265651842610823
0.324969234931238138
0.262533053571619324
0.400000000000000022
0.348266012170490358
0.165451297611197701
0.095445337008385756
0.111516024632639613
0.070785653597182904
0.140177124295141842
0.180830766327850168
0.174789038517377870
0.296470897362177133
0.296810025995903226
0.234408586759868365
0.123131195180439523
0.253657915986475246
0.139296367826237222
0.220471212267140532
0.400000000000000022
0.211846707878858592
0.165694627917852666
0.223888519322628654
0.166679886620968470
0.400000000000000022
0.400000000000000022
0.074426030658112721
0.046184425451368416
0.126977374227832118
0.300209006008642254
0.400000000000000022
0.271380316037618030
0.186783751917988489
0.271944208329675974
0.167286239817823368
0.324397517387756906
0.385292744626977379
0.395674312104529746
0.174164739351762160
0.189838812096629644
0.359142886890746860
0.389701693072898259
0.323919373019346979
0.326096531111312204
0.149399838326949697
0.400000000000000022
0.250898049034456228
0.394466196976138717
0.264403804854823177
0.223174066450089886
0.400000000000000022
0.400000000000000022
0.218798513989492155
0.331893310075713266
0.224366620338193379
0.167073107139042554
0.089345171313933311
0.132297766042051762
0.393722519263000947
0.351977189395511869
0.370768771777600148
0.333266066658900018
0.148033627538712215
0.053539690719161460
0.240053020776968717
0.225085506864943607
0.260297316072375939
0.286532446200930546
0.135782206393931071
0.054913709070221459
0.203167661979615805
0.293184060931175439
0.396836532915335050
0.310872893336613387
0.400000000000000022
0.292342231555620835
0.148674864933578871
0.243811484778460180
0.382784924101054580
0.397485168607543682
0.400000000000000022
0.388794860868211023
0.151515724989012973
0.335270896613070579
0.400000000000000022
0.400000000000000022
0.236199282187601139
0.168547793408037133
0.327660024638891489
0.400000000000000022
0.400000000000000022
0.230887969665081377
0.206692254950551935
0.191373605589057194
0.332534234677709040
0.370834422756346260
0.222334467429349730
0.193372742431756645
0.307129456982978721
0.313452655854616347
0.400000000000000022
0.179785405053847047
0.179689233648480662
0.149309539292514448
0.045123150737601300
0.151855252713396172
0.400000000000000022
0.400000000000000022
0.187364048830588298
0.250023273354764486
0.196906328778414047
0.246931132187886454
0.400000000000000022
0.278387867829292701
0.282200871804566211
0.369626519821719124
0.400000000000000022
0.390796852409089235
0.400000000000000022
0.268219786407656813
0.229005523058049665
0.239083796650547797
0.400000000000000022
0.400000000000000022
0.400000000000000022
0.314147411057156489
0.306386558578327584
0.217235771778707981
0.400000000000000022
0.400000000000000022
0.400000000000000022
0.364716065926115440
0.332464404694409077
0.191950441077264444
0.400000000000000022
0.400000000000000022
0.400000000000000022
0.375561486432686276
0.394875543721745936
0.400000000000000022
0.347393343089332396
0.267096770089485180
0.400000000000000022
0.181600761638580244
0.309750230704393559
0.302254652563717974
0.361004528030590022
0.220072556548126463
0.391984600169501873
0.246485875939559951
0.310077751324613571
0.152916829951666777
0.033069345763371394
0.133388779511797284
0.328730539821185164
0.387213527059483809
0.223669466388374372
0.253287349099308501
0.216630733240042200
0.285787662256556774
0.396100508337507651
0.258644747675777553
0.201388544347348181
0.151115517793178333
0.400000000000000022
0.400000000000000022
0.400000000000000022
0.208137956353437126
0.105988533312967440
0.269119781995779961
0.392316905616483247
0.400000000000000022
0.400000000000000022
0.392937704991940362
0.155261868005924702
0.168531598535778204
0.400000000000000022
0.196384296948492659
0.367216789652157316
0.220846914902791014
0.377420814210479016
0.196044325209283749
0.400000000000000022
0.268745626694860129
0.394225334167213615
0.308757472855890336
0.400000000000000022
0.400000000000000022
0.400000000000000022
0.290685103703272607
0.400000000000000022
0.314338566111304174
0.332264357637950980
0.307817396193598880
0.262130131486386864
0.131966082026262116
0.247843430291908112
0.258499465499021530
0.361483435542353959
0.335434039140269258
0.095231680574200339
0.316710399985268065
0.147761563035692822
0.310172851665152960
0.239552397010602464
0.336594896521619558
0.400000000000000022
0.377972603343969538
0.217478901286783988
0.278390937852267040
0.287196260426802852
0.278594516015059024
0.400000000000000022
0.271725250323463452
0.151180812069854092
0.276041178749676597
0.167399066937731433
0.206334952439360703
0.314567997941072486
0.106511717052040683
0.298884271347803376
0.387672350486183259
0.169963884448052105
0.161283139425596966
0.107167728934495277
0.081330432030032873
0.271134703985670300
0.258523039173253533
0.303890975605527858
0.163755210471891566
0.301531157005905603
0.197085924579415622
0.400000000000000022
0.190116505498870658
0.159607737008853001
0.190290951145533127
0.400000000000000022
0.400000000000000022
0.384624909886410404
0.300464093705691382
0.324392155388952219
0.306327338150267248
0.231589476704359226
0.193899649214158698
0.209286797964245874
0.297625704826639303
0.373963790065952595
0.400000000000000022
0.126591557698278873
0.356598537461033538
0.127523241437726809
0.216352716758187819
0.222075989105124300
0.400000000000000022
0.224982302205995965
0.250687092282801505
0.255939045069554727
0.263948991420552115
0.347114023040447417
0.170232602804796129
0.198138109199513301
0.194154212368018220
0.182304660050956857
0.400000000000000022
0.384132878917668341
0.249995456600330235
0.201848207308380989
0.044039126953507687
0.126187687156553235
0.148006502858792272
0.128753885138362445
0.279661109132152919
0.216853063684777858
0.058339532536551497
0.284544159505686456
0.173626139171783211
0.207049991441391690
0.164135918371835665
0.161146826906747809
0.108100654315677974
0.123299584162679166
0.056359440996046430
0.227949596380899011
0.227345346965683509
0.287815029396595423
0.336270856611838309
0.049969208315233618
0.276676970187237914
0.396297470967485799
0.249238220867977089
0.244598381962797373
0.215041307495799805
0.112884138895402941
0.167912654912830250
0.400000000000000022
0.400000000000000022
0.400000000000000022
0.400000000000000022
0.057258196197248493
0.267407231829660308
0.319201417341721916
0.282546338941114361
0.327987390465575346
0.232661634495838432
0.192675932163693053
0.400000000000000022
0.400000000000000022
0.234320716167999016
0.266469661650179157
0.079603722551224582
0.165556289313104010
0.400000000000000022
0.400000000000000022
0.306275133131884369
0.166316517341196041
0.015718940540425580
0.181282039396135214
0.348689300921671830
0.150645184683230376
0.301647015994224055
0.120747114596426411
0.062590999056033825
0.169389349186371663
0.191683504211044659
0.244738284558864760
0.346111483008232412
0.120160815138555366
0.164896702882792290
0.225764704543570005
0.093993888260399575
0.400000000000000022
0.400000000000000022
0.261587264391800689
0.230670745463625565
0.225212357953683051
0.168583055290327966
0.344350288050139342
0.293857381729146661
0.239819823515540265
0.297299444199422114
0.313872308285544077
0.281647566594379339
0.275459191358003397
0.264133896666773671
0.248722299525605095
0.335888239407000633
0.229530007619101473
0.317238298514407546
0.291107632508101621
0.332969503910431341
0.341042555762502642
0.264235574439886545
0.284531481204508219
0.288556915826988558
0.317042322207046867
0.308838689842124259
0.311993006614503243
0.248549051373240848
0.264099256252487369
0.292699259146929958
0.316505712454066779
0.292548776968163338
0.287406513061146340
0.213835388778083363
0.269383004048517560
0.306598376684843354
0.298051842623653029
0.280592008476207744
0.308284510312124505
0.267452137851423355
0.253961395978726190
0.248210316729635422
0.338543639864622548
0.333649393142777695
0.293974731606559569
0.218575553682260060
0.304029146501533232
0.240164759840908543
0.335139752660196355
0.377901564001617674
0.301550263093909143
0.293759937901828694
0.278428517292821032
0.250925468827380871
0.269586820230051871
0.265762593644863709
0.311016658933105539
0.367140003397835646
0.337073784630313344
0.284357760472320698
0.377011009962627319
0.326284937268648767
0.235012870215941500
0.264581811775164377
0.249104239549533840
0.315802957101896542
0.351130837597133982
0.360794308496497740
0.306036251857311037
0.232835139212453662
0.299353035378092935
0.284579466880802545
0.359407151931806113
0.351022515461906270
0.309995257648071731
0.215621483798580760
0.287537011943540255
0.308433480586104425
0.348609784298655079
0.347784468859252571
0.291823550875851101
0.188098095489573625
0.294911965510114837
0.358971227096262890
0.339451613224722282
0.310505965748126556
0.290202751682585525
0.225640385909087304
0.272930311683118432
0.285623878968736034
0.415993771089466169
0.336927320538351283
0.271371622098521059
0.211527695286732570
0.328650241531977361
0.250055709862712361
0.374939637110327850
0.369009913139258905
0.320856372747106378
0.324412657509323299
0.298464397369192558
0.280207508646779957
0.313234882829254158
0.248161705098417923
0.279687159815165787
0.352461029705434914
0.272273479013554420
0.244495121060970710
0.249242913763742829
0.259683074952650306
0.248385991810977147
0.319072466938692956
0.231084866393417021
0.315459594597645054
0.254447370352266167
0.249328037255066665
0.254670284380322187
0.220984439969342999
0.293558903857582043
0.296743949197578349
0.312488838003042613
0.315530343157314264
0.358063749148972044
0.266577292830691037
0.257802744390459415
0.303667976153400743
0.312848934172975823
0.302222607993944015
0.301543596047279316
0.225561353195431469
0.253824932891880906
0.310391033396425042
0.315815067177432296
0.279630724608080472
0.286006848325156937
0.239061920201219358
0.254209934852950847
0.244245351014117984
0.351437228408789215
0.316063746134615298
0.277520055551671141
0.233785260964045755
0.334108925368235110
0.242745510928866315
0.311488154520990213
0.339631321706188427
0.325168379629460436
0.356091273485156123
0.309434385445599702
0.305201875158756908
0.337183830026541176
0.317865580532712411
0.314391807919469524
0.324938352258201946
0.287659867461353247
0.240010114676858261
0.328133519383970618
0.299717876179166953
0.232126259466654439
0.263752557371077889
0.247085149575459684
0.318495149537296462
0.349162103686206982
0.320740170059990226
0.228180860770399563
0.171379174546487850
0.318123397213398107
0.295401334257358650
0.368266900054902868
0.346246451953689471
0.316711970488015082
0.240500461523554115
0.270955487961950070
0.299482237377117377
0.361673712375559786
0.343766308547502120
0.299914602735618818
0.196391953289874799
0.274146142455795438
0.327076286602829724
0.343067541051077451
0.332427378580812172
0.289531537339688283
0.202151440556673528
0.284399481945196708
0.285967115397417149
0.409348595893000988
0.349759350825634696
0.262037660106284487
0.194097993087888943
0.358149641587057588
0.279335344909425631
0.378462090906900916
0.342968018360508886
0.288363119750112140
0.346129295624601041
0.332571325732072598
0.317771314970641705
0.380989120201217557
0.310386517113843297
0.334520069972651490
0.355262807088350396
