0.173607147172985032
0.145070237698090382
0.309691523348208209
0.370957313015600976
0.195955886656358713
0.116803626783441250
0.274193092948663786
0.161164527348695158
0.125825116780758972
0.364002298441939875
0.370056197586174418
0.072413459934215163
0.129350763048429213
0.137638720183732355
0.153134934853253801
0.021117411028368883
0.132500333842792944
0.076233819257054206
0.031371795983720967
0.029667461421839264
0.029458339132056588
0.002431935882848540
0.005482059246305673
0.062414979882407254
0.061377455120442119
0.045641643589582184
0.104399630497791135
0.038062166815231287
0.087958815794061659
0.038980203414892264
0.020994823916734698
0.320089040785775047
0.400000000000000022
0.095988120466315677
0.074241765902341411
0.051299520331173645
0.018604821545586861
0.079408073489945386
0.148246372901245066
0.146847244975958441
0.195551703382120051
0.162557768985657575
0.063798323695517717
0.027329923989307722
0.133089234743666934
0.128039759744033421
0.222837332467697269
0.194583410112492472
0.268723745525885072
0.154619834347037771
0.085131065326663466
0.154607698211609718
0.242194631905054136
0.400000000000000022
0.299103915019631239
0.259474269027331339
0.059581467770804433
0.190755556526321535
0.206842067684915060
0.084275596857524060
0.323395174981475853
0.178739160493847027
0.100540438745864588
0.028988084835435197
0.056044708643710223
0.081093435147380780
0.065462545603910793
0.019542786779564635
0.230166042434679280
0.065486119862090228
0.061070576679809460
0.047601536097461802
0.024672702790142342
0.082208971392845789
0.093075865539469851
0.152695664735571557
0.183337521570806267
0.024562121147082609
0.051063437152025923
0.400000000000000022
0.393054302530588318
0.066598625934734340
0.049441578049793294
0.032023100618716688
0.016275727155852952
0.055650709702431529
0.065688780156970952
0.027813470730630920
0.095899664359263892
0.127470292454811313
0.075461753358412736
0.026163367663762302
0.118021126028016995
0.124571903021639424
0.097884515527027260
0.139176147437237857
0.133198714331471901
0.328506054260082447
0.261298852488807243
0.041199588281280800
0.349714131046830357
0.309447750254226550
0.261596747852886446
0.169524406660432947
0.027505449654670874
0.034774571088148638
0.220023511778887987
0.226775538800381204
0.326309117854781561
0.123335519750827002
0.037828531369001009
0.057960509354108555
0.152723028666621352
0.137007331007808486
0.032747139992288066
0.092434680975526623
0.075240127196187362
0.085663314175388222
0.137181700203934165
0.078904725804831599
0.101650484785318185
0.183889487951487046
0.125371537913402942
0.237400921145650395
0.158226803978407382
0.086623089918478807
0.087988978421459724
0.400000000000000022
0.147179620370718189
0.092514724513620791
0.155422756369487547
0.186798145012823269
0.110165070148537381
0.102749185521504680
0.043903189792228042
0.225469087182864375
0.326416938078500474
0.237173624949368167
0.146503086510662683
0.109253411924765356
0.204527541000276702
0.092137777267211701
0.029041961333986822
0.133722512765090340
0.192988241850316350
0.400000000000000022
0.197541093067406248
0.057882892585941266
0.313048714660259741
0.091040124759515506
0.155334121884048271
0.164219682777289017
0.015570930352223556
0.108226570072892797
0.168138134719093196
0.079224670177842460
0.166416317993399177
0.111967400478839657
0.005301094528755469
0.232475346904269686
0.166471880864691307
0.094839514982759415
0.161475946920929370
0.386582014570295174
0.091975261512297415
0.207932419150427983
0.083412704051326281
0.400000000000000022
0.145516668817968708
0.246441433483696071
0.299517684369367210
0.400000000000000022
0.075147446265752565
0.344124519158906628
0.296912068754433378
0.305114290554494960
0.094654100107002537
0.226600849562231199
0.237283825675729115
0.169948149707006974
0.327388869573166263
0.245049962099345320
0.044436865499518016
0.117809169152453305
0.219588862431324527
0.091330733195321007
0.183186210728951387
0.138287800635070762
0.066934501775722507
0.043943624628585046
0.094533698053549622
0.139070920520021624
0.226190659169397124
0.254299650223514806
0.068149825758334198
0.129779169906955733
0.400000000000000022
0.016477633286772379
0.219928569235268767
0.154494058599071338
0.009914569846349371
0.156814315968084816
0.163791230140994587
0.172354540045208199
0.249368200145988789
0.221001871765980518
0.063295910405243239
0.380435606323006992
0.200142602537734582
0.156034721444142793
0.210070570224198172
0.327838992934386009
0.145718685519116431
0.400000000000000022
0.150519670903173086
0.367147591066260826
0.242102821536570534
0.330524445580956727
0.216909008952341692
0.400000000000000022
0.078251388109487618
0.266922532120271450
0.251174696709929257
0.228492144084413318
0.091002759775268699
0.202002197024605756
0.208107824086130266
0.185701130464211939
0.350762468102710390
0.318348350504656930
0.065154324437134148
0.194163087707884430
0.191975689161457574
0.150857200051462276
0.252209230938555795
0.400000000000000022
0.102157351141960714
0.166692078892855811
0.262494639187644208
0.136152636110428826
0.257026306239721780
0.248542079392454873
0.126607578186264502
0.103320476799227012
0.293108229108354379
0.034429460484877404
0.141225373874858784
0.142694097297687783
0.042295091202244825
0.127625386080988168
0.052193070647942208
0.061516012712379359
0.268589425512748614
0.292446458338156356
0.177528178085812727
0.400000000000000022
0.134969588400885077
0.307577469080450805
0.150615381329663595
0.350101627735751264
0.115103993892150994
0.400000000000000022
0.065526396775315354
0.341478126077519706
0.233892783965843287
0.332790601658045637
0.024035810983666601
0.096112035551919314
0.031831914555587648
0.156224495644917083
0.203591101686546927
0.204542918806003782
0.003963944236081265
0.056682586976525826
0.214070969563053881
0.395273947114562207
0.306456433881469648
0.291601032852227493
0.007415995720454999
0.274863375097551765
0.198841015521000641
0.120726946013450909
0.265963760961660689
0.400000000000000022
0.052661875112770082
0.236353602276042102
0.131662826285328105
0.103523751109807896
0.190682778811700177
0.245210579842305931
0.058789268946419566
0.060420028704340781
0.043952635927361108
0.055990874366226392
0.181546463318245671
0.161767769140554296
0.081611209516726360
0.173414094849218242
0.112662556960825319
0.094236100235922521
0.201746894148643524
0.119266645349908107
0.093175193672805551
0.272740458458052948
0.105903149115141468
0.182510640166014620
0.147088232523927831
0.274221423081404292
0.097199510588004884
0.086857053631971021
0.040514320116216161
0.035507256149976241
0.158750435024244130
0.167060904230785623
0.066408384940847429
0.050698366575174049
0.086989539932265464
0.189909644238003217
0.166780661471345987
0.140601205275601909
0.022684193533342105
0.075355143392326379
0.102084289462530065
0.222512604385671137
0.139500026862834775
0.150009313356924245
0.025157601855805414
0.148204111797447913
0.191533453870520232
0.128693683605206249
0.216105277984716931
0.387887494142616363
0.050354324631214913
0.079798580502168454
0.143740850065644910
0.137858211649692031
0.156698957094581620
0.135547031563671483
0.054024058859436785
0.037319951134883234
0.010112079456458721
0.046595170033049325
0.217550373648227935
0.290491436461369767
0.324083963962349175
0.222869805197019127
0.069535450988606542
0.101327814268282676
0.232154236238807377
0.052182825991500405
0.145003656301092076
0.123776581108011763
0.108647542325423008
0.234307398424062507
0.072236139557115372
0.055806870484022386
0.137580908585689332
0.063656526853040782
0.043425154356825375
0.085977704940915833
0.064451489248071023
0.036878928632133351
0.062610107995797082
0.059557339048901134
0.070307066671116719
0.126182852926982142
0.094318208215937560
0.083368333118728793
0.104810335496349397
0.187062577694713933
0.085342577684863322
0.091791230941332902
0.267305884570891050
0.176541003873868008
0.094521777969830925
0.167681251086915756
0.282190930251136618
0.303607741102389250
0.205146792913991627
0.172106311237017529
0.014474767272617296
0.132050360869659433
0.199982650123622180
0.214946519281448201
0.383887363490050704
0.134138706482428732
0.098647997930873255
0.124023359994223190
0.052451106637961029
0.211847041424006177
0.160307854632453117
0.210540216513481232
0.400000000000000022
0.184669456485950817
0.128336454396425020
0.303152071813804713
0.120403337499047455
0.028572754131750151
0.156033924575281618
0.077260674453597258
0.071327623634525605
0.066811392647290413
0.060862847028764121
0.027009733873944029
0.129779268402750281
0.039823442597282280
0.055931965277563722
0.044499859522815946
0.055481303676223392
0.057750051564482485
0.050407557788438584
0.043740272137983802
0.078366366717646407
0.032569823670770610
0.108841318906480161
0.103257825021150565
0.116711893810920259
0.231148349809139370
0.065689657877976038
0.001035093891114791
0.252775074721687476
0.203797186351704240
0.116164157670502310
0.173844516052472642
0.233360521933696524
0.321707355058985511
0.148581717119853018
0.078768385886408665
0.099228801984323628
0.177886154135033503
0.278961274762709710
0.313736646854567258
0.381114646865456708
0.144920209553025120
0.234167096435164090
0.064006519813127369
0.029763869875435622
0.124992814924764647
0.161301504425232722
0.357381998554514801
0.400000000000000022
0.270815663502845305
0.188906513893797201
0.066936110710009253
0.243193904692312501
0.027656352023995232
0.103264622892839275
0.041227593424465206
0.053799539052006080
0.114155167141461636
0.181478042993734545
0.016140870483737132
0.049538637500145977
0.029175900747654797
0.016719142677063571
0.123924384066052828
0.075885689200423642
0.025886151088079134
0.018740185175519959
0.051777667818945237
0.069447413555267679
0.021380570343140334
0.103300634061425867
0.304403043882406465
0.294017701176133850
0.400000000000000022
0.217441402778002224
0.037707187620945895
0.052243018140529750
0.305797660353878731
0.321460185127654507
0.132680504174884667
0.308211570259524448
0.153864920021102025
0.181662967121787200
0.125229761435080633
0.121009476461881288
0.089836586351307257
0.237260899146307325
0.308599761844657150
0.145334749157980531
0.087653607121797164
0.146007340496215887
0.072248965465183890
0.048414019197578192
0.194166058138741660
0.089325738783111688
0.204027797748993045
0.099674598569856096
0.116428692337108702
0.295531263519723253
0.122669608599608876
0.394260958259698424
0.222157993685082239
0.078101322957511210
0.019136003573126330
0.126831693048487237
0.155311554566936072
0.247759358825785897
0.101870908393627363
0.070503882912561322
0.028728977815834771
0.081063731998730473
0.146945088136683943
0.100825587292156682
0.039507417072702555
0.037059537834254003
0.061611188899916319
0.092205146968340174
0.060610803099256746
0.161436675322947226
0.400000000000000022
0.296322132263441562
0.399149485737452348
0.311923131068763571
0.030000914924621307
0.098535639159812546
0.391207676773283053
0.248400814282196625
0.191509729902155090
0.035044864298315617
0.017762022540176423
0.045332470535573793
0.033258473805718794
0.141763884451560657
0.135412481378308747
0.047364051604401734
0.113206071756885046
0.057474569684126078
0.050373400743839822
0.019439256577311211
0.042719374933236506
0.152619689064488334
0.400000000000000022
0.042450680620864538
0.102657302804088801
0.017489114491060880
0.016932985674397699
0.339576949988626031
0.124139104110471341
0.326942039743110091
0.261667165100116950
0.049162747906290716
0.005665705162087212
0.109783777413826764
0.140225940860208231
0.119953597046055405
0.109328697392977056
0.065192422581243359
0.050640822112290200
0.207972466234947584
0.203028904560216328
0.102483856731205303
0.121172952217099963
0.070619720693019777
0.028668515279336539
0.103383621904467149
0.082753639864594233
0.066077169585989373
0.145447217083722546
0.400000000000000022
0.126321900766580286
0.274316976178641037
0.172499606627574908
0.017408418571082464
0.049431472815283012
0.217616847947766395
0.086708309405830922
0.206110775354589659
0.028602859015765141
0.032039825671633382
0.013855741704445874
0.113993730081945466
0.141675526212450775
0.110788455205201822
0.088234659898357409
0.104198210130138774
0.048786148173877386
0.032709221307645017
0.037616051350269936
0.105129845072975223
0.145457122338537498
0.083818590304688342
0.064137546923711763
0.003973375895281837
0.027027478382003180
0.116174096244277436
0.050958819707023935
0.073038527635496162
0.132007366304436990
0.050138812289307721
0.028504549048533889
0.175225636965841924
0.284444212335473567
0.045363667429863426
0.075035775207248745
0.063293273446269671
0.017550987708727372
0.400000000000000022
0.371452828378101563
0.073630036320727496
0.054047517635822051
0.050225938440782408
0.017982614767359507
0.200306663882255098
0.254997196250163205
0.058514199205048779
0.036421412614881687
0.129068551423406924
0.005343659908334058
0.400000000000000022
0.385699637293252406
0.040044927655288984
0.030619671213761523
0.118945564787137040
0.079756512427051174
0.280414130842855824
0.082640836590443231
0.033394848457887934
0.134197296485922823
0.185509217519720271
0.146113054078588073
0.084002887040229443
0.076361139401981346
0.124337308599252475
0.071933923702538163
0.293093406874905482
0.081792761456498358
0.142411007163671222
0.094357804576812365
0.092336372819322485
0.203096999115106203
0.030494965923972887
0.011545530643442197
0.099923695673720725
0.064303541032901507
0.055607329726700551
0.116539275590034394
0.013034250055342030
0.039975341433340389
0.087037176117657739
0.129577016530185440
0.072232791378312691
0.104112915598110464
0.105080273259446744
0.032698606991676940
0.091765381609722821
0.116286044637713859
0.107954219457718020
0.059708683440755417
0.090673071382073478
0.032484502629303261
0.113276563134849489
0.162145052530186434
0.112281714118391190
0.006201984912656104
0.021910100749777943
0.027240015815489856
0.331611051481897068
0.183146133775951597
0.072165243245983779
0.030664366852214773
0.067940319846991809
0.114561894320484067
0.258139597423800382
0.051861634677779288
0.009909922666732452
0.030427955752649002
0.104272594830141077
0.123398499711428467
0.064101610416414850
0.063077033297807797
0.007307227118979392
0.016768626743971241
0.357335399898249140
0.098665211804789738
0.118764403712849353
0.092369482403418593
0.083212358733258163
0.119482041622309521
0.039682946195190902
0.005893577387346940
0.074849838848216416
0.125424777414665706
0.107285539321905529
0.204862769062550965
0.021052675723055442
0.001791300984519982
0.050640826104358848
0.219973602579836697
0.102096843814386939
0.089658082678407608
0.050632199671281741
0.003647368623452891
0.201328699554336216
0.154307192332136245
0.066386711665265025
0.052089533890626150
0.072301288543890452
0.022200745055971211
0.219173113005754011
0.247730580194779504
0.057096519584480220
0.006065809869040906
0.030252167185215020
0.041652156490996309
0.047327756492372364
0.044911590083568473
0.033242438005236810
0.020633022573030759
0.039951342046810785
0.065391963785299628
0.141287358606386415
0.023076720667346916
0.038441380176542257
0.049946792504829793
0.119522314907898275
0.074255131439411814
0.131427327249517389
0.047344388545464383
0.295968428970688868
0.169598912733428919
0.162133649861119583
0.026480604024112210
0.069388742050805308
0.076793673152961067
0.039997934304955039
0.038993569561575001
0.036368850864335917
0.002640756997452506
0.094794713552200233
0.181315257580705325
0.027913954629076688
0.064458167768159463
0.015538738598631826
0.004345424993694965
0.064498793020681580
0.120485267089781661
0.018523674935358239
0.126064487587120522
0.153638109887800411
0.087092704893625084
0.149559682528489779
0.145720888804970194
0.040707807338606607
0.164077457033438345
0.140675837196992504
0.024519209800549432
0.177893222251063826
0.207338651264189822
0.065527793812130170
0.010978932770886751
0.043847694568239892
0.128159137908355730
0.047408525982093788
0.020210000828575166
0.030334171571172169
0.017450362285322551
0.056734616665570337
0.215110280173003626
0.124782320910934524
0.057829148763283156
0.049699702561646353
0.017047371578133918
0.084943915962237229
0.177588172876069567
0.088380248709910320
0.070164189070814689
0.212993098592515751
0.060055601370207289
0.238932332175968321
0.113638620792460607
0.074539024531971823
0.170511866742413948
0.073635425961954271
0.095019413945348311
0.122392948874162563
0.111013991130377160
0.095519128732921038
0.222430941532939436
0.076674630071727728
0.101268843471670589
0.160949329001557478
0.053045351744954353
0.062032357371837418
0.099200677534266118
0.045280929246701129
0.078093838518324687
0.086040996700239292
0.029473314067584067
0.123721380982421053
0.047754351092626615
0.064346949605918288
0.068859509293236226
0.104194724783277626
0.011699640848717770
0.166393694152872695
0.191317502371970205
0.078421912122296433
0.018642988520031899
0.089794813663613318
0.063992169100973745
0.060135495230884115
0.024707274717336865
0.018053841375465746
0.062488258679389480
0.051220767962032593
0.057051528569035122
0.159956505280153233
0.272451189081192313
0.096717122307278650
0.041879959799070353
0.097873074749346867
0.098666857824744436
0.089886256783583848
0.183091379205909871
0.266838677021304427
0.101980594231782837
0.383776196253682422
0.367879103102228822
0.009738356828903434
0.070257795049119193
0.338822248658172065
0.166130747484762642
0.396402365067847928
0.302720569967824371
0.180158726707849937
0.177342894520672423
0.303016651242487556
0.136987476115154883
0.370595221385393192
0.091054789521494317
0.203621328435125093
0.186597538036503419
0.041229262798630893
0.108628285803310326
0.100552437107259987
0.024087376861218854
0.070593388179458427
0.039131096529412893
0.097113162684758420
0.037208708590434257
0.071951687908108700
0.020005695011352825
0.105533842294441182
0.084278506040524018
0.056943468749839188
0.133245764364608971
0.276037551493618527
0.124040713529116400
0.078077835808996354
0.030869117701937177
0.108303648964785781
0.031640175798947595
0.066689278426709575
0.253981202899328518
0.250823070924496072
0.302414806007267500
0.096530740158395939
0.039390609868583976
0.118386465062316135
0.114785841017462725
0.292180473178867028
0.287772407118714602
0.400000000000000022
0.289990447251115557
0.400000000000000022
0.387775672911408686
0.225719756531794352
0.241796441708205884
0.390027692091066358
0.400000000000000022
0.400000000000000022
0.400000000000000022
0.400000000000000022
0.139349570644224402
0.366048833826990272
0.165295072207727600
0.256399557746093076
0.062345004452834099
0.186299872894798990
0.190388986398515814
0.212849838977455547
0.045808331905576399
0.078996976632202565
0.031607836630503337
0.022201201923369246
0.186339363948460068
0.137263144320865754
0.071527794677661322
0.123139815673311115
0.089839834634176538
0.157406229349329352
0.060360773758032601
0.124295457978160578
0.400000000000000022
0.400000000000000022
0.400000000000000022
0.291683168680343663
0.089006707952119540
0.070847839686116604
0.334871015275011730
0.370859168031659192
0.268513481169918189
0.400000000000000022
0.316422689006759628
0.245461290817304917
0.152559685424388358
0.254098711205548222
0.217876346095340678
0.362876013083977600
0.400000000000000022
0.381465445757204202
0.242273441468834921
0.231138405822879311
0.226856663676793580
0.290608651102632343
0.400000000000000022
0.369490944542062993
0.399506037004769277
0.159256066340660529
0.307184248863430209
0.400000000000000022
0.206945205457132936
0.400000000000000022
0.352703641212227303
0.178641761703375812
0.048124088408561534
0.182876401692197432
0.236404989714316893
0.313221904429696663
0.121413695173192004
0.300669925347240630
0.094215097677924992
0.142134308678539933
0.194546624234145732
0.125498290082299013
0.121716388465548345
0.130135403373723868
0.214306853635487904
0.275542668539146440
0.085172924246339349
0.212500112474973163
0.400000000000000022
0.400000000000000022
0.400000000000000022
0.361364709118556893
0.062024015543337987
0.114811366315665506
0.399797668875423118
0.304661626469350855
0.219323200632785986
0.130944528657579495
0.145232314994987732
0.120794223893986530
0.059421841469481103
0.259785010479577694
0.259984384399948198
0.145248567131428974
0.252382219194122903
0.190673284015597994
0.361364198152692162
0.280738109066118513
0.083918963214517306
0.400000000000000022
0.400000000000000022
0.304047428473750991
0.272181709464521748
0.044994564145731754
0.051707556762546333
0.400000000000000022
0.347364085958091984
0.400000000000000022
0.346649361913362208
0.086991279275291725
0.063626214516195767
0.262506806080448130
0.277233271868016717
0.152700737038343470
0.201763378368503665
0.140432549777430721
0.136304136287678429
0.345154166438881693
0.281933630365047927
0.204134341516523488
0.297849307030855992
0.195991258606422719
0.266069436424986927
0.261610425882874531
0.169376729783073054
0.154066148007449083
0.400000000000000022
0.400000000000000022
0.218836625280201091
0.395281475844160513
0.359297751640398177
0.127573488719619876
0.152180658336787678
0.261520037739994438
0.288196341871357675
0.400000000000000022
0.265776483965133314
0.178542912182296065
0.123109153629211238
0.307718098602385859
0.233813303479662504
0.139830416539188651
0.221957172663447749
0.297186451980455124
0.400000000000000022
0.230250314375051279
0.095498943936211209
0.379675446419906248
0.236497247098053004
0.239152712188736627
0.228357229701000780
0.019544306247505396
0.135254048454895970
0.284312230963370605
0.130183489884866388
0.239454845628895352
0.243974766783276648
0.055439906818063184
0.260979895952803576
0.341697517830533148
0.368383025176225676
0.206839614350792789
0.400000000000000022
0.155268534958567100
0.225483406859155383
0.400000000000000022
0.400000000000000022
0.219146705138696191
0.294883154794705782
0.330116359671674520
0.400000000000000022
0.275454110148007691
0.400000000000000022
0.321076445315374381
0.341535703169376648
0.223722651530409433
0.231944509470565274
0.400000000000000022
0.400000000000000022
0.342129829326587309
0.275669633313106843
0.163382430286655056
0.197565681579504493
0.400000000000000022
0.173971569785764224
0.216581059186839314
0.272485097120993558
0.252443719295442792
0.190056678707173077
0.178536585093779038
0.215432059922002955
0.345734155882258420
0.326233573926052955
0.340788741430086861
0.211571931363454147
0.400000000000000022
0.110835437863584740
0.312264942054591210
0.356598867204257597
0.040409535770322261
0.168359846611527003
0.263714925814715284
0.236658081078109706
0.304975529872689333
0.323606330799199871
0.076330160460585272
0.388153625920135914
0.287179778655392348
0.285611737974328261
0.282303361602510849
0.382625131846648092
0.250798958778563175
0.400000000000000022
0.242285052512895893
0.400000000000000022
0.347968202459305820
0.349976523803406492
0.287385333099499762
0.400000000000000022
0.191527951244337108
0.399014761181739064
0.321822298063221823
0.234694128997069429
0.112912860525046649
0.229242212840095633
0.400000000000000022
0.368847264240163564
0.365491923305774624
0.329030595858857244
0.133094644284125957
0.286115051560217826
0.397004989944820474
0.202718834729241626
0.262119153605288258
0.400000000000000022
0.206429945972101819
0.281971879874702402
0.301122192594299343
0.199229669408236665
0.264333533358701134
0.265310706136426100
0.399192131934050343
0.201985688604016778
0.374800590370189646
0.126798942888295990
0.224437732608116974
0.262176138919997359
0.081978037397435727
0.133518963468335083
0.127042909496158651
0.186940790127045064
0.367533197976114057
0.387235559704606991
0.198580853808868141
0.400000000000000022
0.185610414505243931
0.400000000000000022
0.252712225144050506
0.386023633106462705
0.165736193563432749
0.400000000000000022
0.266855096329651598
0.400000000000000022
0.300279495631108284
0.349760489946016051
0.096337099527557063
0.118312780607890522
0.251005027561341687
0.392051047554425436
0.260687621271027126
0.210608728675044710
0.034216111421296283
0.098334743467522162
0.261398726055426245
0.400000000000000022
0.327699092874279341
0.308769921911780709
0.047367337767265788
0.314284962011456226
0.335162328949141386
0.143803666680797831
0.304405141138202939
0.400000000000000022
0.172184190020668398
0.294842781353490180
0.258537810367241216
0.150868139655272293
0.395747963341612774
0.376666747884008668
0.220922918807539143
0.086900632728452998
0.113341377978166402
0.132784547519187446
0.221544397623200717
0.200761338702129311
0.117980060381062291
0.176054851846670718
0.207457270513025566
0.275551357816627873
0.229660848777720195
0.183724813118067598
0.108713932271437386
0.277085883451747894
0.170401942135823048
0.302995907255796282
0.165611907459286056
0.369237051088744828
0.250837620475805267
0.173949758525596104
0.190074002644705947
0.181228144954946407
0.199458242362850757
0.307879272068639187
0.207084222137839946
0.075217576375723488
0.264882762183329290
0.387717607099162032
0.232308455283476156
0.151580138046488677
0.066531888101582004
0.203514281300682109
0.149492815444623839
0.242722605214246323
0.169834198434006961
0.167459675642246786
0.081892218521375737
0.319024312026476631
0.316315774781454784
0.186522832368489405
0.265804980546363312
0.395965464987919069
0.135298240593452135
0.257386753378238076
0.232121098775555229
0.208022400720506734
0.359168949681654470
0.195602632933878778
0.292956391035405050
0.150958571927343854
0.084651103988430551
0.217107036775463280
0.291185799610182205
0.375705246057480458
0.400000000000000022
0.333883796327396287
0.165054579721527567
0.323758755801222042
0.308828866310535133
0.153451669463171014
0.299480193444763454
0.176821932852966074
0.170679899697260412
0.333508075958328598
0.117517068803816488
0.133900709002347074
0.223621905285928624
0.093129840920624846
0.167146535339246449
0.133732056033542435
0.128798438853989339
0.105738437925369577
0.166804832779074708
0.071256979897618894
0.236700760823989442
0.317500355298952375
0.172740120338233993
0.102011321638760699
0.194605149159962715
0.251054746795687733
0.145478072915747436
0.116498505658669760
0.285359725946356779
0.239029262553257515
0.145742545931863504
0.224732779655950843
0.395287826954788146
0.400000000000000022
0.301863915221270263
0.213986271036087888
0.112347842021964156
0.230717218694403869
0.274674654969660481
0.354065600750827103
0.400000000000000022
0.236119300714211555
0.400000000000000022
0.397209092071105552
0.062189463466864464
0.282104836473125342
0.400000000000000022
0.370290155711723856
0.400000000000000022
0.400000000000000022
0.308495181104274929
0.400000000000000022
0.383671797300779271
0.165560230246905027
0.400000000000000022
0.168315463975091562
0.274948952069650698
0.253408930683793832
0.102092109827395014
0.135638019677254362
0.230331705510010254
0.063910819458501134
0.126525353457022149
0.083630956052228853
0.152594466360981812
0.094958760154916735
0.122359245696547297
0.063745967149336627
0.183900209012087645
0.116848329711294607
0.165784787656319349
0.236503589385759549
0.387428327522765015
0.355189063338255728
0.143767493686972392
0.031904211593051963
0.332916882245283430
0.235437362150651808
0.182853436097211858
0.358783479851421672
0.400000000000000022
0.400000000000000022
0.245112457278248985
0.118158995754992627
0.217615267046639804
0.283591185211255814
0.395704198856535072
0.400000000000000022
0.338741431460961917
0.264056540691600949
0.312027866504111018
0.219811491591349217
0.269767432001162655
0.306555300596974278
0.311232770607185627
0.348517576408696461
0.271658984963373484
0.329841617571097812
0.370353078943866820
0.267287383162214620
0.459576506129592388
0.403007192829667960
0.237299251495134533
0.234915473550914800
0.225698500406547098
0.276895171556028885
0.261321229265124799
0.306777026313629131
0.173660051636077617
0.185570837049494314
0.215937050817561399
0.307545094251808204
0.130165462342524324
0.151370279709374472
0.149101394268193299
0.190011189483820481
0.223232908326461588
0.302495905986779612
0.158062755713582942
0.351337811111439136
0.362999227980993211
0.278494085126728630
0.314699389654210904
0.262114922297080777
0.256550703425242499
0.374485358485666331
0.285686953439920455
0.286552914750328458
0.421256593903511223
0.292338602170170270
0.220829288673739355
0.269754263261845262
0.316281261518688517
0.283898315634331433
0.311539438261258461
0.280552357813652398
0.441553885931203816
0.311667512443507655
0.287949640070779889
0.176976805116963981
0.310520758715002509
0.318079370824331131
0.390763904894464442
0.407657117495032861
0.266919126260001693
0.264143888492777257
0.383875006853375611
0.324223844310289278
0.479037057699769731
0.336156310399156832
0.280595532986860463
0.245358404297045973
0.270126279296522054
0.358905928835975108
0.248083176854886012
0.326244493053342022
0.267853961675954766
0.197377527830377125
0.238627980070821699
0.355384670038999317
0.239479075358596138
0.194276279799273921
0.140635879940071651
0.191751798195857970
0.228806875168594770
0.297402281439977101
0.334544147439149619
0.405259340227068499
0.335039543340149848
0.314987538971096048
0.338196760024780274
0.242329700879147958
0.346838828498691798
0.383127122557929134
0.273215894149403282
0.495784383308376153
0.537938876625234652
0.331506759890101255
0.289463447133974483
0.270323241225134459
0.209965473680675974
0.401145439835616735
0.473545261259243178
0.455241700729676180
0.415847549416438422
0.370132000409657325
0.466185285125657434
0.271389789105238421
0.280612817679113391
0.296318634617225907
0.288509494448995818
0.310344621677733579
0.262518031043518341
0.305049760623911093
0.297352002619055422
0.246911013664051271
0.345450111425287532
0.209435402959182226
0.166859184391759924
0.220636244312165830
0.233597668405243236
0.306234397577801409
0.166996539262435878
0.263729036617286805
0.182004114167942321
0.194862406379785663
0.223418029571894800
0.297818504418908836
0.249826763057724777
0.313751353411512612
0.206278902439342937
0.213687339827679845
0.251576444190583726
0.280515276163400773
0.165379520439868588
0.356506209559087794
0.354127942763486359
0.302367650916888719
0.367210847353091729
0.283498657153812617
0.150238737841191128
0.202726123164432753
0.153661038282298990
0.217684078335556613
0.376011772559285140
0.322217508452818824
0.201772505888291903
0.251714514745757345
0.196616406365653057
0.141887283480244042
0.194732373323947161
0.262818059853801467
0.490795422371632650
0.373123596879197050
0.408129000511318452
0.267342409901080769
0.388924815788516509
0.328981847977550423
0.383948854865336531
0.378462105798329729
0.251477345018944531
0.245604684477920721
0.351784123597235876
0.260315398693163502
0.425075749839737727
0.245342633118540293
0.160786586716039237
0.185086523070166792
0.242699379325307052
0.371467191859418733
0.174876163679913182
0.221475982404880339
0.223443598693201323
0.202331184189411678
0.258117601376198325
0.364867449169244407
0.237170999145474487
0.333249996460241837
0.304976135007056171
0.229130352334497633
0.285395182546890447
0.335162987481302688
0.304266077386712963
0.417472529661004343
0.340967297843055184
0.306151153242581298
0.375202788611459115
0.280312469249392515
0.311531012175912114
0.247900836267036517
0.135790559908095410
0.260241652278345004
0.409033554732351257
0.295901467669876961
0.297053730410218320
0.257087433143332045
0.186337445239067034
0.249372265785615804
0.248902091752122107
0.298030991514491972
