0.122914456853371559
0.208345070683047279
0.107507704380963826
0.056136380865864033
0.011451069112788887
0.133221153855186736
0.102671991675890639
0.253243276236521653
0.400000000000000022
0.227314836830148137
0.008239287597058101
0.323147703632596373
0.053143863539256354
0.269250885686853736
0.237240171275433342
0.126748215904501943
0.002782701529134938
0.010320899613622501
0.068906969616740879
0.097417425749770498
0.072150945713280554
0.114544032205049578
0.112683877308807995
0.276049747526753375
0.065787289318045311
0.071108311215706863
0.026493520375558584
0.068959301236977660
0.212305810617799379
0.102225279744969894
0.020750857816179327
0.013724362323118650
0.008317565301286018
0.009854931366136015
0.030985831521856182
0.024811838873805774
0.021987321138295903
0.073377836484686182
0.003336081831470358
0.000000000000000000
0.025045661228564709
0.104436720978438050
0.005662339146155707
0.022499684461775044
0.006946613718461068
0.016371571065722103
0.053335188492344102
0.134451900768749105
0.185413779870983730
0.400000000000000022
0.150870560299699363
0.010740327611419189
0.057936778623970439
0.191416140528052559
0.210699311040429188
0.246722905606553383
0.252601463115718738
0.143126266456948315
0.030998006628626174
0.142455316451117781
0.088798604617466539
0.127606405252638638
0.161084442111193077
0.171501878173926620
0.019293274164688984
0.061527408114155892
0.093483773521695374
0.142548284205575554
0.136510081652977872
0.107370519692421951
0.145541819832941066
0.174304520110174554
0.067574433711339421
0.122737294705081434
0.045202090958987619
0.072333749791181873
0.197433511563860214
0.127734396206914874
0.048382647142281972
0.033902105101623253
0.006726662679993911
0.056745768113952599
0.023013277240299591
0.056054805494197439
0.055306513165923811
0.029833369402557930
0.007721668025259841
0.026178121317573310
0.033187249836702425
0.131270736359282464
0.033429988519979678
0.023178178546675050
0.001317149183087126
0.112648311967203485
0.208321357951301800
0.363106539499655101
0.094813933462680980
0.236447198628863708
0.183822345638393086
0.020276581821357113
0.030394811259331946
0.239428226753214790
0.146443457854416315
0.149989892758292331
0.060724976585473496
0.062550113592347995
0.074332804654375931
0.120377544244407317
0.225050757122145340
0.304439252097219948
0.061261206309356150
0.099203734173001656
0.016541972565198369
0.008395672286498910
0.225328585472990450
0.209916278069026879
0.064163389594530496
0.104286125679510899
0.288228907506639098
0.400000000000000022
0.154641422174464888
0.200262055070269673
0.052864621491224742
0.074311631453648622
0.229582616333089129
0.378796834546988814
0.215363718009551175
0.199007314409443525
0.020249322701230678
0.067958097623079708
0.020195629765061236
0.042631794049665189
0.185169706928791450
0.133666705649928719
0.001860023357599465
0.016054638466188424
0.026711638799517257
0.067626061469472629
0.067108256609297631
0.013332785586428721
0.007044804633637467
0.115958420636916942
0.097155241045372043
0.304935885100482362
0.034376793684513733
0.197678291892074337
0.166199155869495241
0.052449651761918195
0.037173161661947715
0.176778324592510583
0.052490783530189100
0.245712573264882134
0.117183466821201288
0.106626366280994561
0.097812877145420474
0.305408024897655284
0.092841953341827682
0.187223025441787649
0.065035247242791944
0.048584781379091252
0.147230283049612276
0.311334075199907745
0.193282521126853041
0.091846666327853627
0.058892124718365163
0.075888597034358934
0.064469206437857959
0.043808463342194334
0.224198554149706991
0.259168111206356411
0.060490812411404610
0.129917683278242213
0.059300915937828241
0.098191072828208631
0.176116370116502385
0.214661294442915568
0.010216030731909234
0.051911887765411002
0.026262610582302000
0.065122298800119952
0.223182399854245428
0.075990634051554221
0.002921976243845778
0.002936890787364640
0.016143407891311450
0.051760055278933861
0.098557252051483496
0.041336153448080101
0.065158603345779206
0.080210856288267310
0.018548330797713099
0.198169572282064110
0.007581292764961868
0.117272217444014434
0.105546975316061872
0.067478805977845627
0.101299434921697531
0.169588393281511596
0.009593627567844248
0.049438602060137386
0.041197805069580845
0.090305998469784834
0.191209263115915101
0.380324072123329748
0.024868954523349199
0.056698779072619152
0.002620391564090733
0.060756284970477116
0.227558428154530423
0.400000000000000022
0.131538462656622446
0.063513397391764176
0.034020293910893187
0.103436424836024082
0.067367689798544544
0.057427608560011847
0.227236926367081093
0.201190483557533384
0.020111287360906158
0.143766030884249940
0.022749275203158465
0.075954633647320136
0.227571102316167534
0.254128530587183432
0.022951118410867041
0.054794574436589222
0.009915025735097366
0.116127000746888615
0.230615726615719996
0.121346547618316480
0.018358658942988278
0.064840993315096421
0.039358313705961372
0.154274238921372070
0.189287906544182455
0.042292459765884173
0.022221879084533932
0.080928886419303431
0.034452383213361915
0.127560759051174533
0.008744656377258969
0.042361724019999616
0.045090602884103763
0.021973154002181864
0.083482622688843280
0.140624351716198775
0.010115999537312079
0.063251716502295399
0.068110809966844793
0.062251006240208968
0.053671315454454402
0.100719488246384686
0.027530431857915778
0.043894583942922366
0.037052327584461767
0.035058403269896454
0.060250582495165711
0.181901777144069576
0.013609425540748874
0.045701982328703442
0.035037987871356313
0.057715019432697801
0.015181049730253936
0.017706950555871896
0.053816379927955682
0.072172008522492448
0.033390551364448469
0.400000000000000022
0.047540575101731278
0.070426340550597447
0.110545338471846985
0.163454526083217283
0.004386032292169701
0.075020730981414790
0.055002289888471459
0.154841748681672775
0.091150595316663516
0.027529891808034172
0.000028589489676655
0.011878184797642646
0.040954161124966248
0.153408165381818007
0.091162599920523169
0.018636101941359978
0.038974153084904518
0.081686883627977228
0.008427721386457098
0.105773894926379147
0.011735094813130394
0.092588901782545571
0.113226955251235467
0.105991100895613130
0.278512728724886527
0.263263444670849556
0.006668618785909465
0.014790308922010499
0.101377638469097170
0.146502269374157335
0.060563304172817578
0.049779715977968451
0.028995251137566028
0.022450264045485540
0.036731119367152183
0.033851166087730054
0.061543403185683687
0.233193344795464386
0.036601022923809089
0.022260834307736801
0.027210961032307426
0.025645233875779837
0.044738487564647982
0.115190372357739046
0.030004784652344629
0.022824080042374247
0.016574424695415022
0.163519768250974112
0.051486107190828231
0.270683204451933723
0.064242701512132572
0.049566195256534960
0.038032511255190013
0.170927314315557632
0.080271659614813362
0.206245827682613542
0.042964744972063394
0.039798777047818520
0.003773848042721017
0.022148893230029672
0.067091201803929815
0.088211292448223136
0.078452854669260788
0.029201177371324501
0.032979719803728332
0.105060863533639443
0.001967619384693451
0.011143423652601563
0.025833212836223383
0.014988848138921632
0.015401857598931149
0.035433861251805469
0.141678100632019521
0.285296814948003075
0.000649744431283893
0.001478776170593627
0.019988629118478478
0.068907247809863792
0.030495299397256419
0.069473045136889275
0.002186561597920214
0.001292477329409992
0.009484193988587577
0.003762399593971063
0.050971083338124099
0.323953707587971873
0.012941230032608171
0.015098020859047503
0.025137404249136665
0.030654067372953165
0.048779420208245550
0.235350022912499457
0.018803268527872698
0.030456383719276905
0.006777310316377047
0.036241648689544007
0.080192297090681403
0.216733664178462238
0.013862916568930992
0.036853793983809106
0.040216904345346388
0.159727300485353663
0.071574457139735773
0.229536967351196608
0.012728352734479604
0.042826309644700744
0.027600755798487364
0.089826287548370076
0.107442908892704955
0.074994522712335809
0.022840516822371468
0.022583866698679976
0.015678880525564369
0.108179387778429559
0.006474555108147864
0.050941672013030875
0.000000000000000000
0.063553031827706066
0.117171813001490155
0.088114170353912183
0.101214509746312895
0.235885542813623894
0.005878820371560055
0.027193449503872983
0.057860842809147994
0.064506265497639576
0.017320254356540037
0.108346248093363601
0.004667622410069686
0.004375507174620224
0.027246650703433788
0.025859932336821025
0.012090705889380998
0.155849195165750604
0.004251833373795090
0.016533692473050740
0.031408278641002027
0.040093480076706697
0.029906676594099069
0.167789696416328737
0.018256116178309016
0.031283661344271338
0.019212168619367007
0.064011347795857751
0.088625224390065704
0.267153442602985014
0.009168483567378727
0.017216725413710582
0.004637204847224110
0.025904937171533512
0.091828767619934970
0.114055706012735278
0.003372201929615996
0.017490583497907095
0.043835225492676648
0.030411964190287692
0.099503529845660590
0.114429035690721298
0.019954564414578671
0.108899694945453041
0.122155145812937460
0.062724727721230722
0.037756112046700582
0.085108869486256150
0.044950285513580886
0.099654686176175039
0.119646030825798180
0.037907821342275272
0.046534103744851479
0.115428087737808785
0.016925692252053523
0.033675861202053646
0.068537317401599948
0.063275545904116437
0.002909077388584813
0.046686789105579607
0.018632123544720769
0.015527275187266142
0.036125257786429166
0.017825588987450292
0.005308647745098828
0.044188250531039253
0.008739362207919243
0.007635961172996381
0.013600698039285996
0.042783194457007706
0.083766711330046317
0.159544566114114300
0.013954563807962056
0.013343855351900214
0.019777483504383166
0.068536381681097908
0.155210591638787282
0.309156127267367964
0.002753961514237262
0.009841675856517762
0.012319838055152712
0.131612598132157754
0.106458671197271301
0.120900231312690773
0.013389714795757120
0.060037492766889522
0.048705493730887298
0.059357956134072944
0.106140257240555688
0.189642174920971185
0.006043331803321636
0.214109397149793268
0.197590638287298476
0.033393391515567604
0.019018805111347216
0.103756238805968778
0.000718569685800071
0.055521083544798636
0.093467691412585527
0.029923331093853318
0.042853919539783111
0.325968365907975399
0.009180188550080631
0.085980070722369184
0.265518048054190436
0.091754944256809162
0.007757010310751595
0.051058561377661883
0.016760966841677848
0.055416350407263226
0.011484250197854661
0.008099798134048071
0.005239925916029485
0.056303677373010931
0.004711710540371665
0.027513693660347414
0.019663957509205625
0.062924320024740660
0.110806390312980174
0.140134515570203233
0.035518860120306459
0.016513730489718152
0.011069136499060642
0.027667433822627374
0.292226376407759170
0.337029674239513299
0.015597664611930885
0.002608474320653891
0.008159516876195793
0.082177746900304119
0.105364961926318251
0.104960984159909912
0.014798773128154233
0.020048039678237206
0.007922856097231531
0.100978999842986444
0.239143765397981461
0.186421572504689242
0.009083442827516358
0.076611789163753344
0.077498385556841951
0.233518876133113673
0.313550421766150833
0.178022920968873399
0.096861275311454387
0.193417711338738946
0.194757861289963252
0.120614245346132284
0.027040725551979519
0.316973666084972905
0.032608983961019904
0.135619669926691916
0.308292758773074216
0.093381821567760759
0.010325229368086303
0.028418920459145812
0.058623615082133256
0.061355605258630846
0.044807867229681546
0.074441153997895720
0.021867595300419224
0.030235148582166516
0.029244256112882835
0.038146242602168930
0.036000813695098756
0.140354686054474764
0.092680396548585425
0.022008491515681988
0.027483954775285136
0.008929099762099945
0.061524392782195694
0.180074126657429556
0.241112783757732235
0.073513688811256306
0.038252549591747523
0.043756512316332541
0.026492063830432854
0.141430984808602112
0.153375617384031354
0.088589306459053538
0.035269756141594243
0.056469792782603778
0.039514662514718309
0.120555421467306911
0.180635307241761245
0.222292023905279135
0.025291001307577613
0.149404101563245267
0.093502357813198933
0.218135150117780757
0.336365825468712021
0.163427918603145234
0.153246422151134071
0.215048960682123452
0.221347520655136354
0.095853748189692195
0.016896804044404384
0.033746103578070182
0.047957371637523713
0.209121573548950584
0.369619456162607385
0.118067814753166078
0.009047758896947889
0.052510418262949179
0.082682550690862208
0.060873411932750157
0.210752561272764871
0.223747374525438913
0.042390869894619307
0.047296121877342910
0.030322874555928032
0.037670300331478446
0.058985745670775608
0.346351488971949839
0.144898293061127059
0.035810433032625384
0.000000000000000000
0.000000000000000000
0.072665554590707032
0.327230492816448559
0.400000000000000022
0.059016475650294803
0.003789566248155553
0.005349611839637111
0.022369705953487962
0.170973249789143827
0.278709527414282232
0.083800451959377659
0.026317588332527491
0.047110554667151874
0.160191716227932268
0.257133581041956938
0.188901148231741089
0.255741101807950566
0.038257400714332652
0.030147367605844910
0.373139346063580346
0.358875285043959602
0.354758476387356358
0.117861716145622880
0.332774198438550772
0.303600866830688432
0.176053358237214241
0.338445846956710983
0.043845579335945704
0.020489133160233659
0.235006933111878064
0.321159937942154139
0.201808105416631384
0.112126145273713396
0.028660547163295670
0.091738249545030293
0.190777844650936695
0.365751896490550732
0.284182855969456472
0.134971500147126722
0.051783110299268506
0.168610042143441136
0.070678409721933080
0.138655640854999651
0.156416393377306090
0.347671073179586121
0.172116788225178313
0.058113688515220516
0.042957218897365021
0.065163343840208721
0.270900631037092499
0.189697791897268903
0.090741993343552069
0.069442217551778623
0.097571628685962419
0.075862010804298746
0.250012632060110873
0.270457374619052615
0.186468836213067701
0.084756562908072292
0.064963501660898620
0.097547789095600856
0.400000000000000022
0.400000000000000022
0.214998968671191504
0.191511604902447674
0.043875926178500411
0.113098823591489595
0.400000000000000022
0.400000000000000022
0.242996743405501647
0.089341010167530002
0.322339926295834800
0.196232040699536481
0.338748423896008899
0.400000000000000022
0.041449051611020263
0.073019644073184231
0.268824748728572371
0.337718360484668911
0.400000000000000022
0.384965769342760722
0.191367142336927892
0.082861853074741323
0.135828293711056786
0.370744572467676892
0.400000000000000022
0.400000000000000022
0.400000000000000022
0.374049074856598107
0.055263625601878447
0.295203829893943448
0.400000000000000022
0.398921077558030301
0.154316803456489821
0.092687718161376581
0.028934859959713618
0.069496752842664100
0.400000000000000022
0.400000000000000022
0.086833071805309331
0.143786376721837139
0.017425907033291083
0.008398473962087413
0.400000000000000022
0.400000000000000022
0.221815592785371107
0.102506144707608507
0.033016325002367439
0.018950791013542488
0.400000000000000022
0.400000000000000022
0.178842918026650144
0.189198561570424223
0.019111460280306199
0.099622295662800564
0.292255965573404275
0.166692481364276668
0.093499446892550214
0.069874227241197878
0.320243474487075630
0.155981402607253072
0.165784526747561167
0.373101333795786805
0.050379785239887634
0.028989257909937421
0.183014093776345532
0.184579179921810332
0.102935127642220681
0.400000000000000022
0.295489360545090229
0.043470403863248366
0.016924996961322089
0.324893712702915116
0.351401950730926171
0.392654755585153503
0.245503472659486133
0.164799367261335594
0.024285772268076405
0.253002344080937580
0.393757442855053319
0.233257257440740912
0.161758079206676619
0.092329424147862743
0.067776787632643290
0.089655461520213170
0.219584706958805720
0.119649954281440374
0.062418965644470782
0.092814179118700837
0.060848196145603564
0.031484407766378175
0.021163757737374094
0.149460169317260361
0.337313088544648365
0.135445824331814180
0.022207852725640270
0.049355259049745130
0.083629773482395656
0.143934045070976041
0.204806062052764026
0.071612945180764456
0.004696264973287825
0.060309876220908429
0.153334357631404794
0.086019042014039329
0.117903127872405117
0.025171127416787044
0.150677704730723450
0.115648721688879560
0.233470846460412329
0.157797527485626560
0.027189635935776921
0.025336497199532237
0.316988047368209014
0.371071512231055944
0.335231632338114538
0.173008438581551433
0.015718147578564500
0.083308602485944683
0.095682274357877600
0.388698382221088656
0.361590138204298972
0.271600937448716273
0.055219187124596870
0.123138995594420111
0.029997277971157612
0.176470289106724881
0.253614195021874322
0.215046390676159105
0.133569662344923457
0.286507829311311968
0.031301515904934553
0.066245340873534286
0.093501712137693260
0.143960420193446570
0.146706907039092560
0.217432846892679860
0.019881181381693157
0.034704766506440374
0.023180101382711656
0.054947857862471278
0.291133870882918311
0.124617524427144313
0.002676655832306672
0.018163942845071765
0.028497400544215373
0.138719422525642372
0.271740859278377045
0.171497831351009988
0.005075331587079937
0.015133325697520321
0.029441210984338197
0.044170510869155584
0.117359016526270121
0.056733998719738672
0.173980473901129501
0.188763661558346785
0.305535487486419066
0.087462993347538515
0.015360548663257751
0.050767383220574239
0.206629043860940609
0.320963119534401375
0.108634748457420494
0.145773117012378245
0.013163725735980843
0.184017457372682602
0.050818741291846305
0.151749868203061605
0.306866943579947316
0.175943646751359817
0.022885992605537957
0.054912442539683158
0.029918437448477581
0.149561917207786416
0.320496308008773267
0.346214433564343338
0.336223173643203865
0.180499804355074955
0.020420378920076268
0.095706846210035362
0.054379290225388698
0.331670676421874033
0.400000000000000022
0.084048569248882252
0.011816219799075430
0.011373806941934106
0.014608345498742455
0.035850375506170033
0.062370774749359918
0.078247998698760007
0.002431243419643567
0.014074773405346776
0.022120400168997863
0.005983306545353166
0.042509674543082999
0.102306895558499478
0.009042034736015456
0.010961027648244880
0.008575847811053739
0.067880826007351888
0.119292677512880169
0.074296810179426506
0.167864742366952452
0.307999756859222318
0.227153735206761992
0.094044202208139305
0.057985172857640363
0.248649241592995507
0.119597683927944148
0.286919137438575278
0.400000000000000022
0.290590382734264574
0.011148364985642915
0.352789912392159732
0.071775987083977116
0.279423904563712855
0.273365429061862564
0.144573804891952234
0.008091349274233765
0.054509150144661747
0.077646331824660117
0.105053386922766862
0.085751643752566553
0.157327226662057285
0.196450588638854340
0.400000000000000022
0.079741853126007373
0.084452166567607068
0.046271003879941749
0.137495682918075540
0.363892869735884528
0.384969801884366247
0.023504819330416590
0.023566038179636414
0.020637403356438731
0.141467529498293804
0.137444502719127476
0.145712070186496540
0.035377035934053024
0.133415329251575704
0.052041575562357653
0.059357956134072944
0.131185918469120422
0.294078895899409276
0.011705670949477342
0.222247761868068328
0.204537252005759562
0.049764962581289700
0.072353993603691311
0.238208139574717870
0.186132349556783816
0.400000000000000022
0.244338251712284849
0.040663658705272512
0.100790698163753550
0.395568974606323343
0.219879499590509786
0.330773838945601140
0.400000000000000022
0.234881210713757477
0.038755016939377773
0.193513877828779657
0.105559571459144366
0.183022755659901892
0.172568692309047783
0.179601676307974661
0.024533200080718472
0.117831085487166809
0.098195484062067045
0.170061977865922948
0.156174039162183503
0.170294839717162638
0.256348210145921240
0.314439035680377676
0.103093293831645894
0.139251025194799594
0.056271227458048259
0.100001183613809247
0.400000000000000022
0.400000000000000022
0.063980311754212857
0.036510579422277145
0.014886179556189705
0.138923515014256704
0.128378239166617836
0.161015789654107344
0.070105286294078042
0.049881409080795143
0.015644524122491371
0.127157121160559744
0.272331015234683893
0.317692308863971706
0.042513431347496043
0.099789967710428404
0.078815534739929083
0.342064767027681571
0.400000000000000022
0.400000000000000022
0.191675208774135380
0.400000000000000022
0.376351265579658756
0.140890827167489407
0.057435536811311472
0.400000000000000022
0.179052441815436225
0.285609562684984220
0.369017735358547705
0.155931935160108753
0.084658034022462220
0.148796464703553150
0.258228722980425207
0.343096227156622635
0.106069073539037675
0.173644888170897349
0.038409567865617597
0.038630820868665421
0.238448255127702874
0.229385702228151966
0.100164203289629244
0.244640811733985636
0.358848419928893048
0.400000000000000022
0.182125376949750006
0.205237029486815270
0.114389014273420422
0.254385758111078164
0.400000000000000022
0.400000000000000022
0.223320036750215889
0.231445829809296288
0.046741386531663529
0.209389082431681833
0.173571247149092611
0.131221100508718741
0.216204891200068305
0.190136498432532497
0.041374685872317775
0.136610059933495315
0.207346946041278485
0.289918085374751722
0.092399257916875241
0.158863587309007348
0.100547162446836397
0.333622033370608917
0.393490503414345494
0.384803458413423449
0.187623215835647811
0.395201012671776319
0.382896497409967118
0.148303399951610404
0.054069965706352106
0.210524428170580757
0.100448155167712799
0.397767525592133131
0.400000000000000022
0.224694181034160639
0.106860636042368354
0.338747751403205455
0.175524504032689849
0.248096437374537793
0.275787808515556787
0.272332155904530193
0.189621152944231541
0.343112013653664727
0.206886084699113210
0.129516966659332072
0.117877870389140771
0.383340577823641393
0.209367499498985060
0.079618896374819725
0.224198554149706991
0.259168111206356411
0.133156367002111614
0.400000000000000022
0.400000000000000022
0.157207548478503434
0.179905936364657959
0.219126133960940939
0.032585736685397194
0.222885137554554857
0.295517452956935212
0.148922750759497596
0.225403884830242374
0.123101188718706095
0.163113692471778038
0.260070471829321637
0.205044556123052557
0.307501157086884414
0.136814652765816142
0.071483521053925012
0.395562475050205364
0.382970670632503674
0.366615483374426621
0.316031288427686907
0.335563449719599172
0.398477602330454261
0.281600333553276072
0.364305620301719146
0.145145014257643201
0.190077526441745248
0.244600560679722301
0.357059461047354976
0.243005910486212229
0.202432143743498244
0.219869810279210764
0.395957395318553562
0.215646799174285919
0.387396708351981589
0.286803247533547245
0.195727785117603831
0.279341538453798943
0.400000000000000022
0.190719304125060857
0.202169038246763827
0.190436687288199263
0.394586833382216784
0.239484478023722885
0.115541297075232363
0.237341145378136803
0.233993646195240379
0.291011918397998670
0.333463822781518870
0.113491268546710544
0.145396851199098759
0.236111975587303513
0.265785080500800019
0.272963750470977928
0.325251949055641809
0.196383861948165039
0.200883563654960906
0.236099338605708864
0.218894336713917337
0.400000000000000022
0.400000000000000022
0.254357282377152882
0.338019845873560376
0.203391936225793296
0.155391283357373761
0.400000000000000022
0.400000000000000022
0.277449126618863562
0.216901769218704521
0.325557193424117375
0.238593764719536139
0.380190033415092110
0.400000000000000022
0.124931674299863515
0.213643995789382979
0.275798258474758473
0.381591852685419730
0.400000000000000022
0.400000000000000022
0.245038457791382308
0.183581341321125996
0.163358725568972546
0.387389994655180869
0.400000000000000022
0.400000000000000022
0.400000000000000022
0.400000000000000022
0.068873051142627303
0.317174799385663508
0.400000000000000022
0.400000000000000022
0.169497853186743791
0.110394668717248456
0.082751239887669317
0.141668761365156548
0.400000000000000022
0.400000000000000022
0.134373646907040623
0.214212717272434544
0.127971245505138081
0.171853000045304710
0.400000000000000022
0.400000000000000022
0.276817882673842552
0.257347893389281324
0.124166920319030955
0.046480682821576663
0.400000000000000022
0.400000000000000022
0.219797079151616448
0.336750906648700887
0.110274060200829374
0.118258397604160528
0.317145122694398540
0.248379364992253882
0.101927168279007316
0.175648122167576998
0.324789712641134043
0.248570304389798657
0.279011481998796607
0.400000000000000022
0.328892513964774202
0.292252702580786949
0.189682712562254996
0.199369488843820886
0.204312766111317823
0.400000000000000022
0.350726091481537328
0.093250119841216811
0.045920248098888124
0.339038456180305203
0.377638669305978281
0.400000000000000022
0.307046875845169820
0.367408561352754903
0.060886795191885501
0.264364029943248091
0.398825120934962363
0.258902491316520766
0.206496566771324608
0.207519796505601817
0.097781572284987933
0.112479541562587410
0.236159131654220755
0.283169722532414458
0.113905072835299020
0.360221010869389235
0.125090897657736150
0.081050603022913129
0.059196268992564104
0.320387483632817993
0.374017116429926300
0.320535960972769096
0.065172597697703671
0.089154036097563644
0.087403621525116673
0.166082938301005734
0.271897263856693827
0.159824237628987592
0.083149119642548619
0.089511053592232936
0.186314077435133119
0.191079905547678758
0.119870747257098592
0.036314551069388606
0.176510917566946868
0.130637569827801198
0.248872704059343447
0.193231388737432036
0.168867736567796467
0.310633312147535312
0.317204978599793741
0.372097240517573535
0.355220261456593023
0.241915686391415197
0.046213446975820929
0.152781647622833999
0.097868835955797803
0.388933437804646731
0.368364615347304303
0.275363337042687339
0.106190270462720990
0.390475016590478452
0.042938508003765780
0.191568309965772426
0.278751599271011008
0.245700458049112280
0.182349082553169006
0.400000000000000022
0.050104784432807248
0.096701724592811178
0.100279022454070305
0.180202068882990535
0.226899204129773963
0.394170250617619566
0.033744097950624150
0.071558560490249473
0.063397005728058051
0.214675158347824913
0.336941127651641137
0.328579775703332577
0.015405008566786275
0.060990252489772523
0.056098156342702737
0.228545710074012420
0.361070667201890960
0.246492354063345770
0.027915848409451403
0.037717192396200305
0.045120091509902566
0.152349898647585136
0.123833571634417994
0.107675670732769541
0.173980473901129501
0.252316693386052837
0.399107608768236810
0.175577163701450684
0.116575058409570637
0.286652926034198119
0.212507864232500676
0.341492964317996639
0.166495591266568488
0.210279382510017820
0.030483980092520881
0.285626515705452499
0.055486363701915987
0.156125375377681841
0.334113594283381166
0.201803579088180834
0.034976698494918954
0.210761637705433769
0.034170270822272676
0.166095609680837142
0.345954981036362241
0.367852892234691753
0.356546373678728878
0.348289500771403693
0.038676495098385284
0.126990507554306686
0.073591458844755708
0.392168793262828941
0.400000000000000022
0.351202011851867280
0.020984703366454156
0.028590532355644686
0.019245550345966565
0.061755312677703560
0.154199542369294867
0.192303704711495271
0.005803445349259566
0.031565356903253870
0.065955625661674511
0.036395270735640861
0.142013204388743597
0.216735931249220803
0.028996599150594132
0.119860722593697899
0.130730993623991210
0.130605553728582596
0.157048789559580737
0.159405679665682642
0.313015624083733512
0.328439881661088562
0.344445450570454503
0.272530122045065382
0.134832930895635278
0.261517795547471621
0.316507210325389698
0.338093560023918827
0.383800306978683059
0.313472680411565896
0.104060137705979494
0.192922447180955997
0.253241787671211527
0.303493073449124517
0.289083430457245438
0.267694677087536415
0.140101055376266104
0.271052529961042066
0.261796180656776289
0.129720676257974094
0.209269031679823969
0.282182733209337899
0.222779252010361251
0.283450183472962636
0.265719992120625415
0.065098453890424471
0.143145115557078678
0.339591625592040980
0.368676896500377382
0.375392822831800421
0.259976469226847362
0.050282783160492020
0.100061520150008673
0.289205907754434166
0.352688434205233103
0.228407719327312797
0.225296506688023063
0.034117638272216658
0.142509554764262941
0.239472497532264211
0.285239358382560371
0.224462530661729637
0.074925371436961430
0.037766787730186546
0.190413861788693378
0.323026817374857889
0.281111428795072393
0.221876590529124923
0.183721024745098327
0.368482905954337192
0.322117592636327499
0.205505500534520574
0.127678146844819762
0.420653498073768228
0.150537244870315334
0.432647677180252821
0.396682548376168675
0.261685705767585985
0.123645512603397692
0.264761324934645936
0.081294488474428009
0.420160514642076210
0.347751187189512201
0.251427395033048451
0.170213493743611249
0.318147950352642928
0.051465742658846327
0.388511349915958593
0.283616231189002144
0.299697255303084997
0.234755310999566563
0.300700223936219202
0.032827550716004607
0.322878356866791227
0.206294232346840578
0.350848736266595795
0.331452697708452426
0.397421971075512359
0.025483541147363564
0.252871692515616697
0.129694670925526973
0.262619337883070514
0.262871261437513382
0.323137771251742645
0.025752270135171274
0.181846637016340656
0.164591921509631450
0.216690112310052807
0.219683984825628648
0.360522810059806242
0.028010057943522276
0.098272460934341610
0.201617533159345164
0.216441093818656671
0.236961616018614402
0.314416973570070812
0.301009557581646270
0.322570858023948692
0.363250482747779657
0.297611893123914950
0.129708006893696604
0.243309307739011438
0.263035601672097885
0.311730222853941197
0.392429075157095519
0.360926544433842866
0.158842852007371887
0.252169789540054090
0.163598650270274731
0.264681188007670876
0.299389610037952947
0.307142290709133625
0.174280362725258681
0.311232618477691902
0.142228506561157930
0.124187802220040666
0.238987509347933808
0.377775481119594525
0.253119634691657713
0.285168294928467625
0.198737029433187856
0.064543129645318054
0.145426673912895293
0.339259488666774689
0.319048580071014665
0.308067114395876362
0.232240927195076330
0.044172483788804950
0.090887208415502296
0.217449181696916349
0.213974512090540081
0.174054563016726338
0.234206292798452620
0.034644634511877409
0.140049550831711583
0.224779452609014357
0.279624257540688481
0.249816542110836842
0.231909581099360468
0.067331751932588987
0.231408515682812704
0.308537743904327144
0.288184436908527075
0.207776978989140076
0.186162490415023446
0.346201377733531712
0.315396950757782624
0.214151480118218746
0.152103370473494121
0.406799757439369747
0.147830534852940620
0.356105004716520401
0.373102269759393423
0.268079955545991733
0.150414003827782417
0.357444316469262169
0.074529056575854319
0.337356222867946365
0.310613487225848417
0.260129522531639845
0.198209714765937767
0.395921238402801245
0.045657526720601235
0.219627843420138857
0.275540621747200398
0.357038939161259894
0.329741362667056892
0.335232677733228679
0.034769200033158580
0.224531524674505711
0.204936562561283647
0.356946083690987126
0.331131580393347946
0.330555227733300871
0.026266854795812592
0.221131749278611678
0.119662733109435246
0.225264503545720168
0.184947107349275164
0.185735418456481893
0.024587116578029377
0.194213129465834661
0.165677990772200301
0.210446443689460222
0.197452624990770570
0.353425711167984491
0.026686957342216332
0.311095211075332556
0.290046108141092440
0.270369854451953384
0.221952208221857961
0.321141894754185475
