0.040819696512710293
0.141146185604113739
0.121158829332395135
0.255614709227613146
0.149641610205355075
0.068400655578857356
0.050546627803496516
0.066517557467111840
0.117652234391758509
0.089990899678661612
0.050203228712716798
0.027188443288424187
0.056047190552124024
0.079870036098029104
0.097731854370379373
0.191591179522414334
0.032521736780965607
0.048841089961013509
0.152975610853556709
0.177898323085609239
0.078585669661473623
0.225621241572522946
0.152280590381513425
0.177085626959106013
0.301317935883866517
0.163764542339472879
0.116179629323649031
0.068632248623620468
0.073746673881166652
0.105711377484647540
0.030690456338929674
0.131732955847128574
0.127177793995377930
0.083343862041141609
0.038783620033434170
0.100515507148928943
0.111515562344620803
0.026453236452857264
0.057544719001603475
0.191018560572665252
0.097843053781600381
0.082832636884860630
0.120812720723796910
0.093229363429789797
0.182218182694088821
0.168441623197449042
0.048281121169522719
0.048690527669283779
0.055634874986606526
0.094455391059966254
0.107450712323370279
0.376682357038808147
0.278424218998049422
0.196239799254253444
0.086580220292670110
0.090629550680687537
0.223057039914647037
0.195806776375245128
0.167988075962046068
0.077361604771131701
0.053026403461044105
0.378286451694862969
0.357959451164762021
0.164927934502111490
0.040455066592394437
0.078905232100586475
0.261433161104199341
0.387586113013239530
0.140777879934879224
0.219832231502599312
0.257906143338629490
0.262315786550600505
0.082593073290549324
0.088074312066623792
0.090731644459053573
0.027121490705174146
0.032328187865225219
0.199847367210865656
0.038071753185417112
0.095566157376285404
0.137079283397240320
0.064664608549857561
0.070344949185136535
0.138924818423890623
0.011103717907663466
0.015399066156740714
0.021280758812229166
0.077914219017604563
0.210239362049569584
0.187806264509429444
0.050196284214545452
0.045462267931727168
0.159061649331735638
0.105562367725954065
0.079127180026671226
0.207296393781612603
0.049090497221387905
0.072588484432551975
0.107339187785603557
0.282701427661269489
0.360040318526155700
0.298522601497581974
0.315855221149484722
0.251150010167961346
0.216281531944251759
0.232802106311418955
0.383839495809730868
0.122461746122475415
0.025489316336343562
0.188948146072085654
0.400000000000000022
0.091267185445402368
0.086064008581709942
0.104995215836157813
0.242391944498986045
0.261406055576569318
0.137237528337929737
0.110100047030652112
0.073503554422753525
0.355542447835501485
0.186188574032788379
0.114279121564739516
0.362756288911622038
0.087656403947437608
0.060303142587918995
0.291505649165330838
0.103729462592086513
0.120876019995638517
0.170684854515307349
0.083060802275382858
0.083926744816326337
0.246529676391619157
0.049321681690506332
0.100987440987460458
0.050721076746693419
0.062275846814417446
0.178864817328258402
0.259036579489052787
0.184924059974104049
0.260623323725004408
0.171973385202226325
0.114249198668118820
0.168057672730146046
0.218313282804427966
0.125121232983419317
0.131802000676402492
0.133263245975602657
0.220425724002671297
0.309962199600730792
0.398307539926615162
0.327661357717157431
0.193391257859681309
0.076642374179005421
0.196019836115877366
0.344243423930806258
0.061554243415025398
0.126359272911759246
0.130700419231774223
0.163991110899010750
0.094587881871663865
0.204766748036709245
0.164375436649306705
0.328506805008139224
0.329878367857871502
0.095253456744004983
0.115063439896699649
0.231233847844699247
0.373798863037371865
0.400000000000000022
0.279593364663791477
0.325155370805468635
0.113407176203671259
0.400000000000000022
0.400000000000000022
0.352427444060797068
0.202589664271747238
0.068540843474132002
0.074815449417372518
0.136655474889166462
0.198501202176309316
0.149691590431715649
0.284709809132555836
0.173750744391438006
0.283707670636970832
0.298206647559546512
0.194366806453580371
0.229841137491344882
0.237723481700920863
0.193928805157913109
0.327380473254955839
0.189955827409647976
0.264048135043030263
0.400000000000000022
0.150400555154038218
0.103734941104876466
0.113538477370068835
0.142315552248264032
0.400000000000000022
0.400000000000000022
0.298024452989316679
0.212490417989450509
0.211974845559965736
0.221770251749486697
0.397018926357042057
0.397741972996345283
0.115979522483757383
0.062904131356496168
0.078835075985418598
0.119013227711451827
0.382346851776131758
0.400000000000000022
0.138852683937722876
0.058823632230684708
0.102833367992236524
0.179428943831958093
0.146936394623702615
0.400000000000000022
0.078193374180022118
0.042772062908396087
0.064929233407426984
0.396899855123670875
0.314072273636334165
0.400000000000000022
0.133750291825356804
0.109315069565606521
0.099820738879211710
0.168147582314518707
0.370773077052936162
0.400000000000000022
0.400000000000000022
0.251582634708366670
0.400000000000000022
0.150487663181031905
0.222240043018133493
0.400000000000000022
0.305378436841998946
0.243874214695882496
0.275955281280895748
0.187748416730359524
0.153930694266685236
0.379148005378615927
0.086842393920918595
0.004006262175729277
0.082269526591252196
0.078935142292935800
0.288026664239531160
0.260916984042299405
0.147365882221643235
0.025985842039329996
0.090385302212120155
0.321714346151464103
0.298296090428284144
0.266790188982461818
0.224224599143605652
0.019662724393317611
0.082705329630876817
0.081987110626494109
0.115019604317822474
0.278274615362779587
0.084496204045508103
0.055538387346075663
0.112191061147966564
0.178635350442812979
0.140746581220675265
0.400000000000000022
0.041517603418078301
0.014629395496655592
0.061356397552600840
0.273764725531783770
0.300854366658917960
0.303841469970477951
0.016525814996825042
0.061816884067464814
0.139363125031485791
0.212224657058405569
0.347482802201752539
0.185017159269292297
0.383044951301416969
0.158706938432118777
0.235424654831619645
0.034217870764318800
0.192483928802140769
0.152313897878954246
0.255014980827555804
0.158030995020977977
0.181773713788433655
0.046197109957437123
0.046771086126488080
0.332500173371858110
0.144216111029608074
0.279559719415532038
0.059762503229480998
0.085717964217661646
0.199839807693148075
0.352137785471841935
0.287284724369835098
0.153707957758772218
0.134452515845138926
0.225454363100732663
0.300486879074597035
0.283440514328285320
0.337055796662038387
0.058677850716302486
0.109832966144527311
0.118073532723412630
0.210595154532935730
0.065804672157000296
0.148936412361322212
0.131214463933040509
0.091066556593616593
0.080443465479151377
0.065901733086511038
0.214510351818037071
0.041555560149350551
0.035876024006397035
0.111507697523569510
0.366793380543462444
0.077570094011144133
0.291781001593900802
0.164451817006259771
0.112707536957237592
0.153326430149746618
0.400000000000000022
0.209611669270286821
0.057275090061798969
0.230604434532929115
0.088212891754179415
0.128454664492962889
0.074693746019740548
0.111982269626780123
0.259621409822433646
0.313179797902754409
0.112237800901137524
0.130568555884741783
0.268030040247786372
0.182461595428442980
0.138382740053992731
0.062053183079184303
0.059499558197136454
0.039825093322685280
0.024705011969439250
0.061789748583712736
0.181570228947288526
0.108040358497416403
0.086156979056262128
0.051350780713167343
0.043280654774117577
0.259058125544395279
0.231031596178586651
0.202100989496180383
0.067233167271987207
0.196507674654474940
0.142279532632112654
0.103997215404323162
0.057712918174334903
0.104044954479420887
0.219715754367866917
0.400000000000000022
0.076065896565089899
0.013506382538603399
0.295242078387207729
0.025605555721460060
0.036164627090509466
0.143691061348793003
0.141285769412251627
0.039039082445435344
0.342360259671144362
0.037529726153226681
0.047780083913472646
0.028692880815591050
0.279186793024191304
0.221706096929598584
0.154397405144284849
0.103223733569390977
0.057190004728504315
0.030054781962860242
0.028114000563211072
0.063752229498905272
0.234722818899783747
0.289451714681987715
0.068287073809997378
0.088297578726119180
0.374535395759106104
0.233469819916059557
0.103293723515416297
0.031393565776062581
0.111724381976533227
0.031508915142691760
0.011063975790656993
0.055396011392829611
0.092086458558586937
0.068278240363517304
0.116030428626251153
0.098876345233153654
0.235460957901164919
0.209857922768896615
0.073103499061511229
0.116757228608852029
0.183285857700017901
0.135575131493852863
0.160642934885980804
0.140268355769034125
0.000185113010184737
0.014518221105044748
0.100840388323177682
0.176572961339078599
0.038994154792330822
0.046224380775751972
0.016690533000536117
0.031862059728389153
0.039036046556668494
0.075979516916064041
0.093281593691282916
0.038741592459445272
0.204935311877133874
0.343152229088635685
0.118512676249130935
0.055066042834431277
0.107768941533550239
0.273239012966705663
0.151041729999559476
0.315012374854246158
0.085040262118431229
0.030239062567418457
0.011209176704948733
0.119596742479274709
0.025389275626872397
0.069627158368317288
0.199183106217763028
0.288168552010619750
0.154774394157366824
0.076595558960957696
0.102708143485766609
0.036207337030131070
0.139946192541940517
0.031915702917859334
0.016361681443252181
0.054251149853979011
0.061863489444405062
0.059383678384188732
0.139396068558632430
0.148036450268186848
0.254169120573205176
0.249985377230175415
0.074386389674970646
0.076546054491603871
0.139393112436055733
0.093021953428142998
0.227314174752785425
0.181027512462851509
0.020822111474418776
0.061539301414843720
0.162433444451256542
0.124244753124992113
0.054095631550784354
0.046615021058405641
0.046442832871475333
0.126217065025616693
0.102630808426502532
0.074979809527200403
0.101542635804686421
0.038847126348555361
0.260271940059914775
0.270393506492703772
0.114458487731963446
0.058759645388035672
0.087286431841280432
0.337701321721554537
0.308792861794633500
0.246363535324123251
0.026514987313372134
0.021182287340664289
0.008818008099384177
0.172062920373264289
0.046168418903514752
0.081906730002771280
0.037352695850753750
0.066589686763090503
0.031423630711673353
0.092661545589462158
0.230210145879253147
0.054502413914438899
0.127354818239540590
0.068264951530391943
0.020302582771381653
0.028118366769842477
0.035543284443746416
0.019622939185566551
0.099280400223305074
0.168202288626692786
0.078499618915365693
0.045216082563647467
0.004617626748406985
0.055504462453823254
0.099037512153105522
0.035697124309928628
0.157388570827210639
0.104827227717904661
0.006931798231465019
0.212712879404511418
0.336319526759795706
0.050755663766418324
0.064256270492764000
0.064682673306115629
0.022047350188835895
0.133983878104841914
0.100341263065509445
0.040120679966609327
0.037692721998148493
0.103448347509616456
0.131661216489482896
0.103463628601711141
0.237448687841943035
0.033026862574258242
0.057768498154411554
0.193025019583692503
0.226342742017370369
0.083548666939259650
0.143479979759491200
0.023713687939747537
0.043477926067789052
0.142624681621345339
0.097502642259247499
0.119678984697496174
0.168912159417189789
0.070804376211299924
0.050420715821070765
0.117429428634289609
0.314321814683013012
0.115067867324428905
0.145755458162016960
0.390510659062546117
0.140723974621067505
0.033825349531337194
0.037500006692668210
0.241058828430237182
0.099098228106775155
0.307436936444509867
0.131280218467534460
0.092932641932130675
0.014678899368988507
0.303788246851688593
0.185800157167456542
0.079675450524565941
0.251691310114577849
0.297086851730813450
0.083717850466382610
0.140060961392314720
0.389548865730377225
0.090127561023717606
0.051432345997339188
0.189991325266522432
0.098061958672701302
0.224972878006229088
0.208737688263541277
0.160271251680471100
0.013053412995583949
0.181774301232364099
0.069588268527766964
0.065183507054974985
0.213011888224610396
0.126462577891000572
0.023474579754676008
0.137115842514465208
0.183875323281113640
0.075215228552914959
0.138617504508462802
0.093689930617916362
0.062533351294061845
0.125509301208954316
0.304561627223618958
0.090678489640130019
0.190793911109486569
0.271104439334566294
0.239509477816855054
0.145361900058885551
0.091982592103482572
0.230886871031153629
0.149813480717086694
0.356609473129649968
0.187719805401712792
0.032705252168913630
0.011974216589456917
0.209195309325387796
0.098814668355201599
0.178743306614954550
0.125467955984997437
0.100723758569573468
0.002994532254956592
0.158908675495170959
0.103478970913564269
0.090458742295028080
0.139404806330611475
0.075035721297072575
0.039122694822601473
0.073769613900183897
0.185107785515470968
0.202429871715886944
0.089965032633860034
0.121149127621696440
0.076127630489829887
0.221878483347367123
0.228046388798996941
0.168215774011498204
0.235934170132090226
0.349524957982260021
0.065358462243238352
0.198211735327454619
0.317580678563308960
0.258510659300863810
0.077874321035709348
0.133985529423189975
0.100935201959787266
0.047771559823351462
0.111008606914406671
0.130019375122744141
0.093081588678763413
0.156962463125666668
0.063376553559453347
0.065286602168951546
0.221508536086671121
0.201930630901126951
0.147019755521293566
0.099190925176854031
0.022085928156087412
0.126983069894156003
0.164437428346402403
0.112357391199728887
0.122679712662672358
0.105429300661309483
0.001898105439722285
0.378777677279445113
0.205268003221106027
0.092617182280169741
0.064586137387372844
0.045810723069324502
0.056699935396884747
0.224465576530135713
0.374007734799562397
0.162741544143878536
0.160479675108470859
0.037261493616080402
0.087157075437332782
0.086001721438158346
0.270568248436919068
0.400000000000000022
0.239115570943199796
0.044329750255413927
0.066889134533041072
0.367653235590538363
0.200742099233954835
0.129807180331569100
0.176854045805180882
0.204379826825953431
0.020808549707461522
0.119943089887356663
0.228108585798860258
0.227216587700720507
0.111093790851639576
0.066050332287909436
0.048538554979529233
0.183867271403020810
0.354400007525641714
0.126873601605822728
0.150055946986152877
0.102959893511868600
0.070597961028358261
0.129591864733086370
0.222269881853415258
0.290740637203895813
0.400000000000000022
0.276317185145614930
0.043828225446380778
0.050203521172192400
0.034068703300013693
0.218072673420173113
0.121611662376083826
0.145729453822251998
0.016254198055891386
0.113668053472779904
0.159814519062339511
0.304935269682282128
0.381445534328702429
0.307596820282726391
0.066220924803016168
0.097920227303538929
0.073287061409415155
0.139076148988392767
0.093827899785639379
0.075589065669175365
0.084747998752695036
0.157699685853010918
0.150962085364692522
0.208568918110650925
0.094978080505782117
0.101746176304399763
0.029468967188651902
0.395549652981312727
0.371325833744208078
0.116894480864060735
0.046794096389634249
0.074827603015774957
0.038989735548813367
0.196477511435924512
0.272059294369712434
0.209444488342613644
0.049197138742853953
0.042706787355038293
0.071262160013592563
0.362382827266152452
0.400000000000000022
0.272341928398189714
0.177877728265490698
0.107975745140829249
0.140210861251075847
0.207543237309939343
0.112079489716592623
0.158117731199980321
0.275448153668349627
0.105544440911542123
0.063248593127968808
0.327380520577659873
0.175276779329036236
0.059522920324635117
0.092945087539385615
0.027675693857392977
0.017033808747121845
0.400000000000000022
0.172912681460688999
0.068818815631566832
0.218133383942461012
0.168860089104293676
0.088363056846647428
0.078709883138964709
0.183577686008860819
0.363519158120018671
0.123779297972573629
0.058489455619854684
0.032681779687091392
0.091224965742916470
0.094676291617387692
0.142601829833128357
0.221144242624535248
0.166548805723004983
0.026361695048819609
0.112897577725680542
0.124034707796212090
0.145073166917093099
0.202511752318444260
0.221343252051759948
0.034048900343005832
0.232062253995771656
0.287801586578164292
0.260459059628076028
0.128484374797805445
0.123273361534657594
0.092864084780057227
0.103971818760910717
0.224660267134733638
0.346012160989829676
0.157164779034900226
0.049558545962103434
0.119188367682627694
0.108508700196315588
0.151679986498340108
0.164338857313456072
0.210521228035987273
0.093107998181120435
0.065804319812343498
0.129216592166048361
0.288388205883745086
0.118295483664925011
0.151674645047877782
0.183851714717213038
0.051954361646522729
0.177766490015829115
0.085784661293206860
0.104040806736102429
0.154496195975679124
0.048671256402528840
0.201047440695042268
0.020947206667779300
0.153623321380733591
0.204270397311844265
0.186728348986478998
0.031112590609914465
0.091444934545965625
0.119588871433696425
0.092875184584270520
0.060182238296368852
0.160464121516594338
0.101805487616547369
0.115509877227889649
0.143931395746690227
0.192580274959539055
0.061529722052521385
0.082248227243963606
0.103568180782343353
0.023854039544101223
0.122906980690072373
0.162101113188218238
0.135811155432580322
0.053239007253998161
0.060097190783868618
0.023211919760751178
0.024859464222429482
0.065071887847460680
0.280771259682374374
0.167609205779659681
0.108949824931794503
0.010122993709553156
0.127569045643864759
0.099106252603508846
0.110707527656965399
0.158392130843369783
0.045999898257902114
0.030029507307938512
0.094703841722277138
0.068236032375460415
0.060148027490901541
0.056845072324267248
0.094544764856553207
0.040716810529820957
0.100036742181934951
0.162335720523039378
0.066349656796497292
0.086566362521582424
0.020319336964931021
0.102173087218666400
0.090592392047743511
0.123749174342173390
0.158733466446428717
0.107097043841602318
0.055582975998178165
0.086756361149035274
0.290630546032065284
0.102138723996365685
0.099176253733217118
0.203994380797473868
0.185061474679640625
0.339310018955230497
0.214880163717593803
0.204043938778259965
0.142845985114453705
0.082419277022767135
0.094519506313981524
0.047043499204860270
0.140394207518232644
0.185468098806366971
0.220071157829579783
0.025932062388437448
0.047070448317941216
0.075524338650522646
0.023231947334166322
0.109573128276540394
0.258233510090081220
0.144265746012907203
0.063548736644836082
0.083715593799286642
0.184551757168552100
0.127248632643906678
0.041960458020151234
0.099663263347421566
0.117688422998462328
0.143527839998476903
0.177353522634244837
0.261105021874335708
0.287530412145472480
0.166003291648607249
0.122651805432836353
0.112410117247901578
0.125901235851300586
0.257048302950390939
0.238027349946848432
0.304372349285921939
0.277173820518599623
0.130433580227094670
0.156416090589632961
0.237124966806435078
0.284613132950557346
0.259835911533750963
0.229868602423865004
0.173797722327975468
0.239437624500452972
0.241019114112730193
0.349865994697515004
0.206376221932297765
0.223700648017511661
0.346402221146775102
0.289981607365089544
0.218810437750151576
0.143612058150820898
0.175289309685853073
0.144558503833202900
0.290962396398844469
0.392675171157981562
0.241636281727341390
0.142103507429177267
0.126070051874714595
0.388661760197152151
0.369623342366253493
0.272816771776980493
0.084059706314975613
0.212200847913329549
0.106661061880984565
0.254895557258124905
0.166981139627311675
0.175136093432561063
0.219570878544842557
0.235031309960539586
0.079704751881196079
0.141352073258745936
0.285845020865859722
0.148957804974405139
0.234805530562910869
0.394536169227252431
0.298726801769431061
0.224358166024095917
0.122123504736416505
0.110252489866254078
0.322337440137952125
0.360948139648413102
0.246487694877411789
0.122577687334779167
0.057644030209451094
0.400000000000000022
0.400000000000000022
0.200625058812040125
0.197843637419605062
0.183732459818491151
0.268364959335664399
0.400000000000000022
0.400000000000000022
0.270587895269017609
0.322162413831393490
0.326758328611930715
0.104640423479385222
0.222058190171465719
0.191072907524563018
0.067242170671783480
0.070020909863373712
0.303295714720482057
0.169732969674899981
0.199029785977996532
0.361791797152828776
0.097691471124115817
0.128113447339548048
0.331949838007583098
0.237446459925033854
0.098947733096000356
0.164760738571720383
0.101627906957352104
0.253717288117358664
0.330430946130774783
0.147698926473792957
0.165141252629223328
0.327973808748925455
0.176366743937253961
0.129547895847741984
0.324725822415902199
0.358612417292753227
0.187656351756980866
0.253094645947620545
0.400000000000000022
0.400000000000000022
0.332347951028919231
0.332192445708276107
0.400000000000000022
0.315379760051026969
0.400000000000000022
0.400000000000000022
0.215394388054606034
0.040168215705332071
0.400000000000000022
0.400000000000000022
0.170942635969968337
0.337755318696287832
0.392815923671269163
0.315271628746450316
0.388904146522493055
0.400000000000000022
0.200227608054369732
0.124935900420092699
0.400000000000000022
0.284250532705489722
0.339251999570968632
0.400000000000000022
0.247927655627908694
0.073356555583502930
0.400000000000000022
0.173317731119853463
0.186059527050613488
0.368200688752885030
0.209523380166383444
0.107401324571002349
0.365167638758035040
0.233197004971619992
0.176202669540375445
0.189338581255156208
0.155965777432333808
0.241398168622320247
0.375529972122041811
0.391212553799178631
0.350912512239596297
0.362767296311712839
0.384790965852978450
0.381956211934368906
0.355888316893923640
0.217103825086901875
0.333559483316227812
0.283076726692689351
0.400000000000000022
0.399668635043518572
0.400000000000000022
0.332140988557961092
0.384779527740287119
0.175457042534207019
0.368657443747678837
0.400000000000000022
0.162278001984598852
0.129353805166715824
0.289609094726945238
0.267470081812575033
0.185046624166691986
0.344171554367320776
0.239411157946379322
0.354332482020711326
0.390473614858318996
0.280361242259476007
0.317493311612586593
0.321198880478559323
0.400000000000000022
0.400000000000000022
0.400000000000000022
0.400000000000000022
0.281622950215169476
0.400000000000000022
0.400000000000000022
0.385303193362586449
0.391710765676798967
0.369895588409904719
0.333326108718236314
0.214529795924875838
0.332486731599499263
0.250626792391502873
0.332481368955907297
0.284759351305844621
0.385602706461295353
0.379659014167557873
0.351329269579247039
0.293217691050798257
0.303010083869872382
0.399884234129574079
0.400000000000000022
0.336975582930941542
0.355581453257236113
0.400000000000000022
0.277383625048194193
0.268172369451278869
0.225895868569797736
0.264995264910936390
0.400000000000000022
0.400000000000000022
0.400000000000000022
0.382516270929650792
0.304592027840135449
0.286356389136859513
0.400000000000000022
0.400000000000000022
0.340445099013893082
0.400000000000000022
0.241576620129297148
0.279492902819922728
0.399003707911803451
0.400000000000000022
0.224854405375881250
0.329391880667603776
0.400000000000000022
0.378901890834267285
0.191266144879116529
0.400000000000000022
0.400000000000000022
0.243514162142350915
0.194736413738996111
0.400000000000000022
0.400000000000000022
0.400000000000000022
0.253693381712713495
0.335856202802347181
0.327037326579932230
0.279241373166158324
0.399209164236449421
0.400000000000000022
0.400000000000000022
0.400000000000000022
0.400000000000000022
0.300543610167184783
0.325199936530002065
0.400000000000000022
0.395857752798384310
0.400000000000000022
0.400000000000000022
0.400000000000000022
0.393306530773717355
0.387159446398115503
0.137045915093110982
0.038074965475742975
0.300342200011425364
0.200546804669019613
0.397589711074514129
0.277171182098190749
0.261033935694423180
0.185800361101669531
0.383394502277139337
0.400000000000000022
0.400000000000000022
0.324472500040190681
0.322144826447144594
0.092949785802732790
0.221781478619269612
0.175815010412133516
0.190608669986997825
0.339638522420742883
0.242195889898518979
0.206500472710768213
0.320759979258617489
0.273613430948595138
0.242492757525075042
0.400000000000000022
0.400000000000000022
0.378070004684178118
0.178250878416661540
0.320558821921417991
0.375681969674692862
0.337695829238487566
0.213003326432749551
0.333376547258648903
0.348807613374099490
0.261421795801259571
0.368710937917699821
0.256279319282884888
0.400000000000000022
0.400000000000000022
0.400000000000000022
0.212095599029809484
0.300459673942970018
0.292524759130030121
0.400000000000000022
0.270110484737570600
0.339891444988413949
0.321645263625786826
0.152315527038030196
0.372339636594045453
0.386722898418693117
0.378654560763314274
0.119285423554116088
0.178663051757047275
0.227515501550541066
0.358510242027132886
0.400000000000000022
0.326620639219461162
0.203271331476705758
0.400000000000000022
0.400000000000000022
0.342305091794457006
0.396629530332812341
0.242255536725163312
0.400000000000000022
0.241852830695986232
0.269084610152790393
0.098486451844091702
0.240161378104238682
0.225890755550428202
0.233668386426744923
0.301587708103686625
0.232450538809515994
0.240872046866856704
0.154453137875031093
0.159910731802609118
0.256580864440662582
0.400000000000000022
0.298913346062904095
0.325829901936906641
0.388590367621704180
0.379952396825061767
0.389549381852778875
0.400000000000000022
0.332885030804944415
0.150139174841856210
0.334576253293839831
0.312873158888913094
0.400000000000000022
0.231858525054640774
0.161540815588883585
0.352630707385749975
0.392930739552398767
0.263917787399477577
0.294907413198197910
0.400000000000000022
0.275569593609563401
0.204187059866336229
0.191269775245232670
0.333946299562098314
0.158120576987610312
0.176379657017317004
0.245641463300925789
0.233524590593811227
0.285806848513245504
0.171941640349468960
0.155391587449269758
0.197776850749796701
0.307729381946924119
0.365375084511581627
0.223048196163959683
0.220856488652720812
0.388605422947221890
0.329007881618591680
0.135109806014237638
0.149157852720300521
0.223633825913117312
0.312590938952137520
0.400000000000000022
0.236530018081684196
0.115311870155150764
0.383452022169318840
0.169536951468150288
0.228744902050048493
0.205220783401314361
0.223533996656215234
0.142607263227778724
0.358899027492861122
0.160436706843299054
0.209881197101690897
0.164504036248171392
0.332425800278189409
0.281803287713467188
0.177609324905036031
0.128083197791820452
0.122261892575964981
0.310826041645234641
0.195723206342870770
0.172702054430699747
0.244845812609336910
0.391902074257383215
0.167393326413506183
0.199005106383084579
0.400000000000000022
0.279469718173961712
0.133323230823354816
0.126097407498339753
0.179960414351993642
0.091656942633593294
0.067909048114924236
0.149940776249382790
0.132803269088407894
0.168314982545452269
0.278366149149290532
0.165226002029650931
0.322027320422747343
0.230177259733827688
0.175276586280177615
0.207349620656595540
0.307035032042191292
0.294308597940281580
0.267739978727583094
0.195851331767212311
0.086941474159220017
0.305148767137110033
0.202979112319543409
0.275749215072295717
0.242988535589804711
0.231285855455392625
0.352240432540254389
0.246742223445982956
0.243079985334928472
0.218825502030517732
0.175700870714050050
0.133261098773426789
0.251978811081994158
0.400000000000000022
0.303980775055497920
0.275137200664011095
0.133701003921987721
0.320309461284646935
0.226566068650082136
0.338244322188412494
0.194613390394971636
0.288472572657499704
0.155474922717855957
0.183145479124110805
0.109104869426159032
0.254178915536869388
0.326431738861669707
0.330129010030770997
0.254437657504788362
0.194283981959420010
0.240333756313726554
0.190639892169175651
0.236459267034036358
0.275010210102404007
0.224124561519019744
0.306112635368477715
0.215412592348258131
0.339935462355812679
0.289455478923744791
0.312419127559679766
0.422610031133062725
0.369687719826221062
0.209500077498095183
0.328088769042356565
0.339447127789008540
0.310353729874718265
0.305324044646936132
0.260960184746446611
0.220192054467217624
0.334254705998605184
0.355035755927540497
0.334426024761266760
0.222118211381943598
0.257712045492138775
0.335393361587244865
0.338419423519325580
0.362426936776468478
0.209658219554154063
0.296532666395026401
0.359222802113250028
0.290309595605348914
0.302229023955894960
0.336802320804873045
0.276314313672602729
0.266257041286801777
0.424806098801064846
0.241167209356497020
0.338596178976718232
0.286014205817883116
0.327511449007150679
0.253316604912120269
0.329318395254689422
0.271061387907241713
0.348951437985418667
0.319588466708819741
0.349925779897441502
0.384336031268047329
0.290696694972097769
0.340205911022999907
0.182068895446308499
0.193300866832540469
0.319567821173436961
0.245577215876914196
0.292273686865473392
0.329359760747534813
0.364689779158390015
0.228189595186518129
0.301817965546061773
0.419904005079580755
0.334882891376002689
0.284238311496875451
0.370922406116692138
0.319553587938678496
0.257735547215047212
0.283885809204762030
0.274263691058131920
0.264592863137650458
0.311137944910724218
0.313605435973263902
0.342744416976570265
0.271127367916941309
0.252593215561422391
0.378075989757349851
0.305810770432090651
0.295972353302195568
0.219238404955879651
0.362439458844499018
0.357337988385165783
0.382070805551235904
0.312891575936890154
0.299584417778721690
0.235857118884383682
0.257905966269545206
0.441612649340910102
0.345832599212184733
0.371575206787825685
0.284294858324448285
0.315779182244834089
0.200454765259241385
0.269464673597009707
0.367872046498831429
0.402107169640503193
0.362688059359124126
0.354680501397824532
0.325655239377201200
0.258121050826500331
0.322476175853401548
0.341297849865921765
0.306013722996871573
0.377878648911433801
0.287850362105376123
0.311908399292871175
0.233375006038980287
0.411459629702061902
0.350826028207187113
0.311985322265857623
0.382690733019378670
0.324796457781198700
0.195213634374013595
0.316249596213096285
0.373540589165311410
0.304005024764646414
0.279870588348135663
0.281265844998621450
0.259802713596385237
0.335962454445616399
0.337304926733890897
0.376240364591698018
0.342376022806039404
0.352037238583180867
0.350999689489633726
0.349822319894842415
0.351974364472232848
0.204854072220289840
0.311800556053315414
0.385073528259014697
0.287743310109228267
0.345812430592978892
0.421664241577164978
0.282381308532631048
0.208612026601142919
0.333424073109160390
0.233732687348999046
0.349195673318150046
0.323453186292291583
0.409220596433285289
0.270591640224682406
0.275023265419821139
0.239801805583198774
0.310100463468345577
0.324644396285367620
0.376026589607235895
0.418639500292386724
0.352762408666800475
0.317066451701842167
0.266528888002091846
0.358352113124156602
0.384244783909438947
0.351025201281308041
0.349594314867846756
0.325915359115952818
0.397199521097278796
0.286793476992826590
0.365809617727061109
0.419320953133550833
0.306297723019736401
0.312401441691497528
0.342986836709783471
0.309723469223982251
0.293689374293251038
0.278078541193829132
0.251399593070800564
0.349375002247376609
0.376675643454742304
0.315207684757338957
0.328436067305300228
0.318336193924699196
0.365177461693099614
0.404772571429043049
0.328889077224015558
0.307558966712596138
0.211949990303150176
0.357374977966058383
0.378361291523081400
0.340686567564039089
0.309589480906521441
0.342786454867289037
0.295284524516613578
0.262533725204760315
0.331410369483025158
0.310962727976836495
0.359852109539111009
0.292919556512966806
0.357883255659915411
0.260278745009923318
0.287840933430001167
0.343730646587224742
0.345972727593939045
0.322307699750470522
0.360291591358952390
0.346429568340310856
0.288647730216160026
