0.246895769317943214
0.255616895049452064
0.244703955251089095
0.232168870279660627
0.098386891406766805
0.072545794002672845
0.146424393612598736
0.098721475996201152
0.103740122917391570
0.187718365640042684
0.147809854376883654
0.288159583334335612
0.137054824748652659
0.130030158239054339
0.063080235960652389
0.219535404642508453
0.333193200120585731
0.293453829450507353
0.091509868421597682
0.175675207755788515
0.172512497719464752
0.178958865476017359
0.209175117235177482
0.067091564785683344
0.006793878866041991
0.081279531645240988
0.191254892297135326
0.188735216915780241
0.346910947349070908
0.229236328291209879
0.045331852612682536
0.203757480963550286
0.101988709622526624
0.115802624960649941
0.355120054527935103
0.273713997044654322
0.064357219675542143
0.031507704983878129
0.064495124987895391
0.072360788820980848
0.154339696137534288
0.104975006601740736
0.063628405200745544
0.028414422666936379
0.028991611009220354
0.036759068059638862
0.135969357233435728
0.069647609787899092
0.234257866470566123
0.118369022086893899
0.014238111712140145
0.052450881151703911
0.064483796332011400
0.062100525899966993
0.115168795942195618
0.109453130451332162
0.058660083589650393
0.142191111275965093
0.051858397984146605
0.173694524216414514
0.234912265153172511
0.221446151923005541
0.093493658810791885
0.227176773054703796
0.167176844417251669
0.141855212621588955
0.102125633064087312
0.079248523992671516
0.077325795317798346
0.117248971460307660
0.061796200578674736
0.117790354895844190
0.044251711665124482
0.149434343925066687
0.208396873551059791
0.133921460784514501
0.208460210380308264
0.115502972249936622
0.046692984904593775
0.021611673006150731
0.136899643372466850
0.092851836568825313
0.338912326342368675
0.171075930694020967
0.088379906299349165
0.063083501996672384
0.071237203159772597
0.025379692002393088
0.092452409153691212
0.074506779587938013
0.058099860540722949
0.067703999096574943
0.143542685734237979
0.035651022302926119
0.043228018296298694
0.053913912638860556
0.305087224581775618
0.252863096073961513
0.110860966190969606
0.150862753050990367
0.086974115713514308
0.057899345739702540
0.225557075764032527
0.126963065584298013
0.096105390992807460
0.080301490372214443
0.105792648740888659
0.086343194365083947
0.400000000000000022
0.177051396332460670
0.079527675672589393
0.053011929039111373
0.016981112749316123
0.048336367291200208
0.213765536044330462
0.171161206252734621
0.084724257214435314
0.038187991578775685
0.056681338260368891
0.067285937503231835
0.075413725583469676
0.084787665133736895
0.093893887908605256
0.048270351962387770
0.100419317393286592
0.098940026684819049
0.027480165004113429
0.050865586557279865
0.252460964838225665
0.099494975698960750
0.214907809791401228
0.230221088025398812
0.084611853308307033
0.088118150089523284
0.230441673536255276
0.102700689816107318
0.061838784899890975
0.078644035905475140
0.050686175156804493
0.073927672861427679
0.073150851099023778
0.005523906345034916
0.010547125766246208
0.021466755301282087
0.291425053880953411
0.125121178517990594
0.054591097588019416
0.050411946551691733
0.092737222130250041
0.066262330436242134
0.241778352447365619
0.092935021869386694
0.137172088620056309
0.047325546904629638
0.071820747360211185
0.102965550815112286
0.400000000000000022
0.179692134954142269
0.159130117964231876
0.069286288983996080
0.062727837325208896
0.060524273710414474
0.350766283938150569
0.094261986526714858
0.217630862058331792
0.050665425115749091
0.025263874671738122
0.046236614493739246
0.276068667851518901
0.166927102186782333
0.150957612183613338
0.067646484979301896
0.043100931054404691
0.055735669191076712
0.138021082137703061
0.130603772798609047
0.133153427463542140
0.077834496480628998
0.085065006820265188
0.166939686059315723
0.112251678819224349
0.295879897512458245
0.177605218368572015
0.051665491578467330
0.053503037516166765
0.043803510891815466
0.084973243221538680
0.196277336084703546
0.179419649542069681
0.096613825545251567
0.085532212160909574
0.092466538799062581
0.284702183428429401
0.067787052455154331
0.045185298519333089
0.094619225673865645
0.100575528210725573
0.146594469527078608
0.268869130989758398
0.083600441303589068
0.201000214535662691
0.046708785589515037
0.023743879410186214
0.164293783763767187
0.199844786726061291
0.133624932984016620
0.287327287968382084
0.045995015994765062
0.038892269611341693
0.036040188335856149
0.307641791258669361
0.166100901893505987
0.269507865046896999
0.171826612413723934
0.066256821308413094
0.069233636353675757
0.350010270358863174
0.151815684691367303
0.254833608387404043
0.227956710285149855
0.031152325437752454
0.076010225891314120
0.221684973809931130
0.084029115328544929
0.198853505154841959
0.141574296140011491
0.023977467486546580
0.124415350646084721
0.060949978126873708
0.237609116266672693
0.246286334662291828
0.147302763254837321
0.078398939546824115
0.087285860116823155
0.054819809850926056
0.136449024803337898
0.167294887257085495
0.133645296838405869
0.113137190841027691
0.081733961611202111
0.291409222502558019
0.116706097566959946
0.097015350958736368
0.046685823329607391
0.206775585197761846
0.230967892257315843
0.292798575337863243
0.175893480606514774
0.267361473086953461
0.068451083112249900
0.036894928932832485
0.104814205827864340
0.275658369642317214
0.120705292753901849
0.273442093965787447
0.050323818103021133
0.104573200722232501
0.120993357839283014
0.238833549654763139
0.060681910519392417
0.400000000000000022
0.377472115184519397
0.165532458351159595
0.194468007726732534
0.254059795308131331
0.165329339039680001
0.400000000000000022
0.194510973316601471
0.023965146465582302
0.067632572346401923
0.225671234321551950
0.103525486527479532
0.327141558707936930
0.210106373942293867
0.020237645879440318
0.147248571231541225
0.140971993372497328
0.146897635862994924
0.371878063147960458
0.159727025995281657
0.196196320117055012
0.108713736895220722
0.059614017107737095
0.078494504852490751
0.099273053858418628
0.065147841163799916
0.073891187705664552
0.052352431680430744
0.356466810579767146
0.270548007422097281
0.178863583624852940
0.278244203370008492
0.085319120633695206
0.150632274174525599
0.328560907509327871
0.257721071395791423
0.334248340706946312
0.194246768261553210
0.138035091980412805
0.088397355568034408
0.152849324537789016
0.268085268362499018
0.400000000000000022
0.132376437861766505
0.184912623597559611
0.150637270614847885
0.119309566878216505
0.134484861152787849
0.400000000000000022
0.162445836930067339
0.249272502604329593
0.279044568735671294
0.130052364216481336
0.127371176103594747
0.400000000000000022
0.310359506892512904
0.060888915770512815
0.188820736297428987
0.056534361547688684
0.160457804730829379
0.239888421093150117
0.387994897343965195
0.076654212386287279
0.149673313503721789
0.109203276168656035
0.130288643205610066
0.206591391441881489
0.378888668543054474
0.128591022731325222
0.137866564081770782
0.098483456686423124
0.059796950495652590
0.254991339803009698
0.082338533140565232
0.055514290073256520
0.021216412688053507
0.203343489807130906
0.150644438174582673
0.148451037204342329
0.219328812342683366
0.150424399719766233
0.110200821544258837
0.146564530956362044
0.212761710086719902
0.210814570787770661
0.098565303239190480
0.385970665608774022
0.163690680366591096
0.113948627407342962
0.175543213939424181
0.249079776695638438
0.105449524645012851
0.164566791974146920
0.290426948364636228
0.104175190863756470
0.188216658183231023
0.260260578295242739
0.126993095502089148
0.098972846850030827
0.183187066718535407
0.058395062469148579
0.228623574610875513
0.386577865741411175
0.108663385572735832
0.021041278864028283
0.254542435918413912
0.238544372307315261
0.179657134205297053
0.193747932232748082
0.287474413964474040
0.079975736799067235
0.189115110574658213
0.078177183179987342
0.096620507502223424
0.173449388184699294
0.077903474219172320
0.053654354591742046
0.147741955440322703
0.076920069491610496
0.078833230877092347
0.099281964983479506
0.060339948434674093
0.082908969817389808
0.076797816158428261
0.126830611884366562
0.189177286391292665
0.333665247534714104
0.374257280852534346
0.161656151388163583
0.156776903426626868
0.302175555227816750
0.216306940827064503
0.156140047586955627
0.253159220992588030
0.398981951230059861
0.272986394330018922
0.083716802590747152
0.072902667973977806
0.152654881870675330
0.051629124660537311
0.113060460818258823
0.227279558390996062
0.118462926770080079
0.032816005340714396
0.126742588354012475
0.153072736936054415
0.164167572008590668
0.203011645330667234
0.120292136538462088
0.061256905211766598
0.014559523041597180
0.061544054182564943
0.080270764832805083
0.316308529706632313
0.211981661910053243
0.179603458829478757
0.163999673981600785
0.200936202246982276
0.225402310816806367
0.198136987288591859
0.114911375989405123
0.157864185120181161
0.096838314666669797
0.084778864854091029
0.127914226256905322
0.132470388832008568
0.116109008267876318
0.283012050891991385
0.159992327936703871
0.129871027762054142
0.096534570706616279
0.109885253327140012
0.143975312606308581
0.153151027313221888
0.367474251384032669
0.217408919148775720
0.083435493683054862
0.156323987539758069
0.217540055345955552
0.210505372626991538
0.151180510836850773
0.253708337904870795
0.223076455864667927
0.182355240473401126
0.083295105914081360
0.077780267867229635
0.073916619341616974
0.132143416419556903
0.130942263398187847
0.179282447434632258
0.180863207664508363
0.128669650620077569
0.081330496883494169
0.089238970967428125
0.214774077520842460
0.110235119154757949
0.111066340486083368
0.128356279229059844
0.213969664145928051
0.067645222908247704
0.140439630866259157
0.172507493739630507
0.387206777755427001
0.181338139864822279
0.343269157751895315
0.226283222027669373
0.400000000000000022
0.149187377552853800
0.078050203654158587
0.072378632143229135
0.123251313978615912
0.071317549920440315
0.111539925214292915
0.082797020075918035
0.400000000000000022
0.400000000000000022
0.400000000000000022
0.400000000000000022
0.400000000000000022
0.400000000000000022
0.054577374326344338
0.234599822610224440
0.127623168068491527
0.172203993999031052
0.150944603478027101
0.139085855506697720
0.110828178875479355
0.081725199579510105
0.044980224500505463
0.177054473433618326
0.199143019438446922
0.173988824724658431
0.164346465110100620
0.086600184669418517
0.082269293556209544
0.223058725312069078
0.128229989634720210
0.132506333764827566
0.067639122727838730
0.235543775243905851
0.122198250253411592
0.174787083027467149
0.268917529682704548
0.051319228049504020
0.049534259731206683
0.188147312802097594
0.073843558548825322
0.036696550764029987
0.134433654045122364
0.102711279658406068
0.147673146548887357
0.149907798629380806
0.043726590463282582
0.094235314466067616
0.400000000000000022
0.362906534195498343
0.102530097164321404
0.202932466057143407
0.129634827224708316
0.146706021579965207
0.128769844965166580
0.085514611153504352
0.321200671195885912
0.171629002099427413
0.142254696339882220
0.105266418613594093
0.043233997582660354
0.245828607505023417
0.063599832864883243
0.315466418426390394
0.133561136018521931
0.261032774515878585
0.186993470869581457
0.138068484039528622
0.163982505522605571
0.366632082534673887
0.060469787372317937
0.094154407463926712
0.139020408854175131
0.186265320011089336
0.094695231133268637
0.113985446221882142
0.075093224570629821
0.141539461641084219
0.096347651980691063
0.083888705169152727
0.146333440151148297
0.317767186742267893
0.073784346143316012
0.130759467269661894
0.334379217214901714
0.058851096518559791
0.058140618934515345
0.215605372095216380
0.064606709134077372
0.079920960564493132
0.156552935989436814
0.033758207902289186
0.088321464930014734
0.052843721307047210
0.054854259909484268
0.108065088952808738
0.167178362847284934
0.078986072036970445
0.182622330424147078
0.305995733248414448
0.347461656625434601
0.072260961085791872
0.063953405419891196
0.049276448424424329
0.119458694541138541
0.106830866751401771
0.029951519155795775
0.033719300317538149
0.037819942685569777
0.058612902759265957
0.081003254597736996
0.178088832494332328
0.101320508885966859
0.075152560933131676
0.225311911662623210
0.181066614475725696
0.099693748927629292
0.193288522479919317
0.036056239511134104
0.036754544237749931
0.103087289965225967
0.065108497095192799
0.054741398504186703
0.126596555615638262
0.027788101608612642
0.057340377415909333
0.114162899106428239
0.173795037004769115
0.113041797003993152
0.182788629346607612
0.050632447436413860
0.182813878275405683
0.101270638340373115
0.136975694680189775
0.247554078239134112
0.234432806296736906
0.104435223730170126
0.088979999562608270
0.134587891384121222
0.055669357951476706
0.122639280804721820
0.042115377213941547
0.100449899813908117
0.074454785958777331
0.153140318943738585
0.116029717723051914
0.239864975551409176
0.151394208803153213
0.138765464795307880
0.074492086703542612
0.146365857935209509
0.111747775331971194
0.167434971010204880
0.078555836715821087
0.044667200543875268
0.069383572232340138
0.082547088461733961
0.062224080664227160
0.047045945144208838
0.119339023160140056
0.062379807511229297
0.071677207698894463
0.155154259695608199
0.269729642000529735
0.070864483367711090
0.128895058887567804
0.009818463498560059
0.059333345916869916
0.174423048136260583
0.131334233888800167
0.229081644669327344
0.232118452590472563
0.155837131229565717
0.208785459159518128
0.171723072552230793
0.123345863078831774
0.221479791229676676
0.224412369121942623
0.091796505514565599
0.178155982012429021
0.197559093985398504
0.211765349100596550
0.337918266887856089
0.316154156421084520
0.141999927011856486
0.094169996733214051
0.145392818992096134
0.064364201834423623
0.100230725632558734
0.076743885819486324
0.143398255259912732
0.116993337749050436
0.076789175132848594
0.069163122930352428
0.181221624701729200
0.122575659235577630
0.174104363392641709
0.119910978206515001
0.176370932288889282
0.097575540881547421
0.167882240934405791
0.080859881057249477
0.057018052494185296
0.068020773653188982
0.119426513038173310
0.045976812936954270
0.113740846403945245
0.034225071343909258
0.041347998169832423
0.020851595762279108
0.149685260959171867
0.239640222797728869
0.102719529254013731
0.055462524571751583
0.101239860919245347
0.082917127433105350
0.220677537710583155
0.090404292683484155
0.128933194663964495
0.101896872477626771
0.116451814750252278
0.125242962613640790
0.117700219643120191
0.107718829699022509
0.121835149628275782
0.078552963224335193
0.195349611707117177
0.106863570627032639
0.114160946977469410
0.227814924203971869
0.248760955569564512
0.199825320663337636
0.102929492420196667
0.207510895391793460
0.107944514968029801
0.059365095384215645
0.244479724664868864
0.143562039433995259
0.136995275519807974
0.133917750236237726
0.060399208596742041
0.078710486724875767
0.122620969145232864
0.069189013148176659
0.103575505095087783
0.139150580629463866
0.091176632341887540
0.090897366038966879
0.107082931538932016
0.098280037200185771
0.082833560447946805
0.033693252017555561
0.055170411096107444
0.045638939410465630
0.116539945788746505
0.032063556835671997
0.029956759918709039
0.076455000666834083
0.163204132450051664
0.228631309773861452
0.075348143059132622
0.056060903660366396
0.332710153363883210
0.114563031490691900
0.160941971780403925
0.235068496968561191
0.096196195981930813
0.137194154912618160
0.070314290509971011
0.071299461003211537
0.165135836618314658
0.084455448296232610
0.062872807059209723
0.180204921543615587
0.124030841054866905
0.020203351863861227
0.085765171237110818
0.183299722040108665
0.162600089526978964
0.096145268929927558
0.084941096373345945
0.106719632592066932
0.079846231491855768
0.123172779863327406
0.136700856052390241
0.152700015166773978
0.089368751779896796
0.090319660670776389
0.029198109340599958
0.072043200645791991
0.111446932074221933
0.049777036923121694
0.053919161050651691
0.073022143527705974
0.088603424665506109
0.051250520934894385
0.102803590825108718
0.055270362873009654
0.115256019077469407
0.063105164766119354
0.052707775607120644
0.035040614012672285
0.133107702972605879
0.037397026311847194
0.150025242792024560
0.253473691163550230
0.334988648376384646
0.171809256989244291
0.021785886562824531
0.063978424808527723
0.214272191823251412
0.197975910845337499
0.231004187194989996
0.175641384403202594
0.080643137521481237
0.095882852414426789
0.138838042535943118
0.172654260063259540
0.363441027300644537
0.247136767877092905
0.031319228012695204
0.079035233140633196
0.092798889720152947
0.058374393802540336
0.096489941060534878
0.230290664592559896
0.035383540229202329
0.146896139729237957
0.048966633286476019
0.085807827597709649
0.096021083798821599
0.227664317410314176
0.152946160740028120
0.369783012788262311
0.088358535599070268
0.230640322515783480
0.255296876056693989
0.083867219515417701
0.222708200692730895
0.072350419177290723
0.057153968475868053
0.085491825774761859
0.090674561444020904
0.072068297824460170
0.094506446953276230
0.137125322754293788
0.092317688535981837
0.014161120678712301
0.049495816479095921
0.044172461439355291
0.209838683082732264
0.184854078722643533
0.170394459613347704
0.205326650862764443
0.094697527553398553
0.151710118287567142
0.021712624803529354
0.113365452585305795
0.298011829504538528
0.201672867925491717
0.123337482096066403
0.268523655714670462
0.092465094732728167
0.212268379182044109
0.107026712117714473
0.203422557544685245
0.295485210542965837
0.328025603822141354
0.113187809353187008
0.104725373578218997
0.090518052455490633
0.158855933099243479
0.205564660374471908
0.153949035531836087
0.025068794476505479
0.114784866991964760
0.088442004266000962
0.197518596730393375
0.243894827885601850
0.206156273833946413
0.051007462112769179
0.310117513340011086
0.160611640048469562
0.054352707216942658
0.289898295943297912
0.203504092953484705
0.069444246795443532
0.065757793697111114
0.045667536376637480
0.036931364428857548
0.156770214725268253
0.080889426363456723
0.024925090862503371
0.081654803476344198
0.082899942172195595
0.029534942630093659
0.042427206805824409
0.029598285712103496
0.378318200639886415
0.383989129460594769
0.400000000000000022
0.400000000000000022
0.181822385089821653
0.228869781542430928
0.363964448958554287
0.309226848623192718
0.254920633754242343
0.400000000000000022
0.370886310241551609
0.400000000000000022
0.220349930662734006
0.207810426106283974
0.136996855302269377
0.351678821062065328
0.400000000000000022
0.400000000000000022
0.272373076086106058
0.304344858375866112
0.253842994602958949
0.268197836443445470
0.400000000000000022
0.177326683940441265
0.117860219352125345
0.209635810874300860
0.396215656869792765
0.256380439824027917
0.400000000000000022
0.375557842588749691
0.400000000000000022
0.375029802172311466
0.400000000000000022
0.342085846988319342
0.400000000000000022
0.383539964874699379
0.142407423329700716
0.103886337127107264
0.187746438966511331
0.143678338741421163
0.265879621351827189
0.187772026677658743
0.400000000000000022
0.400000000000000022
0.400000000000000022
0.400000000000000022
0.400000000000000022
0.400000000000000022
0.288835240796910475
0.350406767128071839
0.141861279780631677
0.224654875150734956
0.215428399810038501
0.201186381406664727
0.225996974817675000
0.191178330030842281
0.103640308090155855
0.319245584709583363
0.251001417422593520
0.347683348941072889
0.394684234007368517
0.308046336592424086
0.175762952367001457
0.399127689192816382
0.295406834051971878
0.274361546386416522
0.169764755791926070
0.314792299236577366
0.199524045571209924
0.292036054487774865
0.330713730261379235
0.169109582945348225
0.093785971396331158
0.337581656727164281
0.282240432099885086
0.170618011548544474
0.334980069305914396
0.218214251908342705
0.194366131453481139
0.171519471635531523
0.180626233835749439
0.187087151034892929
0.400000000000000022
0.400000000000000022
0.190910003463670569
0.266015968053815777
0.200872030384480926
0.172085713582358302
0.221222254118857764
0.160021390741442365
0.377099930683265250
0.239333001196002315
0.285797382074120199
0.140917440916520226
0.086462015878959048
0.299742520143884028
0.364468966189302745
0.400000000000000022
0.244422102209491565
0.391741020515704363
0.273967586583095779
0.195967829779231134
0.389539581286638070
0.400000000000000022
0.156575178365125384
0.174455897836141127
0.244813057595063777
0.272608514376173283
0.400000000000000022
0.291036842554342812
0.154620900243219228
0.194551390680195585
0.113328764730007192
0.132225072460352949
0.360098976195478815
0.400000000000000022
0.158508603357751326
0.168947458848437593
0.388639149036037579
0.126137034021791633
0.133554344517985035
0.300393037228953275
0.158500597042682628
0.128191312526880902
0.256972253382723337
0.132698234587108221
0.115801629934128167
0.103709307864327055
0.307315224747709947
0.207560064651769516
0.382086172638686161
0.309207160062369257
0.267234183732454111
0.376543095885088275
0.400000000000000022
0.174961650901899191
0.125792190319782143
0.127920484329899470
0.170144869697943013
0.180758539612829450
0.103102370254819553
0.039243206662573069
0.048367068451815987
0.080079658060548037
0.367152664390016481
0.303210011012322977
0.155911606473986303
0.125564507484823423
0.318049133792873251
0.247328944911967885
0.341472101374994952
0.286223544349306025
0.173228328131190407
0.084080091142379576
0.174908037325437138
0.168074047910305086
0.400000000000000022
0.306288690569780475
0.186918219572844518
0.126626666399905441
0.176890736431637163
0.234319310715183637
0.400000000000000022
0.277050615873322414
0.268263309494745639
0.233479303391154774
0.126534513012111244
0.183212309173929055
0.400000000000000022
0.394469941350982567
0.255392835913783478
0.156626484541910166
0.177688822438525934
0.111405027142553431
0.260660362942424895
0.172719150012550560
0.233603327277450229
0.152289282439406343
0.238205325764003772
0.282969403782367623
0.352116654370633497
0.392097779088677045
0.316370683163879840
0.126157578282009936
0.199868895451376316
0.155551286223786667
0.252408214231743533
0.274833172800524661
0.224086850085944922
0.165997397777591704
0.168079300622643563
0.154690619463289714
0.331748128572638190
0.187126075615294374
0.107565106030562394
0.166296433372760094
0.255729787906333772
0.396373350452738471
0.339733614357469405
0.212495500191156844
0.210818678034222717
0.106042131506384960
0.198166927546446769
0.295628017652567354
0.400000000000000022
0.365743385574489155
0.400000000000000022
0.254780475154283204
0.210615342163572500
0.159386051414687924
0.400000000000000022
0.387836961464085361
0.360120671925306390
0.348781726130069136
0.263815915293811654
0.280998985454272265
0.400000000000000022
0.400000000000000022
0.390993201232901044
0.317281946618058808
0.176545144429848588
0.140374427725737744
0.321915699442489878
0.160773001148031253
0.342251760414754691
0.258567633889061899
0.100766642619395191
0.193578473576437149
0.242171602828602922
0.352735610490176321
0.387826202637284068
0.267213741461352350
0.254769871835713368
0.184861400998370562
0.222702050785331895
0.217308905860587376
0.224312939751270812
0.201666070491594851
0.232563703879201000
0.127710774548156381
0.384832377265848402
0.150931168910869218
0.138363349128568791
0.067537419091886486
0.356460846156933742
0.400000000000000022
0.392876982235508043
0.231356005178266377
0.368052669514865316
0.151368210545355264
0.257572466643415654
0.195218498511348482
0.395948915949621116
0.222602165231528593
0.382332128494949575
0.175566780716661958
0.222273420365352747
0.228712187538305523
0.360668699283038907
0.139234873743727616
0.400000000000000022
0.400000000000000022
0.279693405328629019
0.397700996711857657
0.400000000000000022
0.365154659703017637
0.400000000000000022
0.371173089075814922
0.131909661433612102
0.126997667730617547
0.400000000000000022
0.247087525961474763
0.400000000000000022
0.344024124178531565
0.080636854476182351
0.225959057956416964
0.263592962517730178
0.216086649011171583
0.400000000000000022
0.298877606624745495
0.287372952458942565
0.199611102934187601
0.166696948646669119
0.176774542052676509
0.182106614306365433
0.098841093181355477
0.129061598801772009
0.097991371090896368
0.399870407057285271
0.302611564257769250
0.208820343543561937
0.354699204036842575
0.248523253083746842
0.375377900901038730
0.394847374314551858
0.313781975056157902
0.400000000000000022
0.308809799752245095
0.298977063760816786
0.323465852536595599
0.249045520519719843
0.394971173370693984
0.400000000000000022
0.203675898864978056
0.350048460215874269
0.235092718911080523
0.182182373937426229
0.314689782696403464
0.400000000000000022
0.182649188793928580
0.335037673841440342
0.400000000000000022
0.292652453743460272
0.223516445033522304
0.400000000000000022
0.381405984782810181
0.140735147262368576
0.311993516160756379
0.193235217600078918
0.313157819897603329
0.329257172873046899
0.400000000000000022
0.105852321726887230
0.221716514149513766
0.220650208242877927
0.180065680128731753
0.260510552492533187
0.400000000000000022
0.217194447396831358
0.189117085016665187
0.201287047511531841
0.115067313368662244
0.370247358880479105
0.145443697906684571
0.108222065680377164
0.056257026700725785
0.336451192779736785
0.188041464486429832
0.298476279996366833
0.400000000000000022
0.400000000000000022
0.282010078533503128
0.168350417519186557
0.276740134895247625
0.395369396635313619
0.296541214084527938
0.400000000000000022
0.339332064769793662
0.194591764928824185
0.271426066353851025
0.380901191674005601
0.278103784708272406
0.400000000000000022
0.400000000000000022
0.135494418876451667
0.267251891323864177
0.353059468015395728
0.185367489304629485
0.195462787910565705
0.395663791767650097
0.093778602698350921
0.375519714340113497
0.400000000000000022
0.194471213170445467
0.117062362662849889
0.391933243336591630
0.381568998236186119
0.400000000000000022
0.282106467831818364
0.400000000000000022
0.335272612855761265
0.272982330090075886
0.300885383872718237
0.168970926679514133
0.230603356660567360
0.163395299993934179
0.144328916035762922
0.219810253264782901
0.171426516444886712
0.215958553631386163
0.191599653519461316
0.074501069113386387
0.132404786296485721
0.120970277597783560
0.336669294967098742
0.365349155739367437
0.400000000000000022
0.400000000000000022
0.256353678941562135
0.308487021714194065
0.323888180031346007
0.329672393412370257
0.400000000000000022
0.400000000000000022
0.400000000000000022
0.400000000000000022
0.176181897323475334
0.285171047156021873
0.259681593988389803
0.255051682205222563
0.393223980362606085
0.400000000000000022
0.231650736123267087
0.137541378918933421
0.217260640809503081
0.311928670035297895
0.369732232383062576
0.356960680862503321
0.145360931014967554
0.176041772203731350
0.103001527307598137
0.259062650912958270
0.324165592718406947
0.399608484508213513
0.262989124022822429
0.400000000000000022
0.324611314030070319
0.255288909463924962
0.400000000000000022
0.374312958500138626
0.184355622784848655
0.223621978817292288
0.142505851043307291
0.121710229282948557
0.284684440982173603
0.213359815195465291
0.141034099130379675
0.363079821913819267
0.242892270108899466
0.159405970392147767
0.138961777512440682
0.139483539039243487
0.406806889570184571
0.388462397992735964
0.312395192189032667
0.343572475225380425
0.287319556318129943
0.297909884124045621
0.356742477594733265
0.339574595462893092
0.361851381111065240
0.295980770240608149
0.323742190653114492
0.325778454034147347
0.360848213827084652
0.316277078735747674
0.313640016489739881
0.297996841379208566
0.320746465282693738
0.324620355728838073
0.325875090753402374
0.294521372752648392
0.343553300637317538
0.320122821540143099
0.317108723224196087
0.304463301861643609
0.312947647240565952
0.328437734831687700
0.355975377828415818
0.226512319262797190
0.204540499788917057
0.284282840851448115
0.331749656906903778
0.292630185151091682
0.338314522369547066
0.302409264121816568
0.389016638306702467
0.383683351583645749
0.234592136297745141
0.229096007788626377
0.284728475709408624
0.195007257601308409
0.208922991625276916
0.167883472762466457
0.256552147658571317
0.243049654113234898
0.245088579444393384
0.155353911946973761
0.173713428670902920
0.176976159195758181
0.439885285182898711
0.340479264245796664
0.267174900267518223
0.304690571783686248
0.292151737565344571
0.314660575286868971
0.354397877404784012
0.306259525789055687
0.315705336054319718
0.262761382256164355
0.360362100741098923
0.343089964526211655
0.342725782945239199
0.301654029296062054
0.283199517148959468
0.237701378622433790
0.349176772384934164
0.359111927246351381
0.315613857872204473
0.309385283436721004
0.319073476697572744
0.241552288386585462
0.319865964321609852
0.321939759745458298
0.315634625293052085
0.353756837138772373
0.350324476975097776
0.245018678294961573
0.200294044444196517
0.220017770882936003
0.332764387419417940
0.346710387707079737
0.351400913196963427
0.334721973960689478
0.370984369244638401
0.294050691120537000
0.217277584354387432
0.274465860797156347
0.310300188076689187
0.211459310220586172
0.206257746068543163
0.150318814169684262
0.238750311166141593
0.269093815674262327
0.276529413464838114
0.174936255858501644
0.174852662024995803
0.163091044720860362
0.328202930399385751
0.333265942230947465
0.328073346648540098
0.373758749019957370
0.321882175939952775
0.321861017034100139
0.326815355447384992
0.320107282251477998
0.351347793863836522
0.287692064032224915
0.347348908064937123
0.351937627034647926
0.361466557783973907
0.335243958376332030
0.333929381748605203
0.288137302647007654
0.297878504704189750
0.316680599755829795
0.328012200052025360
0.326510439740696823
0.375625313830543539
0.333316096055818467
0.308022612687791242
0.282679911404335571
0.301236188416127426
0.324158533975426655
0.372512141346885595
0.353419277457301395
0.304473709130714421
0.315802833149437800
0.289490243237842393
0.280731646759624753
0.344552794517748562
0.316050836451550188
0.389597474777417518
0.378167488394144102
0.283690590251007013
0.277136383470408199
0.359320351640942059
0.238766415869592380
0.272405106615744574
0.257968817693890462
0.271784733021588065
0.245880406533260570
0.260666888329761592
0.174268310567762819
0.199113933471041005
0.202627624598409911
0.382538432043139587
0.274691248183539349
0.229212133113019773
0.322699590975197514
0.320396593690279063
0.352512136499716799
0.353792673563921245
0.280567417860461354
0.297606412455200975
0.255134115240475079
0.352397864266832062
0.371726156429596166
0.359710541347815549
0.302353759933141952
0.297355814746230684
0.255798225883199615
0.337623891838347401
0.333508660228888754
0.305712547972348425
0.311414251543982945
0.343489136306066645
0.272630900336527759
0.335325103661246460
0.312715225606601532
0.291750791190963754
0.340518173520286627
0.346988484703459998
0.262370512979740178
0.306711210109403887
0.333930189974969149
0.291975815303482544
0.302373110365461106
0.337112717827399044
0.340024775052166550
0.383466403080359619
0.294630175797511829
0.284702043977382191
0.331909599708284930
0.371395842996146641
0.259850760010302995
0.255739101993462559
0.195993807487155530
0.255204369501784045
0.285238678719255345
0.279843924126566779
0.184993663462765551
0.197175191125011751
0.186359870563217372
