0.035530040266249029
0.024086864027750919
0.085634918247017688
0.093697775028616467
0.066041584470606166
0.022247280510272287
0.199789774475123777
0.249745178205026064
0.057331063890781686
0.081339543795802771
0.121002817123003259
0.007130849121144509
0.259435878320680879
0.307307958096952050
0.016721028685075374
0.171587367625045284
0.086136662673110459
0.007837250439682801
0.117555608391139904
0.053446509333810406
0.026700286819805550
0.300341515215957644
0.088640673618271215
0.006696465249540635
0.019159386906842053
0.033281094635439511
0.101741023123923163
0.373704110529076927
0.046584145806186548
0.038132574729240365
0.038051599653576490
0.196683123661274051
0.063325726488152698
0.034277079107103557
0.009391774905827210
0.021440314096098843
0.146464093542067630
0.198639894441275888
0.341032745680183602
0.239105982089121150
0.069712313265922379
0.027079408421962468
0.326588841592178214
0.389884269692410412
0.242430077516754633
0.218904643390873704
0.015964382442543987
0.004447369544053876
0.054630128366404289
0.063185516882887829
0.092205082299336452
0.092778568763045716
0.085765308118856853
0.061429562706608182
0.040737343881789581
0.055980312692934742
0.048814453713383187
0.209428537059984599
0.156440429372109807
0.030393091979000468
0.076598157963994967
0.026353633192894112
0.015291063613804876
0.177034008134539150
0.120272716976906474
0.012252521980931101
0.091992302892121167
0.032184101178377000
0.050542930683918214
0.239128931640616771
0.105530849189822140
0.028903052321714952
0.028140122528976529
0.013024430929618603
0.071960836792730215
0.300177264567549618
0.108482883905423988
0.024982336824570493
0.027597705256143176
0.088679519597102408
0.025597533708540249
0.118471437367403620
0.023243412606695948
0.000603091421743774
0.058664505409285042
0.400000000000000022
0.381634842215355152
0.400000000000000022
0.232953519959502198
0.000718063488415244
0.161657539503287484
0.400000000000000022
0.300024120532607075
0.328136821959113534
0.080897221969067110
0.014477050685616572
0.090312250466412544
0.054122825444223290
0.020280577780333504
0.061307292216943837
0.039252289707906195
0.025582592924278148
0.041073191720584129
0.023597335443994248
0.030144685529662700
0.138501673291609118
0.128043374264934118
0.013834489273015865
0.024483972681395225
0.005792696957717618
0.030418280875838893
0.230906671453846857
0.154449987973438785
0.021969149827809325
0.025551264713531845
0.017478010258447078
0.070793468008922195
0.260914247593126314
0.127529551574747546
0.018305001336583200
0.000000000000000000
0.012398727961377616
0.065550524220555573
0.223641079782659125
0.117480862250858548
0.022239272678116130
0.001357645353173855
0.042594015093279314
0.265019020892273194
0.102334193632679329
0.104629604552262376
0.012650665448765586
0.002958738931718460
0.233312866172242228
0.222170639128717540
0.219975006936442063
0.193521407296587789
0.035994198986983167
0.041163110605909228
0.207892782967012940
0.237701147529581158
0.060739360851209352
0.022392183804894293
0.010190516898380249
0.127091804399687702
0.079361557929776796
0.047236258802209989
0.060946657888973570
0.139352079929375761
0.097822186009766457
0.041597211600794028
0.006250322533809862
0.140979695192894688
0.324972516616443774
0.400000000000000022
0.129816269656020167
0.074334554050616328
0.008617917037548101
0.101301433135932595
0.319468864325949897
0.316158692989813805
0.059857896939150543
0.071882295997745746
0.020428696538704237
0.071051889150473863
0.114134262317199350
0.115229829645833545
0.044750900442982557
0.020361103013814646
0.017221378621307890
0.273346120732683051
0.108429049650595549
0.150868962893018571
0.051411428225007771
0.031544159797913668
0.095875377340073148
0.400000000000000022
0.195588095811698282
0.085863708597233426
0.031682252062348364
0.031091283785094237
0.064144365234168110
0.092136070711200488
0.110359602627177311
0.261931518556187681
0.056594461826188963
0.076078133635340467
0.034754680555864920
0.049685389042176141
0.110656644378598248
0.325663189932873909
0.105007765729207753
0.080697633066999883
0.054063683273600852
0.065221320962698781
0.077555804792136501
0.320822673827290794
0.231584940033213893
0.019168424070686713
0.020782733171286705
0.082896056675517013
0.142908898006598062
0.400000000000000022
0.379794423261072600
0.098913728108108667
0.017155439317100524
0.122184182191322127
0.233343500605337428
0.400000000000000022
0.213702474568838341
0.049292299876101460
0.007607244686114323
0.102165568839504090
0.134331627643526241
0.400000000000000022
0.130859864150602689
0.038893794235652659
0.027893949928182876
0.400000000000000022
0.344528758681909797
0.400000000000000022
0.108319257812535541
0.037510280844308304
0.072083502326474799
0.239306083037004291
0.184310841190653218
0.400000000000000022
0.087952598918954197
0.001586697184979755
0.129018191171168195
0.086868616555968392
0.087617905278257163
0.400000000000000022
0.117857152004753357
0.017753780223219350
0.049288844402371759
0.058568435034025187
0.252804031965378040
0.400000000000000022
0.088925966091647754
0.106179576134522932
0.034082271849964985
0.107614243320376293
0.121095808688509041
0.394175291247232384
0.305630134632917883
0.016647592757918387
0.001269459272828012
0.083233957440695255
0.113745967050250238
0.208898849140010168
0.145066419903763122
0.066890083783940651
0.004280236034652819
0.075299592634034879
0.130226845857182000
0.249825318422554232
0.095517024640061787
0.015525699338810777
0.008991983623632344
0.087017589270306464
0.080758680221123785
0.318999127960744255
0.088360474688107954
0.079097483202938537
0.013483206101089173
0.089559124508302668
0.072715387019499561
0.168922141061215586
0.070644065184378074
0.023213161253100547
0.040083887742321064
0.036766664118711719
0.082570088473682204
0.262856157497182719
0.118027074169856902
0.004588332492024382
0.067313012267741668
0.061593502847338180
0.081723992390497505
0.274599967163200342
0.135580981131557810
0.015488148261407680
0.024267725546479210
0.073024483632354156
0.073228429170954012
0.226957874700038059
0.094782017469136615
0.073394757895640650
0.007437255679680973
0.068532853128695947
0.065125080099214874
0.118989581416656470
0.077763944859415721
0.015254804154143238
0.000199299482446669
0.055658400585336103
0.117400171309147539
0.026655706580847573
0.054054281737672488
0.091714849309354210
0.003551587645925716
0.108956293078635746
0.200158162617346758
0.120977372393042487
0.031605212844079189
0.034661779344231092
0.033653988211944402
0.090743175078066854
0.119906849905140611
0.062426174244018279
0.062246055500010479
0.027534452155950257
0.041271200956383480
0.057823009463185360
0.016881895203807902
0.112323481817938248
0.067538506682572275
0.018805675195729690
0.028304741481463599
0.084532915838730169
0.041465526485763481
0.106439450026063795
0.030460050251658960
0.050970744955492461
0.026888419747478614
0.069827363469406309
0.168903567072439587
0.145483923589112302
0.085541274825660346
0.100900061697343613
0.040977999589645354
0.079645207116843392
0.021238205468699992
0.070592256523000510
0.074341720438678704
0.040457670283011053
0.025145847713790522
0.059311503632631948
0.146236513848650967
0.285748538959541998
0.042223340239398104
0.014470696899690629
0.018565884047592251
0.036064947702024244
0.034682368441928790
0.038918119428648819
0.017420174912970841
0.108613261063817260
0.009221817393894535
0.019020329566023862
0.091812760939527949
0.135375147464977058
0.027809689652083081
0.276188699687824113
0.020743939484389583
0.062810478123930258
0.400000000000000022
0.097135632744798528
0.040878258420188968
0.089273195211853729
0.012834325565297785
0.081668189038681310
0.099868027341450338
0.080402937829985269
0.029171997200114513
0.049871265858602284
0.003311739174230797
0.003030518868199695
0.005107193430306257
0.037176986823963802
0.039403052422708272
0.058210742290915572
0.083353066593353842
0.030008489047243854
0.025353235618945685
0.081364272203284016
0.033368478344667399
0.264239954138283828
0.130906208652423139
0.146066619585837082
0.068201334620214590
0.143361864048346332
0.017392989499397687
0.005885168682229616
0.040509992096377623
0.268866911961289368
0.400000000000000022
0.400000000000000022
0.100732525693947722
0.028326864664266479
0.067355209185948173
0.049309889649331508
0.055052011600869331
0.020507831319317882
0.000341451944853396
0.118464411756165011
0.049602176519285432
0.056672054473307434
0.274581729286302645
0.153666487904767390
0.012936177070222418
0.396606978905225671
0.144131568575163016
0.113977917020685951
0.335116745436230823
0.151597895853760489
0.018021667236417308
0.106082295335728410
0.042874025968010564
0.062067774133469630
0.131241434595494089
0.113480890633839454
0.020810463319529612
0.004730355344555678
0.006929378346386975
0.188016147400368538
0.182919979498645191
0.048475279096373454
0.025562078756341984
0.011743682376971733
0.068191748581791431
0.156913196169706254
0.331360645559904576
0.062857609009896093
0.014091990625970569
0.325806534100349876
0.244155946175126981
0.132606937139421760
0.083810596873951079
0.008260731473616530
0.021839437746017359
0.135496034340561428
0.400000000000000022
0.400000000000000022
0.400000000000000022
0.249918122151307542
0.010672948970448962
0.063885539323229698
0.186564880279628365
0.123323936205719215
0.062451101906453699
0.019435470403246315
0.030192168900625895
0.111847295096993316
0.040874992894091626
0.022217130963184385
0.143991157309989626
0.194388107207478650
0.007363711760318893
0.235225337134941120
0.400000000000000022
0.109476098678278691
0.009407642262092264
0.021494801365648845
0.005083695763308419
0.043917356224260448
0.144381141892128723
0.099134921576694096
0.002260543069506343
0.006285628632734378
0.008062593160075147
0.030802174788156778
0.058459704234403338
0.279280990910240168
0.358070564500828192
0.043536278184786191
0.017574723962143511
0.033451666730772572
0.060773891765913586
0.160122213275562308
0.364983419943523735
0.110390156503023903
0.003438935487733131
0.248656543615644876
0.400000000000000022
0.041852456994275929
0.050597194958586181
0.072805508788112219
0.005393645153820891
0.400000000000000022
0.400000000000000022
0.230660125178454911
0.088706117010975166
0.057419296124214064
0.051961626009018824
0.400000000000000022
0.385302491891113319
0.054010125793391234
0.064065128445947112
0.063763461659659335
0.027232491520867680
0.053751632621076482
0.082739138345986701
0.057839907246539334
0.061955195158276868
0.085100621725752459
0.031118298286878184
0.125149468065179348
0.379543004179411003
0.115542556245508188
0.041021066375428440
0.030401062728026479
0.002335790415137892
0.124128666483099975
0.135171490016245927
0.034519421593119853
0.042569872240734469
0.015672682515723749
0.000000000000000000
0.047196427483430822
0.021972904030198172
0.184851358291078904
0.252155770954223757
0.124569786367210902
0.013088035045857109
0.056077951488878758
0.118172379258494914
0.214697766882394614
0.177054291595091645
0.098894682965041447
0.023543572434036611
0.081831597639479864
0.099227442728482357
0.091419465194824023
0.020822871229831771
0.014755961258527430
0.037913313566397766
0.209094278128860334
0.400000000000000022
0.400000000000000022
0.043482835634330849
0.105956300975794060
0.071772540711169813
0.387074834526164868
0.194400397642328332
0.167708907227013426
0.055532310156807235
0.049148191854047431
0.023770032054429749
0.026379173189553306
0.209047184920457985
0.082489072893861676
0.024400638884335000
0.043543220261713561
0.056348828536040362
0.142535731645112268
0.400000000000000022
0.104339873133519084
0.002919496759117703
0.010961740219232886
0.031028539532866165
0.253409793844951048
0.329366983503054711
0.053820355055437558
0.011485365378810002
0.036826777794808432
0.023531246406086857
0.050331416631269429
0.009274158280146891
0.019589511972630560
0.025089716255714621
0.034780007976883909
0.032097950451838261
0.082438138752008505
0.086440165580689898
0.060258031885728001
0.046338662848915808
0.068760034130394221
0.027352420932300739
0.029408657374244460
0.047118567631929641
0.055782135696460053
0.070184751637798082
0.069626477782965129
0.049043836162877316
0.043442639198358890
0.400000000000000022
0.400000000000000022
0.140132914847844181
0.075962951332811529
0.044333258978954224
0.167879557726017259
0.081896860656773443
0.212797841603197146
0.124509056779270363
0.158341710841489181
0.044508139719713895
0.095902592584287627
0.395172886390635414
0.113447309141964353
0.213988908860739735
0.121935446222785293
0.018811029297034688
0.112211340258438513
0.388994965289112260
0.159218611317606507
0.012536340835210474
0.018661423935559279
0.065648364934355358
0.336549500419048742
0.393840180500143244
0.068793999361548619
0.023773475439059197
0.005388884999696433
0.031253648805341899
0.072916328085408960
0.105741559869952234
0.080568955865090067
0.071246658617378333
0.068406214907922591
0.071659381378571849
0.119263613447641303
0.129025671647529844
0.144625183562340109
0.087719389097076772
0.115605448362221974
0.043326267869574345
0.055460185410145704
0.034131710244925041
0.014918749684445048
0.062475597335376748
0.112384886086646735
0.098925363999603041
0.064760836906097574
0.019290214026269244
0.021638777709416669
0.113583436419176648
0.056024469074693488
0.147335264775005748
0.247472843691717792
0.072453050539535255
0.113851284922213775
0.075638337128521027
0.169782962920925706
0.140565446212998546
0.177141507257292968
0.376802460583013699
0.333040265486371112
0.189336157948947259
0.204303477841309034
0.189181673839886683
0.124219332626326312
0.213304193764809913
0.143969615070448781
0.253464958350030745
0.390218342574920607
0.182310185138047698
0.307249448893762378
0.328279515004182010
0.031064108030419896
0.239915428727448810
0.396449999103255735
0.191789071203688988
0.347219599584445426
0.202661868826000902
0.026768522861549710
0.242310362437323901
0.373420582583948502
0.151288647927572073
0.333765079455839331
0.107427622762815700
0.038609802087070086
0.173513487872393707
0.238725610635010271
0.182924505032260709
0.128632269616323236
0.005783686643817266
0.016358109241573625
0.284857886110536307
0.257956995739190509
0.180376602590727658
0.104026024841772868
0.048125994345245678
0.036453970250960852
0.029924422578912029
0.087592426762023362
0.200961987368981354
0.072167746565634738
0.194353597142724266
0.145948957065746676
0.037244379615086053
0.119543882410807281
0.227649933102826441
0.146779128066996944
0.301620479621844906
0.349955296300576202
0.158747501135912905
0.149173879026273187
0.100980294813779264
0.050470659419037958
0.144477613268158556
0.188151309037921877
0.198368280320936563
0.284452592705722040
0.119666602102159514
0.353220938660219086
0.128330047993118035
0.015838419618989318
0.164984894273851129
0.246548346539648522
0.102334013035655702
0.400000000000000022
0.251617842245846379
0.024488162480522685
0.134213498479837295
0.212554982988979124
0.116372298139629210
0.396080500946334069
0.105598647771295878
0.051047447214931138
0.117391424489181190
0.217503348800064250
0.151066575202575298
0.137355933407866310
0.024907597397217231
0.043920884072934617
0.386145867761982009
0.379868349670794969
0.150056557300993265
0.103822512675367892
0.040136474482950206
0.009238002454362489
0.024754195164723672
0.039399222425051547
0.043568527804503737
0.073388100925015021
0.166535941969883472
0.154773182936188969
0.025187423571410100
0.024055137876627705
0.036231124834003280
0.092130565990641206
0.200186454751067278
0.256285776552761690
0.050841336001540130
0.090948656074809675
0.049415038328157884
0.094891007687752577
0.158319452146373663
0.102304815429844154
0.036700590587346892
0.045896600794984851
0.039673831786412622
0.153225166597356632
0.034241905041606471
0.017874944152692356
0.027744398448910364
0.039557691965924492
0.065309448338035231
0.357516706081155489
0.145555753411334976
0.040635760027470345
0.029789528793602464
0.056279975218233129
0.036452209545946107
0.366893885722255786
0.038053563417850565
0.025527123483636484
0.036419776190659427
0.048551363828513480
0.033273365496863723
0.381485121087633328
0.012427136051951351
0.028680979121707903
0.080446665742035087
0.063421506901300675
0.037189733565164203
0.025705376010247746
0.062047668600190606
0.013420577342616398
0.002998918602260885
0.015133814189066263
0.049659207058033297
0.104822536141666214
0.198263368134255519
0.064199488096665522
0.049816269947663208
0.069125499758130732
0.038148680010452088
0.124263343056249365
0.253406275520903723
0.169210180784627212
0.019990117120371732
0.018595271225892121
0.037858845543003908
0.157595252485715293
0.386135975991955427
0.210679273551376722
0.033059366942781131
0.036184649037090046
0.023665780313981900
0.076214843454081443
0.016869495611298791
0.018365951606068742
0.023626565104878625
0.031084439489654295
0.011014363864747462
0.193692622851602936
0.109472979542213134
0.048115156140006984
0.015370873240604380
0.026050426348995948
0.034710398590339801
0.112106079890669869
0.120940340590865891
0.230240105727071931
0.058842071287978338
0.011624630706254496
0.036562017391998505
0.320683728080446429
0.020983854659845504
0.134409647684345324
0.127235545440825465
0.083642509020677255
0.026485542689687034
0.056112220700697497
0.060045601991008446
0.228649383897695124
0.167996066067393035
0.057843333262367166
0.029097749784461675
0.288543432109402698
0.275781117557079347
0.102976583851336373
0.040763365812727548
0.038175664511068595
0.013615997125881541
0.253005449983534303
0.272800227538374518
0.041948083265462080
0.074126195600911382
0.066971836875379734
0.010799496966994752
0.156032242812880695
0.201248797995494388
0.110321955697954791
0.144806749612417046
0.023221351360599919
0.020797041058875386
0.063142885388851461
0.010005577146205771
0.177505084894450077
0.245609835692552125
0.006652425850595303
0.013881964621071368
0.056942348168993656
0.138165704637590814
0.081117953896107375
0.010170981032420598
0.010159613443606427
0.009170090423855073
0.256779523703238310
0.188332720106430762
0.389506063640404743
0.106253139502737237
0.059352926476587214
0.015521581377632432
0.400000000000000022
0.294126750880447430
0.229035593258553272
0.129759971148504405
0.035195290681278690
0.001326063071680399
0.171026074606810435
0.400000000000000022
0.400000000000000022
0.400000000000000022
0.315959706621913750
0.032920229480721250
0.263675313798353517
0.374917856168188957
0.180655000096500873
0.143790645702256470
0.140438287526249567
0.037323018021770411
0.363798403186380070
0.348182950991043683
0.038938159648259758
0.298691864396583462
0.280524769880589109
0.015200962200001694
0.350085701991796228
0.400000000000000022
0.136176385498084251
0.306537259806977436
0.110135474983920068
0.011780161012849052
0.063076743131102495
0.177662236527568268
0.200875944700617259
0.374584142363529549
0.052869774438920922
0.046195167889315512
0.068853774441733268
0.255142827895677382
0.331923330041889120
0.379442044319351024
0.052928053090613408
0.039015038058242350
0.179915760272840175
0.259413786207189523
0.400000000000000022
0.400000000000000022
0.180102469768946283
0.030518343909695596
0.400000000000000022
0.400000000000000022
0.284098459794278946
0.269501838349459844
0.088769891230656220
0.009841014697874769
0.400000000000000022
0.400000000000000022
0.322865207477791405
0.181484685774020882
0.143184604243070890
0.113391188715626992
0.400000000000000022
0.400000000000000022
0.102824579506774427
0.273493665505931682
0.220203891031769183
0.057625583499868148
0.130349790585071457
0.109092771538880820
0.073130970860344202
0.238989203292816033
0.205373338702658920
0.043370820267809279
0.217141770957300501
0.397941039968735533
0.166085486929426429
0.280149998016045232
0.135931911917848591
0.031238842736852845
0.152268789012076522
0.148195920945864507
0.106480258385850068
0.332124320305865584
0.124155566421147737
0.024982336824570493
0.074794132739574012
0.110652423627300586
0.210448891999619137
0.358606301996246990
0.147813198973906823
0.013691126467600881
0.114742456898163786
0.400000000000000022
0.400000000000000022
0.400000000000000022
0.328623889695105587
0.024261635922451858
0.243489137142767376
0.400000000000000022
0.352443297604988270
0.337884109891359141
0.095653183227594529
0.052390364252014335
0.293929135166873468
0.400000000000000022
0.400000000000000022
0.104790127851274686
0.145208590683700234
0.097355133635447955
0.398322771065984460
0.217997733086322587
0.197853592756676105
0.194033983448416353
0.177191566118981569
0.037604521327445614
0.050863145870948534
0.214839881878175598
0.112907353769700597
0.255307310338181881
0.197993208235152346
0.078317978363849697
0.168086996358644131
0.400000000000000022
0.175133341142441279
0.263833744352244048
0.138491291793980453
0.049333540869449362
0.253409793844951048
0.340326982819085355
0.119370879275993103
0.235126445161469133
0.154307640045666994
0.045770519084202980
0.051689061984443285
0.051868173373426210
0.284608532864903785
0.127423909888393971
0.139409612529146243
0.044748615900603847
0.085396877683726974
0.306799244930973103
0.282428671014445576
0.266313669785357865
0.262281441426982009
0.063346619919283906
0.070571767980153688
0.255011350598942643
0.290056770494938332
0.130924112489007427
0.092018661587859416
0.059234353061257565
0.170534443598046592
0.400000000000000022
0.400000000000000022
0.201079572736817758
0.215315031262187290
0.142155444988720681
0.209476769326811252
0.088147183190583303
0.332489234674569645
0.385108377638707866
0.400000000000000022
0.174324409375734068
0.170237146634903941
0.397153479089206507
0.214748742277896976
0.386200696202568028
0.390600979462555009
0.078668926236185238
0.184093636256184245
0.398073379830477414
0.230270500468080341
0.126670603152409827
0.133891253581392811
0.110399265377337907
0.349340560021613233
0.396954622621241038
0.319036701793974586
0.132202525089654743
0.156257847892715018
0.082665077030349643
0.104460487883322628
0.201616937210025382
0.400000000000000022
0.266834754429076615
0.154269923505156031
0.103341633440920205
0.150354897232735540
0.193170036881697982
0.236761254273540611
0.198078991724254055
0.360100760287092703
0.099920729695763322
0.131538319045486185
0.068886390800789954
0.064604138726621185
0.173132241713974983
0.376932257824251993
0.203933129728810808
0.145458469973097443
0.073353897299870102
0.086860098672115443
0.191139241211313177
0.359164422350540025
0.343278414504610385
0.266641267762404488
0.093235783710821959
0.196747341597730802
0.218547235135119089
0.400000000000000022
0.400000000000000022
0.276055235365401608
0.388081020243126851
0.378244108473653085
0.351336473866925458
0.400000000000000022
0.386406194411744841
0.173511632502427793
0.220911438450924258
0.246135183909952870
0.340667567280622530
0.400000000000000022
0.313170049288650332
0.338942322660889972
0.350458402689477588
0.400000000000000022
0.400000000000000022
0.400000000000000022
0.300108329016224584
0.373123593132559106
0.274745371152475715
0.266074605898553973
0.389425562955807103
0.400000000000000022
0.239241246846526256
0.335351776640819055
0.236445813933983895
0.125478418643038492
0.261131393150650870
0.400000000000000022
0.300781657037014039
0.146386049839542565
0.055072531046189026
0.074926544275598805
0.393525671466061877
0.400000000000000022
0.269302568682375398
0.210205600976295814
0.082208266195210669
0.144068213571337145
0.151020231267421035
0.400000000000000022
0.399001232387474536
0.088815339323553122
0.195623056415552277
0.229182914506441904
0.150990346665336284
0.328442731550817435
0.365223268713713800
0.213669211850937624
0.305900715656497735
0.376235416408900791
0.281941568358186345
0.375337378433100111
0.196497319453841079
0.065996358757848747
0.153469596891790877
0.275168898308228327
0.279126960542060321
0.400000000000000022
0.208027076790267440
0.385758752254891646
0.141813254094207197
0.105397544127291992
0.237700281293350663
0.392414116289638959
0.172978078220033804
0.400000000000000022
0.289339958485783644
0.061254826599234397
0.216783586953519486
0.400000000000000022
0.234399372309486098
0.396865211534502715
0.172911660039037546
0.112640950062269318
0.199115416879678708
0.398923391538476890
0.286647556334133080
0.152844081669273990
0.049175322943696441
0.116945367705288780
0.400000000000000022
0.400000000000000022
0.244838574770129880
0.177217270571008556
0.047573730162631181
0.077770855583058435
0.089879275263938546
0.158388803841707976
0.121332472663919444
0.088642905079158271
0.166735241452330152
0.210431583521525079
0.142587594880557639
0.050710844457475278
0.090285406571675761
0.183845415299995429
0.203738042396993002
0.346755492155933931
0.250999498618886929
0.211926028467852134
0.081020251172237073
0.129552787031983668
0.191973440358318037
0.193047990507911021
0.156607440492487510
0.108322775039003130
0.101919887286423108
0.180759618753306928
0.075513105997989952
0.075697953615877708
0.044626293652718273
0.151881173783862761
0.132847955020607505
0.370503601352882572
0.173860494892798562
0.125168675866200507
0.071255055279365945
0.162719425244296945
0.066912259797605067
0.376066911583854524
0.064941983165329176
0.095354486953042772
0.205323343263099006
0.194035287417625768
0.118814640322524090
0.400000000000000022
0.053405135641596713
0.108326186238551295
0.101684871210735078
0.134013763424301185
0.111531454003842914
0.066163046293258809
0.087193516313981118
0.072732080975248359
0.149235432450911837
0.300882353148608284
0.091882547297431394
0.119293233041356833
0.216829252181847815
0.100264435798689766
0.084498638389591998
0.108043619186779544
0.055568854923422922
0.232876604120066638
0.262628092914798272
0.188230510350651081
0.111802878059899691
0.153970418690869193
0.065668535195086974
0.384547294292367670
0.397226217148081817
0.273489751675306980
0.400000000000000022
0.133320281781888539
0.064544038734170861
0.165488038665935172
0.029703821176596576
0.100034140644750053
0.123494592446328960
0.111487377319639577
0.040186361064861974
0.243563888710205234
0.112784718716443938
0.051145675008206680
0.020478066670910636
0.063227413172959740
0.074113451013048073
0.170316822181585448
0.204293407184219733
0.260248594774315833
0.084195306906924020
0.092988902909538512
0.069930495736665904
0.400000000000000022
0.151890063312268675
0.280476267270182378
0.195436880061040097
0.227004373069023602
0.043878532189084718
0.061997389382927107
0.100555594087386083
0.400000000000000022
0.400000000000000022
0.400000000000000022
0.129830275478409390
0.316870296773669125
0.331252412032021382
0.152286473500667874
0.095815377413596886
0.058683495830386470
0.013957449070734937
0.363880764174516869
0.322402404057659964
0.098620137738769501
0.321252433535278104
0.220638324780147083
0.023735674037217172
0.400000000000000022
0.345380366570657515
0.224299872718640741
0.387643286229788497
0.174819247214360429
0.038818708295292693
0.169225180724579871
0.052879603114216342
0.239572859027919693
0.346708602539399946
0.120133316484434760
0.034692427940600984
0.061672703513549330
0.145095082983977802
0.269134101296475914
0.193090960531065781
0.058634892539979874
0.034732169180197059
0.268523206080210075
0.256524468688222151
0.400000000000000022
0.397024708186396569
0.122210535486483321
0.029613572003603008
0.400000000000000022
0.400000000000000022
0.334196001371971696
0.213570568022455498
0.043456022154895219
0.023165500817697755
0.167933413197079967
0.255574035507249109
0.300622746621620196
0.229089434147507931
0.279084279233149546
0.145854307999870342
0.286143502814835804
0.325961723269693249
0.207818394787318839
0.156969300421844982
0.253460704380892909
0.151527407207816045
0.270294073480792318
0.307214665766022188
0.160305728802362435
0.202125798603104784
0.300664975802818757
0.125449091158321674
0.301401819693587203
0.342705068116294365
0.154088466739360719
0.236229819050375656
0.276184350722701422
0.122233080428521282
0.303025266957917816
0.158552400081127448
0.160162207812745649
0.245128302854070501
0.263895329037589277
0.111835448811089741
0.204288442100848261
0.128223944454059102
0.200969494894515877
0.227548677405626537
0.271858703203437524
0.100940551414641200
0.186697542544176809
0.227925559125513044
0.321090660066309153
0.338061124155626391
0.383198611124888844
0.115251305327708678
0.327380082401878103
0.320259744502632449
0.325585147604805725
0.313734411006212632
0.330632679654575823
0.102638648827586193
0.198494794748266284
0.259634522053291128
0.306835347226346755
0.262976659766302800
0.270218472466429216
0.189860244907147369
0.251142252071074767
0.280616741153158988
0.278625853423807635
0.276289539954511720
0.249149737663819371
0.165507140822082705
0.204619901158872852
0.295106470030221724
0.267612674155034147
0.358235460016563367
0.272516997904777791
0.101640389219621000
0.229578263917638414
0.354688274551402227
0.272448144689158678
0.371208077585360618
0.249157957270141894
0.090346731876174396
0.211800594100658185
0.234756274159756445
0.205984924668827341
0.329774326217592728
0.242386514216084925
0.096732261275371212
0.211141520085259521
0.203661060568530977
0.249689262794507816
0.250858265667959657
0.228431909586067322
0.107628071787333038
0.256139461646563982
0.231541940358472476
0.341539687109139400
0.367761391811274929
0.295275483629919122
0.140823606326007489
0.439911245875045598
0.293501324172982525
0.249614207087996032
0.388770863863027283
0.303075958754681629
0.159396535165008152
0.189216171021660440
0.255202132060938724
0.291034822334075460
0.259350920848286481
0.361682106768096867
0.157316822780357052
0.234340263493662965
0.208760606473763100
0.160008189188641375
0.174657129633415148
0.273449533081430718
0.143588012113106900
0.256743482192785644
0.326200263639395693
0.218636830664048626
0.270173832544377934
0.356778520577031744
0.113274597190183762
0.302340733988809007
0.366196058420875881
0.177819001579880037
0.261278874622339841
0.297454569540823610
0.124548903675495357
0.280207287579171405
0.208342696766373320
0.173824761166410519
0.223273988593988032
0.248141903570005956
0.118717201778188411
0.241269548856077543
0.163027564371071243
0.230376934750461365
0.211422682076329832
0.240046394689996473
0.103066078903770370
0.275062609388231682
0.238543017992257217
0.280873082202012014
0.301765318963292783
0.326138169406368306
0.109648299457586862
0.296697799037742183
0.271367123793204101
0.171029388102739544
0.210256966971500037
0.273137152094489410
0.098071978929822723
0.272435223176969055
0.272157239975749532
0.305917352402718279
0.252816968204917725
0.312485421198042901
0.267987176742409849
0.275966435073661143
0.221409742248291908
0.166252220739662060
0.218560923127144008
0.266600981075598542
0.180370880185891064
0.211448757482196131
0.280399722050530542
0.283185704589781984
0.473591650669434705
0.348392822312137584
0.124136802100770507
0.240333836224354724
0.355649885900935547
0.300641600611515791
0.412038068483342401
0.274896818475985294
0.100911046302264787
0.204146495269805356
0.216118583507172141
0.271134883397467996
0.358241773975858713
0.227508667685185018
0.087748023370938413
0.186776260167775487
0.267561732595052726
0.304666884850868569
0.293257345170756190
0.215584054258774943
0.089147179889163361
0.282946348506484313
0.351149846259933063
0.356061143192159091
0.327848579098527659
0.264317686387532613
0.116912726154063867
0.403568704676197654
0.274909522611905544
0.185319145714767375
0.232855920568222546
0.216852635250627340
0.119832480102118666
