0.040829120373036459
0.216332350358238529
0.083935742716425607
0.143525818307458197
0.034193218127331622
0.107962631370275355
0.002465130155906884
0.022819657578636500
0.140068630698845981
0.149178968144062174
0.013007415589438612
0.190442372091781303
0.005761538158196706
0.035593778980418579
0.053158988662343892
0.069817612832922371
0.011209488221711228
0.266241981875793121
0.012445455555286171
0.082202087978555063
0.108933738106747308
0.091285204415103446
0.006929358648059888
0.002316320964510169
0.023695048471343572
0.145386479191861817
0.118807874067108563
0.090070796105214956
0.123219089296549317
0.094767929261380002
0.024042269080571908
0.126884843681189380
0.353259632231783471
0.400000000000000022
0.400000000000000022
0.400000000000000022
0.047944861676956857
0.291561924372068237
0.238760727415991164
0.133896266748311177
0.055940255518216409
0.042898853654892204
0.025299683146946143
0.276299330350486816
0.177856286749825898
0.000041681361568426
0.007767017403289431
0.011127725338002844
0.049630493072866634
0.120291149707317579
0.147400170715425799
0.065799089983174894
0.063375729363670266
0.067212383717941943
0.000098954095365926
0.013508981440368700
0.064408571142644755
0.065867674278313054
0.025133862426038767
0.095190240569089674
0.008632588152348979
0.026825958475344094
0.024522200580445276
0.020017384401477996
0.013269561387564816
0.168823323798592634
0.031017598909570572
0.143333914649555832
0.069260769420950857
0.053190748200263274
0.031420565580341842
0.048195554227733153
0.029372474221759724
0.162983844996207938
0.148427665137971121
0.093865238455960565
0.168314983975484833
0.161644016111377381
0.013479036500527661
0.130028635306169982
0.236167717110072367
0.358595009107949059
0.400000000000000022
0.318724133776337348
0.019451897102559124
0.011283645684415033
0.040320312876697045
0.043645224332254748
0.051265695214688115
0.018715212565744269
0.023146593320621939
0.006902149356150755
0.055423068218392768
0.001043945576199202
0.002671745771212201
0.004988856862154972
0.023570886988271846
0.176534634529444873
0.116620171567010211
0.023920204060748684
0.006407569261231904
0.060965019559598280
0.012503364062851827
0.031981084193005035
0.099059304050298003
0.049491271111356733
0.007350622191390817
0.024514014770840933
0.023965332877417291
0.082418077572642925
0.142576683855555691
0.055713396384111519
0.002924807028644168
0.001391518362905673
0.017772909202363154
0.057544366966861694
0.109891164249940901
0.057462929236355063
0.187882232531806637
0.331080673261934022
0.033261716944329806
0.116637827197846905
0.106377418869129617
0.137569432653531581
0.310672947230918206
0.271855975423912655
0.028516528688033858
0.121631003611123778
0.267495907488002893
0.123060883383306313
0.078665485169432947
0.232365631102714049
0.014813454606733039
0.028582302459925105
0.184865331501805952
0.018186370492317215
0.013985603774906596
0.017534094763925340
0.013101977408013579
0.026078292169859844
0.045967784278015816
0.011883740929429027
0.003329191628504328
0.007956617051847270
0.017925072639688192
0.133101807704049113
0.120048142983106745
0.013587745356516575
0.006818709904527284
0.112469081407668536
0.026422279554700234
0.070643977448753573
0.091244734373841840
0.025576623224838828
0.016691273232849614
0.083460281023247901
0.023728083425042672
0.108354155766056254
0.382606020353579102
0.054433928300292256
0.039567632264040316
0.182720744312688393
0.023305184678902403
0.059965366494725683
0.129702166563219951
0.054340848073345674
0.129679608372687355
0.381215910885179143
0.012075379255383047
0.065353657726288775
0.085706655515294897
0.019557610554962860
0.072914390602511925
0.191705043634928296
0.001423039980342300
0.072889695956775302
0.210417446222237625
0.117521883426419171
0.090492222762292240
0.050539727508363233
0.009617919121859143
0.024084711222831980
0.194419155567743196
0.053385070197427775
0.040536994497851447
0.006295465441061305
0.010809182786093725
0.023440056593447216
0.121723519153385848
0.011157724642880569
0.005362596661572430
0.003458964045764470
0.400000000000000022
0.274670065773581551
0.119896563469545692
0.042599449642441473
0.017900346098608216
0.162935630410159377
0.400000000000000022
0.285910954556076569
0.062784994576664171
0.010264769009755152
0.029447585956226735
0.088947354835754666
0.400000000000000022
0.163710084790313015
0.369468298249754579
0.028826239257402259
0.282286587905152486
0.400000000000000022
0.400000000000000022
0.165013551401602787
0.218717322978993517
0.041874338691245364
0.122881141569596938
0.266575638641568746
0.400000000000000022
0.051778004596045715
0.063034742090817386
0.033826346301782342
0.072600773054366366
0.128479601968011864
0.400000000000000022
0.021340872299748744
0.130958678082024549
0.070484510543322818
0.042591684201827809
0.048261873634998981
0.400000000000000022
0.017289039308440536
0.342607099028800821
0.136226453296833583
0.048129694116807141
0.015716221136417890
0.400000000000000022
0.022128853387124572
0.133237144722616191
0.039402404901805674
0.020894756985112214
0.021701038562094987
0.313984311106834002
0.107190358539347330
0.023329310101060732
0.075702113091142414
0.039679992171108888
0.082720940053830766
0.174532155966469066
0.292739138795512222
0.052669156527875183
0.033981638443362529
0.031127115587324956
0.043514476104753036
0.334037173656646924
0.296289877761154119
0.172782412856028411
0.018267119761856701
0.055478866129414946
0.209633899434549686
0.298396728009759693
0.197491669079728344
0.246664174397620395
0.053030114450904095
0.158182588992783257
0.262772073981537124
0.400000000000000022
0.121277526702211064
0.084709330165183269
0.051427508813716390
0.092007972431968676
0.050896132364683565
0.392051178451963467
0.028140888653908864
0.054627079167725044
0.017090686617478812
0.015567823985148339
0.043723772105842419
0.262582964753877102
0.016083382027154407
0.387247291685140715
0.105598154164284808
0.027022986963760397
0.014447264510793150
0.114949010054933520
0.004258607570835853
0.110192018783229179
0.041078983909010866
0.019419640229072884
0.012743554325572243
0.024757666904879020
0.049000870375954561
0.043352417817869096
0.022170477031385517
0.039505196357154208
0.010943498262475327
0.016662548775727471
0.211797100183775233
0.101451611138970360
0.029272319573444918
0.017817387898558891
0.022530100094174707
0.003529534540677843
0.302311063302083072
0.145517083727997903
0.011721761015822642
0.007611014735401199
0.036693169331924722
0.001561081414313983
0.115413054344868177
0.093098376848831044
0.027577351510976126
0.027073841915417476
0.153395069708684662
0.041309788698545298
0.117913241959950760
0.111675916152006074
0.012896158198705810
0.020630564786240924
0.080543062721606190
0.074063227530926368
0.083993226692146886
0.085060152463338284
0.024533565752141162
0.005619674971904218
0.137797525675863480
0.023143316520219875
0.041999036883012306
0.230180166831084637
0.113661194296082929
0.067756956260554529
0.019361102040674677
0.000000000000000000
0.005689510747161557
0.047583767088170442
0.034626345079238841
0.057682473847542846
0.013197543870907687
0.062695682037505612
0.156157971146794305
0.083282649732057748
0.047830560350670945
0.012667667553792152
0.072096730549629423
0.055194635417983709
0.117575982695101278
0.069818362314020693
0.048619818065652493
0.016883231396823104
0.031553975069238571
0.034413865299804280
0.160904024702050091
0.055033212832875697
0.036383128563650995
0.013135205005912760
0.024387674429423023
0.031861041002761145
0.236018928106968146
0.147834193365086852
0.070599906394449935
0.063528704321067719
0.069050854231234721
0.013987312285634943
0.186668545925941287
0.115180018971739684
0.073690859079550683
0.107974255028258609
0.187665647825732751
0.038503015979473310
0.062727681471651003
0.068167246113864502
0.035861182697967453
0.012855330490573792
0.130010362184988931
0.041048672437688810
0.107354187715667446
0.094324527292577259
0.015807195801226279
0.029673437358203370
0.025445644082836449
0.113846008089866876
0.117527119118779888
0.037372995649704296
0.024757446405478924
0.024033181749560387
0.012835658687380449
0.044707889516193894
0.066271122531096710
0.054838067510407415
0.089180324044474082
0.044101916115496909
0.038323595292855679
0.018401065132135675
0.048374056012471196
0.079838120682467789
0.072633852941645968
0.018570831481726953
0.025586976022872993
0.018554865542424699
0.090198808886299081
0.041058754959558762
0.094261783298382459
0.032160473235616757
0.052158984322416432
0.022120654670954934
0.180235325673709090
0.072112362568960545
0.085929354238910724
0.076387001612252467
0.268818764576780778
0.032169865745615804
0.305385601628162640
0.262907650692236039
0.217000151810104569
0.088312803262919959
0.400000000000000022
0.059378567860229832
0.289600526129991320
0.341571158735334224
0.119986446218453446
0.025176733257918152
0.062931323527121844
0.035366354890530277
0.238357699697162695
0.176656295550539771
0.005329515160892881
0.039520533614739485
0.040086300253356855
0.028926916153149334
0.216794914936444205
0.179530085280985213
0.032414031601133930
0.011726432857638211
0.013421853255577838
0.023922924994409879
0.052251351674952623
0.084114638843993575
0.091425654185291777
0.291797374172708623
0.161312365336098940
0.031873527586648603
0.046094589490040257
0.111825402849593802
0.026940254708409293
0.047451147616147091
0.071209678424916739
0.032035317338147441
0.108619975794645079
0.039173088601380149
0.076320101524199269
0.024211392082691841
0.062718567276490361
0.055877120494627619
0.121068071213935785
0.107726053367639046
0.035937582269334349
0.038706765606676040
0.066670377706537914
0.058876809890179259
0.287059510079925140
0.179301713039903277
0.046344941925740520
0.105960827630057569
0.363256237191268427
0.018677711773479086
0.303810215951119567
0.165372240488633165
0.032119559095713887
0.037777026584466647
0.063877407373016115
0.066109150204129802
0.234074636319980933
0.106041991260616142
0.014599728023079787
0.018731957946609531
0.019617970208011391
0.400000000000000022
0.400000000000000022
0.400000000000000022
0.400000000000000022
0.400000000000000022
0.400000000000000022
0.026005456293091356
0.082437859857555890
0.150880579807381149
0.277176483217413838
0.294857002767109910
0.171311853678432741
0.072140322691297235
0.138082581177872005
0.139935160657113478
0.180796755231131229
0.105438469563944134
0.038513115210495913
0.036179178784130732
0.076184145014147969
0.093666501835025964
0.292151034327805759
0.029174449036126184
0.017769633728860562
0.029057858555796040
0.092214836497323441
0.183725815305745943
0.179308869086965583
0.089186009878222117
0.026024107640260030
0.083193682059747753
0.174996116708986515
0.152267567305667151
0.268619315557032279
0.348564934318539243
0.265946821375111608
0.051257866591088067
0.158552223980340190
0.111730958997711419
0.388571893773365651
0.289597718163474738
0.064449441245362088
0.026557175327655804
0.107284508163356163
0.060608455006037489
0.002149716460127511
0.010636883402892967
0.011060757783573684
0.213191899394697681
0.227259635800707377
0.038007107776566143
0.015032943712163824
0.006146004886954542
0.009923205986641552
0.044773038785427606
0.101048984949298995
0.140319073616103324
0.250894418896123739
0.400000000000000022
0.233919830908998816
0.041201630000318297
0.062745520744284605
0.073746543094012115
0.130511366544784291
0.156579762546111639
0.073702400515154032
0.076283582537990849
0.056097355387757716
0.171693686861722872
0.334520151465406257
0.141338622959219201
0.039473595106575284
0.082609501896734411
0.067291249395989100
0.280311950055032733
0.245194953220500639
0.047590145634896282
0.023543908835338814
0.138772717918234229
0.040583719986227888
0.176004981990448867
0.175721920400123077
0.222532950295951576
0.150265920206741316
0.036427561734496426
0.027069748657949175
0.079767263292198118
0.117911385614494171
0.137885076105137117
0.057491611224860281
0.051890347766578346
0.077378400172298106
0.021748611239998151
0.028831245868555760
0.023037481369946065
0.023120500609255794
0.167265270837705537
0.135377775016185004
0.027260036740096145
0.061054385282781197
0.008151908742709343
0.015331378549383988
0.058042392755660047
0.310734462030113900
0.370121494733310519
0.180750199910625686
0.196502980841091940
0.196540722410179169
0.109494715540753060
0.127725676046885311
0.179798938227045069
0.203409193968647539
0.380677797570520116
0.068697836216788988
0.084547163543657683
0.097669658863133182
0.255982882527511169
0.276463271466401261
0.394193395378531153
0.041539850739855617
0.045399297819487240
0.091964231842875582
0.276551377646905405
0.201121108637614732
0.128707285524169934
0.016288494784413625
0.229363467389492537
0.129415864855864177
0.209427878121777739
0.250219473656278113
0.191649057994087213
0.057825827417050252
0.128938712541422223
0.028351060494935236
0.067482357026727322
0.092495526889110058
0.048674135362942086
0.043613848708966577
0.259601671005869450
0.068100893262628276
0.035252240531474820
0.063294572450808037
0.034848685844444158
0.026199441851481101
0.028696734548652757
0.046179148219842231
0.010689576799548581
0.021517636311647999
0.010708789615366813
0.006886266083889682
0.257470023782798152
0.217775127147122743
0.175686619973630581
0.219092875009731014
0.400000000000000022
0.193645970742091611
0.300913272360848749
0.232592825983175489
0.132355218540099490
0.124754243900637163
0.400000000000000022
0.110103448804938955
0.300201545753720545
0.151803543791789786
0.173268276227502432
0.119532096784872477
0.400000000000000022
0.113593295646465225
0.186018413047921299
0.042228673082832242
0.117167223901297385
0.245682893316557543
0.400000000000000022
0.113090886424496662
0.275243680643034283
0.126211985560954226
0.180197611225572984
0.289579939155084287
0.211739725510379007
0.024795662575753472
0.294586964408749208
0.070398458354243285
0.088070809617609214
0.084008393575677923
0.013563594672910725
0.019977172388421165
0.064980463912973713
0.034708202248221694
0.048765068458239476
0.113029800346518203
0.033167075933232149
0.092533866136903481
0.037703778339505431
0.017208692087299030
0.019656868796557873
0.059588423483184251
0.024375969897598833
0.030606652356440729
0.349136747408785975
0.042528036078309274
0.075132039067230816
0.144975735790597360
0.328319022922188619
0.117650146093292329
0.174987723719263910
0.127394382014126700
0.115815189114115383
0.088542102441264633
0.285014121637183648
0.062859065213068707
0.263398465050491193
0.079494825020882454
0.088047985019161987
0.077589175728535589
0.166614100231952333
0.035709113605297473
0.386179474628060015
0.087466868856760124
0.072189383682252320
0.141797453629607190
0.400000000000000022
0.099571739640560666
0.241569621054741585
0.100365218251581650
0.274733381009642508
0.067685643273326324
0.097068715360095120
0.053711807016305936
0.272202356900384024
0.127159696501276814
0.150162538440022197
0.016580959271294160
0.000713844196107347
0.034386712723825555
0.159680777287381448
0.020712518123874785
0.034146802363754017
0.067360907811016169
0.013145271947369530
0.071237367564288626
0.058588498929033762
0.010333693013464000
0.016608356263177124
0.035983899202198910
0.000900293288347598
0.018187648302305019
0.031189443609114215
0.058828213700798632
0.040480031566620285
0.213510561174771352
0.211889277860554170
0.050266354424384832
0.086414762250825838
0.188621610961676317
0.064893825431699637
0.286201103049527672
0.352594559290334120
0.031401226852612422
0.172520758878768832
0.138648726043891057
0.035378553215014770
0.050872241487224579
0.086812285278982951
0.018813361751762459
0.349711309998655628
0.059804234940171022
0.053195915583893930
0.074238276835977890
0.088478575044428270
0.029310363156449346
0.167139277207902032
0.076718657107028049
0.155665568126548526
0.065803223685073922
0.050106170095260874
0.026076038653704982
0.321955745204942190
0.041353014450981551
0.066730683337886149
0.018975029152699177
0.003094350222310222
0.062176548028756766
0.219826159748896077
0.048130605149642236
0.001843331872241839
0.005932680982064846
0.003170207396698139
0.051031918221222279
0.055032526983957782
0.007844840965029739
0.001564987640322103
0.011576924128251278
0.010933851123569052
0.035414310662469209
0.032895587629218008
0.140475564615060500
0.032077681172228791
0.122087033989096150
0.314067518036351967
0.107303599419093121
0.057020840915191232
0.065341553991513382
0.051225557802194593
0.347487827346199096
0.275638055372769253
0.024382584581411560
0.060249696836057770
0.073254556086908187
0.036739998568180707
0.202776459792828656
0.182130876850261525
0.012567476995734100
0.047914627559576095
0.066302605907761145
0.058648920589769733
0.032288142320371270
0.038633100637073620
0.022254668631855736
0.038241514863899463
0.020357281806807265
0.064736663758580670
0.042545874129379505
0.082026453730727172
0.045372237938263421
0.081934625077276516
0.084043570135782550
0.080031876988440664
0.185125657970256957
0.009843539526725099
0.197315104396413976
0.392651862505120852
0.226592298776734202
0.033021653651195790
0.027563814613270364
0.009089420900257415
0.058932621217507787
0.155666296579070607
0.116642698864969890
0.056552713248317690
0.002653106622498457
0.003880842244050775
0.011602766925508040
0.027211116761509568
0.077184526191949390
0.039631584539432371
0.094152133690373355
0.107475620276713743
0.016113127030205739
0.060698877757585930
0.055501414336569917
0.140011022755892556
0.288610937210160234
0.203377933313354242
0.218670470016536167
0.038926514666487333
0.145570551705508588
0.022440536126842828
0.122868819102564336
0.159809200737268842
0.400000000000000022
0.038399686529108093
0.291294871649274201
0.112251937802382684
0.062451463742470043
0.015337604347573829
0.019584582045582180
0.004250632813015967
0.329731457510331061
0.144865624716063124
0.049201468879923681
0.044934264514660580
0.032198927963468404
0.019355090731184230
0.178391255266637738
0.130534116717067078
0.400000000000000022
0.167743057401757212
0.400000000000000022
0.147177431797901714
0.278704151953175938
0.051581641338064532
0.104864365626684081
0.019625854204523424
0.039496830853557693
0.110477308564299034
0.201715044412986017
0.031057694118914032
0.001691536494509859
0.007527747339934209
0.009041944231412330
0.064752045367446345
0.266686207632812589
0.168050381560419210
0.234951472492749974
0.325990592300040238
0.269274996706374337
0.034338657742555491
0.068914247068676771
0.251894033548439755
0.176119222852471474
0.060458563205585701
0.261652050516697987
0.037796855496344144
0.144213754775063652
0.092332077263724055
0.146137714357121640
0.035420880304403074
0.328960549152283455
0.068322576049913791
0.203270159192490835
0.216659791474386354
0.127222786684437789
0.045636124254735927
0.068986698671048077
0.082571858361522837
0.363675554322269834
0.298109587107011853
0.136415738030955469
0.229179916926606886
0.400000000000000022
0.042719980854050994
0.380636147552597448
0.400000000000000022
0.400000000000000022
0.400000000000000022
0.400000000000000022
0.114054011881086659
0.400000000000000022
0.334405920233985077
0.148495994771390943
0.074672213464825943
0.062516823862903595
0.400000000000000022
0.400000000000000022
0.400000000000000022
0.400000000000000022
0.400000000000000022
0.400000000000000022
0.075635949365957994
0.202729009564873497
0.288608343528170941
0.319209844291417133
0.358232732130780107
0.238524237396374655
0.072239276786663170
0.151591562618240694
0.204343731799758233
0.246664429509444283
0.130572331989982915
0.133703355779585586
0.044811766936479716
0.103010103489492050
0.118188702415471247
0.305244420042185771
0.042444010423691003
0.186592957527453196
0.060075457465366612
0.235548751146879287
0.252986584726696828
0.232499617287228899
0.120606575458563958
0.074219661867993184
0.112566156281507471
0.323343939098246158
0.300695232443638272
0.326186632736440218
0.400000000000000022
0.399154791413698695
0.064736903091615727
0.288580859286510116
0.347898676107783800
0.400000000000000022
0.400000000000000022
0.367939084833416086
0.046009072430214924
0.118568153847771196
0.100928767882734541
0.045794940792382263
0.061902578617581083
0.029775970349317948
0.236338492715319620
0.234161785156858149
0.093430175994958897
0.016076889288363025
0.008817750658166743
0.014912062848796525
0.068343925773699438
0.272271662359407196
0.256939245183113563
0.274814622956872368
0.400000000000000022
0.294884850468597082
0.053704994063170128
0.094726604937289655
0.172805847144310132
0.180002637656140996
0.163930384737502433
0.098216415285994979
0.100248915415408146
0.138515432960400670
0.314270370717278591
0.353370449176238055
0.144263429987863345
0.040865113469480963
0.100382411099097554
0.124835616362850815
0.370218606860323707
0.295362812253922358
0.235472378166702911
0.354624582097272878
0.172034434862564034
0.157221547184074772
0.282382400859578497
0.292140807262396551
0.400000000000000022
0.397886588867178759
0.064944090422530271
0.148700752269072950
0.347263170780200969
0.240972268997800498
0.216550561274570064
0.289857242327574316
0.066703802373311388
0.105960702632223222
0.206613942741804113
0.047017616360872976
0.037023085144852662
0.040654595373181140
0.180367248245719147
0.161456067186044827
0.073227821018111955
0.072938126212210228
0.011481100371213674
0.023287995601231258
0.075967465395348238
0.362985897964776538
0.399774801940497582
0.194337945267142209
0.203321690745619232
0.309009803817847706
0.135916995095453269
0.198369653495638898
0.271043672600886909
0.228985817193486374
0.383584524895981382
0.152158117240036889
0.108275246968700362
0.206023814629189422
0.400000000000000022
0.311957107843124914
0.400000000000000022
0.224260595052544004
0.068704482498389646
0.151929598337601279
0.379223663178583470
0.255461956710960392
0.258386893896857317
0.388516259480810033
0.241438846644875554
0.194769522582152937
0.295134533637072649
0.265453614458251663
0.264563448596599138
0.249530871051978548
0.130361752521764518
0.101240756451710531
0.277899803248964905
0.210017410315529229
0.139166358125234313
0.094153576217329796
0.269219590127728614
0.092185604485460260
0.229671396099217995
0.116679642648235798
0.075385680342295605
0.032494907292542410
0.039505917334746482
0.069619204813289440
0.132413095952934434
0.032675360954528568
0.016071386276939242
0.010345230129654152
0.400000000000000022
0.372145266637916472
0.286902622801796514
0.261692324652172459
0.400000000000000022
0.337888172392884045
0.400000000000000022
0.359280609468627943
0.195140213116763661
0.135019012910392339
0.400000000000000022
0.199050803640693608
0.400000000000000022
0.296818894177424020
0.400000000000000022
0.148358336042274719
0.400000000000000022
0.400000000000000022
0.400000000000000022
0.207242224484435050
0.332602588232972507
0.285615484628939820
0.400000000000000022
0.370162929095593674
0.400000000000000022
0.177989990156999955
0.243232353316390371
0.310325553171596102
0.284340498564745359
0.153275264543765333
0.400000000000000022
0.091739330653992049
0.219029487699633790
0.154492904119000740
0.056155278874738541
0.068239046023420152
0.400000000000000022
0.051997241556662223
0.361615980184260333
0.249256253643351772
0.081296770050039296
0.108250087273321374
0.400000000000000022
0.039337545474423599
0.152894013519174060
0.098990828384989946
0.045270726882711054
0.052307690918535717
0.400000000000000022
0.149718394617656597
0.098461349168291565
0.220677848881739774
0.367999015093297466
0.200371086147123095
0.349519879685732948
0.331400817957366478
0.168484345641990552
0.122523740884627169
0.316141237224508598
0.106373541317821729
0.400000000000000022
0.320683756041270474
0.260830397875190356
0.095856295490392290
0.222092966361367300
0.245343013039847124
0.400000000000000022
0.280743609461727994
0.318853558079872701
0.194827568080511271
0.400000000000000022
0.361149499524404449
0.400000000000000022
0.221642744953792714
0.340262175379145548
0.119113152087042720
0.189076687792063797
0.104607939380989501
0.400000000000000022
0.155300585155185661
0.204789617607747221
0.033671645888772972
0.016281668181255687
0.078110484829667981
0.393134094838690329
0.036795900151029196
0.396602314692329316
0.172959061975300976
0.040168258911129927
0.085684632075081771
0.173537508983967304
0.014592300584299852
0.126800375046406288
0.077062883111209762
0.020319933517420480
0.030931202627877265
0.055947110513993245
0.107829084076753193
0.083832449384489402
0.235681038206156879
0.251394474217708386
0.061209852686860161
0.103077311026553292
0.321519171379095525
0.166345436570669997
0.314576441544506813
0.359938596396857657
0.053931326946787136
0.176050293419446696
0.344856979289940302
0.180895636943012666
0.062594002503047225
0.094423300014384148
0.055506531083687180
0.351272391412969620
0.175217289285039213
0.146294292432724959
0.101815628346954012
0.115552416959845722
0.182705432865133965
0.208449065906447323
0.194631899066978808
0.267341484278554642
0.078699381883779729
0.070736734881501812
0.106619101375311165
0.394363753967541975
0.125346241143128451
0.151790835801224433
0.043508594904840339
0.008714025194214438
0.199974073704620253
0.242969476269115969
0.090129642032654542
0.232023498703326447
0.119593875278147785
0.070927163657252698
0.070393020261896949
0.055032526983957782
0.013534351712191297
0.049148754728492540
0.046203269207490121
0.068616324971111892
0.048611854533376894
0.095591269666723627
0.284094264687533349
0.115360330904286545
0.169917594339767081
0.326735185590144139
0.179400329968722544
0.112215476333174941
0.182917536686614646
0.121043920116215287
0.365395990060595532
0.292521286769592381
0.055936559650650128
0.094663562135862050
0.234158580788958293
0.091773211401056404
0.239159588356479602
0.195266081856174278
0.036955151425157123
0.079775668562337240
0.291756617196033963
0.206483113954856579
0.102888048714821184
0.102161804958141339
0.091305522863090474
0.052228827149534411
0.207025827732748524
0.179916682730320354
0.116236733208930187
0.190000708758985781
0.233037885763996144
0.120437641056749825
0.146771251607433539
0.148199123102305153
0.220986840668224438
0.022698870017298887
0.327325466581402824
0.400000000000000022
0.324983913548659020
0.127346180943773063
0.043371010414496640
0.038762858258460792
0.084378265300344243
0.269512304668937497
0.234169817983749806
0.093925708898021973
0.027410553027977382
0.027914023993611162
0.024438425612888493
0.071919006277703451
0.143455648723046114
0.094469652049839800
0.183332457734847465
0.151577536392210666
0.054436722323061411
0.079099942889721608
0.103875470349041113
0.219849143438360317
0.333057480244599136
0.221948764795081188
0.244257446039409132
0.057481380208912039
0.235769360591807725
0.063499291086401594
0.217130602400946754
0.191969673972885585
0.400000000000000022
0.060520341200063027
0.361203807711614366
0.184364300371343215
0.148380817981380780
0.091724605959826316
0.288403346622362944
0.036420498558631775
0.400000000000000022
0.365681046327260506
0.263260791577546671
0.133247067777580525
0.400000000000000022
0.078733658591414069
0.396278621235949036
0.400000000000000022
0.400000000000000022
0.192919790659675350
0.400000000000000022
0.182543786688432019
0.400000000000000022
0.228237936888604276
0.110193880787576970
0.059146387819262909
0.079583131106914548
0.139404224717448372
0.390869238746313519
0.210587779399899255
0.034105568095643787
0.019254180197572419
0.022463797486990164
0.221648889766666052
0.415735280381819838
0.312505308265694282
0.233161867827985536
0.333726125436691556
0.177295600519675550
0.207248820784915938
0.362002837445339232
0.241406241595117671
0.168736866976553490
0.218140210557265873
0.116875175809603354
0.242679198437286248
0.349839543253933793
0.291687635560015368
0.150539712382583929
0.204056304974336161
0.217398996853786414
0.251669430665411198
0.306186404210412821
0.291232264519549422
0.146364969141567630
0.218132047128175105
0.237529098862241855
0.268007935125292307
0.343662979614891673
0.233580776093728237
0.149420576448188264
0.233125615706946704
0.297417983709168554
0.267719792236340015
0.245840497361974164
0.287042038113652420
0.295660790860527267
0.221674393788867052
0.305903844653039103
0.241553261787830320
0.184515825069079487
0.212308857867433615
0.098594235662843394
0.051165099164675348
0.056006136388318632
0.230369489599581839
0.226704991745695111
0.174712428021355948
0.093678779398283105
0.073168383019952099
0.076138678138058510
0.199883947128852352
0.193083871451685818
0.224163997063632631
0.360629379770999348
0.351675882034136023
0.289795291413877887
0.184356716311909891
0.157705339891761165
0.180667586097270155
0.313898426141955511
0.276032078876954856
0.137614269869856726
0.217251977591076090
0.165309889077100730
0.237025407139768052
0.286729430783426054
0.255477016459060902
0.245757646384510003
0.237052960133730950
0.169863357470494747
0.230233648113314204
0.239504163529559222
0.265945616759684533
0.286553519164431059
0.261089512962882797
0.231663819282860339
0.270922600669032787
0.208033835964161418
0.256241362650225180
0.295408861081291330
0.261638297067432635
0.191568681807871150
0.306990997751247996
0.321078873869535319
0.216814471363053568
0.297756255213284748
0.267675110996508536
0.185693680449322412
0.228469583860403447
0.101444201978078435
0.052899112955202346
0.055255884802164243
0.267185484434669773
0.242363411833190073
0.194679048342577182
0.097909818964836401
0.074304929281400395
0.074752426722697843
0.227928981154636945
0.314407158194106362
0.193904962214049154
0.200029516508596655
0.323924299878147026
0.180661812800722105
0.200553995942167579
0.337718050662400793
0.247587597709533286
0.215868901288339021
0.308285661779961639
0.136957682520004148
0.235315637447697540
0.359993510389403693
0.310532475596178414
0.169601377014294924
0.227143386159193966
0.246197529518454722
0.253582794161206271
0.368762805665461102
0.356289371978953662
0.147635970721503806
0.215140987991960519
0.232112620514609236
0.266042254192684346
0.401860479389899605
0.411704544273881368
0.224081817662991511
0.277246018148738504
0.286788718034126366
0.271521123536213049
0.289601299068000362
0.311791722536371052
0.276696707987090007
0.195262382829017228
0.256875839857571231
0.276441114203513583
0.287979348400719315
0.310071680704741670
0.137209452519508446
0.076537263686945009
0.085966354977880827
0.204158919416193102
0.203763955756684351
0.166726793099394310
0.093394746777225798
0.073254115975615430
0.075219527271993269
0.212609920636234295
0.200032424960227051
0.165626418796964991
0.204783981655300679
0.315099872109517676
0.277932402052248118
0.181420031901804585
0.151111014718635556
0.165164566749022856
0.320728940620823244
0.320794521582805803
0.223861682979828808
0.208410584180744457
0.159084695048846647
0.246442970513549520
0.308840811390395098
0.275888132029456390
0.273154767548343280
0.228612855828937866
0.171928364924191918
0.280937829197769218
0.293005955748296520
0.267436323664498876
0.280771620435789349
0.252557634951932286
0.229042610713202116
0.325473001177870480
0.354487820427029421
0.370041239910775366
0.339899484956093956
0.262973242605156088
0.195220745296895148
0.361113587990976093
0.333581328237308627
0.205275367460183544
0.255570591284703719
0.271418841198539151
0.224404948545912919
0.325068855184123373
0.159307087062635494
0.073617471432828666
0.082656621298576857
0.220675280922923878
0.204763763599149246
0.175829613467181373
0.094731787115827457
0.074139137952869860
0.074843377242142725
