0.072688441225447903
0.047330713100033686
0.088300068577873009
0.022887218750013538
0.048843125738670591
0.018892844477148826
0.054091192035546451
0.053684646971861490
0.052877936089388809
0.047177024954180254
0.050076226320043334
0.066991558979560939
0.192805887851270508
0.109386293966133655
0.018507350240803189
0.015550444738771312
0.007769319298837387
0.043416203419484850
0.072012552559967344
0.022496630650269977
0.003794846530452161
0.006917432406945642
0.007804119853290012
0.055755601862403872
0.115564580686084634
0.032484757061807659
0.009843789326923763
0.014341707315890701
0.006464481795585487
0.029692756173456219
0.063543493647952351
0.017453764576643816
0.223678885844665970
0.034673320792802401
0.198615180421323201
0.224857500388941395
0.040279792664646104
0.030832812008962193
0.158753418255351525
0.020264888490961482
0.171857450667366018
0.301727047609691768
0.151509736175176324
0.089378504325238028
0.009945602840245565
0.000000000000000000
0.012053806366064341
0.085506360339380624
0.117801894407418173
0.067429871827049653
0.050510893740624119
0.021708804055245057
0.025916332224050070
0.012702893148180801
0.123989608017190361
0.120567255669322859
0.094508024169221522
0.054610849557449624
0.196155912810629385
0.086713866628935113
0.219574118668312418
0.092462037001329253
0.042694992008566295
0.025950294213700965
0.016912844428138687
0.029102583384000926
0.075694768114126884
0.041652654319930545
0.003760362252548965
0.002731467261793779
0.075219652152281380
0.077428802291327453
0.060094359956995511
0.024493034858089065
0.006825472043292390
0.018506490972497385
0.004506440469024216
0.067763366029186409
0.059873120058141716
0.020954816948478075
0.011652534653871699
0.007311685206734447
0.114807805944700830
0.127026305474592177
0.072928118665809769
0.016492711706943265
0.012159202697530043
0.005350557288788540
0.085455599297772938
0.113270594571050057
0.103694225480248051
0.019451782896989962
0.012942103851056413
0.000000000000000000
0.009751143293677423
0.037304002039715317
0.198797166944751358
0.119253451631147853
0.258516851334007258
0.030264973876850947
0.077751491940913575
0.068363511566514962
0.147697759376163140
0.122388387899830670
0.152426454387700111
0.037731779211377076
0.207278628497472500
0.103114795259797040
0.173363352792137215
0.177789105256264707
0.038608868068585094
0.004060881200302639
0.092852134717031895
0.099625579191283786
0.062577671244758007
0.082489829705984369
0.025849065543213718
0.001840052794332253
0.302571778074064546
0.184478955988779530
0.066601425530573466
0.003448322476828695
0.001056713146764298
0.002756687807879270
0.013912014968699468
0.162360080222261227
0.034792729039365110
0.000000000000000000
0.001626049843983983
0.004899294712068618
0.115988456022540987
0.396024568824366541
0.087214258636186301
0.000554592138197205
0.004114694420006100
0.011230062887426430
0.119605068058264485
0.272624420090668340
0.028360171288706548
0.001979455044346178
0.006000426259485240
0.001681788549301804
0.005983638980658023
0.078746630293962103
0.285184200368955199
0.034040893938038053
0.131590096414366475
0.031556182594032089
0.269363397261958015
0.310667983196754816
0.062595168589848441
0.086238726258690335
0.172611199525479320
0.080229837856628419
0.303447878727334364
0.264868937669413163
0.038080082318732736
0.133921608623342570
0.032404450738817467
0.020858991572648374
0.400000000000000022
0.324810149670738624
0.157075298698317795
0.076913842406919869
0.008182475087885286
0.020634269511258699
0.400000000000000022
0.244899876141940920
0.077425151419153154
0.011252139349978275
0.007723610128500265
0.011038939677531796
0.063451681177518343
0.249135789956687143
0.072620321589519116
0.031010363460181916
0.020323724342328098
0.011793125987258790
0.205240908416931656
0.400000000000000022
0.070895643547889339
0.007894555567229736
0.022624654860401418
0.014536924039386202
0.296924224705160111
0.290584402442802536
0.049943898972700518
0.004362938807430319
0.000000000000000000
0.005466012424100306
0.218414470158777768
0.106618079896201159
0.094964808579352050
0.140183019449137192
0.135618390109787712
0.043829929396817437
0.400000000000000022
0.400000000000000022
0.052928169656939326
0.187248772690077336
0.076004657751754551
0.023842233369082349
0.380136537846738121
0.366651367330872113
0.179399927236272183
0.072301326028099230
0.028155483657810159
0.024276406511164021
0.400000000000000022
0.376914138083002226
0.329421640301111540
0.053144621648737775
0.009312168296730029
0.049692613660120184
0.400000000000000022
0.285689162513898032
0.117851987050662244
0.020267656962335696
0.038267690415602254
0.070217543403944066
0.310353679622937695
0.387355914502251930
0.079965522227445796
0.021644924329322253
0.042117322714684102
0.034618892093641884
0.215550710270971335
0.400000000000000022
0.036074642858408688
0.012592000514170625
0.039701503794278496
0.077636261278725555
0.400000000000000022
0.400000000000000022
0.175945066207014250
0.082933960097743953
0.012004235686210372
0.058932655242209676
0.400000000000000022
0.400000000000000022
0.069802441524281236
0.099793554183533473
0.335886636174210274
0.058798678301276351
0.396274394435506716
0.301722734231936518
0.060284520617317261
0.149535589136762015
0.125742662379043857
0.032891585849933645
0.295515590278292495
0.240668607226172143
0.100711036857994346
0.101441448859496408
0.034321004720247628
0.014121613752910361
0.129178680715716615
0.198645444058173110
0.131386611644968537
0.053177241117780182
0.008234726534738338
0.015802130943242548
0.274162237862929759
0.223264266480546980
0.140729545171854903
0.031698346784411496
0.000000000000000000
0.050482849877481348
0.272351965355680181
0.204749319495074661
0.066981647931352584
0.040208308327905187
0.024685721589525467
0.011730214490866198
0.075628802645808790
0.291259001121305261
0.087431156469751067
0.089696941818470405
0.072538570228241298
0.017274163471878740
0.400000000000000022
0.391165329174572585
0.217512300408567699
0.081584525435087707
0.016339333672732187
0.005151004871963162
0.400000000000000022
0.389307467095946769
0.042820276695716260
0.051048817403865167
0.284324710180921758
0.027583793913057989
0.336143896605295200
0.180643105042748359
0.054402342116702480
0.033627118471755008
0.218036101974319829
0.019776954809721158
0.300425153323911787
0.182837223484158123
0.100188958109508897
0.076884768796407640
0.094734998052237271
0.023906771034284124
0.400000000000000022
0.335560333627440976
0.325867415542470451
0.085790933519742943
0.028315848282959109
0.019309806814172166
0.396196382060206909
0.288796378459682979
0.266264719337569511
0.084954838867615137
0.083762781910284023
0.029074980744601686
0.396993455182899968
0.213200815774013952
0.084028540660177023
0.036901017308984707
0.059100481271881194
0.004274355865695030
0.028565617233107958
0.214580582457523705
0.133366676260184780
0.045978344633343424
0.083168904875992877
0.011919103201767783
0.205203729542064506
0.133381507582689157
0.229390519900504186
0.106899840440201066
0.013131453840947617
0.005180885729980583
0.346228032205920022
0.163318236041365666
0.074300217344346220
0.053846325881522814
0.129480926201281932
0.017744616880280454
0.049019651197211557
0.074516494468085462
0.069851785356076612
0.095577172075326539
0.097530059350997927
0.001239632009943854
0.304443903689563533
0.160103907788345712
0.114160883009751440
0.022003312999967758
0.067460750080829787
0.013757813966748000
0.386904962160523835
0.187923397358830430
0.104253946426033806
0.019335009877678114
0.017811386042035412
0.006306703703134622
0.264089956778620571
0.142571461641579994
0.092336940642162940
0.062867937737841925
0.050530681121351520
0.008287167143981297
0.400000000000000022
0.384024597490314479
0.157134404072213213
0.090366940100957999
0.040585823608914752
0.003937155803420135
0.041536526675426830
0.266787632146227471
0.129604605484180541
0.077704928303172410
0.227269979965717545
0.010642321278364862
0.024142775988144072
0.044373039622179131
0.261483402595872994
0.125646231633482625
0.010033799105066632
0.006708467657770530
0.026275623184158020
0.098436470270041321
0.074972796127712613
0.039217931702020731
0.026446242868663823
0.003764659427525616
0.008071194246610633
0.057945381443674684
0.060001665804000334
0.109183352882519791
0.146587947445513456
0.018962385925869678
0.062435233094330259
0.061224553417818336
0.127049991257043637
0.115848837153605555
0.097871210088615379
0.019823486532135799
0.096833666925457945
0.049392815948082973
0.164413469606566554
0.057038156668591647
0.008768538505693865
0.003871238103366833
0.077567824078657602
0.040005354998668363
0.064007997001953809
0.017378176138521880
0.041634553143740781
0.023495354673514393
0.394294051462347750
0.400000000000000022
0.260976158641545830
0.097461639641587910
0.017524105530800561
0.012320620647099583
0.040010318539443611
0.330495760181024667
0.358422275970928184
0.096503869756749946
0.220757660482795298
0.000704051888071488
0.001134030192865721
0.005881898033721694
0.296117191850556349
0.154613417898120054
0.022420828859168778
0.001408430303777095
0.101724608031212985
0.104479149108477151
0.110173339367389087
0.103444433537292824
0.054743958255464860
0.042530827184053363
0.013977338978617318
0.090040759284586325
0.038358896431594687
0.095842136889469437
0.160328168616369227
0.392370957591934744
0.037656100063427476
0.047300676739006689
0.135024373852411339
0.086395130808548812
0.271014012615719169
0.400000000000000022
0.143029393060244342
0.018876568207502553
0.231096169992170281
0.188791681000377964
0.070467056703755762
0.026740753281396620
0.009476888743542388
0.034377856190966199
0.135085807645629302
0.052789873963373389
0.065964572095076071
0.036792258618659937
0.173623198061728101
0.400000000000000022
0.400000000000000022
0.099703968784271083
0.031964381198025686
0.035254130179327534
0.042046289692027755
0.103616020970828310
0.285113964299715750
0.062794349111461742
0.279622552625958753
0.114759194646847001
0.011212068952879056
0.048987610907992120
0.212612493120850982
0.065936967394053331
0.079677267797784002
0.022625483449425055
0.021504056673853564
0.114403361259274222
0.137036313778426122
0.036356703182345781
0.026424472857153519
0.119850578880555253
0.038112996165527373
0.105111730605627007
0.288994638993739339
0.130807663876557262
0.201784900712169812
0.227515435889912243
0.047925142612730273
0.130390241833374387
0.382505250941536978
0.072604952328872777
0.327988309664410060
0.358600197434633339
0.092510378883215325
0.066186417776221140
0.164391614187602786
0.176154817374728934
0.094596652379019944
0.014282311072721496
0.007006680564510750
0.044395290596092596
0.115867703049709475
0.078841790977917436
0.179082488113468108
0.019490240549258270
0.013568156926726839
0.232327217477624276
0.170590613657186391
0.065114577695487341
0.096851337109861713
0.012528236942970859
0.020665405326433916
0.035101772326788565
0.150768682542902099
0.088507603798377521
0.058950466090898497
0.020083226774620211
0.011273342031648899
0.028161097505568319
0.123615961183938083
0.062383486580315999
0.003559904643270045
0.005305025019728550
0.017572945421513504
0.299930622076200193
0.075438440320655137
0.147947236270965093
0.074823625346179284
0.105043527182870911
0.030740006148992492
0.029936000735107098
0.400000000000000022
0.231446340195110595
0.115605290218362494
0.114865017167832151
0.062935713223211509
0.051555420076445362
0.395644711437596386
0.137408244798945867
0.400000000000000022
0.198189174338652879
0.066925654169732229
0.134703998143236164
0.108261033023559064
0.400000000000000022
0.350036250323693454
0.006804183132850256
0.009967823708366564
0.133180134192280142
0.148863118992531185
0.383230500839376764
0.256026511402331125
0.014988332703237160
0.006129121601264988
0.235115373216063905
0.251195233523762995
0.156385348362088672
0.095009065453320260
0.036127005656143317
0.005054248860251419
0.015085146208119297
0.159269881400588592
0.105312259421813437
0.253774939590983073
0.122820538787123984
0.028481002433107847
0.065638926712575013
0.072533390872419196
0.065344268494586813
0.014994428986667715
0.012267888463450980
0.003780899686958062
0.106687218244641752
0.221240609221994372
0.400000000000000022
0.222116052510783119
0.155028257359898974
0.086174155588542939
0.031146617647669253
0.183420813813382072
0.400000000000000022
0.157064130819436432
0.090935382069962128
0.087613690283314435
0.009923244241298895
0.154364225000479444
0.223770585079721807
0.400000000000000022
0.092864791742371222
0.084763077654772409
0.058229064495574433
0.105923837933662099
0.400000000000000022
0.400000000000000022
0.008430679714462071
0.005416981129229504
0.065192689089339562
0.122219585229146638
0.400000000000000022
0.315991200703405917
0.020006144064773981
0.008855851594057948
0.067539678080008464
0.125087454393298159
0.300373345886349286
0.093492112064765306
0.036893367224533166
0.007036288132824815
0.014430319680437348
0.200223442146606062
0.298496620680057279
0.123202328956935392
0.069734995371675407
0.032990530250889466
0.091311582475214287
0.061149229418410278
0.008488463252882585
0.009493812668921409
0.001496440666043987
0.007246146838001296
0.038302350237470743
0.111710194762142959
0.400000000000000022
0.400000000000000022
0.395943579754468034
0.249875818818896450
0.089705663839300856
0.225926150428284345
0.400000000000000022
0.227038474178946015
0.266112956451855620
0.122221908350615652
0.069391599215555835
0.210976700675335360
0.285988196142724638
0.400000000000000022
0.071885702065711155
0.062273018701296770
0.270575753024935417
0.232830965698341830
0.358116908691986147
0.400000000000000022
0.016100821384747995
0.004015261432781208
0.130186509796982791
0.171464726687577201
0.400000000000000022
0.257865623439541114
0.071184982304096034
0.011782748286374356
0.038014534171016828
0.156154121706506943
0.400000000000000022
0.135391304333740914
0.138235961162647192
0.013203054094040573
0.014021750241602460
0.126588892763727756
0.336420935581382419
0.186538945254272531
0.251923573541820822
0.019758323433639632
0.038019369259740511
0.097023160367247369
0.295320942221558025
0.136077517794287173
0.008311215235379754
0.002443667820583880
0.039879669028541294
0.165159146718642735
0.267366974949855063
0.240996683161715880
0.400000000000000022
0.214868206755000735
0.329037899467818473
0.222169742003181597
0.196070527977763809
0.126044300083147987
0.378792357551547165
0.250843039759470976
0.159426302883217574
0.087518267505834427
0.097474036534935526
0.190276991642006288
0.094433696255658700
0.049143342457045582
0.147614147149008834
0.096446289915832414
0.049908210013261012
0.176380842562219364
0.026683911373745178
0.009928937292856901
0.115913746657237540
0.210313673176245441
0.119392126068247256
0.174614043366505767
0.089847514645077786
0.011139257882718107
0.004126429620614486
0.229441907007283979
0.400000000000000022
0.117001873481370616
0.047140449799799873
0.002772779727511185
0.002385439933014166
0.102723762749990247
0.400000000000000022
0.110696864937384093
0.028309004013170273
0.000000000000000000
0.020264182891945020
0.142007244655004250
0.400000000000000022
0.243928659230596256
0.001462453035563174
0.002369017267393872
0.064818196438347284
0.071755705661291386
0.136760803410405252
0.224783193864328379
0.210231614393124072
0.067196536854063571
0.149086831920144353
0.142172478594333407
0.166116806808707329
0.129783035841500749
0.315250186851545156
0.158959069515576756
0.117885441480699293
0.067527588549426407
0.107356256257005886
0.135825138605910084
0.014405647679760707
0.019525350883299038
0.100163208607746357
0.117453791135367677
0.123574364751480370
0.170484170417312120
0.016743104210951178
0.008083154826989790
0.130677409485336821
0.222338196143511996
0.138601968113839569
0.127506372240819316
0.025483488915416422
0.002514848950105616
0.023930043369155864
0.065947337045470650
0.101421632259315636
0.183960196181677610
0.084356515271156479
0.007255732107850426
0.018440987910701957
0.139855681280640409
0.195170694401129358
0.049703408603112287
0.045537699092820891
0.004080937204896002
0.118622015699403380
0.250281517045740809
0.373724598495323357
0.215069704139363493
0.000000000000000000
0.011540637359678804
0.126917645636727250
0.029061586740616721
0.072651873487955015
0.134872834378270356
0.154078368285812728
0.031923237096303070
0.114711904652655822
0.060409313385872548
0.160824053101801562
0.103100516089548108
0.148062402917061381
0.088095013254793159
0.212607627401930344
0.052249676380575857
0.172995988392695477
0.209185951204108267
0.028980810807528769
0.012311694324749732
0.074660549762344333
0.191524639824508819
0.045221530761779885
0.069485026920518861
0.008060906505439015
0.002605581912416479
0.036768733309922384
0.244424226678181422
0.060484657931135957
0.031491516463092541
0.012046659133037235
0.001760371021953259
0.002202805326938717
0.277021622902690279
0.073963320304127389
0.234508185699193378
0.139779812151673538
0.000854472192961677
0.012693922734093909
0.140049833022174414
0.059115357600492295
0.079043978582871627
0.027463315106269585
0.003358248642693990
0.102189454690755438
0.400000000000000022
0.217303308323650857
0.042527695133038675
0.006308932901012929
0.006676235470435186
0.043828735491110431
0.122666922208631554
0.112617627043044830
0.133416815825035701
0.048849427038900460
0.009188361627406248
0.054327573575370165
0.113418219163035294
0.162430089908942699
0.106263575561748563
0.048736744663012553
0.002585181943432739
0.038111546334558634
0.095664367004777442
0.237944388206600632
0.123919072447815318
0.009551379630985303
0.001037632713171634
0.034709489732554805
0.182358477020838405
0.037937404115931869
0.006812657041117637
0.004743007164215913
0.002653550626748536
0.088819862792801574
0.216990897860748211
0.056781525346547887
0.028894315668911839
0.030011855809030690
0.006198480803018777
0.004188878191129548
0.151824672103878872
0.066204153339967597
0.266472720163415722
0.102972049920902614
0.113530342997406899
0.217169918561668535
0.070684158386095028
0.040617078373451611
0.028943974145490884
0.007078294018891790
0.127851270023489172
0.383151717692275906
0.190802968160136699
0.117464844560885157
0.022130898613031132
0.002275043008949857
0.004342945689859158
0.057908907988497259
0.182861780592837031
0.150775146637326524
0.143044026833337862
0.065418045934066915
0.062820464717287902
0.108933603761735151
0.092450088467141131
0.149526783861330920
0.213206104705758015
0.400000000000000022
0.087732326383470810
0.114292235718567642
0.327830261703681791
0.195781424774682467
0.289521362856522357
0.400000000000000022
0.150798712359081738
0.062292771626987403
0.303108722552137611
0.211288311650647931
0.074261903234207907
0.033658185688342265
0.017281008596832396
0.090133458053370058
0.250650388331713936
0.085274631025181041
0.075808361421999829
0.051133965934550642
0.180087679857313582
0.400000000000000022
0.400000000000000022
0.117157733360914895
0.240479785461978179
0.069927450972129934
0.240661470113350984
0.328473521359769705
0.325393756964361847
0.093627161120423935
0.307053444254905550
0.135024083137808476
0.183069519620245064
0.350714658517683853
0.364122229296027333
0.155315471719291359
0.089622870638029567
0.022625483449425055
0.033557863039917910
0.199909721598654860
0.254838208185844295
0.103786575009395435
0.076935366597777624
0.141559382935800310
0.064029328389577450
0.117814623753807815
0.393755562617269850
0.251374919545880149
0.296292924881391362
0.282126285447361902
0.244081055423359644
0.217104108462309514
0.400000000000000022
0.165066989330202057
0.370683301672976306
0.378403357195247092
0.109423223311353998
0.095289001160222056
0.240086382301729628
0.217807471694659471
0.098357014631568901
0.017013778334515277
0.082226332716792111
0.121824092887420049
0.175962063006704972
0.103334825836006505
0.185907960156760477
0.037996731521755651
0.018074597395751055
0.300090583506810726
0.230463733715328078
0.086069394643965430
0.108503871763733425
0.019839922149705303
0.135473211271134764
0.162128077801380749
0.223696801208711882
0.105000315505320796
0.071109668788428532
0.025433784063408751
0.096728941329421850
0.141431692076618376
0.227310186664186092
0.081835269477305961
0.016502008494326460
0.005305025019728550
0.027324088715190924
0.335658778566641391
0.274235607265406467
0.267200687902112988
0.333340476680186570
0.135308501059721864
0.108491498089906074
0.098299512301622066
0.400000000000000022
0.353834728094941264
0.268031744606062605
0.152596796379209254
0.270214341720684037
0.154670215336242395
0.400000000000000022
0.315197350055210546
0.400000000000000022
0.202250055538955531
0.159777788886764138
0.234329577334519951
0.170838704268317043
0.400000000000000022
0.365881133983354978
0.008644235927182508
0.309430861214055664
0.317659090181059645
0.215464544523104651
0.384827204545444612
0.256518927180766798
0.017745020511116427
0.020041136569964455
0.390009116532406885
0.285987962563128084
0.156385348362088672
0.096635115297304244
0.041026300368211935
0.121042704882792396
0.399464852428856765
0.246484140036774879
0.105866851560010633
0.254485914749576991
0.134050601674550407
0.148086070491372346
0.338263346803243325
0.100893562161125744
0.067323723538932997
0.020994855246152955
0.013949677012752784
0.009764538667616082
0.185433848538603840
0.400000000000000022
0.400000000000000022
0.353706148925149622
0.186584439953931092
0.355537552850500926
0.341814600844424055
0.246015982403230526
0.400000000000000022
0.329675330344915696
0.171165219926590534
0.390975368701726222
0.274792181910712086
0.192444307319212166
0.357692193703064376
0.400000000000000022
0.113723783315019589
0.400000000000000022
0.368744240214380126
0.262999136631979880
0.400000000000000022
0.400000000000000022
0.029064949225720772
0.400000000000000022
0.310092565231280481
0.199644736648299764
0.400000000000000022
0.317837273484408600
0.031045083742305780
0.072307532771576297
0.316675468036695551
0.197707775982817302
0.327176773363982210
0.113815836407093432
0.048686493211791956
0.212277196549756464
0.400000000000000022
0.271119085694495388
0.306391176247287012
0.145826983817336803
0.084271919411061616
0.318417370737223870
0.379419973444682701
0.111093128391110796
0.012851402060312902
0.009493812668921409
0.006962453090144293
0.225660616996779084
0.144920430133671896
0.206675003341494995
0.400000000000000022
0.400000000000000022
0.400000000000000022
0.400000000000000022
0.400000000000000022
0.278854320085223650
0.400000000000000022
0.303043131930700593
0.289955189820937986
0.400000000000000022
0.395855124535523240
0.380275314459157632
0.358289522170823937
0.400000000000000022
0.096162108576875183
0.400000000000000022
0.400000000000000022
0.400000000000000022
0.393241069267674881
0.400000000000000022
0.065793435044868176
0.400000000000000022
0.392678376731846190
0.289316713738239417
0.400000000000000022
0.275697912762933872
0.141402525708040128
0.317368572189515585
0.400000000000000022
0.236119643933952711
0.400000000000000022
0.177508627048425044
0.172854853256289076
0.228753764365011908
0.400000000000000022
0.162663535622136451
0.345082643130916411
0.223194902832859893
0.265432596745452276
0.400000000000000022
0.400000000000000022
0.272968226574261563
0.353718381494239731
0.148081753480497513
0.067243870477589424
0.400000000000000022
0.400000000000000022
0.234961588242923958
0.361331111486310252
0.400000000000000022
0.400000000000000022
0.400000000000000022
0.400000000000000022
0.282454262620498886
0.345606117114525824
0.251786962462191843
0.393698844682449534
0.400000000000000022
0.372730976612495546
0.188229304363828787
0.198915485394431935
0.224597996362253916
0.108555310008569064
0.178322023172762190
0.346259591207181971
0.227832901560800966
0.103085451131041173
0.184615569096957699
0.042486042316987722
0.284091175155786690
0.339178013137784506
0.351043218348100372
0.151090472852658753
0.174614043366505767
0.140330364522559120
0.278983754087773872
0.208875749115689124
0.296423554938636591
0.400000000000000022
0.141687595070896094
0.058870664290666064
0.078401582373319970
0.293644441054319416
0.190154919219741314
0.400000000000000022
0.183235435165625377
0.045583167485049009
0.400000000000000022
0.397442984561689472
0.359519545063571977
0.400000000000000022
0.252016921932017912
0.006613457907526336
0.400000000000000022
0.400000000000000022
0.114575982357007666
0.187809620814270439
0.400000000000000022
0.237815408306182086
0.396468368013106254
0.329729936962892656
0.196574820711035908
0.199743925280462337
0.347819137815820634
0.335027141661266292
0.400000000000000022
0.300722664964857389
0.167716546658935345
0.184241025053413499
0.230560136658147341
0.038312418714044831
0.400000000000000022
0.391953814018819124
0.398400511239081268
0.209365298271223327
0.198800018700271253
0.036052911025123348
0.399116257855580248
0.394345411198726681
0.400000000000000022
0.223556806981454692
0.198448917115596590
0.054558469660018101
0.397413622269619071
0.237130859143169781
0.149975877705647659
0.138322649568300343
0.227755892332599713
0.088630871136851502
0.035821349340958375
0.233021570368225683
0.273222357540825189
0.241149039034472795
0.132872313479105164
0.057456802294588674
0.209284666746960557
0.252003523282092523
0.400000000000000022
0.400000000000000022
0.221570008891351367
0.005180885729980583
0.350651772791685246
0.290235881678092889
0.103361804084962927
0.126498199369477815
0.264353760579552288
0.171822985166093178
0.080942888293514620
0.189228399120741297
0.130261098741949188
0.256401225177128100
0.200630575440546022
0.149302034927005250
0.392074612129810873
0.360908888969762476
0.166410559390327284
0.194999301392663249
0.276646701284938012
0.042738624774276771
0.395174794533268370
0.262583947121174777
0.295778586250542597
0.064556540639458010
0.087296412962554262
0.014367610208573635
0.266695538691037015
0.179340194951502357
0.336761167320344335
0.123352595668977910
0.082022197584444068
0.020333826277018532
0.400000000000000022
0.385077626275976193
0.394815464461089505
0.164330260405085360
0.253975902796872433
0.143716967955093672
0.042390998868388513
0.279481554880321337
0.269654438506354954
0.136820285903664712
0.254042976083287686
0.038105636384634448
0.027501024630838061
0.146562494312934555
0.400000000000000022
0.333103795183816609
0.052561494238105300
0.013017400558783459
0.032951858654593207
0.142265205761151758
0.197639718336344195
0.151835558745065546
0.159863058693699517
0.052614086466426069
0.017259555874016883
0.112272955019044857
0.173419884967035642
0.271613442791462489
0.252851523007261936
0.067699130588882231
0.065020415037762999
0.099336099752376977
0.222714358261821066
0.353793225360206187
0.221790282536430683
0.029374866163121099
0.097871299638629589
0.084102305680637784
0.346771946627404903
0.094975560784523516
0.015581195546811498
0.008614245267582745
0.080221374705406134
0.128825217791469937
0.280998894862701964
0.074159701485069784
0.070528868812652593
0.053507210482545080
0.395329659434340952
0.400000000000000022
0.390151696775393519
0.163665792981555480
0.269662945194495185
0.115292670568002187
0.153540661536850503
0.400000000000000022
0.400000000000000022
0.137120948130201564
0.236518547174128485
0.007782345906963277
0.128985300216354903
0.387455297350856709
0.400000000000000022
0.272078262459005182
0.044551727472199910
0.003683473312726952
0.106067553721072155
0.162388057096974403
0.212780078030699621
0.254793138192615454
0.346340974701680016
0.204422868696522958
0.270005943697024742
0.323205925238932712
0.257639525875285380
0.325170328560297539
0.274440036739389714
0.251460964377406337
0.356966039998878715
0.317330730309773101
0.311509004468630446
0.253585114826361424
0.350065662849613157
0.166935652207377078
0.290409469392630515
0.331822212815086448
0.298516750249274154
0.267478600498793295
0.269541394929591893
0.030822795884756494
0.251105156625935189
0.273668997594375851
0.280604686445950435
0.245756404294914521
0.354688012414344944
0.056744575392237998
0.222671017752880507
0.349146235893268597
0.331875656540296660
0.275005172509425411
0.358624765144193003
0.041221106692894929
0.100700796350355781
0.368409073297132017
0.283652506348149258
0.275002300767557328
0.409739660338565348
0.031375747124260833
0.196614993032217578
0.353300575056244515
0.342062944144995607
0.287423856199112315
0.134288495512824235
0.006678337095523984
0.162895593779018161
0.254917299618597215
0.243939978442690719
0.287666645662415510
0.347786676422557006
0.234543724336963522
0.275529954450581205
0.253093995361081570
0.270275327645429775
0.348627765383919208
0.297474830985423155
0.284445554289222080
0.350154115069788441
0.249169902061019383
0.312727208502685705
0.266196496152367179
0.336040991701975211
0.181322231581429044
0.298710822690937461
0.270445673524914221
0.338814430518577681
0.251573567283322419
0.197084767055218074
0.043677225958904095
0.306357542615740053
0.255516883895568592
0.321959968288892950
0.222331296179240134
0.117084966482083497
0.116875910681267292
0.297485412726143039
0.376980935466560751
0.339958273455490456
0.232430858334873619
0.088215202295058900
0.152466999593911162
0.169743617229112881
0.375417009530714441
0.278154279975283858
0.203077793758587144
0.098499922310966603
0.176921563360295492
0.232765566925184741
0.316268298784560420
0.345672910051674553
0.220098804269795750
0.038572670739054557
0.021019487713475709
0.212615463113469655
0.252534346498914430
0.228630620504249510
0.253495110213963482
0.352491569667776172
0.214408559075171035
0.275097013243306487
0.306010495637851099
0.275725279694944425
0.323529907517531190
0.293941056386537003
0.249932736254605298
0.339608469429732662
0.313553544817194108
0.346588130939778805
0.273954192115698381
0.335392925873105985
0.154532290879108802
0.287116606603886104
0.335856823768274804
0.353093784209283279
0.271516739446487521
0.207062653169221678
0.021713572784073449
0.248764492996274761
0.313891248985345928
0.289288134101475913
0.238503745940760431
0.209857318265534970
0.035055972519649453
0.213451393098180037
0.377668237669029017
0.284662191714406654
0.234876458431990398
0.284001238212875762
0.053610756464628616
0.097271153829728868
0.342512902218336746
0.278814816097438467
0.247654446966674768
0.354620194742336470
0.042754722095474963
0.206232546679101680
0.332743696249781062
0.381553826402737828
0.320625127254233533
0.192184447537933178
0.005638442697140340
0.176213209819194694
0.316785420949053043
0.293075143264109383
0.302072520823562896
0.345355424986821535
0.237427088462675323
0.288778771398720824
0.257798734435721433
0.309199722494584439
0.370480883818206652
0.295361342839407570
0.297958240901803673
0.348026089484230639
0.237053947953046046
0.361733606989162126
0.301786727130009647
0.351673809995822761
0.171886039311599015
0.284336301937895997
0.264468469240896731
0.354474611941879181
0.280331137356507165
0.199481668257991962
0.024321213650801744
0.257612682513407965
0.251703215924395485
0.328340015525181828
0.226293905434551995
0.108946126869575152
0.049675819113706561
0.255342144576465313
0.360244581184900714
0.319668011847759059
0.209523363116630806
0.068627656293425460
0.110421233057146087
0.220762722177559573
0.367447597940423254
0.286729361736638710
0.200418276470002571
0.085392457808911262
0.153064185199165925
0.280471996075185359
0.340872998357699131
0.375071659389830725
0.243258398701012096
0.045203281319838737
0.034819558393611075
0.201529505303456230
0.286566640973888787
