0.216027928458459556
0.069854864217214999
0.150259204243019917
0.104307736573222953
0.027356984166572243
0.011867673139256183
0.074399753698420099
0.008459966423235359
0.021370792364892869
0.049141944295580817
0.048002768990006536
0.022138154322956103
0.021901141448774891
0.044808948043684349
0.039325199370736516
0.024550902626468453
0.053511680394658458
0.014682321933086419
0.127548646968341617
0.316283819072917360
0.156422615150420996
0.023974905695124924
0.056876034924288804
0.006087623856618497
0.305396623086245489
0.316955650734691230
0.081555337934867009
0.400000000000000022
0.272006981608563680
0.038349322860948325
0.063087682475014423
0.012515358709322851
0.000519411684315564
0.048201245205517683
0.040347467758076891
0.040755210304555610
0.035674044127640053
0.001781986519018090
0.002207525784341452
0.036966021387082257
0.074689522080959456
0.041138555415272546
0.073662135655363961
0.081926679542387290
0.245065618066221014
0.144724410239488704
0.084220275545415613
0.010547356054606216
0.066561016876128781
0.037546999265404175
0.055424750087578953
0.029993362458248823
0.052980675413557721
0.035824254308338695
0.064203783861946181
0.010441633113441566
0.141976065056860778
0.196846424719689939
0.064521385593933667
0.046183923154683490
0.022959158066190765
0.024075772215191790
0.012132001127712252
0.015928656277773887
0.056975549922644746
0.022153885960470812
0.058992893974143229
0.189936186224876902
0.065612299828836720
0.050417559969411260
0.091068187935695391
0.038079549480153616
0.091180331802852704
0.228316399519582491
0.087438388823498941
0.382277323815263692
0.363271214675670640
0.073896953286700706
0.033403172209720194
0.004826728814408971
0.017443629972796814
0.022932198363605848
0.013056279018863502
0.032797718356911462
0.084495413459840268
0.002003900846333216
0.061465049727446826
0.088591225459779002
0.043509808860324233
0.027557617175990191
0.061335853087949394
0.066857039699364323
0.082663312486709856
0.400000000000000022
0.248324925746434944
0.019478242424417553
0.011455634341071040
0.016400556719394964
0.014199413341553731
0.031746417060336034
0.115374678123608423
0.020074198398396210
0.015569615344348737
0.047047034671881080
0.068903119253846248
0.089894115116561521
0.134621249116241348
0.065781158041355495
0.079844404020271792
0.050060839612027633
0.014048865771815074
0.006898988425509881
0.036879924560873509
0.096608274017735085
0.061129590090611058
0.141572623999499436
0.034259502202303782
0.064280188348755152
0.132646702822793033
0.049306125703284152
0.101139204888553921
0.155016641551098594
0.092948257511256613
0.221156484466647374
0.317987980889816724
0.076103468696362891
0.134034400084608485
0.000000000000000000
0.036582464783773735
0.050110358112312806
0.051379220713139315
0.027167739959450210
0.067692850334191784
0.004775310081258622
0.238418741129473893
0.222650882601332922
0.134884447374263999
0.029124913980893116
0.037544777682919403
0.010184302383096193
0.072943920199107892
0.400000000000000022
0.309198510313373809
0.025212576653049906
0.007254118722052791
0.000727623166750984
0.005214612428459021
0.010001852790934676
0.049677997866997461
0.041374199165808721
0.010932083434442475
0.024209623396372705
0.294701722994024140
0.247999153002797817
0.085048340463171723
0.098486856864166750
0.004997200793751916
0.022826892705413653
0.122697844009108770
0.126636258704667271
0.071108730142662169
0.112570251391538464
0.036633203794991534
0.043319137621057269
0.042095158091134788
0.121871445769996034
0.090913491419412046
0.081372593019191988
0.225665602513520525
0.026365866028980674
0.030074892488061382
0.072712416121774676
0.230701710966100565
0.127122539251075306
0.383225106971816221
0.000481323737301262
0.040712241391926848
0.041633406108933048
0.168437304918222147
0.081755140135148840
0.114304090223381283
0.000000000000000000
0.400000000000000022
0.209142242276283891
0.123929654708221385
0.079321762099228588
0.016820606113443250
0.000000000000000000
0.068580351110053270
0.025019099903807834
0.134553960325734079
0.060902113417544534
0.004332113577930763
0.000318882708890227
0.013102093811586692
0.039969440078602911
0.160423619222919922
0.087180489796384625
0.004429753745333779
0.000383707543857929
0.233712409924301451
0.150284241327692858
0.121051598276677400
0.121601338138017434
0.065408140419412494
0.010625569147296326
0.142293546388201519
0.169705978565045712
0.212723068824046180
0.116939155709477202
0.048644764283068520
0.003478651022016404
0.059222446504057349
0.236392767885969135
0.207642333490162839
0.131100945951460324
0.078241046250220686
0.000344437590417087
0.400000000000000022
0.400000000000000022
0.170527383779169844
0.141235517616759648
0.297802099799061248
0.000380153341851985
0.400000000000000022
0.400000000000000022
0.170495203633875936
0.185318500776457729
0.075007483665346403
0.001796448705890975
0.342126059386032799
0.226363743295179137
0.143092718267375490
0.170024034630826326
0.025211729263814743
0.000101445782933267
0.102415800909056304
0.086461916914503223
0.194111646997692427
0.091950318169531114
0.015580920816980447
0.039209739334131903
0.029339543959723657
0.039718568890752301
0.238941410538255378
0.043059802878715470
0.020328029223798828
0.024285806556003930
0.221896902674504598
0.283515281906954075
0.155856315042595672
0.113208379113449775
0.016228648912844177
0.007881040347560611
0.225287734614587620
0.400000000000000022
0.210000705731458431
0.143524157605399355
0.028587746698952858
0.014827216008527426
0.070564303167016257
0.400000000000000022
0.375707768030763334
0.236976369486221999
0.002623227318366598
0.005752728077101576
0.270395938181721196
0.197260761375234239
0.166481309726099758
0.107958602127550263
0.048720552328834550
0.002622187282148411
0.283860597759333477
0.314817512104024644
0.172054115929276469
0.129688634452023610
0.033734162554040784
0.005571485807048911
0.152325603336802340
0.118206827969311035
0.125040879181313958
0.174443943893322295
0.027846977659659218
0.023376134520879169
0.022834380050995064
0.008602331149479345
0.127295790862751862
0.148499085885080484
0.009476517045114395
0.035768157991784233
0.166670422597993473
0.122145075637270867
0.321402841158894725
0.088099216760961302
0.001924216367358667
0.022515600548697834
0.362439857647052999
0.387564609427047901
0.128045861138250172
0.048084470089098941
0.032035024804041162
0.039839691210346501
0.400000000000000022
0.400000000000000022
0.050385991727707517
0.054069198208465577
0.024698383715359380
0.016059593653307162
0.048287306517636006
0.295841554915183214
0.084528023345385367
0.080681262453038138
0.013964914870254232
0.002100614073746491
0.002791301736004442
0.019437456111268125
0.030542451628252490
0.084050042350159476
0.032861430360664481
0.000000000000000000
0.025777724171905859
0.074879694457511303
0.063557548813789916
0.122138071402605852
0.022566943495049563
0.000000000000000000
0.074383209487386762
0.085407365817157632
0.093178880321914764
0.170909404354404160
0.156001593574927960
0.008194533901266503
0.049057854094779807
0.065931565156854721
0.089367104422217764
0.148129462134030776
0.066091524882633562
0.040796948803163188
0.400000000000000022
0.266217886174636653
0.081915454522858325
0.043120466670645563
0.036379562049266137
0.031561093500351835
0.400000000000000022
0.361769898209880980
0.276906623411811825
0.074925686827263638
0.006760357608656217
0.029491234500899511
0.247105304243289414
0.400000000000000022
0.081068584734764609
0.076280104241930657
0.007085083518131550
0.043091532706363379
0.046044770001782698
0.303876979655962276
0.315462221435986068
0.072492685462824891
0.010223811052115943
0.004444416163209634
0.009286889132407652
0.047083405959555194
0.070963146088219742
0.027150762162037614
0.005943359132337679
0.000000000000000000
0.072922385055914141
0.081324994754963964
0.010461039931923467
0.017660415796086640
0.059006788471187684
0.020602577477776766
0.398119626684772077
0.288593034532381498
0.012469817702001434
0.019029205541461654
0.217821802012156840
0.024403035443059405
0.392041591951714286
0.388960356495880011
0.013634619801817096
0.035541939539320104
0.225063408839001722
0.400000000000000022
0.394875944205527907
0.073156977407017570
0.113251763448948814
0.045305178359898043
0.074746156000020367
0.079284498075163926
0.097233384980561416
0.035828148790507060
0.125399604007519649
0.052715340565044289
0.054893429061748752
0.054890958264860221
0.026231641624374424
0.133012029884341798
0.034669668417084257
0.059424035142886356
0.011162052838254218
0.095071979863065995
0.071355179337081256
0.400000000000000022
0.256165535012521706
0.061631127552703516
0.005584285742088293
0.006203139176706754
0.017375579329197127
0.084854363815375547
0.104645176003521273
0.033963007283130411
0.010336742115613730
0.000995090945743764
0.000000000000000000
0.018624298966463389
0.044758106830934202
0.047052310598921114
0.060912042073477488
0.031803390709171472
0.138937003707278545
0.131962466489529834
0.076651186178726752
0.043945467965292598
0.091571782856727291
0.039417388956918403
0.235822522461982653
0.400000000000000022
0.082854778824836522
0.057183816011091765
0.400000000000000022
0.400000000000000022
0.388062584380987730
0.065003853472278994
0.059138382689883751
0.025890325358871653
0.200663066311872917
0.254648912502604075
0.088689261162498548
0.008574327116363786
0.034155953435786333
0.047267589319723316
0.066232803572550888
0.107718807542961620
0.035574623507652850
0.045020958279128935
0.027378402461344792
0.027244222080394787
0.008380904444308904
0.057823719485579197
0.039888050219315255
0.187549479329391339
0.194373853354831178
0.028695240903806277
0.000000000000000000
0.000000000000000000
0.000113539150025178
0.030022132258718786
0.045043038016160150
0.004675021187208394
0.045513572542997073
0.016206632513855183
0.000000000000000000
0.014628114492466374
0.010359801845466223
0.001661527390544190
0.152194411285233033
0.083571071989881868
0.018291167294699297
0.077388630583458948
0.081582573543610953
0.039914110248668574
0.053709201618531655
0.051330245351835155
0.022776096647508813
0.236660115429380424
0.112135182840733386
0.041394257598668313
0.381718266350296598
0.224807994195629218
0.047280284767135902
0.049176089148521375
0.038514191056282870
0.019986170378698775
0.168565340574508588
0.094454895283866691
0.019275106427627645
0.011852903944905017
0.030405804653116677
0.039685464801280101
0.254597657410791767
0.101209879856749785
0.019317445583609469
0.036364578765080327
0.031285959753485096
0.038562779413277279
0.149878418555060150
0.063874399722109926
0.038233845771466962
0.031045905851968269
0.355888521089226306
0.043072481318956780
0.010182220769944517
0.013052296835094001
0.082338441632158491
0.013418034625815294
0.092484618288913065
0.024644553359789163
0.025110198724464485
0.007508022310750808
0.001389545449689241
0.023003420890693817
0.020207602193495735
0.018750452953703325
0.056937535541140886
0.081807680136849373
0.020522210486290656
0.218738992708963603
0.181312311356963213
0.024964096253198731
0.066855934069116538
0.129136246724566139
0.026745830368234039
0.387160131752404713
0.316988332683242502
0.044742687136918133
0.054790813541816294
0.032909259649520219
0.023870031132926413
0.007583657735233793
0.026633727956108078
0.067031296619773931
0.275066897202710103
0.049503364137119268
0.013385711258558667
0.009809030311037961
0.046976087390431756
0.051600005195279630
0.400000000000000022
0.065999362231602007
0.022815901391396193
0.020860819418276038
0.082010214337965001
0.076971209098663784
0.224562409626473003
0.112845700396271439
0.036008773843796152
0.018880426680323199
0.055846940189709079
0.045935939951735331
0.035804157666394387
0.080648727197533757
0.083426969020359121
0.008055009709798801
0.024789097401344835
0.072336526022734285
0.023056167127920288
0.006814872133703001
0.023031794597208465
0.011074816078942805
0.041830661683497125
0.008429513260734217
0.105903040473072252
0.113265994136955761
0.038058359044881716
0.106615727492735984
0.160664003558223412
0.035662597875645935
0.019186934364968388
0.101503362634440264
0.041578388512986689
0.122235539769359136
0.181625213675525948
0.057739257218419812
0.108038541675712557
0.036446362583756414
0.005938117631824395
0.035591551293149844
0.047017272239881072
0.123639074894268328
0.372769647792779768
0.078111977449430589
0.022364568661421422
0.049745322647349377
0.104239688386884854
0.097900939457015682
0.388862167746043097
0.165487250336576075
0.050454425150604360
0.054054221643279936
0.086960199495396032
0.035015644581255272
0.148108010768427556
0.130941758516611273
0.059205340639215634
0.014007430664310792
0.016879859878908190
0.086672584475263950
0.072167181390836443
0.043612183010525968
0.009825815204305144
0.065270607097151573
0.059894528855353173
0.053521141160950830
0.051084726718773066
0.031930593284716154
0.028018942483375171
0.181892693013069984
0.095071055460713677
0.019201681843005046
0.119244850835110050
0.154627387082629353
0.099370616583766766
0.029589298674942921
0.055016115766856902
0.029697308315583842
0.046762024137043695
0.082420982370236762
0.047349920216758802
0.015073672700662578
0.039652633445541388
0.039622960107501243
0.182996632315303387
0.057182571955171589
0.027618030404065200
0.113471731494970099
0.043772457539113088
0.400000000000000022
0.400000000000000022
0.077911065872941596
0.011361479890835793
0.224207990763872211
0.189610705443578165
0.400000000000000022
0.335269350584296855
0.124153047174960007
0.037260036795718751
0.146881769321049876
0.148310932746480995
0.400000000000000022
0.340382255009700374
0.104641105872707543
0.055101803995469260
0.063492221318399739
0.107687999470182205
0.385504102756417555
0.163880107670521996
0.195966917396991319
0.162699382378915153
0.038422519641538332
0.039387842478445005
0.400000000000000022
0.180236740965936976
0.292706499362452077
0.180018619250351952
0.125701303430608508
0.178210477166199727
0.383711125035310352
0.267264755000161225
0.306585087842606518
0.147467153079413882
0.126643342383717356
0.177559520453326097
0.382023200629942217
0.115719912179738676
0.175235533596242832
0.043263341178957360
0.034212966069716549
0.065271360464431258
0.398080416671247272
0.054993797889102830
0.040212023091219795
0.010116994940178975
0.349023011221393953
0.203632711892986373
0.296290305866447945
0.114475494253617679
0.137605886679040085
0.030594058859086434
0.279049140916449334
0.196575479659930968
0.253828401349397270
0.090415320322145235
0.138584498923951416
0.012145639094717657
0.154118613212284428
0.287230469286694379
0.287622755765595872
0.254588076390144469
0.046063373020930505
0.019492874560168835
0.075532048139526603
0.135674817504255613
0.320969572785661683
0.237139135918613381
0.179182976237201280
0.106135358318469625
0.057323524903532819
0.132720122662019518
0.205517726185131339
0.390715555781816326
0.387050390116418730
0.263305821385702798
0.133738511984735992
0.276978046862621230
0.315825959800343115
0.316198715154182519
0.312116759881747807
0.128574258347066012
0.088681921008658182
0.067814176233349482
0.336902848332068405
0.147330528691125950
0.276737175067437113
0.042445816600994217
0.024020082153600734
0.033250756839371502
0.310475015199200399
0.034334998114679778
0.028238979744463173
0.016822779880847214
0.221167761321212436
0.129347533263013764
0.068865726817804077
0.104244032841735612
0.084065465349401902
0.048964728730676664
0.180555374633943416
0.178588601432327077
0.099154138690594668
0.105331593130186210
0.125346582290350061
0.054299961443478088
0.079589682858295152
0.212639240056687662
0.060505807063936393
0.171462330045960482
0.070712563511774892
0.085681458429192697
0.039357163603945450
0.051149760738701304
0.065817547285126898
0.173045909431168515
0.229473383752148041
0.135689806643774169
0.047769731081540395
0.073482644558219234
0.030959248270824996
0.361342565174642749
0.300224617154255080
0.091216694778854746
0.153134535493083646
0.111488929822966404
0.098270367021110985
0.398521747367646118
0.294013250695367989
0.101837100374945144
0.078148556640334307
0.099445372575850940
0.069146768658377600
0.400000000000000022
0.235668935081386449
0.075182565134999851
0.013276791534267734
0.056218064438933894
0.079897468231367966
0.120274675468405395
0.093130731463413122
0.041547323477378190
0.162950965716584628
0.060552538437446436
0.054724640886142338
0.177696846521037399
0.128869262613934443
0.045035925075129192
0.124168671428674701
0.133638255504178627
0.081410753986141449
0.188759638352147235
0.130936280191143395
0.030142795213499531
0.052484552178621566
0.107643520273935062
0.085958668498487226
0.196925688730490794
0.139254680226654159
0.126567890704029185
0.032540577022232814
0.023166779461196090
0.081304680522689673
0.325143100105185545
0.234213574389279811
0.125867798466211989
0.177891415509251360
0.025510779875698868
0.016187022615895677
0.140819799179897953
0.118662499936012231
0.009099887332032475
0.050632063883274368
0.082112314066122821
0.062514318312006628
0.108005924849889259
0.077681368644356166
0.024426445582432184
0.036443578153561765
0.084981230115863921
0.063102718906438093
0.345981421157652624
0.252068315796989573
0.164430156048643028
0.036572363809805150
0.064576561715259509
0.093302428277798360
0.068333660205185984
0.086416023214940393
0.182628328547234320
0.179847369979567823
0.021309815299667349
0.048508314012852813
0.084388232394513596
0.073661858349651527
0.010733653968115230
0.039713612329670057
0.063050541021813705
0.031650912589203849
0.089378109842117151
0.157892276762478745
0.019436650098517451
0.043832362922170083
0.071680360335718812
0.056104149632763757
0.291593043927611817
0.181385718655000000
0.159852770382248766
0.097527681814240555
0.032797495529680053
0.071708521388100174
0.389005670967863093
0.237353905816966970
0.247292025061683657
0.400000000000000022
0.085491555550250564
0.046729111770627899
0.086919464389542150
0.044428109600612983
0.008501757525255470
0.075674115790999447
0.072245880843334900
0.086125372923782903
0.038901115615897632
0.017918720420612926
0.030065233509007229
0.035422413358493055
0.102196046048035546
0.072189047777553542
0.104319378253224571
0.261551963211625438
0.278434315713132041
0.072678801785402716
0.049303539136269378
0.051284135188960023
0.400000000000000022
0.400000000000000022
0.400000000000000022
0.169311590045501947
0.086495366856455994
0.037757998498127839
0.275062820010293030
0.263108878925839396
0.110060053527391413
0.057716271411944610
0.082158722425792877
0.069405743642679402
0.088133945021325780
0.152527755586645941
0.074899822878389366
0.069571860905597402
0.080890082856003243
0.041926544013481198
0.135929551412650507
0.368492401191608310
0.196310665369736292
0.211524385024516232
0.251249888279119926
0.034782864760424768
0.305396623086245489
0.316955650734691230
0.081668877084892205
0.400000000000000022
0.317050019624723789
0.043024344048156721
0.108601255018011489
0.028721991223178034
0.000519411684315564
0.062829359697984061
0.050707269603543118
0.042416737695099800
0.187868455412873059
0.085353058508899946
0.020498693079040745
0.114354651970541205
0.156272095624570395
0.081052665663941134
0.127371337273895630
0.133256924894222445
0.267841714713729862
0.372392209141229391
0.196355458386149012
0.051941613653274529
0.398386998998174535
0.262354993461033359
0.102705034854714855
0.079169451606770205
0.091494866469840591
0.055810424687037459
0.232769124436454783
0.104896528397308245
0.161251171484488420
0.208699328664594924
0.094927190247050347
0.085869387955963591
0.277556815476982521
0.125285652071941561
0.031449446711321723
0.052293235042854221
0.088261509676129862
0.060716665373748091
0.208871312529203379
0.253810585946986855
0.103846145600303669
0.081463465821379533
0.396393510728859977
0.081152030799110403
0.101362552572797235
0.241368696354676449
0.169776830455657418
0.388051416957764350
0.398529013307414193
0.098541506646489876
0.058513370934184676
0.012334751125159778
0.018833175422486057
0.045935619254299662
0.033263881212359236
0.051548171310614788
0.141432949000981134
0.083811580983182588
0.081987260213737478
0.306153407544443146
0.224822120217287452
0.052521713429188918
0.128191787157065945
0.195993286423930463
0.109409142854943880
0.400000000000000022
0.400000000000000022
0.064220929561335682
0.066246447882887347
0.049309816368915182
0.038069444474480144
0.039330074795569825
0.142008406079716515
0.087105495018170137
0.290636512547058912
0.096550398809000335
0.082288830512404917
0.099703145427599491
0.181597336506673118
0.117381163236635125
0.400000000000000022
0.116060201843629640
0.036864767163211271
0.027759807843785917
0.118890138898838510
0.173579483116398869
0.285640743560639621
0.254418324395770890
0.070268276046099934
0.083160615029078330
0.188493643012502099
0.095242065655019484
0.136943362554948295
0.235665368748632365
0.176375226531615720
0.229211494176446151
0.340495144317558063
0.148439994719097190
0.157090567212528759
0.006814872133703001
0.059614259380982207
0.061185174191255617
0.093209882396636412
0.035597253220184422
0.173595890807264064
0.118041304218214405
0.276477100174355617
0.320868074951972337
0.295548450932487383
0.064787511856539054
0.056731712047887795
0.111687665017536464
0.114522308712094567
0.400000000000000022
0.391161806060375761
0.082951833871469718
0.115292660397765326
0.037173985750507399
0.011152730060283417
0.045593404084084528
0.096695270106878534
0.165013274060077042
0.377181116918087700
0.102321600845803301
0.308836853988362581
0.297744475650147167
0.189288028850056550
0.196387796321182417
0.390796473741322148
0.188314143041989707
0.173152269159713157
0.180690480347947241
0.158068929638058187
0.147585895972793757
0.184741214563419104
0.174260896137668542
0.101300498730350422
0.135878876434306822
0.107793351298320239
0.168045177494455938
0.297503467861351623
0.069978049039506648
0.039900707692366533
0.137983023218926221
0.290596239821453772
0.180643680412026136
0.392768582382217069
0.032411917022017414
0.068731183875302013
0.223526099122003025
0.263508360378935769
0.100956821978153879
0.233548941058491333
0.154627387082629353
0.400000000000000022
0.238731540951226784
0.178945770475078286
0.109019070414812430
0.063582630250486938
0.082420982370236762
0.115930271326812065
0.040092772604470410
0.174206593771275453
0.100525073525045777
0.187328745893234144
0.057501454664061827
0.040720124215651896
0.153441171573573010
0.204196076762032996
0.400000000000000022
0.400000000000000022
0.078294773416799524
0.245073889815137225
0.361717010431566788
0.310662303720255550
0.400000000000000022
0.367423742488046434
0.134778616322256323
0.179553583183920284
0.316587747886095561
0.351618242155801453
0.400000000000000022
0.357201873932808833
0.108119756894723959
0.114324250499526631
0.299884989204368901
0.315330332960345072
0.400000000000000022
0.242121153920742682
0.196311354987408399
0.400000000000000022
0.400000000000000022
0.209915226257614856
0.400000000000000022
0.389305595137513949
0.292905513213837509
0.400000000000000022
0.400000000000000022
0.348705680800075690
0.400000000000000022
0.342272238665507600
0.307171008723199024
0.400000000000000022
0.336792899942174428
0.320652238720701588
0.400000000000000022
0.140931641443553468
0.175336979379176083
0.145679142088013663
0.120674882984219772
0.259383007462123671
0.400000000000000022
0.070574718706083284
0.079421762425351705
0.039456538899902631
0.375892243875317389
0.379757746035585264
0.323791066425392904
0.134803523477416504
0.161891693235044015
0.252490961533591018
0.400000000000000022
0.352431794702526557
0.332520975886053338
0.106643969234989422
0.146465539271512013
0.237433373709305284
0.400000000000000022
0.400000000000000022
0.362579086486782054
0.283175823089097334
0.060890589029457938
0.090057177727185106
0.400000000000000022
0.400000000000000022
0.400000000000000022
0.239762363236979970
0.184935704314302896
0.334261021254253610
0.254584286278767113
0.299201432388119248
0.311339552328681157
0.399817364149923193
0.387871637007118131
0.400000000000000022
0.392838006485745295
0.390892026372589518
0.362143652444360087
0.349932877708223289
0.313933928309418298
0.280899861683868379
0.206888748977969245
0.192855055414663412
0.398803397809462723
0.175177506350785162
0.291199797444711084
0.065280196651989281
0.032622413303080078
0.160546547702123399
0.376194243034370324
0.043811515159794187
0.064007137736247416
0.183493202478840711
0.332247856529989838
0.383751001567389949
0.156964943578765337
0.106168249209094290
0.106581065898099722
0.390065561787036275
0.400000000000000022
0.306634462570577249
0.147238608779693636
0.137366617934227359
0.165186273500696590
0.400000000000000022
0.400000000000000022
0.263025231784395186
0.114575005272401970
0.196160713761319855
0.086772157165082076
0.133968764946828661
0.335198718519128691
0.135677784084086678
0.146498809738165037
0.187010824301422740
0.231573997825894551
0.138481108379778617
0.067207187192808521
0.104025096186471711
0.115009290620984472
0.375332179665269605
0.300224617154255080
0.116994418950760612
0.228014229950594977
0.175046478636756320
0.220408438423716851
0.400000000000000022
0.294013250695367989
0.176220309862331920
0.163555922457491953
0.192624252897765691
0.240056173012781787
0.400000000000000022
0.243863468982652987
0.124240419229779658
0.079208356691122458
0.145585168861151665
0.228026930365398756
0.186366200351038930
0.133927680266576338
0.400000000000000022
0.387358271731181258
0.142467992960304740
0.097845107556787894
0.214076408570303578
0.160430356114286243
0.400000000000000022
0.400000000000000022
0.383436309009788312
0.156336440813405086
0.195519995960803439
0.160427514692042944
0.265023250416765610
0.400000000000000022
0.188712105008699671
0.162238772740417869
0.204010772248622352
0.182346212933017560
0.172612660705811882
0.336417556678195062
0.338629000897182175
0.153797365985514550
0.328900294400565285
0.238657990552489457
0.135154687598619649
0.224974821468806541
0.096473925963918600
0.043337784777933298
0.146763158312235659
0.118662499936012231
0.082022272387946626
0.131957058638238339
0.092573353998046282
0.080174734108093268
0.167012713321076950
0.098283946122132940
0.400000000000000022
0.318030643654830969
0.097451047817865372
0.082131924447899754
0.400000000000000022
0.271050553612622092
0.400000000000000022
0.400000000000000022
0.078211181517076608
0.128844367817118471
0.293397069044187719
0.400000000000000022
0.400000000000000022
0.253004347386585393
0.134561578748616156
0.093813492372750842
0.159134388394533949
0.152946356424815466
0.107967038948676666
0.075541761120177103
0.188450145029333355
0.084366253154248144
0.144271538903865931
0.212783235027338952
0.045668291722891878
0.176844392806511874
0.106350028752803083
0.115528184775650106
0.298846070930848362
0.276457698518066008
0.231207949719330008
0.400000000000000022
0.288963030542201793
0.133339648940803690
0.389964216198489089
0.243557044993673699
0.259259070764264632
0.400000000000000022
0.190136731553771809
0.080692119053758310
0.097256206505155901
0.045423200546356748
0.008501757525255470
0.094298414757462826
0.117003987674269117
0.133177683522704010
0.099813157689375098
0.049722111129784391
0.169002237216285767
0.167384879848022861
0.178847232226762298
0.116134515742846126
0.195891161109951861
0.286207265519394793
0.393859999701431152
0.400000000000000022
0.132158317961105942
0.108467951200051788
0.245605022341332774
0.202582508898010327
0.247627483855514863
0.283831396094131605
0.265166640193022829
0.155247391422231179
0.324185815180757286
0.188708086384086232
0.235877516309154045
0.322100255304270777
0.270383285933686934
0.160959419607675625
0.327613238439729171
0.205284984715807112
0.136099407532833172
0.265316834258987166
0.231982554748584535
0.167750745299367482
0.351550326236355626
0.171700040793129532
0.086636571174316876
0.278842800711455174
0.334947515767670789
0.180932547907939612
0.307589022070799301
0.129996550219529605
0.170017717418633141
0.324022122649631927
0.320398460367448457
0.149672935753954239
0.303849096307392930
0.103143889964036409
0.161211336108269404
0.259172901574999281
0.209482066081258550
0.148811314617387391
0.252727257508001457
0.129841177627203819
0.247533212535300695
0.241395555253790861
0.222123010492643713
0.165985938497895891
0.198122857650801926
0.152208136010496903
0.182906701262688209
0.330437656000565627
0.290357016169434379
0.165394189325851343
0.271478956378231162
0.204995156199481915
0.237822005163339317
0.215412403451202106
0.235946911190874131
0.234728770142630966
0.265894268270808143
0.187664297615759618
0.327975682847567285
0.300129515436895034
0.202788012463340439
0.246975200457360600
0.229274461457139811
0.188467978193110119
0.259359806837068940
0.276450020268519447
0.180345467888709921
0.233726886636323322
0.190049722378294816
0.235712659614298686
0.170871650703967315
0.289400847716932641
0.264009268762667282
0.257550982607478274
0.219882262860557287
0.268295369329884847
0.217898464465893643
0.293218497434430958
0.243379447605027249
0.225981943087316534
0.269728251211380443
0.182179980104618278
0.184880400220566177
0.195072884496447635
0.193029308669240535
0.243287692527928173
0.245568893962460788
0.230714595609429474
0.329008412011393470
0.217216336991088749
0.162841961433297266
0.248672472450564619
0.190302783673865938
0.202272253398735613
0.260189103578602254
0.320488693103678002
0.192845401102416547
0.229102300620480093
0.207661749404335544
0.182997934078545893
0.232262139431368142
0.212674091170503621
0.171916834096669247
0.155176237714439030
0.209780089851503759
0.099909967763037857
0.229137713983983610
0.375525533932701328
0.277999136753289744
0.162348371193200752
0.269754370123243548
0.133904927476027641
0.130942546585913921
0.278516531415312185
0.266078052608949400
0.169033127690371487
0.312745136592391892
0.222891323421460452
0.092906581999333729
0.286270074862719492
0.344731685539559685
0.185547875617179003
0.335287086501935006
0.222685259196291063
0.195450918270349744
0.314723749552872911
0.294165763307032313
0.152990356164837693
0.298148264228023319
0.112538648842281194
0.155285991169431759
0.217257933271283926
0.207723895865419200
0.157261574846487534
0.270466078506573893
0.111027222441031276
0.263739808093102213
0.342281511818735007
0.250578664594141465
0.169698871320820927
0.282270801746154154
0.178961184998323558
0.208494277512846798
0.354987813098931237
0.320287441539184425
0.165905428708244346
0.230935073759210074
0.182505183138587573
0.212346646317420978
0.184248066889347833
0.171362061969593527
0.171772205715971793
0.237588702673519669
0.102135655021498323
0.212334993104894149
0.289411913311197533
0.246639523252918907
0.252603932536465348
0.221692202449528031
0.133164267857241642
0.185680755757423960
0.268622505928032773
0.199559078743936746
0.261150383204742487
0.178192170286304546
0.204632000436779288
0.221815954059696341
0.303522018612651434
0.274633669833827698
0.265693174949527655
0.193359839489761681
0.302497239703965914
0.333626446730612480
0.323352705275612717
0.229072476971119515
0.208813191904289569
0.219194554883041542
0.180711722644475214
0.197426347908949334
0.187388628325320522
0.154870997886055489
0.242037080044318592
0.228986942130750409
0.240194433571131710
0.298901621735805645
0.238805822007015917
0.230898173283751146
0.268451327339053580
0.275725130976338717
0.324559844670926578
0.297635939564149188
0.343039432086003848
0.234807889047679907
0.247569920177524938
