0.000000000000000000
0.021707730249677228
0.028106263899526279
0.059495767550029340
0.083668182474632202
0.063949568957010219
0.001718130245112284
0.015049202533225260
0.083477807819950192
0.025536981099081493
0.146400031490903887
0.132156911980030961
0.209750823764139782
0.080237318264722107
0.110679912778565676
0.023785153699109628
0.052172770082553929
0.091965072177619747
0.360735095018142271
0.400000000000000022
0.062100968495249029
0.009059273561088623
0.088091594988831401
0.213603575473219953
0.168025549187926004
0.270631816858681928
0.047701948013281696
0.026677233005782626
0.041780832360964630
0.051449573367603113
0.200206424425890095
0.084940637986721079
0.020445551883493090
0.091602110229145772
0.042685601377465542
0.067838380035360468
0.120801631434894655
0.180721150832864053
0.122304097906856951
0.294917853254955009
0.108423974777578591
0.087555151338715526
0.038117628571462170
0.017045276183582057
0.100165528243506816
0.178610756887371575
0.061618173523607600
0.148058418720383750
0.003560102933372911
0.005603335586322425
0.028784283330261409
0.038076884670920602
0.032058341710502258
0.024726649258265058
0.000503661519710776
0.023528701768745049
0.085346481964366755
0.074557185564526882
0.175111821753887592
0.096537928946456047
0.156045107339838562
0.095402469166552178
0.041415493498181591
0.051514510435148160
0.134246317171059226
0.120351789961461730
0.211224361154688622
0.189923316016506388
0.086299864189011893
0.047013758539108219
0.125573885216773040
0.188145198206547765
0.358893849164034995
0.205584837416539157
0.029152106833749167
0.005325480430315633
0.062910613591323800
0.104975486145195446
0.122048651763711713
0.072659136194007254
0.017672881656567545
0.087619759275287937
0.099653625254671988
0.284686580314892412
0.145344418400927128
0.226917852936525860
0.041412602526643499
0.370920285114316517
0.239370090553267939
0.036750998300673625
0.093327094516680947
0.040441126471142994
0.064252411678085000
0.305951700710259178
0.127460469433146373
0.078632364574240901
0.053411207031372115
0.027490951919910807
0.030425732020801871
0.101710719441176628
0.079257009263975026
0.083035615941597113
0.017669698832105181
0.009740055222150872
0.060229559686841842
0.141508955983288442
0.080233401192479070
0.140486392407079802
0.045780214964752271
0.055240678706158612
0.232812867422398179
0.351734152599422367
0.058209258412962941
0.174997270225921514
0.064439188995914373
0.120330713963103866
0.366540509422848604
0.330096641060737273
0.042407463685398016
0.250585303743529497
0.257526905097185677
0.082633948523680251
0.039193638096173440
0.018416680791629818
0.042881983817193429
0.041966994754897381
0.400000000000000022
0.152373562377876665
0.023776527048136285
0.024885702076252389
0.091700833466578327
0.231932540998683240
0.172367596507680465
0.062344551241050851
0.193838399652797755
0.185097896810329954
0.158748519320979109
0.168542364341774331
0.168536469338173456
0.011896794158355850
0.305598062363709289
0.400000000000000022
0.174316374344444802
0.086299590860231881
0.093582476157585470
0.124565730707013406
0.023703417384476899
0.114677304967932492
0.066188504891238079
0.079895353713795220
0.049175906326254668
0.025425941305436017
0.015501621340566304
0.124520282672859833
0.029298216382693823
0.164470449141869424
0.316115712353409628
0.100049274945710212
0.084954455322770461
0.228408789315490218
0.161705672223855734
0.084602006543600644
0.076464019056801474
0.006849139062501808
0.154534133612681368
0.214340161689808267
0.240817993219552356
0.125380853890787569
0.010840126922133264
0.004638199576966064
0.038839345913080331
0.079672062606471583
0.138921314031682452
0.098249233869878508
0.137814981975351941
0.002274089662086843
0.010607387186989716
0.036751923652765799
0.200398571217836247
0.170541012850910556
0.147179908689159505
0.020522796271097845
0.065134783276594194
0.162209030676099875
0.171886781732516120
0.107138119949248961
0.247736238734126313
0.093592159400460756
0.098222014013097880
0.157085332820006807
0.286429327107487031
0.171787245845854697
0.400000000000000022
0.400000000000000022
0.400000000000000022
0.247964892504846046
0.155354167454796160
0.107795308397733713
0.286917289919187690
0.241941949450104943
0.218049443510988650
0.184089244598750701
0.037292607498574666
0.117930203865606875
0.130018764419121996
0.040814538650426155
0.102504134616351716
0.386908908185932821
0.114304206257347621
0.075960108447700084
0.016717466998668593
0.007701897834405828
0.206456719482707357
0.274295486131649446
0.152994377895965039
0.101011971180207799
0.022571946933437025
0.022378252876291128
0.031611289656719811
0.055833089798234203
0.186334262230451658
0.126962237446340248
0.048267905150278179
0.026159391146179281
0.021123720250706208
0.125844226421884531
0.400000000000000022
0.134026754352616906
0.142038067013398606
0.022053408174046669
0.066920474660672677
0.124809282684283665
0.359956310205696184
0.082346648946672152
0.131597224662037604
0.035253855573765716
0.194653556408135142
0.144146312208558725
0.352814006228542254
0.171282383225743962
0.184621599990312357
0.301612453822735382
0.313116390573671799
0.130970152227653625
0.082078381072952442
0.156957140546211932
0.303043891552823741
0.330158354719510383
0.180651705833194065
0.142364458057982063
0.057625873180885342
0.130292047868493299
0.031686742273474275
0.021474405084038362
0.093858285108597311
0.212747621315396956
0.103682091965025910
0.124459921556202710
0.012247564689124531
0.011898390344976502
0.323508284083950881
0.295236928267974708
0.131884136151237036
0.029444269186131359
0.002305035372816055
0.043116103251707061
0.089794240903008693
0.117097194635260374
0.400000000000000022
0.026738194727261098
0.046361318336375343
0.008634987068753866
0.015768283451783115
0.104927874866702214
0.400000000000000022
0.118146555444232970
0.111421850637478864
0.018263275905441762
0.112521495302783298
0.163400886589561894
0.400000000000000022
0.179513699289030770
0.128593403146712748
0.017629817643388546
0.171716012118552919
0.098463903513878584
0.236227210641791252
0.115473412053646418
0.036866320441071992
0.108631926269514567
0.080387391733733202
0.065573549747319979
0.029000580091494206
0.122267481818522761
0.061543566710633962
0.233476144812753555
0.167665764759038938
0.064132716841124579
0.016446620324228799
0.152394283638236372
0.052638170930447516
0.079254674911270057
0.310595599504557618
0.124732953504688576
0.041128986827113793
0.231111066539337995
0.058365629505984520
0.046105585074112540
0.400000000000000022
0.400000000000000022
0.121783274884026349
0.088356384148759487
0.013550340580766613
0.018575742494205898
0.311645819929543322
0.370661757433128736
0.400000000000000022
0.051700769547127309
0.056390675702312792
0.043087135063067425
0.023794054356626061
0.064799283080775330
0.305050587521089989
0.101676343830667495
0.141077042427126098
0.042245923761345859
0.100019732693803598
0.245646124671477450
0.136392103545392884
0.308896908148321769
0.088136600845723390
0.028306504341387116
0.092907605495188533
0.170797792073818205
0.112456146570993260
0.112210138067980164
0.007368185629586086
0.001024393424554391
0.000681411557922837
0.052626165160453341
0.024040255988051880
0.285365542279144679
0.028191421543043722
0.149314062532394071
0.313256147962333475
0.085346529923929493
0.049257022289278682
0.113640086796430784
0.076695666474571600
0.157861410232488425
0.400000000000000022
0.306287974501454507
0.045225847854858559
0.143564473373760271
0.059955793767690613
0.047683549030158090
0.082546815593372375
0.168435949382537670
0.048418177446652992
0.047470896370710912
0.023375233376316116
0.016301719232131716
0.088584065277257998
0.115835290900569141
0.048346042437001052
0.118639052891581775
0.060207621546625290
0.024033049152867796
0.006995115625394260
0.039197453268399615
0.057047667428187149
0.084990425690318866
0.191272645648524309
0.046723687695975673
0.077774568502191832
0.317290788541694568
0.099375438138312594
0.186932361469300035
0.175971075899174989
0.034775570111351267
0.054460733272482041
0.264475573697316113
0.097883903187656246
0.091701033613552363
0.008472029736740386
0.021248722734778302
0.015822056031159954
0.093025819023406314
0.071689189937016298
0.142476223196264434
0.060998168117115656
0.388532512912410755
0.304213249384781281
0.073395672470923476
0.073074242593526850
0.101113630572451263
0.115685255452892891
0.200419476899517529
0.400000000000000022
0.258745450671132360
0.064433240687794407
0.057572931911501465
0.115946931135149506
0.053761881154854065
0.041078747165573179
0.241079343115580158
0.114327707993184202
0.155222185732752677
0.078073690159811041
0.040535066610591169
0.153542657843824454
0.400000000000000022
0.315342908412437561
0.120732568075359564
0.098326696881092412
0.040077806792937556
0.060657891562726468
0.035365302052218585
0.039057965302389828
0.105097634234511142
0.183963231465997329
0.023015124148436015
0.059106193851132319
0.132530720737741470
0.103499408122931250
0.222684931667094521
0.221476713102148809
0.052796162538432244
0.093233177599514605
0.149048712546146378
0.136632631558290918
0.095687627449530174
0.000000000000000000
0.000000000000000000
0.013926802621013375
0.084330289311665863
0.080150322008352759
0.025721410898716268
0.086030944721336100
0.267752567795896013
0.064723637495941927
0.031334544126476224
0.097931519471597311
0.076500606394983156
0.193703995356187153
0.196346937981295516
0.083463110307271826
0.057035051289682018
0.064244738729579490
0.040534264659595733
0.165978283586618730
0.083803175068881797
0.068084171817067829
0.129584097841241003
0.098979867119329532
0.075914685778836671
0.038832853746658555
0.060247799855208513
0.098575414639620162
0.369007573862155658
0.185707044214390243
0.057155417414876529
0.158466389726379386
0.093450117347779166
0.053105094360382674
0.063453251920990231
0.014506519842082784
0.003876693948862696
0.257207569066709829
0.107516590246777968
0.012193755462749995
0.054307832039947102
0.069232388019419305
0.059023612506211694
0.160586680274013655
0.090115314874218616
0.107137641168110698
0.157441286505419192
0.168425783428554576
0.071471241779180295
0.000000000000000000
0.039293121527532199
0.027670358591428322
0.054615347955475652
0.212970687874708742
0.093140354913578638
0.348877140118830975
0.100258031438059600
0.014473881161400156
0.024223685490818936
0.120655662460786503
0.074756634798068378
0.400000000000000022
0.156254495354469669
0.041844636908638870
0.009808576212434732
0.083416785595582382
0.031298520575494121
0.197973051841445813
0.118620397659269752
0.032809097898987630
0.071940820795312138
0.158317521254640742
0.229199567379765878
0.117136559974531623
0.141989542022024823
0.074282788390333768
0.253847809320235873
0.242133674360854478
0.112843358834497087
0.145314409858048138
0.155339769408606027
0.059743820340754809
0.063828378584175116
0.011339804291859767
0.122567020098935719
0.339027083480220259
0.239359330510816731
0.113269318296852897
0.049987147329405249
0.050914638824194017
0.269963184027919356
0.170925632221231305
0.188558618473057438
0.263239596243752705
0.118480125212359871
0.100836300527197428
0.075623693892267571
0.005426560372221059
0.018877682213066453
0.042383023324617256
0.085486319269803976
0.400000000000000022
0.263851948878140508
0.116537456437714848
0.071466973170333264
0.022470033952882794
0.057545921871976449
0.394833432716470423
0.104296341039773449
0.288046457648812260
0.145215651130647661
0.070408186093369268
0.034667937826855608
0.093435093963255153
0.073388826001738711
0.119916830436306507
0.109028961242826253
0.043434436488813927
0.095820213632732770
0.244481783822362853
0.171450203768121479
0.302372920423220393
0.323244342918197092
0.216524886934448102
0.086573572570198154
0.117389751167231576
0.103016229073627119
0.199265447879077462
0.201574489960009706
0.171600144604129839
0.037159235585357026
0.052464080744546851
0.088702444535460515
0.294096673799807751
0.400000000000000022
0.148211534496960090
0.028800545030139575
0.098832684377044691
0.195997752918943891
0.214693931469547988
0.400000000000000022
0.363526221315899623
0.128638367814544935
0.246983199333649484
0.082467714282017116
0.034672341672351364
0.090520407747389967
0.166640182907700135
0.081134622872370055
0.400000000000000022
0.162912611175074051
0.180810668995194213
0.090785044561785974
0.042474866337043081
0.094969721813119495
0.348840591186272198
0.126366973630083923
0.299877754785970230
0.148709298186898209
0.060095025908213182
0.092815326717790511
0.205246247518921787
0.151891294845759639
0.172310173979013492
0.085398180469343027
0.080338919497314865
0.157241036510742171
0.279478124266030026
0.084464578030350165
0.252823379705425122
0.124210172309736577
0.177220599821196395
0.082154852827322544
0.161379584451549679
0.143151223214099926
0.108974546246559043
0.156493941341754428
0.243937346343521821
0.018865453442854091
0.055168503832614346
0.135907752329143539
0.133862275281501880
0.348102656804119392
0.387682368696302571
0.045613239604186159
0.088446839213864509
0.149949551052925734
0.148703416248564257
0.400000000000000022
0.093693880571641436
0.086428799554616451
0.058396727912263434
0.193550429516757022
0.275416622735101480
0.381390541361929403
0.389639059063772331
0.142159480336299299
0.149808967536979337
0.094627927521871963
0.343630861942319010
0.224805901299399202
0.170297015888076053
0.178803891363530948
0.270494410648448480
0.147486621183890498
0.176355843655297662
0.103240151429712018
0.069040676441377791
0.120422343292587580
0.372388919186862566
0.160612788236881743
0.085338025130581086
0.101177434381605105
0.057372643284855598
0.091582008468147028
0.172313131843493755
0.070867019853544655
0.156421813888296873
0.219884013935932959
0.242781587482995886
0.068255803761936726
0.145143263999064909
0.191480162091066719
0.101940133968587379
0.390462777559467455
0.400000000000000022
0.040809845042580131
0.021328935543203878
0.111224313817537640
0.068407005781852714
0.191652918175555687
0.400000000000000022
0.070752539296085645
0.088452755361439622
0.241881368241601585
0.240227967158502920
0.293304903448390775
0.111440587090491816
0.100443655395598089
0.206043126339558375
0.217583728747613475
0.399333408783724031
0.329045090466321966
0.270064501771368370
0.054307512582644900
0.242392888667500417
0.167654625796788082
0.382327982621193829
0.176719461276587858
0.172589005618740410
0.127027911705313967
0.295430946961234231
0.221991983579909957
0.216229275678305466
0.071486032306711272
0.021435348251294426
0.137813154441680880
0.364345556113229385
0.217777146918760212
0.135299691269482159
0.041546403719927155
0.039373740495291479
0.209715588033028671
0.214693298851479974
0.147633080676107253
0.075192742812846006
0.151375345697498775
0.138841785204985801
0.071276985317063626
0.118717650855328344
0.107509815377119594
0.059959827743962441
0.198581829977394125
0.276605477079876982
0.021292767855953871
0.021205198053312953
0.096114451057135925
0.010461891385628402
0.113786721550847972
0.239822973317761479
0.115383185512739628
0.211664845868547224
0.174611985749474063
0.143402919967422715
0.035961891159267137
0.010052533696642274
0.111653913427987014
0.173942421684219140
0.134686895616086211
0.189460750403432826
0.116615091873252141
0.133152269841363080
0.054029559686657049
0.226060891415193310
0.101894397472033216
0.058749476859408338
0.084789654161971942
0.233849608298733774
0.077889305140824414
0.368856837290048367
0.106243546863849223
0.115740281480104054
0.007348022621353610
0.023732009460288570
0.115788611615115819
0.309797762007816502
0.148052231716118782
0.211863665780910204
0.151532173817396282
0.145696366594204180
0.079927574895282932
0.167363895294671688
0.221828881451274801
0.135824989076473168
0.379400676726311059
0.277393762070526406
0.009873643979063793
0.017389485885366294
0.077685593422014282
0.089962789572374982
0.400000000000000022
0.387124063738393698
0.026074047925087745
0.035167657983199693
0.259046300765241322
0.023847590739580829
0.096537315157627923
0.116154402973029480
0.055355388729462419
0.126113402582210793
0.129590177030830811
0.158491766675392554
0.050248298029885285
0.057397037058369182
0.092658389346027284
0.091344574778501081
0.095601803087119339
0.046831161543000821
0.110015605205221287
0.090333751031233173
0.042252678297549091
0.073776826873040699
0.048151803303705491
0.000486740246325781
0.053050112654086615
0.139599649299872841
0.068477677539223819
0.236590965562978317
0.051993674062319417
0.049947885634595637
0.057449416858333456
0.061706354615321708
0.063136296835153760
0.208065390114708204
0.136101220890279151
0.359235396375261307
0.083990761821857191
0.093662781349905355
0.027445969838492072
0.150389155719069717
0.157553115802942401
0.064054595633298489
0.242086098625682422
0.117867107182571595
0.001688706622443630
0.084807778581491508
0.073448647901508943
0.084682785916113487
0.399321637412470065
0.391419108520957293
0.030744866730280707
0.051267893756627270
0.210990342715625057
0.086918990574919641
0.162859863954266493
0.228968518932814835
0.065560274987740808
0.010835644474137889
0.064206059254818093
0.092561948833469868
0.013786721089485116
0.066004208367133749
0.107998402323182613
0.071800695487170191
0.026745731520191360
0.014939823834859695
0.022270788916327722
0.008444101712949447
0.001555912282168533
0.154861269443891669
0.064780574286938036
0.028764458013693053
0.025136136276480557
0.066171741866508205
0.028579968086083551
0.178706351194566626
0.047877940920485251
0.172532745055991421
0.058307164530951777
0.055695604144164038
0.089026756400975959
0.305979058389383218
0.152877011214127112
0.400000000000000022
0.356602242072991071
0.069870683047299958
0.074148974927992078
0.198719383126569560
0.163794348911661974
0.304528652719935400
0.332360036425352334
0.082414863799510907
0.028339277085719844
0.038363315898550333
0.102036651190246505
0.114925556660824518
0.215961322929401928
0.037448859704636357
0.112143427540148721
0.055847413591905148
0.278958245866267607
0.129217515370924907
0.176038318223954687
0.114419872147290491
0.400000000000000022
0.092413088186538345
0.067054142676918824
0.071710108385325905
0.029393121711672299
0.034592317242307213
0.055719827905524169
0.083288923931916434
0.168690155805958003
0.000000000000000000
0.021707730249677228
0.042033066520539647
0.143826056861695195
0.163818504482984961
0.089670979855726488
0.087749074966448390
0.282801770329121349
0.148201445315892133
0.056871525225557724
0.244331550962501198
0.208657518375014145
0.396280937039297232
0.276584256246017623
0.194143023085837502
0.080820204988791639
0.116417508812133419
0.132499336837215487
0.400000000000000022
0.400000000000000022
0.130185140312316872
0.138643371402329629
0.187071462108160891
0.289518261252056597
0.206858402934584518
0.330879616713890434
0.146277362652901866
0.385718043614545203
0.227487876575354853
0.108604990782479621
0.358672814152269481
0.178390755334500273
0.073550646243875750
0.155055362150136017
0.057192121219548323
0.071715073984223165
0.377523407377269304
0.288237741079642062
0.134497853369606957
0.340169459664441787
0.177656362796997896
0.146578763844927212
0.198704308845475824
0.107160591057800680
0.207303169411617527
0.336052043392790711
0.230043956952162176
0.219529660499564044
0.003560102933372911
0.044896457113854614
0.056454641921689738
0.092692232626396254
0.245029029585211000
0.117867004171843703
0.349380801638541738
0.123786733206804653
0.099820363125766920
0.098780871055345804
0.295767484214674137
0.171294563744524397
0.400000000000000022
0.251656964521021875
0.083260130406820468
0.061323086647582896
0.217663102766641581
0.151650310536955851
0.396075036355140020
0.308543713675776154
0.119108962087999523
0.118954579334420357
0.283891406471413754
0.365721122292665624
0.400000000000000022
0.347574379438563952
0.103434895224082918
0.259173289750551483
0.305044287952178250
0.217818844979692505
0.267363061621759879
0.227998905602613294
0.077416701997322354
0.151448137859463039
0.110993429546531755
0.380855073495948715
0.400000000000000022
0.400000000000000022
0.154681920823496410
0.393603918225265192
0.290284729377461970
0.306714182328592988
0.264252726737912225
0.228999744944200417
0.327492007921837747
0.395440330483511904
0.228296769960343787
0.154256058466508472
0.058837767403593172
0.046368634132977260
0.072808755345419141
0.187197038710980618
0.400000000000000022
0.320585873809573041
0.134207155269820022
0.081207028392484129
0.082699593639724650
0.199054877855264906
0.400000000000000022
0.244782733446853251
0.333826672613564523
0.200456329836806280
0.303221053515767447
0.375991343134976175
0.151644352376218094
0.248386096227660225
0.184356019432220880
0.229359675205930147
0.393657642903747607
0.400000000000000022
0.286889247507760903
0.367583743033002674
0.400000000000000022
0.379214904966411914
0.255718525030621535
0.104990253361827962
0.160271734984425013
0.144983223828524521
0.400000000000000022
0.353948052337886399
0.195376671652266132
0.062044937661609414
0.144164914211125178
0.320634985534143768
0.400000000000000022
0.400000000000000022
0.342049934149757817
0.213898441840469522
0.257581203698023731
0.358400095195888890
0.383230400807721472
0.400000000000000022
0.400000000000000022
0.400000000000000022
0.400000000000000022
0.168767305142248997
0.128254817829936835
0.215086138454403386
0.190343600292177006
0.195811927840302546
0.400000000000000022
0.242807964888869299
0.229986575321448922
0.116210985867222005
0.057976487677609385
0.219490004485979356
0.369705475462517419
0.290837422771953402
0.400000000000000022
0.248758573132608435
0.145049481230983657
0.321224116033280715
0.365036160634902296
0.236493301389360255
0.248774193035814994
0.092247319531844840
0.234873053109996233
0.371581198200550411
0.400000000000000022
0.209845431921137693
0.263663506627558386
0.128848371886702645
0.216059945734276754
0.161826915433794127
0.300300898483232159
0.241400457083978420
0.246789528221910970
0.158768031003841265
0.254544733530511547
0.055617377095619897
0.255567075050450565
0.306448765180054095
0.281042183970661386
0.368625453075217213
0.400000000000000022
0.207822270280286048
0.260333620946380628
0.257087671002174667
0.391937729752138697
0.400000000000000022
0.191915894584739344
0.243514132374623271
0.344826055019750388
0.359928838638970017
0.400000000000000022
0.400000000000000022
0.400000000000000022
0.338166405470698817
0.305163134991775498
0.202423235919605649
0.400000000000000022
0.397389137570524409
0.369976213091531003
0.344136041987667451
0.307787018147023139
0.265416825049497374
0.306374608074419630
0.144054690080138187
0.171544811057729535
0.400000000000000022
0.400000000000000022
0.236572896684581813
0.102055492129249706
0.108879332216010927
0.263829362767562969
0.365877494599796460
0.325307509739458822
0.171878991033752426
0.178993760821733905
0.242262266812224097
0.274392877139715663
0.124088893560170943
0.331477526229516595
0.317727601922057512
0.150208039118865544
0.400000000000000022
0.400000000000000022
0.166654071464464676
0.400000000000000022
0.245251068170154546
0.210445072795251320
0.213706326349602405
0.400000000000000022
0.195561821980369310
0.400000000000000022
0.324228017188273765
0.371825191820540468
0.328558759022156477
0.306094143498626958
0.244589967604156827
0.400000000000000022
0.371208883800183687
0.400000000000000022
0.400000000000000022
0.400000000000000022
0.185277664810298531
0.324471269740452872
0.312842308180406647
0.400000000000000022
0.400000000000000022
0.349272268330866276
0.269392369763296002
0.351431336262359451
0.325573592870926964
0.247916017951779699
0.092960437390749634
0.115293633359891720
0.345287723033922522
0.400000000000000022
0.327143268650439911
0.147547255958606682
0.053444794064903656
0.362834218555320720
0.400000000000000022
0.346577435002717038
0.177077349862238609
0.077497778185662058
0.194491448949205836
0.228636026107994467
0.188374179952324000
0.400000000000000022
0.134248010104380699
0.106321146080337783
0.207216817046148000
0.292373760531660087
0.126220642722656096
0.400000000000000022
0.214261006501368867
0.121883742023107283
0.132049997456289758
0.352344468620544748
0.278784072102301494
0.400000000000000022
0.351017943958727818
0.271996323114135463
0.053591708802655687
0.181768545815195220
0.210117816941865571
0.400000000000000022
0.250160307669732629
0.226327070844504818
0.225247018142766681
0.213539661575096268
0.119603109433977006
0.255061471506687565
0.224161879290555976
0.120293043570042307
0.318265798974725456
0.375740143777806013
0.142022021981948993
0.380569387478020826
0.258637830502085553
0.168378452410551549
0.086602697532623674
0.334327608964846201
0.240521565119804326
0.350926748834930247
0.343265371395675922
0.270229295286894655
0.197637758891508808
0.400000000000000022
0.400000000000000022
0.289147170178698065
0.310185265600034343
0.149375329657239792
0.386448871273414762
0.400000000000000022
0.377305526676578518
0.400000000000000022
0.129386362969141577
0.146353465274687788
0.400000000000000022
0.397473229959853791
0.090873331005863062
0.340218245504289696
0.355942901394440070
0.164924633166706913
0.138783238918973817
0.216174135666833078
0.301001513400939835
0.262505506127603649
0.395372321972443652
0.246628367521115943
0.078554802371272409
0.150304642553557716
0.263456181419845503
0.203800721349494340
0.207811941155099489
0.054199347172586905
0.111039998629775677
0.091015162589156012
0.094878843458002432
0.097817082861092586
0.315938086649651506
0.028678161789369504
0.202364175186480699
0.385607697151529427
0.153824207463153340
0.285847987852256957
0.165633760858750201
0.126643552109167251
0.215310827090821832
0.400000000000000022
0.358486529629358008
0.253291237969566763
0.279665694264039422
0.398421464930226676
0.131674310852015253
0.176209596943277702
0.195881919221029710
0.198807333165722688
0.205024012173653292
0.087429829009614601
0.258387817857814173
0.206451172459829607
0.117523997523012763
0.133153821018492574
0.192087700793090704
0.144890407462738791
0.400000000000000022
0.394749732683961296
0.069942319998680322
0.108315561184814418
0.295980768405943950
0.278191636223444005
0.209583551650242200
0.306743087435006667
0.363294302027570848
0.110211082612450481
0.251138420724118128
0.268533024732644843
0.048562291200836383
0.120464941639615783
0.370562321008826689
0.169684598674826437
0.118446765133743734
0.023411853571600083
0.043519511651106027
0.024266157744109403
0.094581731305574845
0.226550459380907954
0.207256797483202471
0.089762626130808709
0.395499627236164164
0.361370515718372698
0.101975640557007030
0.251780593788093476
0.148991571492936514
0.288218000508884298
0.258726641430469306
0.400000000000000022
0.343336558754967824
0.366592461853029405
0.210449943125628591
0.400000000000000022
0.389738411051257005
0.110949430212873151
0.315228318043572320
0.313047091119753818
0.317916906667057741
0.364784117820263099
0.364651231322621616
0.235957521643335361
0.400000000000000022
0.353706224310987860
0.222769219265606055
0.213252253541916958
0.256039129722339553
0.098106751267362832
0.147508729592367299
0.094905378894294984
0.370553321938953628
0.313180746836922319
0.199053442372390726
0.173526065998422824
0.400000000000000022
0.195912496309469580
0.289739074344013303
0.293186821487474714
0.082189284250104536
0.127825494841821818
0.204768540451670533
0.219921555490207365
0.264377783255488219
0.196038755081850868
0.246299298803563382
0.274541334199996157
0.233835463458534287
0.289374919328739599
0.171340435157309151
0.286206603242789792
0.343213332061500620
0.326752471650431586
0.200351814930940175
0.326952301985629301
0.177295960744613124
0.357999759455263356
0.225706016003010657
0.252989263386066865
0.300368689717823323
0.306193509854091328
0.192002574787891150
0.351476668897564293
0.261334131386603941
0.273017789220033391
0.326744260508914586
0.319176880559340959
0.229942804220918118
0.327272049612306493
0.358846951361078526
0.301430435926170859
0.235490199249022397
0.303403372625329903
0.164307203974262100
0.260395475652759223
0.305435499351942696
0.257090704500771039
0.097553417721339075
0.215406407352364909
0.272075452080387303
0.295451943476667811
0.276617093113408263
0.278960994613901170
0.299401274795999262
0.309873908780423979
0.297077121385477982
0.306772888884587092
0.217363719950854684
0.251450564649475794
0.308359057358899069
0.342445528330508508
0.227192325247293270
0.216810352418448871
0.262295187918518191
0.231084617440751233
0.133449058547858962
0.319931072187496723
0.321912671027244579
0.291275190984386478
0.315757006611723623
0.297502781257204141
0.167186126952687836
0.330859903876685846
0.307123844674748070
0.344898675286998802
0.194548159748444804
0.269684717478408276
0.271821190040874683
0.286187079711371972
0.298761645062971704
0.337101003135108490
0.230390698677549827
0.300558845692549481
0.354015934857420222
0.293436358008471565
0.340013305189867499
0.310045948480050848
0.340862972893261618
0.297192975268757820
0.298842661345009364
0.325948028821969105
0.214369758167158087
0.269973842506633588
0.308311866728116779
0.249799603779083307
0.136890752093697665
0.237714041174384105
0.326129569863049917
0.314851578995719750
0.283294723405753623
0.296509555939425073
0.344319055148299136
0.314501089737891482
0.375064264936654401
0.326792163014309078
0.216348953011149286
0.287392856768119209
0.351503518781019209
0.321867217686670648
0.290729534618862528
0.196782223369749432
0.227598665360631225
0.253192100400293385
0.224053735652051861
0.288568535757099898
0.171015800085623809
0.242314617979470959
0.251403234395353503
0.276045715907434097
0.247489757242547459
0.351162961205753466
0.176671939384254378
0.363739556815685761
0.218392997579873738
0.280688063586096770
0.367030653806737439
0.357948893633415921
0.202903043961319529
0.327232806895896677
0.242803275717376338
0.256945594498453167
0.362116185475795715
0.353666411762718513
0.242125490089589279
0.248735825646882042
0.303706312757599795
0.218750940948570644
0.233007684666675902
0.342948864133342912
0.172387696195832163
0.267949929881035276
0.326840475953394272
0.271150943990189908
0.099867530860519860
0.226827191102844106
0.273536293359377625
0.323620054738050444
0.302719714482871827
0.329104454234010357
0.309993904294192046
0.282400302058944286
0.280180168960252995
0.308260748066404411
0.213472567495697735
0.258722300233291180
0.312971372456661123
0.321881521673146043
0.216449814813664321
0.217186634652145771
0.263134106712930305
0.213812610131904779
0.117644032118133804
0.310491711131082704
0.320582113110553901
0.290811364663305316
0.273750609771395870
0.209865463321176393
0.141241514934336704
0.394420606181274336
0.331929447071458827
0.369647427134146056
0.198140348765627194
0.264001493109202290
0.317239395195193286
0.361118489179361624
0.351482135835986698
0.315428386006879335
0.215792705387615247
0.279016137808484332
0.332180367060221304
0.330558141557615981
0.376754373272112919
0.236986524763748596
0.259555680407226652
0.246088919684319729
0.251136603585558837
0.322894571686765330
0.254907347747651281
0.254371711364442199
0.315893824169729165
0.269327207214842712
0.149045317686718748
0.241116511400856076
0.356879720663836053
0.338155445194327331
0.305809493305446545
0.320949545910141298
0.405135402148542156
0.325727771154279366
0.335844477289212850
0.328501421006133387
0.216940991679275524
0.278307256977550932
0.360305451809169341
0.327550390433026528
0.273271096441728312
