0.064614120364506880
0.050551505081639622
0.056129432057853923
0.003101277577078010
0.024038750078618373
0.018248116503773899
0.156432694436971692
0.069555650677213851
0.019698048987389475
0.000627926814455932
0.010061714423093577
0.023392417997529585
0.081117479356036498
0.122302843500664837
0.016995941303581182
0.000061441960687176
0.005538659366464524
0.008657275299481498
0.027752010523888149
0.080316391926369385
0.048532893719142184
0.000329944770388042
0.002714813383952510
0.006808807807243861
0.064353052535828528
0.193532475757000000
0.096798788710427186
0.001655398079167462
0.002235230932702465
0.016223624670644213
0.393117893490510739
0.097700664059286582
0.063265993443344229
0.003928695573784276
0.000887183455252761
0.203748670160401268
0.103086616946950066
0.034233746113523408
0.013536056580423141
0.000477293793890728
0.000000000000000000
0.278598574066963312
0.047721737547384166
0.049321762669930769
0.024584326821775394
0.001089605124279197
0.000000000000000000
0.001566206903482702
0.000000000000000000
0.007156538096382173
0.017830567223440102
0.000049199502341011
0.095697092357339530
0.129362514314362909
0.002894049685586227
0.007712289080998981
0.016481795099842440
0.001045596733417929
0.008016481629871010
0.003277468645377369
0.050100483101314208
0.040200222019132884
0.000890720627259467
0.000064114587024784
0.003614262627013971
0.008786595955059240
0.022191990929536335
0.029144463798379205
0.003266915507078819
0.000240000376578578
0.002288279447747742
0.009478421362722955
0.095198872817767524
0.052396038749375325
0.050282046607635633
0.001755143517326840
0.000139674892932141
0.007886013837613259
0.343424092027321382
0.090454978549513024
0.043452885952428147
0.004677406459954407
0.000000000000000000
0.133531253167200659
0.055765149506750419
0.000000000000000000
0.000000000000000000
0.000000000000000000
0.000000000000000000
0.045050165853465343
0.000517168251181042
0.000000000000000000
0.013360745986028041
0.002402355166708917
0.000000000000000000
0.003774394435203765
0.008992000312741621
0.000928449663439314
0.030030419278387857
0.003869097239944393
0.188871496498648234
0.264280212541868009
0.004026787013984524
0.030195161248080648
0.033907962118547928
0.004566073740825903
0.104762883310927063
0.115570490118475019
0.032591651343414033
0.041070916069587238
0.024411451488959401
0.001210695953829544
0.020901110028777734
0.015875539357473347
0.012865826811040877
0.050814132174564666
0.028409958295655756
0.000955712081323660
0.004579677166638538
0.006891758004243295
0.037878935733101013
0.083782934853744995
0.033851366590983145
0.001328883337361867
0.005775972792360961
0.020936604632441524
0.181471881117506922
0.051910341954565314
0.023589361699057058
0.003992701228041491
0.003303678928042765
0.065227249368241258
0.032086136810536507
0.030521761158540855
0.011274331168834743
0.000842196041208455
0.000000000000000000
0.030232923568639145
0.016572353353549354
0.040289302539166773
0.016747443174131887
0.000630382231794625
0.000180807081701995
0.008021525657020450
0.000000000000000000
0.000000000000000000
0.014653844386240986
0.004415658753113725
0.193116733436118626
0.151203903376218973
0.000000000000000000
0.000000000000000000
0.011082586360238886
0.000906183835628872
0.041533275322496205
0.031492953693740430
0.025356979202297809
0.020293381307735347
0.003574414653981230
0.000789467341759372
0.028475035386804501
0.054074919523070884
0.020548139749570683
0.026584477113386431
0.013960738998568058
0.008692502631704662
0.050717983371250046
0.067914564070713529
0.029890887888998057
0.024105032894343521
0.006691153317070816
0.044789660435430791
0.063547411037122539
0.076126079846512623
0.051017197841248654
0.033595449828121689
0.003020649010748193
0.043000119776264438
0.015834233666894501
0.026458384259118013
0.025399879741088378
0.019229696321661806
0.000000000000000000
0.000000000000000000
0.001934309321189480
0.014205741940794650
0.069494400229193398
0.066172088460046033
0.000241459264807736
0.000000000000000000
0.020554651203487768
0.034826124177780318
0.117800477419865629
0.126871147493855280
0.114063319318860462
0.193317808943981151
0.085815416247251669
0.024678954760030319
0.092323763401853123
0.143710022060359210
0.109401998330547465
0.129193262912271511
0.028448424653119510
0.021536224295671189
0.084501184808317614
0.049958334659635520
0.100161656462338003
0.104820268465525474
0.082305105040151261
0.072346723103202726
0.162652512010867611
0.064640604905652557
0.090905288731929823
0.203399817507319225
0.171838805954460550
0.082336393596135385
0.116024012161800028
0.137509916985236846
0.065654305237802760
0.263500062408693114
0.172158206671420178
0.053587728361602152
0.017511592515183912
0.155251533070751679
0.078188888203006346
0.271259301286147836
0.131528164173054518
0.053290558949631875
0.111029496297460714
0.068054041187028416
0.078403538517440557
0.343328205170425838
0.178658423955543738
0.067584585821234611
0.082183153837659978
0.152897464276785383
0.096069646101491268
0.294931267953214116
0.213457471846383917
0.087830332409500556
0.000000000000000000
0.000000000000000000
0.006055616534004597
0.083700307026548557
0.024366097397620710
0.030232146354642612
0.000000000000000000
0.000000000000000000
0.004863207840331057
0.089153795217387949
0.026017956772308913
0.036649754276789022
0.000000000000000000
0.000000000000000000
0.006179986735278992
0.083346231155234762
0.063844770771287945
0.032550702478240774
0.000000000000000000
0.000000000000000000
0.007237739236643831
0.106781339246614829
0.219909729659216957
0.096685782819269733
0.000000000000000000
0.000000000000000000
0.006582543357287690
0.117766547373737290
0.131848862352165253
0.052762513575402396
0.000000000000000000
0.000000000000000000
0.002135921399084484
0.098906336440423445
0.130371054095872185
0.014568372999636063
0.000000000000000000
0.000000000000000000
0.004332998122467978
0.146630522521130652
0.232250777047415924
0.031597469680197054
0.000000000000000000
0.000000000000000000
0.000000000000000000
0.238602701616607349
0.357139865491953368
0.104783948694249285
0.000000000000000000
0.000000000000000000
0.017984263564932122
0.003921050614873375
0.005993359551026643
0.000197726939042331
0.000000000000000000
0.000000000000000000
0.013261214448149091
0.002429767647180712
0.012302483295602625
0.003988603131489316
0.000000000000000000
0.000000000000000000
0.015241219621995318
0.001813526890129618
0.059708759624952826
0.045113471307093853
0.000000000000000000
0.015950686268031859
0.017763853069741077
0.028554933026144688
0.131570946318068205
0.071909332943350071
0.032381795213081224
0.019359947678921567
0.011050541084253317
0.026781177573809153
0.105986660113213879
0.062715424998569386
0.007341958360917704
0.001708243211599408
0.002114454307523735
0.012413210647173881
0.048813953499609493
0.033815303802650042
0.042205815208876174
0.000000000000000000
0.001392678343302584
0.034938589308017257
0.072459626371930472
0.028371198375422752
0.108926232638449499
0.000000000000000000
0.006680372993014020
0.001882696779583938
0.026773678910684141
0.008864445106245289
0.063430056260150358
0.040619672775469996
0.047802665217831733
0.004902209267683047
0.011046806561458636
0.030292912673110593
0.095544673695450985
0.126006730592951949
0.077112362933717149
0.005359070104622748
0.036060806589811117
0.069463651166432258
0.087428398048205902
0.062339783319909192
0.036482386480776181
0.003085817933871170
0.052376883271745493
0.018997586923856846
0.040027016745460504
0.079583898185163787
0.000968521305533719
0.000000000000000000
0.006008790223081595
0.004237515899789698
0.032234864545791858
0.033131651554891610
0.016157999191346414
0.002092034668441912
0.007766037831042649
0.008513903084861770
0.052149652190246296
0.033612067042867247
0.022479348018148333
0.005068663976325447
0.026329570047857735
0.033374952163610493
0.063049336132601719
0.053208434203586535
0.021080650466727455
0.001211727027669434
0.012954505636411194
0.017124056384854758
0.013317153577955668
0.052157469178611242
0.016136594182978144
0.000845897524715865
0.003961419975661904
0.004175369676401915
0.064155738592731215
0.039176068358894825
0.026833663096882850
0.003409351570160583
0.002249000643592618
0.007395113852614031
0.000000000000000000
0.035807056447495274
0.031438502697048433
0.003900851768532847
0.028017038735005183
0.038858286697675659
0.000613475303281399
0.011209677293796665
0.026176539761606443
0.003204985905236395
0.068050337453860493
0.048881381139167672
0.009246662887306805
0.062227368650593438
0.005615011027791720
0.000000000000000000
0.003500112932684291
0.000770604433259890
0.026974944771965305
0.022396802216791620
0.010746397751659188
0.000377067986848820
0.001257122583036264
0.002980389120399092
0.047462907049469864
0.009300435263152331
0.017821829163414335
0.006346106092179615
0.035143196740247615
0.084901147738058569
0.014323240455500964
0.030508652818021134
0.001299833120415745
0.000489569435035983
0.008149110022169066
0.089276274417552343
0.040511513009181661
0.019588255041655418
0.011911990397181627
0.000093708889481553
0.000000000000000000
0.000895152523264091
0.211542505767840339
0.184151911368830079
0.051235660498602065
0.001037216580962545
0.000196053113368213
0.005096351005470336
0.200006059407005166
0.164075785186627243
0.055917042286783028
0.001647751215238971
0.002486478330778409
0.038266415875287549
0.264752088766319837
0.233628682673001409
0.067673943367644859
0.001101859161656690
0.006505385845653980
0.008627704020221205
0.090791345687422156
0.189958834852169689
0.113456482494890237
0.002003520051512930
0.000858035776131523
0.004636500477095430
0.229220260363969780
0.169001385628152173
0.138782712994200280
0.002038429017698231
0.000000000000000000
0.008021452111219407
0.241626300570085717
0.109838974190023336
0.054440274785055642
0.000706266549843569
0.001901107404113059
0.035979209872766822
0.119741041391569158
0.132800474053909628
0.055431397346211331
0.001964720066686016
0.004933123126824155
0.049129963037760072
0.151183081309241296
0.128457426655267437
0.038550240155375476
0.000304784650148027
0.000020116542591502
0.005083738204759491
0.066649710211794555
0.062334076994130461
0.049924682844374194
0.008604487472749667
0.087457519225852987
0.149884807229666073
0.081826881425147657
0.054290649123243766
0.075751483013254184
0.005041689408851708
0.055163313175793420
0.118742115968742817
0.099496162952267111
0.139340647687768548
0.045910650189747465
0.006384758919486019
0.043553905287689390
0.086553478571222489
0.035826778730748382
0.052929053134710830
0.034200521714731390
0.001532837560109406
0.007844172935113396
0.013124814083602885
0.104126755369026908
0.157474410327009262
0.081458442482609777
0.003400956896038573
0.003020783755309154
0.025895576035031974
0.164200927744752867
0.151824203132349317
0.060500795488547018
0.002170995138904374
0.000000000000000000
0.044150668767403894
0.040956034966094540
0.015161875945925654
0.041173419851291332
0.002924623516369561
0.000000000000000000
0.044753631694184517
0.137700499479222332
0.034453709014186568
0.019236423143914480
0.000000000000000000
0.000000000000000000
0.007243970501430712
0.148084770501246299
0.167493854912310725
0.167918441646432159
0.018168189273988646
0.400000000000000022
0.253883515943430726
0.158753027430117155
0.154653705775596562
0.120487031520410265
0.005429620659945379
0.106929529707864540
0.139404730091605089
0.197360555357340539
0.184600716930904601
0.119412530103388176
0.007071331729190253
0.037387322716959680
0.111090486707551075
0.121640544395295591
0.203879250906280313
0.087618894107283768
0.004688611034258428
0.004212686972224790
0.031497118408524927
0.154236258782106284
0.239254845570943842
0.117765468222512285
0.005292349607665549
0.002376824221554317
0.048016403336083757
0.342401580636207403
0.256942243679981197
0.076175902381418942
0.002588559420718022
0.001788715536550219
0.061932511277981536
0.168696051078437048
0.161213357470990859
0.056824868348775134
0.003428235607824713
0.008555501849274710
0.032207353046748190
0.090803060062147334
0.093709984184129916
0.073925079619544448
0.005738094674027999
0.000771705190064007
0.008898901542817835
0.153076122645462998
0.098881608422843867
0.106715961557268729
0.069262775096114254
0.400000000000000022
0.323124409704739712
0.147337387503267858
0.091099902323701271
0.123017048175689619
0.146342595297692196
0.400000000000000022
0.282052097484504827
0.234164880578422885
0.090491260469023310
0.052193610681048483
0.113121246532368366
0.059868407865504174
0.213627334175501282
0.127128224552725350
0.151398272768759973
0.076504376863192169
0.010758404484038493
0.028967612355569623
0.240992872683430781
0.254087326077043152
0.347038933982459219
0.105458370313452343
0.010577104954521868
0.030643683625703928
0.262906400575364740
0.237670545809805178
0.261004950296252758
0.040678073344742334
0.005367131510769261
0.033416539884422759
0.092923536095888118
0.222105715329968256
0.093569946795206277
0.033510985257020190
0.004893652200369747
0.052418425798939239
0.169246700952942447
0.062626861884029564
0.025800030966030413
0.025485760228029453
0.001686846273392228
0.003957563198647285
0.053429205719367975
0.400000000000000022
0.400000000000000022
0.236207604858322207
0.400000000000000022
0.400000000000000022
0.268669462974558404
0.400000000000000022
0.400000000000000022
0.227560761946972751
0.400000000000000022
0.400000000000000022
0.284419812320727605
0.400000000000000022
0.400000000000000022
0.225517618447543561
0.391388210893110267
0.400000000000000022
0.300653943195778206
0.400000000000000022
0.400000000000000022
0.225169159292511994
0.378283060826192119
0.194323891838984353
0.390625865131660310
0.400000000000000022
0.400000000000000022
0.222971676446131584
0.382255325176913296
0.393953202877003639
0.350057584975779934
0.344470500548855085
0.400000000000000022
0.231404542191658791
0.391678009906090030
0.246274920352958976
0.222923592029958706
0.400000000000000022
0.400000000000000022
0.226618158226309457
0.400000000000000022
0.400000000000000022
0.378779375788033557
0.400000000000000022
0.400000000000000022
0.235126095767186127
0.400000000000000022
0.400000000000000022
0.400000000000000022
0.025540973670013858
0.042040550363026431
0.041887777023150094
0.123984196393626817
0.235320885262372687
0.293892961359081939
0.023192557788046592
0.017398980848201816
0.081792730257589624
0.129188134491505541
0.221390327581485358
0.278363133650952943
0.030654673324213053
0.240253094172563991
0.064930561230766626
0.389249091907998612
0.400000000000000022
0.278513282055082745
0.027511408763762062
0.020886737823526805
0.017080546623999191
0.337988868596704961
0.400000000000000022
0.287245600861532502
0.055842582997737068
0.078916231067285625
0.081607400071120634
0.200344520112813729
0.400000000000000022
0.365447487874134946
0.022896060246189700
0.048584838877699280
0.146822525850159924
0.243246781192812067
0.400000000000000022
0.400000000000000022
0.135310887674126995
0.084984054182531701
0.110803965316274400
0.256987367878182937
0.262945451132851615
0.138990257857322053
0.150287508379287948
0.045393994192527626
0.073935848930151385
0.131903760107428131
0.296595567306998043
0.312026266966693000
0.047071786613219112
0.092117490368816682
0.059604766521568146
0.032869697671152234
0.139051609791569636
0.220624602551164284
0.262912299271842675
0.123046383723733291
0.037320846375505305
0.010467159684601414
0.092540214245061606
0.091136209474537502
0.075518255002979012
0.115865169191791823
0.075018470606963969
0.004971153212884962
0.021925185248116319
0.110574951114705541
0.086509749036623299
0.206177389168263697
0.159874677627669659
0.021072237698919572
0.254921025166525261
0.048393419421782186
0.088084051005519859
0.126409070138840840
0.066386400291437303
0.018779177226299563
0.400000000000000022
0.107684415024951088
0.110480185937535336
0.099559487661141352
0.070975778589631749
0.007465746243360478
0.400000000000000022
0.393165584102917520
0.206900124378800787
0.140683992809119862
0.054871526726121826
0.007568743465656287
0.115661349017327275
0.113848290689887804
0.376654202518075132
0.120163245213516456
0.047889420853534245
0.013128696081255610
0.005155024267848375
0.051551550294558150
0.060149191281177072
0.053385855647760563
0.060009949488229478
0.007411310421152880
0.002966645093765435
0.267822398772682602
0.155946478905218844
0.103824900599169628
0.047926448224096016
0.007615254773979942
0.005788996916491772
0.148254066013589286
0.102301572272382929
0.158783095161886378
0.064846830109133197
0.001720462671231457
0.019754797376073305
0.050632766349437433
0.248349444807061781
0.223432728238159378
0.116803669447366518
0.004514334125311172
0.007336186998691022
0.022676271392332071
0.125005799476778451
0.129265871114405989
0.126699231754367092
0.004570099543560605
0.001516012525470310
0.012539593635494154
0.191573222259299347
0.244682960430712415
0.091955179994918410
0.005084595145424314
0.102465305799916861
0.223257526962279823
0.170031249066640189
0.168278982019694545
0.105050929484611213
0.008205218783832373
0.118336382982017249
0.271966731692965535
0.117140531163452383
0.096090507089537272
0.060321337876432485
0.001648691990847482
0.001957393593298786
0.008182639197745247
0.000000000000000000
0.000000000000000000
0.000000000000000000
0.000878042278735546
0.017608732064329231
0.127431097714411995
0.000000000000000000
0.000000000000000000
0.004599401138400967
0.000219785108639354
0.005663163189202559
0.025616358626879672
0.000000000000000000
0.019133759518721899
0.044867106063421217
0.001566832435048716
0.003530862098463992
0.040105699288853588
0.000000000000000000
0.021661425796092648
0.006635922123753852
0.000293333793596040
0.000184188126965460
0.001502754370187146
0.036237353064208028
0.163413627349922097
0.099630703302482387
0.002485902783209393
0.003286829153120961
0.011708852857688971
0.394649910769561907
0.254479308257226644
0.102257616011988600
0.006716805075446377
0.014871282903212721
0.258855605787891463
0.014890548249295523
0.000000000000000000
0.029461700821056421
0.005241855461371589
0.019806508988050212
0.400000000000000022
0.012965960295503792
0.008380429697082026
0.010996245379521787
0.000750985842478264
0.001185785492001847
0.006154753532407051
0.276156626132347260
0.234703416450469660
0.107365092556455988
0.004138494158040556
0.024234803191986586
0.023344467509244234
0.356438753843976830
0.233631435863841080
0.075615091274172486
0.002275678029694903
0.012548192753871985
0.061658833872817134
0.345869568122356308
0.355931526173666246
0.084669884671226020
0.001163301122343866
0.012044045212118505
0.017284979319702701
0.118543356211310305
0.270275226778539102
0.161989376214032421
0.002333464821900973
0.003572849160084033
0.011445308284339293
0.293573312899798322
0.362533861385152145
0.216317140110631523
0.003693827096865694
0.002235230932702465
0.024245076781863620
0.400000000000000022
0.207539638249309932
0.117706268228399885
0.004634962123627845
0.002788290859365819
0.239727880033168084
0.222827658338519252
0.167034220167433023
0.068967453926634475
0.002442013860576744
0.004933123126824155
0.327728537104723328
0.198904818856625448
0.177779189325198234
0.063134566977150863
0.001394389774427224
0.000020116542591502
0.006649945108242192
0.066649710211794555
0.069490615090512631
0.067755250067814299
0.008653686975090679
0.183154611583192517
0.272961404947442199
0.084720931110733880
0.062002938204242741
0.092233278113096645
0.006087286142269636
0.063179794805664435
0.122019584614120186
0.149596646053581361
0.179540869706901446
0.046801370817006936
0.006448873506510803
0.047168167914703366
0.095340074526281723
0.058018769660284721
0.082073516933090035
0.037467437221810215
0.001772837936687985
0.010132452382861137
0.022603235446325837
0.199325628186794446
0.209870449076384552
0.131740489090245411
0.005156100413365412
0.003160458648241295
0.033781589872645235
0.400000000000000022
0.242279181681862327
0.103953681440975165
0.006848401598858782
0.000000000000000000
0.177681921934604525
0.096721184472844959
0.015161875945925654
0.041173419851291332
0.002924623516369561
0.000000000000000000
0.089803797547649861
0.138217667730403365
0.034453709014186568
0.032597169129942524
0.002402355166708917
0.000000000000000000
0.011018364936634478
0.157076770813987909
0.168422304575750026
0.197948860924820003
0.022037286513933038
0.400000000000000022
0.370431791868834681
0.162779814444101667
0.184848867023677144
0.154394993638958200
0.009995694400771280
0.211692413018791603
0.253265331147386474
0.229952206700754558
0.225671633000491811
0.143823981592347550
0.008282027683019798
0.058288432745737417
0.126966026065024412
0.134506371206336461
0.254693383080844993
0.116028852402939517
0.005644323115582089
0.008792364138863328
0.038388876412768218
0.192115194515207283
0.323037780424688836
0.151616834813495444
0.006621232945027417
0.008152797013915278
0.068953007968525271
0.400000000000000022
0.308852585634546539
0.099765264080476007
0.006581260648759513
0.005092394464592985
0.127159760646222780
0.200782187888973562
0.191735118629531714
0.068099199517609871
0.004270431649033168
0.008555501849274710
0.062440276615387341
0.107375413415696674
0.133999286723296696
0.090672522793676352
0.006368476905822624
0.000952512271766003
0.016920427199838283
0.153076122645462998
0.098881608422843867
0.121369805943509698
0.073678433849227981
0.400000000000000022
0.372766497517475481
0.147337387503267858
0.091099902323701271
0.134099634535928491
0.147248779133321073
0.400000000000000022
0.297476185406138571
0.259521859780720676
0.110784641776758674
0.055768025335029711
0.113910713874127725
0.088343443252308668
0.261142404378017667
0.147676364302296026
0.177982749882146407
0.090465115861760231
0.019450907115743151
0.079685595726819658
0.283181513957210473
0.283978213966041171
0.371143966876802678
0.112149523630523190
0.055366765389952666
0.094191094662826491
0.309221226855798725
0.288687743651053819
0.294600400124374440
0.043698722355490535
0.048367251287033702
0.049250773551317267
0.119381920355006110
0.247505595071056600
0.112799643116868062
0.033510985257020190
0.004893652200369747
0.054352735120128719
0.183452442893737078
0.132121262113222976
0.091972119426076457
0.025727219492837190
0.001686846273392228
0.024512214402135055
0.088255329897148294
0.400000000000000022
0.400000000000000022
0.246244201859667111
0.400000000000000022
0.400000000000000022
0.283955219931250280
0.400000000000000022
0.400000000000000022
0.235395640792951499
0.400000000000000022
0.400000000000000022
0.295721817811978815
0.400000000000000022
0.400000000000000022
0.231835887678855795
0.400000000000000022
0.400000000000000022
0.320264940409891397
0.400000000000000022
0.400000000000000022
0.230838116316416486
0.400000000000000022
0.366162697793444902
0.400000000000000022
0.400000000000000022
0.400000000000000022
0.227519106909388313
0.400000000000000022
0.400000000000000022
0.368286747055950880
0.361982093064039001
0.400000000000000022
0.236880054563210540
0.400000000000000022
0.367536942214676032
0.276214150979590567
0.400000000000000022
0.400000000000000022
0.231650040614114622
0.400000000000000022
0.400000000000000022
0.400000000000000022
0.400000000000000022
0.400000000000000022
0.241158598918515127
0.400000000000000022
0.400000000000000022
0.400000000000000022
0.025540973670013858
0.042040550363026431
0.047943393557154698
0.207684503420175387
0.259686982659993348
0.312618277967897484
0.023192557788046592
0.017398980848201816
0.086655938097920687
0.218341929708893517
0.247408284353794305
0.297190416312574812
0.030654673324213053
0.240253094172563991
0.071110547966045615
0.400000000000000022
0.400000000000000022
0.289211933838537993
0.027511408763762062
0.020886737823526805
0.024318285860643024
0.368289985367939332
0.400000000000000022
0.313280810235419538
0.055842582997737068
0.078916231067285625
0.088189943428408329
0.291208673866116929
0.400000000000000022
0.382266309510406965
0.022896060246189700
0.048584838877699280
0.148958447249244397
0.315584472776080649
0.400000000000000022
0.400000000000000022
0.135310887674126995
0.084984054182531701
0.115136963438742357
0.357988405488185779
0.400000000000000022
0.170587727537519107
0.150287508379287948
0.045393994192527626
0.073935848930151385
0.350699387086083836
0.400000000000000022
0.383252763122510942
0.047071786613219112
0.092117490368816682
0.077589030086500255
0.036790748286025604
0.145044969342596253
0.220822329490206637
0.262912299271842675
0.123046383723733291
0.050582060823654393
0.012896927331782125
0.104842697540664220
0.095124812606026815
0.075518255002979012
0.115865169191791823
0.090259690228959299
0.006784680103014580
0.081633944873069159
0.155688422421799394
0.086509749036623299
0.222128075436295563
0.177638530697410757
0.049627170725064271
0.384214102144704750
0.120302752365132257
0.120465846218601083
0.145769017817762386
0.077436941375690613
0.045560354800108713
0.400000000000000022
0.170399840023520460
0.117822144298453058
0.101267730872740755
0.073090232897155494
0.019878956890534358
0.400000000000000022
0.400000000000000022
0.249105939587676961
0.140683992809119862
0.056264205069424408
0.042507332773673551
0.188120975389257761
0.142219489065310595
0.400000000000000022
0.120163245213516456
0.054569793846548253
0.015011392860839549
0.031928703178532525
0.060415995400803432
0.123579247541327417
0.094005528423230567
0.107812614706061211
0.012313519688835928
0.014013451655224071
0.286585353084726990
0.251491152600669843
0.229831631192121577
0.125038811157813179
0.012974324878602689
0.041849803506302879
0.217717717180021503
0.189729970320588831
0.221122878481795571
0.101329216589909371
0.004806280605102627
0.072131680647818802
0.069630353273294282
0.288376461552522334
0.303016626423323165
0.117772190752900241
0.004514334125311172
0.013344977221772617
0.026913787292121773
0.157240664022570309
0.162397522669297578
0.142857230945713509
0.006662134212002515
0.009282050356512958
0.021053496720355922
0.243722874449545657
0.278295027473579648
0.114434528013066750
0.010153259121749761
0.128794875847774604
0.256632479125890267
0.233080585199241908
0.221487416223281081
0.126131579951338668
0.009416945811501806
0.131290888618428442
0.289090788077820238
0.130457684741408036
0.148247976268148535
0.076457932059410622
0.002494589515563347
0.005918813568960690
0.012358008874147163
0.064155738592731215
0.039176068358894825
0.026833663096882850
0.004287393848896129
0.019857732707921849
0.134826211567026011
0.000000000000000000
0.035807056447495274
0.036037903835449400
0.004120636877172202
0.033680201924207745
0.064474645324555324
0.000613475303281399
0.030343436812518564
0.071043645825027646
0.004771818340285110
0.071581199552324476
0.088987080428021254
0.009246662887306805
0.083888794446686080
0.012250933151545573
0.000293333793596040
0.003684301059649751
0.002273358803447036
0.063212297836173340
0.185810429566713675
0.110377101054141585
0.002862970770058213
0.004543951736157226
0.014689241978088064
0.400000000000000022
0.263779743520379029
0.120079445175402935
0.013062911167625993
0.050014479643460341
0.342459644460293033
0.029213788704796486
0.030508652818021134
0.030761533941472165
0.005731424896407570
0.027955619010219278
0.400000000000000022
0.053477473304685455
0.027968684738737447
0.022908235776703416
0.000844694731959818
0.001185785492001847
0.007049906055671142
0.166013785170142397
0.154373019856093030
0.022977255839306911
0.082635445762371793
0.272917227239872995
0.441772146349082406
0.211481275674397229
0.175863458554699092
0.019644162478055144
0.088874568936976886
0.196081286591945542
0.311720158810864290
0.210394281031655861
0.226245363239535840
0.017170396259178475
0.107401177946923707
0.154927567915041892
0.237906660280697541
0.164099827702384987
0.216135636082727400
0.018688840567353118
0.098342137485195685
0.171875220663051914
0.204823914441769894
0.215171148504368054
0.276175051104206537
0.025153968368231774
0.101124523312156767
0.209786615780884894
0.193328244764258972
0.389661352986685194
0.268937960731294223
0.020914970564223211
0.111273897586435619
0.195767628069712818
0.274929449471913556
0.227664700258504382
0.152151842101728912
0.013877810228183221
0.121412389262246082
0.180676963570226029
0.273855730838241995
0.215036873119238164
0.142080138489894175
0.015452901700733412
0.110124944076981660
0.160672166769997182
0.153978613478690962
0.164316398540787001
0.163709394367785671
0.233155975083139178
0.130042809352996114
0.270095611414501668
0.208939038264803756
0.219021548481648842
0.187332111596838824
0.239417502909812896
0.128402929550664541
0.185790838841929956
0.132609670701964444
0.214074159104406775
0.240550215547493812
0.222074945382611300
0.147320097638458797
0.152197149564835266
0.087300937569007572
0.168644948524946603
0.221938286979787402
0.229744048574653775
0.162868551028486713
0.170807910937181950
0.105692246881655932
0.210803309073706396
0.273459110263906124
0.289106160993464201
0.173755569312692898
0.212877399622154351
0.151282891362880617
0.372662387092249192
0.283492429025453796
0.245115544827162496
0.153178708944637948
0.200823189678042385
0.287574643789648310
0.219491029791859998
0.173326227048174880
0.172411706317841112
0.154583702594912303
0.168127826041924250
0.267057190819099455
0.199607202059128686
0.157302538382421836
0.158717376437384566
0.139850678955335817
0.144321539864639303
0.119095523457597635
0.172952992884791851
0.155198596655954701
0.030123177324655043
0.085408124351661646
0.267563756536866260
0.358619850399574502
0.205708734049365433
0.171573832924640041
0.022518244957171269
0.087023832435383350
0.183650428866710652
0.264431869608049042
0.200484189312802458
0.213947770157656342
0.017605889794514662
0.122210932380868123
0.175164938728490205
0.268130116324532430
0.170010729365121210
0.217190561603203769
0.017541225868902648
0.103428707893745725
0.183336105784058317
0.228255574337457162
0.227052048816191704
0.281417185742664611
0.022100122068871804
0.080431172717251295
0.195805649493081879
0.236600516917508968
0.364490486390821378
0.267306417737457891
0.023595646735364219
0.094208338207948078
0.175325933068135043
0.315000407939647342
0.235706641445093484
0.170830876606958948
0.017380610611077707
0.128525728263365113
0.173424468367144369
0.241507856510162960
0.238735537459236896
0.153721965946759132
0.016973636097827205
0.117534873928922326
0.167020318263986334
0.125792185206345830
0.171340877050528279
0.170514084228810897
0.234588094346761256
0.155825564730505323
0.280146932226789602
0.200432782706847307
0.203444547301850298
0.182407817341649930
0.233009980040038395
0.140292281529102059
0.181732753325533319
0.116416830663567589
0.207519896052211023
0.228809555741658677
0.210063698286459016
0.148665356028916812
0.166988792202120151
0.116432220268103501
0.172780330872146587
0.230772221720024734
0.230883922215470244
0.158656774004543755
0.177204411484619850
0.115403431046422630
0.234043526277880276
0.289461350394022154
0.294644261767836257
0.158415665563661212
0.194936934846543203
0.123064683843610620
0.355015838786912841
0.264695642824565924
0.243659239223410734
0.166769712547229221
0.178989935702555863
0.245419384504947602
0.224854778677378520
0.178947519951726974
0.194694474413397406
0.170177249938370884
0.179715273681529064
0.255113319033727082
0.232194981188637711
0.175212947631657290
0.172399308918576077
0.148974422909431331
0.155754564119140848
0.123118916798301753
