0.054245272658311687
0.070394678456803722
0.135417789533396254
0.184956236202754948
0.104688101694036556
0.010728968246937793
0.019533162857803012
0.028388215186110004
0.057224859193085106
0.214481797158102588
0.059187442332182677
0.002973806465349477
0.017123700361743599
0.066508033986002649
0.070444493398445565
0.322521506368441957
0.063199004984656679
0.013066174135383930
0.031700559365094340
0.049100955037221478
0.191471071535415205
0.330009527136282510
0.142762791471344574
0.014899058782367126
0.036450700633625419
0.060821726075481482
0.170249864499324416
0.042543135438503771
0.041558098511698935
0.005826850730258428
0.044609621221945214
0.087284577185549134
0.143297885132123104
0.197496657654630120
0.002767619958869138
0.004769050104237421
0.028910435060502511
0.048648010986352963
0.349267839329396812
0.400000000000000022
0.054993974891233748
0.003998909342910825
0.012296712665083391
0.010972366864583454
0.032037289604923053
0.133353108131084808
0.033615770606798469
0.009213177241237039
0.068402648013612996
0.063749546384662001
0.018272769359451928
0.074190034014201434
0.042731305803238750
0.001611556392501979
0.035600908502936575
0.043450634607941081
0.068785075952786365
0.067924378625435489
0.024765303930320351
0.000273528035639427
0.044829588523215155
0.068055159907620191
0.055019331182611084
0.112786281295582824
0.031238234140134782
0.007238423202906626
0.046373967923461226
0.085779931030484549
0.175482913145514507
0.158216893404269254
0.043291460730800480
0.031008416744421830
0.017610794313913124
0.038568588776229484
0.078314627874218945
0.095110394566271128
0.026602582306009516
0.021420849790886723
0.400000000000000022
0.232687027951671843
0.047358395693284039
0.103534715512227385
0.032589283598096638
0.009135517835251909
0.221652149642744989
0.141488452719813917
0.136662717909025261
0.125225494627501627
0.098009661118981420
0.006680989538523948
0.002222648614510459
0.017636048629086548
0.263397333581994963
0.203236192806911603
0.014808288917271430
0.007599543183625392
0.042706549367905286
0.132276944426684556
0.285822225363141114
0.181278561419491446
0.020347000294635632
0.000662741813963068
0.155300680591500928
0.176293921630620493
0.273360859500614284
0.086782122263559303
0.039036417829293735
0.000421292030251744
0.096445634502656266
0.188472386890895238
0.084333544333344612
0.084818958864855923
0.019852398572259115
0.000029385799872370
0.088338767202242596
0.155271330544110936
0.116899507965139732
0.103790465272818294
0.016912569335891581
0.009821340609338772
0.068814013963099566
0.069797637940988935
0.052370922964943861
0.106578953518191188
0.041144062570828005
0.000924609273246906
0.333489157085851584
0.153497818593478497
0.019877190491587898
0.038563122739168204
0.016108979111293564
0.000874471072423962
0.188872023647544018
0.069378453829174860
0.073012606450484976
0.166132563213130635
0.068308982836361054
0.014905940130519348
0.400000000000000022
0.325050431538084827
0.186203700280675954
0.225877946120570938
0.033968124588128187
0.009619283147244424
0.160990248270793279
0.175831574226448906
0.262666143289260412
0.079578429887641314
0.022274604023783631
0.000013429632878581
0.219356828119679242
0.212660686921114783
0.351935413673363506
0.051799402037808591
0.027216074115271147
0.000471018112502800
0.076754916879236662
0.101359810125395938
0.197032877975081455
0.055280400913554469
0.007138000425838408
0.004100467373843624
0.077806177780281829
0.163003100503672338
0.127924629443855825
0.043011344973963805
0.007647871200981199
0.007541046115675414
0.059164865168095618
0.161933812242051695
0.088279387524386257
0.107456226862664553
0.035489262146730649
0.001839838431948916
0.300127282432646303
0.057369811685998306
0.042326010151745558
0.065450717046235785
0.033347669299377408
0.002118101203624017
0.248287916786568530
0.083262021225548710
0.107814361726139452
0.117594091432698902
0.134981451059116908
0.011920820240437266
0.245858063409957722
0.358312432756551558
0.094131051903955043
0.140955955874832534
0.066378754956888303
0.009209722245421215
0.329833540050297802
0.310606380374676583
0.348714009192422347
0.116859450943807203
0.059732560979084151
0.007600116640597242
0.193980950082320636
0.244897302947726714
0.132262401218073172
0.021154693357762523
0.029563364952763207
0.002545135531377024
0.222033510429521241
0.346933691023636248
0.310445258978174377
0.056284817007163056
0.032876336712021559
0.000984746888906337
0.219633149147647783
0.327900134163142509
0.214751040325707632
0.051432941703841481
0.020460380968278409
0.009082437493461441
0.167737574381759652
0.315090538009171139
0.220030581200606534
0.132699978497753945
0.036911683274150620
0.002063417586261400
0.358280628007534796
0.292898860698087460
0.062751547230108021
0.032762538915701592
0.058972520154146016
0.004961368823672986
0.400000000000000022
0.310170259028619555
0.064260172711539498
0.058283742346624347
0.205886622257768659
0.029509621668807249
0.400000000000000022
0.400000000000000022
0.076356812431700782
0.044237760279300715
0.062704597697251091
0.011766131394767135
0.399222203773519357
0.355611252545575018
0.253233243614059744
0.078201489773120234
0.034967591667180324
0.000839258505358719
0.382937927400387346
0.386820693837417962
0.162552464749423975
0.082107068534835903
0.035619224189288576
0.000589904282480726
0.308861092853870867
0.326582021680461576
0.119446780112474976
0.016412195376262220
0.017284809249962937
0.003685232939515606
0.286623698286248119
0.329990796041435996
0.101623079767316077
0.041867397700003653
0.012266308565029808
0.004477594925329744
0.384099849056859233
0.252575156629856856
0.083518726089240561
0.071222399523164198
0.007035120650548558
0.000000000000000000
0.400000000000000022
0.162592751962342852
0.038470405024655090
0.064479104517267544
0.091565228973648938
0.002423924959902499
0.400000000000000022
0.132475170134833897
0.012558688113636054
0.057578132741694196
0.149024462780671024
0.009990143088367742
0.400000000000000022
0.142821537302467078
0.012489756792374801
0.008334271798194808
0.015800803164116788
0.005571699400775233
0.151170196859593292
0.070293615958061120
0.101185707130789865
0.056179669568947543
0.015078160880813440
0.000592843554350330
0.197733248020480673
0.181477606832862459
0.217866497919243673
0.066502645128501792
0.016921384994292812
0.001076685285155892
0.218044820319303057
0.204346823931054633
0.321032348356177555
0.091333621272273222
0.077890016122654282
0.010670956950891149
0.147211328159358251
0.162018949282595082
0.107846847918168398
0.081438374461482152
0.078884562621216750
0.029443605853691393
0.356474460011146188
0.086387570361593599
0.069005939837184976
0.073453761972473330
0.046376294976401146
0.000000000000000000
0.400000000000000022
0.231524521776655917
0.053118203019633506
0.059674457266782902
0.164955173771840991
0.002987853005448494
0.400000000000000022
0.060053250666075059
0.013048000534430334
0.054433974642891715
0.131459785735033363
0.008090392507445053
0.400000000000000022
0.126285634209402281
0.020638071714170807
0.000807476975985789
0.012965333735878878
0.006084557881996767
0.084368181376398135
0.078349864862550009
0.037018742385780165
0.053226493904826602
0.042715873737900534
0.000000000000000000
0.074923095050391630
0.088647833622557071
0.057337994122860031
0.026199871701937910
0.042800408199204262
0.000131068631633876
0.137114703751479994
0.173941273511840078
0.082363026704722453
0.267369210384506117
0.113617597778764012
0.004172015251814130
0.061177715350220013
0.055227757080383320
0.086418334962974075
0.201299398091710047
0.062211594774583566
0.008676335472083121
0.400000000000000022
0.093450140116180039
0.036562021425660153
0.062608233589229581
0.027177179686891297
0.001194196750055042
0.400000000000000022
0.368549647622284260
0.026952094644446291
0.064197781413952992
0.028409503599747227
0.003723513974297301
0.108156759006264258
0.040783556134409177
0.000421951642337065
0.039103028130478931
0.023762517762107051
0.007840243706731257
0.274019043779074267
0.115482345603605874
0.006222368286807875
0.031699679089861280
0.029904255376728132
0.021399572987883468
0.033696486910139843
0.016541252013006994
0.058074701425206182
0.123187429537796433
0.036451705886139912
0.001304866258793789
0.000000000000000000
0.057480874605652196
0.057849536052157938
0.068587578099722685
0.015303206902696570
0.000878441093558335
0.003533310666279176
0.034600300440067816
0.039669533095122514
0.223125722118687170
0.066067368476188326
0.006268403392828719
0.094275706115772559
0.051377662976934149
0.062379064157218556
0.082525268431584850
0.044274157430042503
0.001047558665577125
0.400000000000000022
0.021591650034657215
0.045893885909567562
0.132827631041083860
0.104914583363516889
0.001090519573372875
0.097069293954937005
0.005324624408870318
0.038830634814246368
0.373629607945621611
0.268526638774245874
0.008423373348815145
0.079375120186576553
0.066205971454787418
0.000412036254638034
0.031771752335306776
0.039403541495007570
0.009983769461535017
0.221753136423032321
0.181372140914535074
0.010550946184579297
0.011573118244411283
0.051629432316847322
0.019004946523983240
0.025574286906838627
0.106756188402331531
0.091417093065068344
0.072455778344851729
0.063240369631506810
0.010504915380845900
0.033891733049526744
0.016081532139247744
0.017546301205228869
0.020117744270812202
0.060087428346621140
0.008124826922231173
0.061787142460221461
0.030851680275387271
0.024872104623683184
0.356517396708033618
0.072510820822908773
0.011733185919661819
0.023021355309416163
0.054977986041485648
0.076316432617003188
0.130070170470275359
0.044691017023904100
0.005531557841820604
0.068386024632121262
0.028265261792139899
0.115157424413313808
0.285270656595379535
0.058498553333362679
0.001290977371115337
0.006210382007980783
0.001609790052380002
0.326225147390146242
0.400000000000000022
0.262124013027561997
0.022107694360824000
0.135117713208675466
0.148616953790136702
0.041307853707651568
0.098383993303437486
0.025678731586233346
0.005091732022677008
0.231706414120575743
0.272939873740782157
0.023430361990472510
0.085174231645043730
0.083118716685219668
0.006273319913947512
0.169186600399912068
0.046524519788495852
0.070237490318223836
0.071333659833221846
0.099996108530758424
0.012268295911744926
0.044344442711244846
0.053334209046282728
0.055894605997369499
0.052851763155187748
0.047087070767915129
0.011447106337493381
0.068712033082245855
0.034884149871071385
0.090351049295422911
0.198223067431081590
0.041670666996854240
0.012270255365297519
0.035989863776540530
0.014443247292598462
0.071095257168042297
0.053145633105563521
0.050197649474473971
0.010941532080689070
0.014401427208607324
0.010194396768543846
0.137709744089829611
0.170812698214458047
0.097494156709598490
0.012312536026592418
0.008995822290039875
0.031058593841233311
0.397071119498605518
0.374020963938784035
0.134779463740302419
0.035496026336411288
0.008030901180026574
0.036200783505816757
0.079743435174838728
0.068731010067449486
0.018987799339026456
0.011195516438044199
0.015435302988525718
0.038619549321394803
0.025433205347220669
0.126193471520919032
0.063405027031581074
0.011440305406483380
0.114139743451375245
0.073608201125556855
0.163876079816866083
0.298290852565330389
0.211457419599604624
0.022761731990622348
0.072636111788339147
0.075091395712440320
0.137291957734059278
0.185121960274032743
0.121350240260154826
0.022836202704667102
0.068981243642876555
0.035502094000214666
0.128487367236251621
0.141770386677188914
0.132134147460626433
0.028458384963777370
0.049744804219358826
0.025301753087457968
0.049773971003495787
0.091214656307710085
0.106945692996459424
0.024178802620553122
0.016490582614356548
0.012179416305420963
0.094584359236481175
0.081956407095550854
0.087115210803311999
0.040511769808739578
0.003002288463338622
0.029875253496211875
0.255564673710921619
0.105156117856144274
0.073443178844091975
0.024064273953952386
0.003806969822872435
0.041542884165538113
0.298605201211859184
0.244518542699333236
0.029176004190070201
0.018043421272100794
0.007051601859083099
0.028912738591153279
0.259631934094293138
0.252081350249826586
0.083767854184040133
0.011360783192028523
0.160076150165995079
0.050807289766810239
0.074099836859498391
0.211820309033628168
0.114406679004110862
0.018975557198438339
0.073849291278196033
0.034722179506523176
0.106477925667696427
0.262272312167878163
0.181006454950468298
0.081820553230016885
0.051820414933078734
0.086218529510133701
0.210314832389846995
0.194510541721255648
0.228942942076696965
0.072749135612379459
0.017245328514699648
0.060240142713309963
0.117595889023924816
0.050746794990411043
0.203251047376330429
0.041619221350141504
0.032560578351884535
0.041667312750363568
0.117978004628266714
0.161598336918374635
0.161240604927784359
0.063003962921933304
0.003774845522075894
0.027545131148424325
0.335247326991504391
0.127546115154083123
0.063398489727677157
0.036332411241394948
0.001314446161934281
0.022950616941976733
0.210026275012758445
0.160655409569408270
0.032395157927225443
0.016922380604767334
0.002524028675199856
0.018449163695184963
0.267207805014704147
0.320364915934155503
0.096006983311861985
0.013868992403138668
0.385490622071631039
0.097684525952496604
0.210629450638411458
0.345366277427505697
0.235772600328309184
0.400000000000000022
0.312145357321878592
0.070954294501298837
0.165440901050665445
0.352038927520020084
0.243446727656757539
0.400000000000000022
0.391739866022745742
0.157164421550641309
0.161047489455442144
0.317227289779298260
0.146327476628319353
0.400000000000000022
0.309861222529181746
0.117982182475726574
0.145235554085017482
0.151265816382830376
0.209393003416154716
0.400000000000000022
0.054824679951052863
0.069486635836221555
0.040665499153093733
0.086525950723781248
0.195047435853877321
0.400000000000000022
0.006770263005479404
0.094549271797896850
0.345982279002680748
0.132773915082818217
0.089640551510077465
0.400000000000000022
0.015019268415619031
0.133047078365930826
0.176121004989636454
0.048514580439948739
0.038021137779585219
0.400000000000000022
0.007462956967931316
0.035487649528578066
0.169532832033015224
0.284794640259029952
0.245383744633654449
0.400000000000000022
0.287216364530046064
0.115315141257998105
0.108745698004608454
0.263059808961162933
0.147415111891870398
0.400000000000000022
0.389773361660546547
0.064592418404334578
0.078964925499572194
0.166126894955995696
0.172945656801919312
0.400000000000000022
0.281506168329162532
0.101332596700975275
0.103927243375894054
0.062523873124522178
0.129141212073405620
0.400000000000000022
0.322062360991058227
0.112071616366183430
0.077656313067653679
0.090392266756041978
0.180908502488499323
0.400000000000000022
0.139472964028111074
0.038815776020443879
0.020100672442358320
0.142589943423502813
0.187663396883570588
0.400000000000000022
0.004145197312413902
0.070667137619137954
0.152561906165636363
0.057581616872582411
0.067531469241553510
0.399659340707266664
0.006810787352701977
0.065826723214685898
0.101510700226296074
0.211247002740173717
0.025141299330931170
0.400000000000000022
0.001399463029751934
0.016032306356584827
0.096675227668627531
0.132778603848075966
0.109696419184665273
0.400000000000000022
0.121871256210719398
0.144442444660680458
0.105613548170422344
0.227845516733777759
0.212794499218955935
0.048405532398493566
0.272875757543224795
0.099625436922684024
0.092793710231147963
0.130265996906472586
0.202601536019782980
0.036106954879279111
0.276545822437824940
0.049897032099099375
0.046515155925889888
0.085486646178103864
0.254676935392494364
0.088312099669410754
0.135118138410172062
0.054082555353287882
0.082322495184082481
0.241408178238992688
0.264565292452637990
0.094652626816446428
0.067427858727589857
0.055806432273147376
0.070959205652693869
0.248143202795532952
0.188280434896311827
0.035722610229296008
0.007727337987085093
0.043780577536642516
0.046624777571151382
0.058994881593478252
0.036364340844544041
0.006104261299692465
0.005569088852255915
0.037993078000866355
0.061708285085976131
0.222405790260195524
0.064414392801821763
0.014696862541720715
0.007160065648656283
0.021147297472495191
0.122635446988591468
0.103759956413642815
0.200691339883109776
0.020380070812561633
0.009744352364099193
0.034956148851926619
0.108160874680648111
0.271413888779357071
0.167341591073931151
0.007579736493264726
0.110175547311569963
0.080093228535176267
0.142605524707616033
0.251847642121293569
0.145301029190148784
0.015097806694100237
0.038445700631638047
0.107401908948857455
0.212180239606095611
0.293335383252244619
0.196618967658380356
0.010772510046663878
0.039733911427106278
0.059451656031124282
0.198455194387577416
0.366151672352980073
0.214407644994996455
0.012610956402235595
0.020784964566462817
0.045413843076593997
0.071552958061097405
0.142224906148874480
0.056205494322862259
0.016717506574964604
0.003091136779852403
0.029394929067641302
0.019346511382997873
0.118555056001476075
0.026843835422418146
0.012888532894288190
0.000000000000000000
0.017403039933446347
0.038471163131077207
0.398302457489083050
0.243920611797531883
0.017548561056886288
0.001150432638368943
0.008074374967675548
0.035385544997433384
0.254917093884972468
0.191830271901183069
0.022002094611622839
0.016647959772776371
0.082773893992950515
0.057541663177946803
0.098061514054634036
0.117844426221131671
0.004541514213964909
0.066484304251611032
0.037725779351089735
0.086593638642988122
0.152348057031715223
0.204077160188484930
0.027224005267890847
0.108686869087258733
0.055732070099210856
0.059469788456694594
0.246690303425118607
0.155736635224201836
0.028102722547534219
0.074448644412409934
0.066161629182205764
0.123474729154875701
0.214124362048222605
0.049522157549042059
0.014727521658145636
0.021773926045907860
0.006432171369348179
0.020808426054189581
0.056139149801173904
0.043805486791015126
0.019729460864726631
0.001749958527394752
0.010955651695455005
0.305116566274056478
0.149282322452114508
0.016050586681606152
0.008449593812374518
0.002412695644497602
0.014226885142373011
0.400000000000000022
0.400000000000000022
0.108535849976467896
0.005330780262387691
0.007873706705916108
0.004776488915156371
0.041615865115956968
0.120070634989673325
0.107471114042460597
0.044633343405355706
0.079819559565150314
0.177150866859135225
0.226834882598464571
0.257412014547606705
0.167928471325543338
0.021233883627783692
0.053424895907329760
0.044469747325357745
0.074771160398313982
0.234599541428914787
0.119274870678803838
0.011098633387580652
0.078910842821965060
0.097359714261389924
0.095316598022128746
0.400000000000000022
0.135709825807565465
0.024799360055045752
0.054721914674510500
0.104078941078707132
0.267787504152418365
0.398763199457445539
0.187453808495248675
0.020430616624187731
0.104836725265746694
0.089086987867621370
0.282590306811039194
0.296588162814581002
0.100056651845061614
0.007117828101373766
0.050820003229925997
0.088894367237929137
0.384549222020303505
0.400000000000000022
0.264891632986431147
0.026876744465061421
0.164028148269177970
0.197264964776489665
0.369174073301035688
0.400000000000000022
0.080672706477467090
0.009090641365587833
0.244003126785659163
0.283912240605365573
0.055467651595395559
0.218527339776128565
0.116734487292018144
0.015486497155184549
0.237589248413525078
0.110274066173157853
0.088510259677675757
0.145523693847423280
0.142727414333997160
0.013879852304246905
0.079945351214181420
0.096784843654223823
0.124679681950155871
0.120776141780623236
0.071852374698235480
0.011720634373132807
0.113541621605460996
0.102939309778691562
0.145370380478034023
0.311009348726664414
0.072908901136989029
0.019508678568204145
0.082363831700001749
0.100223178323083015
0.246578170313556777
0.211362526509832782
0.093489110205274450
0.041949948825110904
0.032012221522520451
0.048762985544773325
0.216024371964048556
0.254782978657303816
0.124096739015607999
0.033733385817479138
0.400000000000000022
0.263745621792905172
0.400000000000000022
0.400000000000000022
0.167368747338399043
0.044631544171663193
0.229683050822771545
0.177689236225630681
0.216406153083863989
0.193956504694951126
0.116997460458007865
0.017876505976568147
0.017657951603036178
0.056255597950481351
0.279026389184710677
0.311888171958257243
0.078213315948852516
0.019039848590108772
0.156846292819280558
0.205885145552241411
0.399744100005312297
0.400000000000000022
0.229718117919095383
0.023424473804585420
0.227936792379840047
0.251385317343060799
0.386673752933393344
0.271904082537592018
0.160386658089448575
0.023257494734918845
0.165426878145532863
0.223974480891109939
0.212820911569596233
0.226589345542044851
0.151986546032885556
0.028487770763649740
0.138083571421601436
0.180573083631568904
0.166673478968635519
0.195005121580528379
0.123858262332351005
0.034000143229891887
0.085304596577456121
0.081977054246409900
0.146955282201425036
0.188535360613742042
0.128259273374140004
0.041436379081986482
0.336491445549190249
0.183373072089690364
0.275441864202509545
0.143719240595312492
0.089552157955385542
0.024938745026376351
0.192678993470416476
0.110921337994712974
0.361480971589263622
0.366014854807899193
0.097484987026431269
0.032949361402620149
0.400000000000000022
0.335448240917661233
0.374056677078414279
0.362335083121477053
0.117735978772168348
0.020980066339272945
0.321066398436788414
0.226638863993259165
0.336765980148758748
0.291398738921269440
0.136681283027894507
0.018988986831316917
0.293206119397875276
0.247382866427637960
0.400000000000000022
0.314071714205686803
0.208222529065739431
0.082291571342519673
0.128575331812315397
0.187578339635529612
0.394625065865833180
0.249790942634810109
0.232929484313204566
0.076849602986223092
0.095051506294981478
0.223243243216982246
0.245520518467780613
0.093758139964374834
0.210898918577311634
0.049160267465816906
0.091725443519980160
0.203601124992415256
0.206257392152652985
0.256605680115603307
0.191287690864514859
0.064843801353882236
0.303902127954722268
0.084914942834422608
0.355353767024591094
0.192996832200318907
0.096746159027054565
0.038450512445018972
0.249602362948502798
0.106212638167525436
0.317840636738897897
0.278249501002107102
0.167376608986342379
0.028843200845204593
0.248382092085157574
0.364947255214145838
0.325052635191007688
0.368239488072774512
0.162385738268750246
0.023078714648559880
0.400000000000000022
0.343438784656634521
0.400000000000000022
0.400000000000000022
0.243430518549177799
0.400000000000000022
0.400000000000000022
0.304033038122596522
0.297703302268738645
0.367126162072396012
0.247739119432286464
0.400000000000000022
0.400000000000000022
0.397490051057005078
0.400000000000000022
0.366973357196653360
0.179203813340340912
0.400000000000000022
0.386796593805314504
0.364502936412928025
0.359986594410725114
0.202698758086671871
0.229853384384433146
0.400000000000000022
0.222562254332812515
0.342756149578565483
0.260696080353700288
0.219225929221535193
0.212175401129954366
0.400000000000000022
0.363133406372898759
0.344839127775246279
0.370435287606404873
0.165536453998519795
0.148613071664223495
0.400000000000000022
0.400000000000000022
0.365715633089343739
0.240381177701175952
0.106798322786573086
0.243907760037353843
0.400000000000000022
0.400000000000000022
0.400000000000000022
0.245889644464716006
0.311753244463846391
0.277350836933356770
0.400000000000000022
0.400000000000000022
0.392956279939173814
0.359901432361456552
0.341261298734283181
0.182382703559050730
0.400000000000000022
0.400000000000000022
0.400000000000000022
0.241517390248996211
0.248233963490831600
0.208564880991207902
0.400000000000000022
0.400000000000000022
0.360923388817124213
0.223374023488369045
0.078936068500784412
0.146426021323368571
0.400000000000000022
0.400000000000000022
0.364759903762504001
0.179279392834969742
0.132259664456045645
0.193174811053529127
0.400000000000000022
0.400000000000000022
0.273539642786994275
0.103619398531598877
0.213812342946667039
0.190927872830675194
0.400000000000000022
0.400000000000000022
0.233259889581480834
0.191032311190291487
0.122060721389849941
0.159096698215202448
0.400000000000000022
0.400000000000000022
0.198301893349519809
0.114069388339932132
0.268825135481867872
0.174165762111602201
0.400000000000000022
0.400000000000000022
0.158853843659051919
0.109164984461002326
0.141112875646270730
0.125497222348782050
0.400000000000000022
0.273041453070312690
0.214736060618741564
0.206799255301212209
0.284025186302725330
0.227840254132195247
0.048998375952843898
0.395338813270758260
0.281103043755546511
0.310660208150391637
0.196768642034974378
0.216047192165387175
0.037183640164435004
0.400000000000000022
0.254243856030154036
0.367547504282067505
0.176820267450377100
0.268274752756682444
0.098983056620301907
0.282329466569530341
0.216101504635882957
0.190169343102250865
0.322846552700474798
0.279176007824193995
0.124096232670137835
0.385606346038540104
0.142194002634740968
0.139965145489878845
0.287247835025311926
0.209800222116234641
0.035722610229296008
0.400000000000000022
0.275305099313298440
0.099742980590784902
0.118669338860261181
0.201319514616385031
0.009092114305140959
0.400000000000000022
0.098046328666941407
0.074756285620406468
0.276839764903087260
0.195874178536855154
0.022787255049165768
0.400000000000000022
0.147432931681897444
0.143273518702762254
0.104567433389628608
0.208923154869790545
0.026464628694558397
0.094112533740497328
0.113306013714476655
0.145179617066428263
0.324640382684183604
0.210057464811831712
0.007579736493264726
0.185098642361961579
0.168741062157733324
0.199943518830476064
0.278047513823231507
0.188101437389353088
0.015228875325734111
0.175560404383118041
0.281343182460697505
0.294543266310818008
0.400000000000000022
0.254160216758259283
0.014944525298478008
0.100911626777326305
0.114679413111507589
0.284873529350551491
0.400000000000000022
0.251234422100763632
0.021287291874318718
0.400000000000000022
0.138863983192774015
0.108114979486757551
0.204833139738104075
0.083382674009753549
0.017911703325019644
0.400000000000000022
0.379417710371189543
0.046298606027444164
0.182752837415429081
0.055253339022165372
0.016612046868585490
0.108156759006264258
0.058186596067855520
0.038893114773414270
0.400000000000000022
0.262795858237324986
0.025388804763617545
0.275169476417443271
0.123556720571281406
0.041607913284241266
0.286616772974833733
0.213041281817116235
0.043401667599506304
0.050344446682916218
0.099315146005957533
0.115616364603152971
0.221248943592430469
0.154296132107271611
0.005846380472758699
0.066484304251611032
0.095206653956741938
0.144443174695146032
0.220935635131437880
0.215971833371837868
0.028102446361449183
0.112220179753537916
0.090332370539278672
0.099139321551817122
0.398138505248841201
0.221804003700390162
0.034371125940362929
0.168724350528182493
0.117539292159139899
0.185853793312094284
0.296649630479807469
0.093796314979084569
0.015775080323722761
0.400000000000000022
0.028023821404005396
0.066702311963757144
0.188966780842257737
0.148720070154532008
0.020819980438099506
0.098819252482331768
0.016280276104325326
0.330751330982756220
0.400000000000000022
0.284577225455852012
0.016872967161189661
0.081787815831074154
0.080432856597160443
0.400000000000000022
0.400000000000000022
0.147939391471475473
0.015314549723922707
0.229626843128948432
0.186148629829691437
0.052166811300536270
0.131643753234084615
0.159100546359307926
0.063638289929338940
0.322064335901042775
0.307701177403725878
0.331102512982540675
0.313966897361103559
0.054829961186996984
0.111952633648983474
0.345714882879529284
0.290181026507654982
0.270196630082933098
0.222368200815014183
0.060569355490363769
0.119945437331636054
0.340303630819274283
0.327593536208941494
0.275049816930419522
0.308069696108336510
0.077303323480897260
0.130651968327281376
0.247576301716432495
0.306626320217884329
0.257365335357915448
0.252737352216489908
0.077669172191158889
0.130898099045326788
0.282542511391920492
0.168476225470202495
0.081719914450620421
0.142529151784983349
0.079293399203953674
0.120416937918001204
0.326072791417842400
0.253467097983844869
0.236967478264920622
0.282932964849759883
0.127152935176974874
0.116864615123746005
0.262920418134797551
0.224162017461926627
0.262739702776272288
0.388967016117199194
0.123310917631598904
0.117522976028336223
0.307837121349278209
0.302905099839034408
0.314658948832842789
0.370956662324217645
0.085806051076906448
0.120890864034943007
0.273493963562370435
0.163092520609728814
0.261800581899737206
0.350935894181547137
0.355932853421672912
0.112024654245320029
0.262482609344385331
0.165421244008397139
0.238560002975110708
0.264038978961506576
0.304690743089334914
0.119958798484077409
0.257127697708050718
0.188780668738117940
0.261103268758809015
0.391797322728719588
0.324794488491927713
0.130517776096103322
0.158426704454168926
0.131510447932426361
0.249082916413233157
0.330304442741324533
0.328927315649633123
0.130777160409788401
0.243846612229801557
0.094812509168069992
0.128747348320291943
0.138551128373484128
0.156973360850034882
0.120066617889823798
0.329326663353817828
0.164227027090307259
0.343789207697536681
0.267916744226516512
0.201824199236060625
0.116328786235723264
0.270405427352980232
0.129401174686009063
0.289222699152928142
0.372563205042227619
0.275606764278497951
0.117183292656748039
0.314555956047996743
0.202600897518284362
0.182678327965442394
0.395667536981364421
0.337781519517986961
0.120852753987563830
0.342787417276393003
0.306579312382519620
0.320801237266672479
0.318443413030860101
0.053500729331204776
0.111499785855733252
0.346166660170997564
0.299011505548683998
0.310692352429636165
0.273358847889830614
0.057435122666607261
0.118531188807234872
0.325414500506015225
0.327269047915729805
0.295318175074117339
0.354278597980168641
0.074727686078023811
0.129292157695014981
0.324196737734614271
0.300240334850551460
0.254496517149557400
0.259877361518848826
0.082688177630014931
0.133279504343501581
0.312499285593983378
0.276564608686409585
0.260460429139805938
0.333308105672605881
0.082126835539595142
0.121076566889893406
0.345280551864745600
0.304334505649939246
0.284203410176120719
0.321930204792794161
0.121747080075743933
0.115678196567435387
0.263009887734538927
0.210027127072226788
0.193659001090806665
0.309186189719400095
0.117676507167258013
0.116667941796828198
0.306914101036222353
0.293582471987082594
0.152452036528704815
0.208170756552246233
0.088096118319591771
0.121966575121074478
0.294168550670972639
0.177930150084719019
0.260424406775329742
0.340017561451316397
0.360335597974265398
0.111594474117844539
0.297458679940215798
0.165718472303507031
0.247227671708122598
0.304905417527289280
0.363749003202928745
0.118630018733461948
0.242910597410888357
0.179192917455290035
0.260740131002602460
0.419553360717574597
0.365530273222559099
0.129310384650208443
0.241057117965799622
0.178205224784001748
0.241592135043274092
0.327148045209519567
0.336888007005225587
0.133135617973217629
0.257812030071069564
0.124103217166111460
0.252078405237295800
0.422579405283545928
0.361629019649209071
0.120988065839285480
0.309360964725362564
0.188323011371086674
0.387418972474366630
0.316892120922320109
0.241016888228130555
0.115230804304525494
0.265886986797968072
0.129496462187755623
0.274937107999998320
0.297701959352125789
0.186782686493808053
0.116136779060939929
0.314205282012102127
0.201397870779610050
0.172132202843457927
0.194376230504716585
0.196899727792931328
0.121561950981145472
