0.032599411133023219
0.060609596869051915
0.022685028375305338
0.014375789171561886
0.048040623967539442
0.280143484337765536
0.102481919325735082
0.071593699436641220
0.025459562611232431
0.039237353709065163
0.114672310803204183
0.159542095383439247
0.053155965540814989
0.026001628795718375
0.009083098658635401
0.222380207585085338
0.400000000000000022
0.332154958989021420
0.100752106999214414
0.086398074175254760
0.020253802400857161
0.009031240823993220
0.049620502701547310
0.042673284613528387
0.044585832848431435
0.036373774076782786
0.018428538069066441
0.015218138290137705
0.056719105465304814
0.084572614393509812
0.060391584015044991
0.101162972970938625
0.386896375452121744
0.400000000000000022
0.377248378347168845
0.173071720918494903
0.022432614314223338
0.066845585469663252
0.288219703043135156
0.250384406457160757
0.311806569326775196
0.193886299571311455
0.028787517683929616
0.024628991778169143
0.036618641295907507
0.017401301745590549
0.067902379537878144
0.068228965981681489
0.053159691160845006
0.112298967802217736
0.034602827496525455
0.008794234648932295
0.128805285109680118
0.195082512655870843
0.084149347662728052
0.115869502662563503
0.036556103755652852
0.024060548917067812
0.061914762342918712
0.059123949538867362
0.058622211537245804
0.286593804265916074
0.030954804401908315
0.090459098800414972
0.400000000000000022
0.326676585144321352
0.042898596171502094
0.212729155593586960
0.025044729236651998
0.016154688783832770
0.039451253672078433
0.085036202313629378
0.026105013903867345
0.079451901385300130
0.032232561422281661
0.042820415597990956
0.251642264879766819
0.323621363760932701
0.054168495341460697
0.011504466660148090
0.396129238366242475
0.372774626737480519
0.400000000000000022
0.388940425041434557
0.036442901788488670
0.040905506613020781
0.262808113948716393
0.163877637235241208
0.126518808589983656
0.258881326944133239
0.026326756824621149
0.021073122357505643
0.040809136782188178
0.043479195138749482
0.017675867736228021
0.044868467062610724
0.066529183815844842
0.093079606247771729
0.023512536904782166
0.001011874315041785
0.270120243320349007
0.400000000000000022
0.090502020822850804
0.201351640126955722
0.068826247203253532
0.058974062549456446
0.298690946402565771
0.400000000000000022
0.032671825030443788
0.114897304482748749
0.035913119535633163
0.097007987881072760
0.286852636436370045
0.318224223207716761
0.021801419021155229
0.079713268706984211
0.026581839155111996
0.237832691978436511
0.222456885244206426
0.059313532954459867
0.008900278330706493
0.036482837779998202
0.040174663332472826
0.382768496309551010
0.311974803219312702
0.149407372366004210
0.037707412163475187
0.021765764885870183
0.170786140023835714
0.128123343338262224
0.264372335212089804
0.158440309435005644
0.027258583392208310
0.059919408502069525
0.162864389608429555
0.077855379978924402
0.048512251036180676
0.091834301495202858
0.037962773325577993
0.020720699485931200
0.070083212867983136
0.020383335598174838
0.024685707450863188
0.032694385455231609
0.155943436431494942
0.103698418352373201
0.022069841350765639
0.001736871688467700
0.243415420151049278
0.394586636153621551
0.042940523347722560
0.095031356861659658
0.028961439401725471
0.028781052502497760
0.153766879901100412
0.400000000000000022
0.062960823722394588
0.087344759314452236
0.004320334877185141
0.021233309662381662
0.044233999634290568
0.301691273359163459
0.065667106759019406
0.074762325451649292
0.002505256272524913
0.307731123976841880
0.262150399536046130
0.140522303232331836
0.044150651196608062
0.006747125630801433
0.004673700058965091
0.400000000000000022
0.287919194212152840
0.189588380953737562
0.051159090485419001
0.028608387420330145
0.037568867521562355
0.035238863068927970
0.104591401905461512
0.227286668527304503
0.031103193129809033
0.085327221204752668
0.061110558250571045
0.063531693427913843
0.081506964880710811
0.143042665299050464
0.008078304513625074
0.016605244328787294
0.016076341145241459
0.039070401554400988
0.021395015060516335
0.023809519439083503
0.219854767898745002
0.063075787657904642
0.020030763253609574
0.000419564727199802
0.400000000000000022
0.327251635422442400
0.039012186586722106
0.104848029135240717
0.049776823841678280
0.020370624623721779
0.372726123472411963
0.366481068823588663
0.077435563947607700
0.106601002779258991
0.007438474729827241
0.354741907694014369
0.296120480625450655
0.229040614561937528
0.063314026604682994
0.038034030175477448
0.007097805173856662
0.236802915652333801
0.229550754325115708
0.183162076216699721
0.125568005642589908
0.013636904671046635
0.014470878285505234
0.121138088817330264
0.069978334120694485
0.365084044116229078
0.196283585286554429
0.016404638860024381
0.015559073847999681
0.037071244286810190
0.025709620568547413
0.155599669895095966
0.127939767332605425
0.221545581621923948
0.140132930323007554
0.038163930530828991
0.035946319904790858
0.104794200759349948
0.047622829035563058
0.027810842769392941
0.062387121723706383
0.020834741040895249
0.002052495606538720
0.013398039922019683
0.063674505613023555
0.018459628845713290
0.011204879468182733
0.005580726350754720
0.400000000000000022
0.400000000000000022
0.031789226822367560
0.058424438151063844
0.049673970421827460
0.039387694542024454
0.346212472851749498
0.297944087269354674
0.139008497573790857
0.152319983539258547
0.020107715916171137
0.345330149670754372
0.400000000000000022
0.173120970409942898
0.126530335630818003
0.107903192690469385
0.000733266779255495
0.400000000000000022
0.400000000000000022
0.119790431888465776
0.167808980783858253
0.021571779749667903
0.000776266065094049
0.157812141326094307
0.107448286489170666
0.381325659082624113
0.195417526939300173
0.026969534557588264
0.020173428377836596
0.040604717910151557
0.037848414721131790
0.220390929268262453
0.106456794374866964
0.084912475322933417
0.090374911663467505
0.034896576741460121
0.023950957942766568
0.185198273159911636
0.024285658478353074
0.021917116434989788
0.039280759738974047
0.011924227473435647
0.011151500645332685
0.015267289625606903
0.036123121940365509
0.002517318239594207
0.000000000000000000
0.005762863452781609
0.177007048848235427
0.202859428340441794
0.025825561421396349
0.041563619398865485
0.011249861120861022
0.002128080344516553
0.287934292357025390
0.334694389497567357
0.099096224197662036
0.061550356774217371
0.007121482197429614
0.003451365781419955
0.085450683843320996
0.266081581538264667
0.040210076051145294
0.047303563074820254
0.001105108695776753
0.048821273668837081
0.077685510530311808
0.244484427120326892
0.096521381758748442
0.026319948962771834
0.014115717017785426
0.020508613724354644
0.056752955656525078
0.370630804805627156
0.041257739420556938
0.023674965791823033
0.012545341265277838
0.055052371716204383
0.147967051047605519
0.329096357662325034
0.049593316294015699
0.063863255241258021
0.129716812361738321
0.083879723168180431
0.016822893419920444
0.098320862891786404
0.009235326296822225
0.015596368322364310
0.026832177967399042
0.011944374578519788
0.000605196926556250
0.008080904054784217
0.028866706339698199
0.018494710547566767
0.058655699697929151
0.014052106416401061
0.054964307905087120
0.030591778494522635
0.000837625175774884
0.021378665087490929
0.021114520313834623
0.015665865781292500
0.140209497001815842
0.164752642032599261
0.032376043851463435
0.039651032952340140
0.025063831625647286
0.000000000000000000
0.116660965127986710
0.224759166094556984
0.050393066104239846
0.031612534401868203
0.009184819366435337
0.134260898363525449
0.203388944559485974
0.085060505921417576
0.086134291862107651
0.012619970138520370
0.000000000000000000
0.016533282136862709
0.061224993381559005
0.078249502563926598
0.045919572916421084
0.169003928364527795
0.015429172843110604
0.095701143581838913
0.291193238953927902
0.146339033413715097
0.042937777600754595
0.063789255593429878
0.059950219110349923
0.025696908718711300
0.030321234387216969
0.053360208751953603
0.001721756437692099
0.003595592208505980
0.007902526967737085
0.002280604805362166
0.006352741470619781
0.004966020772318708
0.045258254878327894
0.115440721126794293
0.155695172461335407
0.012075747077699126
0.092941773092431429
0.107684212775012611
0.077994853222242991
0.027740097552622502
0.015412989630685934
0.019150155972666665
0.109990144258142603
0.154373891098756211
0.017889338665363044
0.031736517110332305
0.017178421284710282
0.010306518019849151
0.038290912468624538
0.076907398922761411
0.041493480769001952
0.017641642256512255
0.007785851835460827
0.002957002896672838
0.028780805411764077
0.074759669079592889
0.183090847972611548
0.076042408119057034
0.010259774617842291
0.400000000000000022
0.400000000000000022
0.136694048069199992
0.064347415106930192
0.030905421196375613
0.026329131735910744
0.186593997608003437
0.400000000000000022
0.319927111812368270
0.044591507627715250
0.035594959958187164
0.074353972134870938
0.029203383998609327
0.100169934089529913
0.077761509647598648
0.002048951630324563
0.033179815925102038
0.102610229763155827
0.001638828308432031
0.010747668529318185
0.005633068893902776
0.051131529573070898
0.050815084091179463
0.140032897101804332
0.041697670095403407
0.076550019233900646
0.067918889971655377
0.038652260447689525
0.050187659461180527
0.042567996793504301
0.059659793589857874
0.177396732297646187
0.177132547767854254
0.013990520724797933
0.015189189656480228
0.026846482823709963
0.032075352614400351
0.079905555199944397
0.166963518964005603
0.106284819312649464
0.056628869423234252
0.014575620986805215
0.012530496556891433
0.056784364748382464
0.108130867600168046
0.061800694581253639
0.037289235228951473
0.055028603418314684
0.226847690807329444
0.346726063707385568
0.078512720501279165
0.049008328747241828
0.041773457880096468
0.067630195988095027
0.107597444926277278
0.316974961583577630
0.257427266036545810
0.130195939333993760
0.087705965628494115
0.080684689036662843
0.097551412246612706
0.139580555503685311
0.156351315176589012
0.400000000000000022
0.400000000000000022
0.400000000000000022
0.400000000000000022
0.400000000000000022
0.400000000000000022
0.019406498497305809
0.106100297767228999
0.257315650849509747
0.262454228184545391
0.077708986168594812
0.119542738113610547
0.071497996185353407
0.192833567793334687
0.044535278976913624
0.072837470538196822
0.169121106837277740
0.293113337121753414
0.046430657138719328
0.114836685499097424
0.041215437478635999
0.016431636277238211
0.046383395552927822
0.108270214944792206
0.055394272905083017
0.075715088588732118
0.049529572366041136
0.007853560915326907
0.111336268727718943
0.055104805480444642
0.054899465262956457
0.046118861702389505
0.058456473913660580
0.060399658302060899
0.262068799073738146
0.166508163382535351
0.087509919744583969
0.176557999838991675
0.170114995316748563
0.019992088115777348
0.088083127614147022
0.098042899159701796
0.056531944754133978
0.079178878718096812
0.096379263460743575
0.005238325890812464
0.019332051318112886
0.017781388983779928
0.003194936262770789
0.087277286719702779
0.059149318417543742
0.001821053498906908
0.005306217055978539
0.000373970452617764
0.132670816495167709
0.386792503818585098
0.317306580525978932
0.312231923670832356
0.111792905224942035
0.063815014818596846
0.184534596467958112
0.333037895246854176
0.173060352031792652
0.177341705568690944
0.080979343065712167
0.112567810158525738
0.064508397415764196
0.286725385561279078
0.283146801754463828
0.085330237424908792
0.024626127270166928
0.084125635541231286
0.083518823832244515
0.322939696262071307
0.219811520255392162
0.059990516821195786
0.120109400185979362
0.143187438251945603
0.077001786693467841
0.159597112787765005
0.158517389373853207
0.042280046441428298
0.265371217224409650
0.348632240880814792
0.071139872076999122
0.083988283900219979
0.135344484136582344
0.033681606089837793
0.062072185216209531
0.064414843686639800
0.104015176428118389
0.138031136794173170
0.064513070504931630
0.031377891375487243
0.023332974313489685
0.025567832656187374
0.009728176992487837
0.045605107754662325
0.015438010118652309
0.007382261096719821
0.003027165260825720
0.000503808674921596
0.362491849383958287
0.400000000000000022
0.291656611266854993
0.271273911341436635
0.126777093897131043
0.119435683511219998
0.339428827122505827
0.383617565793536952
0.227527169984022337
0.203499936902426570
0.037699031408426800
0.013116042424467757
0.145609860775070377
0.172234676789045527
0.301525589296084140
0.150649401813312656
0.035726326333682404
0.029766837604621864
0.085349208542274388
0.238273683565114025
0.315267825781778588
0.149851069751494759
0.080318016358379013
0.041574712515461409
0.036582946327890477
0.341215162443068765
0.340457176706590980
0.196789627510669224
0.148981807169980107
0.018445172098655649
0.105309209263241998
0.150250712540553610
0.233832968988463064
0.028197028921947268
0.017778722690402451
0.015612288272485217
0.086188899075162501
0.163617902376767599
0.065195667531313811
0.029718630549771505
0.034579952640977539
0.006541378827016937
0.012480496238743460
0.064320760617780887
0.016598445317509519
0.003221003563053723
0.014899001401311951
0.000408267351925379
0.342661888799065006
0.343310980203424099
0.191295070921254612
0.309216519253767141
0.076885153765192185
0.076734167828487854
0.308063616142577990
0.204400085683905913
0.346955817882940998
0.292528329696740808
0.044855024217281395
0.046483554657893292
0.256074174797747134
0.339719779159036839
0.285729430544337915
0.297565277763422897
0.037923817493575825
0.031727793927907789
0.129919297595012889
0.290549057078495210
0.247272038440703834
0.341076818938825355
0.051864959734680430
0.074946693555082891
0.175791234383953832
0.300922115078612218
0.223916363627273463
0.155115619865190679
0.078024852714796117
0.071285352636920998
0.070826850999012606
0.259516174371688724
0.171922384864596850
0.038448959997484058
0.032143464999403557
0.054493673275338946
0.104050121471234533
0.128221813175188243
0.036040229062167334
0.035151994452645163
0.039096746220205050
0.041384983024994770
0.018821775078340427
0.026621488126808771
0.013621553262049118
0.017361124842776552
0.013011537887794321
0.008430091485694374
0.115949602695158652
0.225889127290583969
0.087972766471504524
0.197358562404031906
0.046328353871326153
0.078550975419482763
0.205007701356911820
0.261422960723694864
0.137829947165500705
0.113515596052082834
0.040299735163962638
0.044650661136263800
0.400000000000000022
0.361196905568180959
0.163641429687571227
0.203268126692345175
0.034926107251683172
0.046688570377605751
0.348302402426740709
0.400000000000000022
0.139715819814733772
0.088866739961921903
0.061680147237806252
0.037568050732809145
0.311875960812929287
0.400000000000000022
0.148984480739759229
0.061257595412049726
0.091549887348065545
0.006774114284882884
0.126250585104385388
0.400000000000000022
0.135830954244841373
0.021112449410296323
0.003752741633163600
0.000270435458210092
0.066440629207588364
0.147270180598232214
0.039913693414475773
0.046366101759645437
0.059759861249679143
0.021498429788143730
0.018193215473401043
0.009615723553816329
0.005950654121627852
0.008087199518827659
0.016577045993994580
0.004375762185911196
0.028606886516418528
0.057916181542523669
0.132537474429476193
0.177497171899616946
0.030456756482193717
0.043788734284897872
0.140244552884874307
0.164467943270313638
0.361921029906972058
0.352522590812351821
0.020225301100435578
0.025323567867005344
0.249627691058238316
0.308626021329984956
0.203579287191379049
0.213756546272878323
0.029307386105026756
0.067318885979581689
0.181514531823900760
0.378461340885944242
0.133134110803533101
0.042739510467510233
0.076828109193312927
0.091519294875400420
0.172190145860090238
0.400000000000000022
0.118197117398851720
0.070623732942798279
0.065098530016258413
0.032400966522353067
0.156719889488915354
0.400000000000000022
0.163362184171216590
0.077184854590584703
0.017128109959732810
0.027977876561458954
0.102138208662362354
0.282511725568960093
0.064454996509828416
0.102056985417214488
0.142650423657318254
0.112491540514552221
0.050547249736449515
0.019462985929759494
0.013316591567699813
0.021685796772154806
0.041015507184784500
0.009015063584356236
0.020974413756199326
0.063934591151335554
0.176306684827652493
0.143357456362287555
0.100212107684764642
0.098567479659736112
0.051708875382220194
0.110679450914384886
0.316813444868666971
0.102973519063110502
0.068670073786011546
0.079280403140544534
0.057766307168745694
0.225503542251896616
0.170165713113725470
0.083695049083683859
0.042051409741072625
0.062548954447590233
0.173223503900005182
0.238069242489545613
0.106143712271109220
0.037283895486896937
0.060237521724233689
0.046309867695106560
0.066158407935825267
0.130204969172723589
0.146704411198936874
0.080845008015527964
0.045598693847534365
0.063352019189250014
0.106673160409436724
0.139018514702990176
0.063480053289038330
0.312712936515339268
0.209987748952085662
0.050556852901557481
0.064971082498291963
0.193327342443922356
0.036186336422938857
0.213896000574959472
0.148542565339716076
0.017317008274393142
0.040062179671445958
0.047643252188977830
0.004846812301150139
0.031887498199621993
0.030180484738266056
0.008555173814126309
0.113415210097262395
0.037438650190959655
0.033560335988332267
0.028712348206356014
0.129075726150612885
0.210769593757561713
0.041466005330828767
0.127531669014232851
0.182341170733174435
0.089380602672550366
0.084780157975989173
0.064842260849704722
0.034590707066337836
0.087899999179645777
0.062158523536072381
0.181515596239793187
0.344374874465335157
0.144969880042638777
0.101408403083215568
0.083076484157420902
0.094617477086475110
0.019992396679284364
0.096935734821316510
0.082138317664408197
0.083262431835210246
0.107354568295455241
0.127272969043990603
0.048419633832716177
0.024976231855752352
0.043371440203023151
0.132781101296131882
0.080615642990159775
0.204976686221170323
0.222740184345980474
0.163686230691531959
0.060410151556607845
0.031900599495183236
0.082441461946489075
0.156635745322320080
0.121416560873396417
0.150131272060493870
0.053927490351861604
0.057169386513826859
0.076890480310261536
0.042879795588731416
0.037217529094237360
0.025201902698978054
0.021708324793072414
0.083730940706094104
0.111424680960231365
0.162717925477109671
0.056073459266965296
0.124590643201440116
0.348062374309420941
0.141134179773424628
0.121781358897821740
0.068027559404736732
0.098897147298923044
0.292069043100850356
0.336674643151293473
0.067146486265612926
0.041190818452198602
0.035929581482345360
0.254455560199485675
0.400000000000000022
0.398332834582468598
0.207036926311863878
0.143026943598488998
0.034829423387662380
0.021561737380884651
0.106404867449929774
0.150804152213696419
0.106386527429685074
0.073663009305734259
0.073457141487381139
0.242065829097467128
0.385678254955747923
0.163085334894789019
0.109399912762286805
0.142936430851035107
0.400000000000000022
0.400000000000000022
0.400000000000000022
0.363652358679754428
0.152628553648217119
0.154551551098157380
0.311872052235900865
0.303926781362001575
0.354730307285743174
0.287294509161850731
0.400000000000000022
0.400000000000000022
0.400000000000000022
0.400000000000000022
0.400000000000000022
0.400000000000000022
0.072566189658150815
0.218399265569446721
0.285124107526369075
0.271248462833477644
0.206514271278274930
0.314625250769481446
0.155647343848081460
0.308703070455898176
0.081091382732566469
0.096898019455264633
0.231035869180196474
0.349590192782079812
0.105052868675965125
0.362884585952528482
0.072170241880544314
0.106890735077653176
0.400000000000000022
0.380270277541357560
0.098292869076585104
0.288444244182319121
0.074574301602693141
0.024008249699159677
0.150787522399797369
0.140141007794074013
0.081004479166823809
0.125570763087689663
0.090689035335942247
0.103220073900051834
0.400000000000000022
0.387231117425632654
0.141678415086044673
0.188062466499139769
0.400000000000000022
0.381463041995512064
0.400000000000000022
0.400000000000000022
0.092974846542622641
0.120084385331117621
0.305294144125187294
0.169115963126053703
0.145850859908096570
0.268401645801056798
0.029521693087391936
0.108350409077208443
0.099958455199731927
0.045300248637656387
0.022982084792206561
0.045242437515228488
0.199200000311012537
0.400000000000000022
0.332217378344741743
0.312873726047575518
0.359640901252677891
0.400000000000000022
0.275036617290808916
0.400000000000000022
0.241886599235046185
0.236315768118147418
0.355023189268722228
0.400000000000000022
0.097180222446207998
0.362962573209763328
0.319059921290097026
0.182338225305981538
0.311478763706536987
0.365572836994866091
0.105320242853399748
0.369518155949392912
0.246393359410504165
0.297823208799632311
0.342566285430185802
0.202500971206405478
0.085902065024174343
0.196079950567763228
0.198692052706326061
0.393746086568280584
0.400000000000000022
0.393435476098068615
0.108847284240474323
0.105754048786090168
0.306130624160418086
0.161804949428100031
0.326444520428299301
0.222855153121645444
0.131273759820326713
0.197950545296242730
0.227377460113361185
0.109233271354411632
0.071845225349670361
0.117402134151390239
0.047690950318065833
0.066325807240593532
0.085521222986635462
0.027765596694894656
0.027712872711688905
0.033198194130153208
0.400000000000000022
0.400000000000000022
0.305652503909409734
0.273010783029904336
0.354741639047385982
0.400000000000000022
0.354104510201821487
0.400000000000000022
0.256488609385747801
0.232280989404924310
0.191465911309527198
0.400000000000000022
0.208570684497464937
0.259579436103497707
0.305845924173269279
0.171882711475694311
0.079960325967972964
0.321180294232361940
0.151016315301293835
0.313036009016763317
0.317773082054303491
0.385311849283166197
0.342468415894425116
0.182097015747793245
0.080733597524498560
0.345942255302806312
0.343630713944897248
0.400000000000000022
0.396216828759842654
0.208033553052393183
0.156468299748661027
0.178859099960883727
0.271401836510025418
0.063435891990875237
0.122370124595863966
0.242898956799789734
0.117292092204971540
0.248945123581520267
0.126306225781884857
0.093250323977685345
0.116086917521688343
0.149584044126067406
0.020558800752368534
0.080926004946568181
0.032674786462750974
0.042291405117454703
0.036294016461828282
0.024217786791008885
0.400000000000000022
0.383254492905819755
0.211325834174864169
0.309482636927782162
0.400000000000000022
0.390930594371515117
0.321396720677463110
0.309248114819146658
0.377952422788020881
0.305789608573371896
0.392303778673431802
0.386990991135269913
0.313562617036291735
0.382974241992660058
0.293167905274165141
0.400000000000000022
0.334044298119026528
0.260768408489845283
0.193233324199695855
0.328583087253972672
0.254369843614560498
0.400000000000000022
0.281415714059796152
0.258108769771782598
0.297532170771637017
0.314559019749658830
0.238387241912778686
0.276253708682520971
0.148003186835490602
0.387244970202544780
0.267110436285567077
0.275920813231713025
0.187481458712596527
0.075520204284294234
0.057853085567950970
0.210093343170434932
0.223329319083437977
0.296556803693634741
0.176173159385174916
0.073315924983474154
0.075043066124995922
0.146179183784344691
0.066444604113903474
0.054432330896201704
0.076008674985755503
0.038195865883671798
0.015064033494333044
0.021828131407714058
0.179624108308182207
0.244348756136297252
0.099177645939687253
0.202939288754786645
0.400000000000000022
0.400000000000000022
0.236796928179279387
0.319847398874758715
0.187503917587328151
0.152903290594107288
0.373281662286066074
0.342594748405618488
0.400000000000000022
0.400000000000000022
0.183749145603742337
0.400000000000000022
0.400000000000000022
0.219809540787548607
0.390005779347859294
0.400000000000000022
0.140449086593989275
0.400000000000000022
0.400000000000000022
0.157358482621274914
0.366185807656795925
0.400000000000000022
0.149760746804853295
0.219069736738144005
0.198998173837236225
0.383336412941694182
0.305787217926029531
0.400000000000000022
0.156004382622677934
0.061717167320447873
0.041601156354295392
0.220661364726472548
0.172897423582455328
0.232182655921165659
0.130288605077943292
0.081262678501105565
0.083710819192445718
0.206696702948055366
0.042478873951754120
0.031532839988806113
0.045231413860601880
0.020011426992263305
0.027728546639327264
0.019643051811518097
0.064730008456784033
0.060433499782117872
0.132537474429476193
0.183260035352398543
0.207463805330429157
0.246648162625339673
0.166070114306270666
0.206031562669179102
0.369658857730873591
0.353307185231216514
0.306989707931414890
0.355103462315195295
0.318743160510342516
0.350202905893384653
0.210700769388808662
0.217207912054298291
0.114758069948347752
0.318284816039059004
0.221724607875046054
0.394275130431561815
0.134239219499309864
0.091560784136347301
0.154513619723624734
0.328823533068320795
0.268711527618838653
0.400000000000000022
0.132312834416637159
0.091132346667152919
0.121851485672783491
0.382966725904784422
0.197977628909472292
0.400000000000000022
0.175907525436494433
0.132237226306789080
0.165095161007338342
0.339732028427822019
0.151731524956378067
0.300141818857511400
0.194171808871566737
0.185936708585394961
0.159473317077238719
0.210812403406338611
0.059782576033271737
0.035059354252123795
0.040148769535098855
0.033630171350674587
0.041620704111340751
0.017095967639140452
0.049841120095897515
0.082429301698902321
0.234962384525581602
0.157409562778688616
0.155176415589851763
0.129159258154258771
0.052546500557995077
0.132058116001875808
0.332432061460279926
0.118639384844403006
0.208879570787827373
0.244033045173143781
0.090142351020209108
0.265154575204236742
0.195229544739372762
0.083695049083683859
0.158712374869059369
0.287308120542147216
0.223616570004245035
0.269681776891413871
0.115328531637544571
0.171544793850422372
0.263626466283719663
0.131370373616524150
0.152292699797932890
0.142824939311243987
0.146704411198936874
0.097378290152390676
0.106823687229093384
0.141601521753176585
0.152592733325857793
0.308022443067517915
0.078909226132148930
0.377493771764183306
0.400000000000000022
0.196895886315272606
0.107908860099046544
0.257116598037352206
0.096136555533288773
0.239592909293670775
0.178863799726933059
0.070677217026346745
0.041783936109138047
0.051238844397483808
0.012749339268887223
0.034168103004984157
0.036533226208885834
0.013521194586445016
0.158673464975590289
0.152879371317753976
0.189255508449667709
0.040788095284055137
0.222017499243044314
0.318453806532574379
0.119460858553071758
0.155271766566855346
0.197754160363860371
0.108530758645217024
0.194770302234131748
0.219216151948460947
0.052480045731700876
0.119636516289978082
0.079336944820782657
0.191822114259642351
0.377330399920455917
0.221877278965400188
0.142901883852217526
0.100718126413933157
0.102403328921935932
0.022949399575957204
0.125716540233080598
0.156897986744001100
0.266353279807821808
0.183396976414512247
0.137532743661832935
0.400000000000000022
0.400000000000000022
0.180065488272223156
0.197128516403062060
0.111521064186535374
0.231305817957081106
0.377893641300837912
0.400000000000000022
0.346883165428316986
0.076492107122898487
0.118036421904676225
0.230989717457191046
0.150619944872005751
0.250301206150023769
0.131688999999460238
0.059218338144151422
0.110070296235363588
0.145490025351887237
0.038856357402669392
0.035949571228296236
0.027341393686975191
0.284136469630696553
0.315764223647695463
0.330108660137911181
0.192950638447842104
0.265354328405759898
0.397193284641102318
0.290970817959022465
0.362306349828746210
0.258510297797048538
0.131996056241250631
0.258412951653325673
0.419866695543883006
0.271557193207393910
0.391071486734772267
0.172215435872392103
0.205350089478994330
0.326886488679679788
0.467258785154333001
0.290873571932309671
0.364288741250932246
0.131321994901563432
0.209347314299411419
0.273869457734485677
0.241451797426558146
0.288592490228657350
0.254700384806925029
0.142271619094017976
0.256841294636403428
0.333135350277706910
0.384443826919221077
0.262685674179388373
0.238838156407711749
0.275221878418368260
0.248632936413931166
0.370395353318557774
0.403716190255226093
0.093353432061417288
0.138302976874454975
0.125339626196941056
0.097156085627904495
0.115107728771949983
0.100099312714883093
0.096549969080626491
0.118102218844834919
0.111876351244877964
0.081045900313526376
0.084575317472959405
0.079237818507917043
0.172529605934949509
0.251573951351874991
0.233171655367765657
0.298779781262560606
0.348743911628534076
0.357311353912173446
0.161301413585227232
0.260815501501041713
0.230869501420376988
0.228492589656663803
0.307886545099677611
0.335567057255119261
0.163088831922866218
0.273822945449438804
0.201111977566376443
0.315150332048626802
0.315015839613696391
0.299643939709320961
0.149294215639036942
0.299718507451062044
0.185653467122264298
0.270413501414875468
0.243927568655926436
0.155038613858875074
0.144794192734910510
0.251459645927099851
0.182930776414315543
0.308516155601407938
0.310043686677701713
0.261727218305568943
0.129249016801076450
0.259968595685506954
0.287868048796621978
0.290754664423137466
0.358181047889545356
0.271382874056864898
0.082000109155804760
0.127352507393452052
0.140294739602631668
0.107048196661816752
0.114564352789101820
0.099381938413174983
0.094303250325525861
0.111286726971003169
0.120541524219512849
0.084547279364373104
0.084390887006577694
0.079536085301352380
0.267875797187040854
0.263900808146925292
0.196577560932213652
0.179651764325645863
0.276132408365564630
0.388515764045931689
0.278826396203078308
0.341769264646169746
0.304975448216442790
0.176739839004276644
0.277155087246772736
0.396878434992387896
0.270960963292826262
0.390711623371854111
0.224917015701940864
0.236820456522718964
0.309450142871523115
0.371598770145322388
0.267867748546782747
0.370517956624502820
0.162645754487300787
0.221990756863539224
0.273771816627754794
0.257121904158412240
0.287305521672776065
0.295358713786798677
0.163361988125163449
0.279562721503439748
0.392202056492168549
0.408927799239061252
0.260233811304140916
0.261806377730711359
0.262801219131646613
0.222112396838430676
0.343574746130807074
0.377000837835240854
0.272725618016931459
0.324216537244442549
0.309652988764640424
0.213631132405864232
0.251537234688154088
0.353983439509777065
0.095174484909545581
0.114863139941661613
0.109723808068406120
0.079961660154294109
0.083370711335727307
0.078719954973684642
0.166082526394086133
0.234064758614006857
0.171836326765734210
0.180724966916470581
0.331205314417287677
0.373625643358670767
0.153312682009640183
0.244711783576717384
0.214715921306226298
0.269815378479191958
0.386967267074093457
0.353067088561932585
0.162624513110947999
0.273095454703125629
0.200868126796374891
0.378374950386826447
0.341619795831915429
0.271473376987805382
0.148958103990410901
0.275877817441345652
0.189936570795859544
0.313538830610783081
0.259266410386842117
0.154971846434851457
0.138400523321606406
0.250621860979257038
0.224506879900924217
0.333286518149897237
0.346790114560688978
0.315947304419292696
0.126995046828123875
0.258422086847968469
0.318626418028365221
0.281627056075892168
0.323446340514032260
0.243448016825503377
0.134188962132295003
0.364717530692593161
0.324867586661724606
0.265818819662031469
0.241240568885358164
0.229031504360103805
0.089332696281741744
0.109500998114721429
0.117191102932939800
0.083303452945402187
0.083199681131314665
0.078493633258452225
