0.006247227952666502
0.007656112025299847
0.014119715801531017
0.040546114144812954
0.069309151902490471
0.098378949125354789
0.024038750078618373
0.018248116503773899
0.015592226071559554
0.031093323400257063
0.051634080895155782
0.153756341069075542
0.010061714423093577
0.023392417997529585
0.000262362893562601
0.023659718604340792
0.089464133130379528
0.106933488653272971
0.005538659366464524
0.008657275299481498
0.010606483231725791
0.236672425578991819
0.216350195751690122
0.072810138461101848
0.002714813383952510
0.006808807807243861
0.003783294877853605
0.258481487967422208
0.328390671694457403
0.087888097705903639
0.002235230932702465
0.016223624670644213
0.014356733909184736
0.032142147470486548
0.051838192349618749
0.040279118908918367
0.000887183455252761
0.203748670160401268
0.373470569239998551
0.194392711882843627
0.169422290133150133
0.078215601119098421
0.000000000000000000
0.278598574066963312
0.180477668555599158
0.076343141615872523
0.134771137833873067
0.101237981616566580
0.011944674312644911
0.027159119024915062
0.029027811791520700
0.202257959703431744
0.161341856215249574
0.069919545576825420
0.095697092357339530
0.129362514314362909
0.010502791712033980
0.034468586950249069
0.052780585660500492
0.062087302507995372
0.008016481629871010
0.003277468645377369
0.000377139384501118
0.097608686084805538
0.206188597473855068
0.199795152865675285
0.003614262627013971
0.008786595955059240
0.001620143060123447
0.032524469816804423
0.072163000995126708
0.103489111228320191
0.002288279447747742
0.009478421362722955
0.003143337774820685
0.044102570108180306
0.184675531174202545
0.212341276266566015
0.000139674892932141
0.007886013837613259
0.036199419026863355
0.068402436473045836
0.171097316853037029
0.170304732807422282
0.000000000000000000
0.133531253167200659
0.400000000000000022
0.359298160530440558
0.400000000000000022
0.154050476345787446
0.000000000000000000
0.045050165853465343
0.155959294587639491
0.305492328711687855
0.339320000259057231
0.102299894227358176
0.031574831501339357
0.079904973780243332
0.038950369478615507
0.352281228973342464
0.272464166397484497
0.229447120939149485
0.188871496498648234
0.264280212541868009
0.035868054813220085
0.137282093093158614
0.176553446903656375
0.157156625038909342
0.104762883310927063
0.115570490118475019
0.000950211392220013
0.112999665492231255
0.276207788306179980
0.088370142713318500
0.020901110028777734
0.015875539357473347
0.000788206493123878
0.033512562680192551
0.067681466982900299
0.167319705301440413
0.004579677166638538
0.006891758004243295
0.020881810405108864
0.047112821362521512
0.097702492527813128
0.146823466062935115
0.005775972792360961
0.020936604632441524
0.180458021895964493
0.294614881497317294
0.079515762141788043
0.177449930950388302
0.003303678928042765
0.065227249368241258
0.143271533269411888
0.276350966325890068
0.228253285256334815
0.054754943649663310
0.000000000000000000
0.030232923568639145
0.109175963040943264
0.221253477527819764
0.121389359013327106
0.089297696437278432
0.071076604570359456
0.039730069273709943
0.023546107455300197
0.221027717411224123
0.154030643659472222
0.151489925005691389
0.193116733436118626
0.151203903376218973
0.046777832181554853
0.189221522979497236
0.112716809123312722
0.186101369692740493
0.041533275322496205
0.031492953693740430
0.001859626240006830
0.400000000000000022
0.400000000000000022
0.120623175353215345
0.028475035386804501
0.054074919523070884
0.002152817028980653
0.400000000000000022
0.314066507390486638
0.149332790348985500
0.050717983371250046
0.067914564070713529
0.063706172346503609
0.400000000000000022
0.235862427028604521
0.142713849199164605
0.063547411037122539
0.076126079846512623
0.182621233347721901
0.400000000000000022
0.064478497377631713
0.092695337939371958
0.015834233666894501
0.026458384259118013
0.030848290876149542
0.079950928582389572
0.123012205537292904
0.152930077898564915
0.001934309321189480
0.014205741940794650
0.023098698011368692
0.090842507764488475
0.117167668072627643
0.112376616352166184
0.119710069728756349
0.013451279623465014
0.046416519508082760
0.400000000000000022
0.267946060691683252
0.176988192376187875
0.085815416247251669
0.024678954760030319
0.034768374487147431
0.394100504005098662
0.222297118362569296
0.258701205946564650
0.028448424653119510
0.021536224295671189
0.009754687457343768
0.210916236906026178
0.267261106252207725
0.212503040758180967
0.082305105040151261
0.072346723103202726
0.009264491827470904
0.294755010363057457
0.144199356438396653
0.136829448795160763
0.171838805954460550
0.082336393596135385
0.021039414754132381
0.400000000000000022
0.302707909334890612
0.129176284439626032
0.172158206671420178
0.053587728361602152
0.078882160821887648
0.186339427738463403
0.120913545342826292
0.134212524904286923
0.131528164173054518
0.053290558949631875
0.015395808622833127
0.032647190159951184
0.060084459599670306
0.120889711224124743
0.178658423955543738
0.067584585821234611
0.150244978952555980
0.140922260007768613
0.077328469274582090
0.176042916587753590
0.026580113808191481
0.016737249902515867
0.074586223115603673
0.390734928115177627
0.220548119438589624
0.162688189969357966
0.024366097397620710
0.030232146354642612
0.037553507336782019
0.400000000000000022
0.241716913888686435
0.118769322083697990
0.026017956772308913
0.036649754276789022
0.018792582167164971
0.274636714754943556
0.283972085565661225
0.242536148873715690
0.063844770771287945
0.032550702478240774
0.012616140004273690
0.248974426544518235
0.067359520448587548
0.092465061122537717
0.219909729659216957
0.096685782819269733
0.016414105345425523
0.400000000000000022
0.104586324622671478
0.052526681931028059
0.131848862352165253
0.052762513575402396
0.107538780541048234
0.135315679406383060
0.078584802285736402
0.121361846787167299
0.130371054095872185
0.014568372999636063
0.025236409143479219
0.057170549177019636
0.076285339726369139
0.115935054559251766
0.232250777047415924
0.031597469680197054
0.168418693433307537
0.313796009211601612
0.162965420720689841
0.137214407070014643
0.062466800865745728
0.001196052741080782
0.040211693032554334
0.317586337401156660
0.245047690048290412
0.285507655594675391
0.005993359551026643
0.000197726939042331
0.014059530890476795
0.400000000000000022
0.336119433883549146
0.209001711481065389
0.012302483295602625
0.003988603131489316
0.004713177018668141
0.269345761954036644
0.169581940197168518
0.116877539119845386
0.059708759624952826
0.045113471307093853
0.019696725030009125
0.164323400435800293
0.103170977664270400
0.067004285548477205
0.131570946318068205
0.071909332943350071
0.011829403396487581
0.054728425351590740
0.074047992062273596
0.121635784112560513
0.105986660113213879
0.062715424998569386
0.075387265845231477
0.209189558829895789
0.051839247913242542
0.137071574501438448
0.048813953499609493
0.033815303802650042
0.069354003820778401
0.143041576582607577
0.055238998534224246
0.104476475641901601
0.072459626371930472
0.028371198375422752
0.137655797450679768
0.084977369303509631
0.109350761544214525
0.133658089914910100
0.023410405417410185
0.105216377850432530
0.048934030940372415
0.250221866433412321
0.083319664066793517
0.156873926091745275
0.011046806561458636
0.030292912673110593
0.009375816974455085
0.177229251696402412
0.113856992953674435
0.097925250861777030
0.036060806589811117
0.069463651166432258
0.006258798898870914
0.148923438657655338
0.110637837245967818
0.123881576460702927
0.052376883271745493
0.018997586923856846
0.028718254041610755
0.400000000000000022
0.400000000000000022
0.102197534929249878
0.006008790223081595
0.004237515899789698
0.012714884892183691
0.056935040260847850
0.225311335440721655
0.059705374914560350
0.007766037831042649
0.008513903084861770
0.111544672828880906
0.400000000000000022
0.112944053525577931
0.074488927347649656
0.026329570047857735
0.033374952163610493
0.324884329698124585
0.400000000000000022
0.343548795384209904
0.090257628758268135
0.012954505636411194
0.017124056384854758
0.380550690951603265
0.191606908807241294
0.066634629589168229
0.143627101990378980
0.006886285979637717
0.147136062619252050
0.040452231086630652
0.094991087105421812
0.098599665579128110
0.080904273609429742
0.002249000643592618
0.007395113852614031
0.021764032147034984
0.193146283246707184
0.217004921437319337
0.082369552184653638
0.028017038735005183
0.038858286697675659
0.014314471419725146
0.166612950792325659
0.158172356616766707
0.044091318229365267
0.068050337453860493
0.048881381139167672
0.023960732722804842
0.227086618215702224
0.390021819467928355
0.102867882524709547
0.003500112932684291
0.000770604433259890
0.005882087385603926
0.021029891698400055
0.120464621732534666
0.129594451448903553
0.001257122583036264
0.002980389120399092
0.033005362670647347
0.041073575250638830
0.039456223497014095
0.062007637997873968
0.035143196740247615
0.084901147738058569
0.114226145760551984
0.094348097709003126
0.127042130669677511
0.116692248734928061
0.008149110022169066
0.089276274417552343
0.079214917585054251
0.105432925780048828
0.102274470598595971
0.066045748016506423
0.000000000000000000
0.060138314236578047
0.048941540535847636
0.078457032959297429
0.100129373547516470
0.096323096496555488
0.000196053113368213
0.005096351005470336
0.011028419882256776
0.110922028155422875
0.190459860740763154
0.082693216157906507
0.002486478330778409
0.038266415875287549
0.012136043373954939
0.062057443684571251
0.106879986285656897
0.091589394404440597
0.006505385845653980
0.008627704020221205
0.019082618205991615
0.008359602903567281
0.041448483702574632
0.096691511430842647
0.000858035776131523
0.004636500477095430
0.004958143622832916
0.009173318630055672
0.016789380625383536
0.052272027017353402
0.000000000000000000
0.008021452111219407
0.036412167289416666
0.009198435051518987
0.077326172133515642
0.061573769552639143
0.001901107404113059
0.035979209872766822
0.150507203760787245
0.040384657673949810
0.247870933355046730
0.188677667397662480
0.004933123126824155
0.049129963037760072
0.093993394539990463
0.005951558627591489
0.032945736677051689
0.155343363793863820
0.041594442963906346
0.142117769616713685
0.029370136353436455
0.037232613584027380
0.141166152180034032
0.163000154311250950
0.087457519225852987
0.149884807229666073
0.038853841249836318
0.099840800953732170
0.259291576633154386
0.115880235758794845
0.055163313175793420
0.118742115968742817
0.039985372398497532
0.051508519325579295
0.089899127263219941
0.099665789959334838
0.043553905287689390
0.086553478571222489
0.124688687020927946
0.006564582849718557
0.015819874172925286
0.203187283808917873
0.007844172935113396
0.013124814083602885
0.008252972657795715
0.059800272848712074
0.106582753409174086
0.185190074113443931
0.003020783755309154
0.025895576035031974
0.016313546896365570
0.055472621082694615
0.194249518562537221
0.158544561268390366
0.000000000000000000
0.044150668767403894
0.060306215555663914
0.109785089890205065
0.396999422314904038
0.110260523246151723
0.000000000000000000
0.044753631694184517
0.041495980512573014
0.025429482404170520
0.065337825989081180
0.070435007095699734
0.351863119967669835
0.381921577794289202
0.028231891303965043
0.034531110583853018
0.098329401381391707
0.130027235746348530
0.400000000000000022
0.253883515943430726
0.032050697880603267
0.068905011912018241
0.194345268713025432
0.163125703645901343
0.106929529707864540
0.139404730091605089
0.030868312067054187
0.046593514495758645
0.090149469832121729
0.210121433838373090
0.037387322716959680
0.111090486707551075
0.338279591553628745
0.020058778729857313
0.063509442673366556
0.107925924164254172
0.004212686972224790
0.031497118408524927
0.040089806761076083
0.030072434802254203
0.053566743534887426
0.112898543094231779
0.002376824221554317
0.048016403336083757
0.027664162716658190
0.035603301926573683
0.060230543719265950
0.136599566150192864
0.001788715536550219
0.061932511277981536
0.092280959962616885
0.085194665753960813
0.108506263819771770
0.156083383028028183
0.008555501849274710
0.032207353046748190
0.030252473544505946
0.064363514204244757
0.154306793992323221
0.139089740129196948
0.393318754820016325
0.309732781571535276
0.025696139671775895
0.064544231309687033
0.184118329593611518
0.190998032864883815
0.400000000000000022
0.323124409704739712
0.145832285256527028
0.059624269139841098
0.081037155978338493
0.163814574032312227
0.400000000000000022
0.282052097484504827
0.138025849945183243
0.023436453729048602
0.038611601502239863
0.230835829560830263
0.059868407865504174
0.213627334175501282
0.174305184735457031
0.019617512096744949
0.019444605569321545
0.170430235389980894
0.028967612355569623
0.240992872683430781
0.112163515634123079
0.045968155528064207
0.089663445489271465
0.230595407016051634
0.030643683625703928
0.262906400575364740
0.040711679190558667
0.014309162298899128
0.049580887972938033
0.256696253311315570
0.033416539884422759
0.092923536095888118
0.040967843598779093
0.032966420657521887
0.046419708157663615
0.101978546180161084
0.052418425798939239
0.169246700952942447
0.146394617520409165
0.091716897127666341
0.115193496721224933
0.253557739086266998
0.400000000000000022
0.257871669140642301
0.028010962581810073
0.028383415815195143
0.118679793178215670
0.397564879113856073
0.400000000000000022
0.268669462974558404
0.137797214038889060
0.014672989530117949
0.059222032265279299
0.203880188651945599
0.400000000000000022
0.284419812320727605
0.267444066012898218
0.028222700205965116
0.062606276048478307
0.137205163154333093
0.400000000000000022
0.300653943195778206
0.354320212198611206
0.034277332184975404
0.039029077394053799
0.205272455280679722
0.194323891838984353
0.390625865131660310
0.325268523775071872
0.047199740671559194
0.086476136405985365
0.193318181510408693
0.393953202877003639
0.350057584975779934
0.119222778147580227
0.090843350828082550
0.116539639238940756
0.389333526791833195
0.246274920352958976
0.222923592029958706
0.034677537145376740
0.051645157747683593
0.030570379615090737
0.124136028396481982
0.400000000000000022
0.378779375788033557
0.146479662770632346
0.157224162565998304
0.112490168539661831
0.107563785138646617
0.254131726702318539
0.192515734996590859
0.053703454932016476
0.067361290259484577
0.138933921458156862
0.157204107301086748
0.235320885262372687
0.293892961359081939
0.272409226201005994
0.052562020166800026
0.093060963523777712
0.155435583040748559
0.221390327581485358
0.278363133650952943
0.391214387148425269
0.048687485297776847
0.068828160268107980
0.149320673083519900
0.400000000000000022
0.278513282055082745
0.215839621644075719
0.037246186909204206
0.056008857211542550
0.194980925354270446
0.400000000000000022
0.287245600861532502
0.137040261525006257
0.019202171542909326
0.079095650374951879
0.138804990802103206
0.400000000000000022
0.365447487874134946
0.068505688738785764
0.037361141448157525
0.078723486810140200
0.132875663205468342
0.400000000000000022
0.400000000000000022
0.013232843015521552
0.020865535639122954
0.025181191110639687
0.224075937770077616
0.262945451132851615
0.138990257857322053
0.073460685183664970
0.068865612205069870
0.107746364060148953
0.262384871860737834
0.202775482409007057
0.366482799444755813
0.092594911519722017
0.015852449137984038
0.046985863437405267
0.188300793965097552
0.139051609791569636
0.220624602551164284
0.268085207318483565
0.040439584503491402
0.084619178506329912
0.178181575274165421
0.092540214245061606
0.091136209474537502
0.310220753037283470
0.083950959881788606
0.092235847448197308
0.129775122326349523
0.021925185248116319
0.110574951114705541
0.116071041519739737
0.049770655354483294
0.094776223810618926
0.203031117481018569
0.254921025166525261
0.048393419421782186
0.112519974816166518
0.036189775952725788
0.036823528957564765
0.112213135891572377
0.400000000000000022
0.107684415024951088
0.089342222409835068
0.050269866702201210
0.041001968948941467
0.081917883635068162
0.400000000000000022
0.393165584102917520
0.066067987412001525
0.086831913880292877
0.028114344994255296
0.132392262185205084
0.115661349017327275
0.113848290689887804
0.054666478809172053
0.092316376965174196
0.099794361785741692
0.216209107127377897
0.040982097020967931
0.370471061489861309
0.138475112711803600
0.011332742901959144
0.077540254851912405
0.129168674008876438
0.002966645093765435
0.267822398772682602
0.165349430773323924
0.023080598494957662
0.050094619095976643
0.094513496645361961
0.005788996916491772
0.148254066013589286
0.280371474494605533
0.041308586290298370
0.159770843352085218
0.057330618603266846
0.019754797376073305
0.050632766349437433
0.046486342652893704
0.116080960958640095
0.181976684162167834
0.120983274066346375
0.007336186998691022
0.022676271392332071
0.048702018508000419
0.088200313065099942
0.160962588821185804
0.151571510580730817
0.001516012525470310
0.012539593635494154
0.084412179752130986
0.055993572413434833
0.096689837943581269
0.170960580556958036
0.102465305799916861
0.223257526962279823
0.196017929502343147
0.200925010086129757
0.074783097945063839
0.250537037358039893
0.118336382982017249
0.271966731692965535
0.400000000000000022
0.274371186961869795
0.077891772963613840
0.084196683913555587
0.028965683002729649
0.282003112189395111
0.072798590114339701
0.027489002488669693
0.081291132905933136
0.081918137803640281
0.017608732064329231
0.127431097714411995
0.020599271412261214
0.070047096582749629
0.127085980897874484
0.023985241618852779
0.005663163189202559
0.025616358626879672
0.025164148299761002
0.009237315307201947
0.038916565153583361
0.020778441994766028
0.003530862098463992
0.040105699288853588
0.018691208000462728
0.152532783207144085
0.161214895341576236
0.100539805323353146
0.000184188126965460
0.001502754370187146
0.011774816551945837
0.155371919676903059
0.248487833476791403
0.121515347372608690
0.003286829153120961
0.011708852857688971
0.061546430143136405
0.070407684580428412
0.110369779304804017
0.134258059095685722
0.014871282903212721
0.258855605787891463
0.330606948113216559
0.192057305659333655
0.098367929488322001
0.158029773611171320
0.019806508988050212
0.400000000000000022
0.391428377736167454
0.153241769747575723
0.085423791078584763
0.134273317613429172
0.006247227952666502
0.067794426261877899
0.063061256337378649
0.119003147104110391
0.169438525450006927
0.194702045621910291
0.024234803191986586
0.023344467509244234
0.026620645953816330
0.142015351555679931
0.242093941635918963
0.236449557226982077
0.012548192753871985
0.061658833872817134
0.012398406267517542
0.085717162288912047
0.196344119416036411
0.198522883057713595
0.012044045212118505
0.017284979319702701
0.029689101437717406
0.245032028482559117
0.257798679454264712
0.169501649891944495
0.003572849160084033
0.011445308284339293
0.008741438500686521
0.267654806597477868
0.339374509796941726
0.140160124723257007
0.002235230932702465
0.024245076781863620
0.050768901198601397
0.041340582522005530
0.129164364483134397
0.101852888461557503
0.002788290859365819
0.239727880033168084
0.400000000000000022
0.234777369556793430
0.366580700751765409
0.266893268516760873
0.004933123126824155
0.327728537104723328
0.274471063095589607
0.082294700243464025
0.167716874510924763
0.256581345410430428
0.053539117276551251
0.169276888641628737
0.058397948144957156
0.239490573287459096
0.302508008395283579
0.232919699888076370
0.183154611583192517
0.272961404947442199
0.049356632961870303
0.134309387903981226
0.312072162293654864
0.177967538266790209
0.063179794805664435
0.122019584614120186
0.040362511782998656
0.149117205410384812
0.296087724737074953
0.299460942825010124
0.047168167914703366
0.095340074526281723
0.126308830081051371
0.039089052666522982
0.087982875168051991
0.306676395037238092
0.010132452382861137
0.022603235446325837
0.011396310432616399
0.103902842956892380
0.290545078180811434
0.375279684125121360
0.003160458648241295
0.033781589872645235
0.052512965923228933
0.123875057555740450
0.336133954457236261
0.328849294075812648
0.000000000000000000
0.177681921934604525
0.400000000000000022
0.400000000000000022
0.400000000000000022
0.264310999591939155
0.000000000000000000
0.089803797547649861
0.197455275100212518
0.321237349401900019
0.362962794429854907
0.172734901323057910
0.373398901423856566
0.400000000000000022
0.067182260782580550
0.376966140373162339
0.347296887651624475
0.359474356685497987
0.400000000000000022
0.370431791868834681
0.067918752693823359
0.206187105005176841
0.357559226021607224
0.320282328684810658
0.211692413018791603
0.253265331147386474
0.031818523459274196
0.159593179987989886
0.354643507198730057
0.298491576551691562
0.058288432745737417
0.126966026065024412
0.338774525254686876
0.053571341410049857
0.131190909656266841
0.275245629465694641
0.008792364138863328
0.038388876412768218
0.060971617166184933
0.077185256164775715
0.151269236062700568
0.259722009157166867
0.008152797013915278
0.068953007968525271
0.208122184612622690
0.330218183423891032
0.139746305861053993
0.314049497100581221
0.005092394464592985
0.127159760646222780
0.235552493232028787
0.361545632079850854
0.334384711262813772
0.210838326677691479
0.008555501849274710
0.062440276615387341
0.139428436585449206
0.276843766334779529
0.275696153005650313
0.228387436566475366
0.400000000000000022
0.335711260852328497
0.049242247127076103
0.285571948720911128
0.332012330378631537
0.342487957870575233
0.400000000000000022
0.372766497517475481
0.192610117438081901
0.248845792119338299
0.193753965101651188
0.349915943725052692
0.400000000000000022
0.297476185406138571
0.139885476185190066
0.400000000000000022
0.400000000000000022
0.346390352401998336
0.088343443252308668
0.261142404378017667
0.176458001764437711
0.400000000000000022
0.333511112959808176
0.319763025738966422
0.079685595726819658
0.283181513957210473
0.175869687980626688
0.400000000000000022
0.312963394045670029
0.365933636599087064
0.094191094662826491
0.309221226855798725
0.223332912538280581
0.400000000000000022
0.114059385350569753
0.349391591250687583
0.049250773551317267
0.119381920355006110
0.071816134474928628
0.112917349239911480
0.169431913694956526
0.254908624078725998
0.054352735120128719
0.183452442893737078
0.169493315531777822
0.182559404892154831
0.232361164793852604
0.354035355887477365
0.400000000000000022
0.271322948764107286
0.074427482089892832
0.400000000000000022
0.353586226702426121
0.400000000000000022
0.400000000000000022
0.283955219931250280
0.172565588526036456
0.399513587202045661
0.281519150627848602
0.400000000000000022
0.400000000000000022
0.295721817811978815
0.277198753470241976
0.239138937111991245
0.329280532249755675
0.345661105542431735
0.400000000000000022
0.320264940409891397
0.357900070333715625
0.325648897421436323
0.183228433832450466
0.334958969980625410
0.366162697793444902
0.400000000000000022
0.339337903022169596
0.400000000000000022
0.357560295643304771
0.322494465950034614
0.400000000000000022
0.368286747055950880
0.198104938969467848
0.277182778566545940
0.237453184581767035
0.400000000000000022
0.367536942214676032
0.276214150979590567
0.050073345768209862
0.084292347907634776
0.090654839214761057
0.245025739620606725
0.400000000000000022
0.400000000000000022
0.296724641723188354
0.284601539171195295
0.189818637814243935
0.283606701726400179
0.280711840510510013
0.209252984899106709
0.128289678047620148
0.400000000000000022
0.342803409746098853
0.319892297270444714
0.259686982659993348
0.312618277967897484
0.309962733537788027
0.400000000000000022
0.334451898375017653
0.274204905124446563
0.247408284353794305
0.297190416312574812
0.397368152870823388
0.323324200052720334
0.345220450650306820
0.363216925602677432
0.400000000000000022
0.289211933838537993
0.228455761648349409
0.286220613453722406
0.123368377660130091
0.287445986476808191
0.400000000000000022
0.313280810235419538
0.153454366870431791
0.400000000000000022
0.183681974997623343
0.191331672733131258
0.400000000000000022
0.382266309510406965
0.176044469279833998
0.172676820854540558
0.157308289095876602
0.254237509992635669
0.400000000000000022
0.400000000000000022
0.038469252159000766
0.078036084816142576
0.101466530837008823
0.339243984069241888
0.400000000000000022
0.170587727537519107
0.241879378616972507
0.354046475190214260
0.270711784780838793
0.368206172029763801
0.265242283274752799
0.366970907568121452
0.132806604552276358
0.333438786539140608
0.292033553485695652
0.400000000000000022
0.145044969342596253
0.220822329490206637
0.282144738208960355
0.400000000000000022
0.379173012450521263
0.378305197804944315
0.104842697540664220
0.095124812606026815
0.313368334716682517
0.351040837440321385
0.261817787645365840
0.246652661446194910
0.081633944873069159
0.155688422421799394
0.135767766549748869
0.214094055790283622
0.197947201474889312
0.270035403029495802
0.384214102144704750
0.120302752365132257
0.124349378212654071
0.090918201304316534
0.110871521019838382
0.233848920004132904
0.400000000000000022
0.170399840023520460
0.164729488255066558
0.259459425532096999
0.092841216862184009
0.218989458136506610
0.400000000000000022
0.400000000000000022
0.135421991232779926
0.229873490462900398
0.083353343528479562
0.236868737827106657
0.188120975389257761
0.142219489065310595
0.192322276259851821
0.177293746268683799
0.209145123329956217
0.346699123893626004
0.064392502438378130
0.399958445733476053
0.187409143652176036
0.261554609335371446
0.160859918918705935
0.286042600100621658
0.014013451655224071
0.286585353084726990
0.174725247747779033
0.200309850191360078
0.163951612049651085
0.192438747507138991
0.041849803506302879
0.217717717180021503
0.286630273393476465
0.190232024947953743
0.270408680598053064
0.181212195063969767
0.072131680647818802
0.069630353273294282
0.075204596694504466
0.400000000000000022
0.400000000000000022
0.223180808995596225
0.013344977221772617
0.026913787292121773
0.061416903400184117
0.145135353325947791
0.352705584677109052
0.211276885495291195
0.009282050356512958
0.021053496720355922
0.195956852581011864
0.400000000000000022
0.209633891469159200
0.245449507904607650
0.128794875847774604
0.256632479125890267
0.400000000000000022
0.400000000000000022
0.373401714528076578
0.339795405179844690
0.131290888618428442
0.289090788077820238
0.400000000000000022
0.376016220878014507
0.144526402552782041
0.227823785903934539
0.035851968982367366
0.375131338346543997
0.113250821200970381
0.122480089594091499
0.179890798485061232
0.162822411413070023
0.019857732707921849
0.134826211567026011
0.042363303559296198
0.263193379829456842
0.340974003090012523
0.106354793803506417
0.033680201924207745
0.064474645324555324
0.039478619719486144
0.175850266099527586
0.197088921770350062
0.064869760224131295
0.071581199552324476
0.088987080428021254
0.042651940723267570
0.360341274378964571
0.400000000000000022
0.203407687848062679
0.003684301059649751
0.002273358803447036
0.017656903937549762
0.176401811375303141
0.341373647185436335
0.251109798821512242
0.004543951736157226
0.014689241978088064
0.094551792813783730
0.111481259831067256
0.149826002801818126
0.196265697093559677
0.050014479643460341
0.342459644460293033
0.397927768986887975
0.286405403368336753
0.225410060157999526
0.274722022346099326
0.027955619010219278
0.400000000000000022
0.400000000000000022
0.258674695527624565
0.187698261677180706
0.200319065629935622
0.220108784489940701
0.412556465267157280
0.114218780829569280
0.314194023425803493
0.348582249915930897
0.351627941950883205
0.272917227239872995
0.441772146349082406
0.148635652992447381
0.283248877109514074
0.346118332997581102
0.330664795594642069
0.196081286591945542
0.311720158810864290
0.161083878348259213
0.210486052354488390
0.315846708779517760
0.327396034986258133
0.154927567915041892
0.237906660280697541
0.130717719412515115
0.255837186432129271
0.316953680730579279
0.344394807181923779
0.171875220663051914
0.204823914441769894
0.085628519933076658
0.250700868246312658
0.407426391224139373
0.303262266073672238
0.209786615780884894
0.193328244764258972
0.116664776205742352
0.237497632193259672
0.199465204894845705
0.302700179308222350
0.195767628069712818
0.274929449471913556
0.265018381173213968
0.306874958778718065
0.356256820180832656
0.340096509740268005
0.180676963570226029
0.273855730838241995
0.360218392750633110
0.423363545480965997
0.338208160250445589
0.332883074576862170
0.236124254758745072
0.267171353418255486
0.122696969788678459
0.341942269018157663
0.244803806872789853
0.327274907664987069
0.270095611414501668
0.208939038264803756
0.190902276280824373
0.314326236401410830
0.269269776463419375
0.260728866455736674
0.185790838841929956
0.132609670701964444
0.227579009221678730
0.279046075169909757
0.276859376306886340
0.209245324966423646
0.152197149564835266
0.087300937569007572
0.202455260445763008
0.301085992392089385
0.256585177243181861
0.228598759035315596
0.170807910937181950
0.105692246881655932
0.125216268797711527
0.258509178273905627
0.250089312748705106
0.286328198205401896
0.212877399622154351
0.151282891362880617
0.152203913559601473
0.239351111870558547
0.128444227767746638
0.243613500611439021
0.200823189678042385
0.287574643789648310
0.291516866514930306
0.277214111114105766
0.276591110573607135
0.251186808991543498
0.168127826041924250
0.267057190819099455
0.344554371325082931
0.294760484448293336
0.280407797743659704
0.345408133734872391
0.240668456052010149
0.337636530136454394
0.087995492785623686
0.304980393582619747
0.378747438003199322
0.357408757094601293
0.267563756536866260
0.358619850399574502
0.135902872730529867
0.279824748510983934
0.375982317564267643
0.306990188025300814
0.183650428866710652
0.264431869608049042
0.154447388532194002
0.230777568459847038
0.379101342689029952
0.327841259877835467
0.175164938728490205
0.268130116324532430
0.157503994305146472
0.269796013305174998
0.305880333037787833
0.339890463327894077
0.183336105784058317
0.228255574337457162
0.095486595023629384
0.243420873345103650
0.312161093327422257
0.320183385057596581
0.195805649493081879
0.236600516917508968
0.151962236009277774
0.270641685718900848
0.265983097137577895
0.331730114016528632
0.175325933068135043
0.315000407939647342
0.276005258605427739
0.285728240868298178
0.351173513824217465
0.311036874543856035
0.173424468367144369
0.241507856510162960
0.284982545539341825
0.235165073546478226
0.215500406598036959
0.283605236983461906
0.280559755229719487
0.303235465283382244
0.087124148724253669
0.280942707867303076
0.234547381995505205
0.352764135588394590
0.280146932226789602
0.200432782706847307
0.145990620355979178
0.299514331789761556
0.264390590237563339
0.283594372793750382
0.181732753325533319
0.116416830663567589
0.188838850662349289
0.269491783816051156
0.305396058747966881
0.258502511317094230
0.166988792202120151
0.116432220268103501
0.224525685194734426
0.343464043252786566
0.274681611286740679
0.217230762904684127
0.177204411484619850
0.115403431046422630
0.146290182772789712
0.271989195359537861
0.233429041368413692
0.212527956175684457
0.194936934846543203
0.123064683843610620
0.222217366434810909
0.283243038006642633
0.158169355149053892
0.315838693142479088
0.178989935702555863
0.245419384504947602
0.337169089782212716
0.288815978383013983
0.260333501058833738
0.245243416691425631
0.179715273681529064
0.255113319033727082
0.312707981504759758
0.208310023093135260
0.147495048023433550
0.209463762346666499
