0.111366543972426513
0.103546187395395867
0.120381685060253457
0.042050696070491889
0.090782596111107922
0.103699676869795462
0.058533200855463166
0.092908116266589805
0.092661194276648817
0.071003043004284894
0.110130859036289205
0.116309841948192522
0.097671185407329303
0.093390301574548265
0.083124743768563603
0.070809961612151612
0.095732595730209993
0.207464501601286627
0.069143135721349169
0.049839032355679783
0.112734725327552576
0.163858472891759060
0.124093573324916995
0.135875608173375378
0.122184130064569282
0.165986337893123392
0.199681010904526557
0.078529566116869121
0.169777195939260106
0.267712549873560191
0.175979371464728945
0.078490345799736155
0.140550805060112749
0.082841913952970261
0.243251548312820365
0.164676475857814170
0.138223456257387523
0.209540727164665153
0.203164083449526744
0.232329391547399511
0.282896193650596151
0.273349373153768171
0.220395149217214092
0.233297601528680343
0.155709704218816414
0.106897027002648193
0.106955877625835027
0.163233178314837774
0.161768557490093529
0.029080850786272885
0.054644290685097838
0.029363712413472898
0.142563089751312350
0.160701302617284214
0.058162746817450567
0.059994347985651203
0.096248167876297114
0.070347633541134658
0.147924317958365775
0.032230640095490218
0.357123570490016140
0.288330306968985650
0.201332271886433878
0.041659004983708371
0.057512903219246889
0.108764799831683884
0.270114557651825904
0.314300361144707718
0.133846898105946799
0.029351727432093796
0.096677877364072615
0.063537565194894008
0.288440538604393060
0.253808458707146856
0.119479533978811003
0.123070614583587618
0.285264333151938554
0.271255378250682466
0.067782525703359603
0.025453542792242972
0.039703703638582249
0.085552176847631500
0.210307303793942635
0.074713939090352718
0.149500731459290381
0.052184794613182282
0.120320548996953047
0.199687651848326958
0.119603751832079164
0.193468612342017204
0.150785423162115684
0.092255206182473293
0.165234034805103569
0.187511365687964809
0.060002097791980513
0.127859827901636358
0.197896786630586907
0.119701054905382159
0.116330456189616085
0.095679293392002693
0.245148251294927094
0.078548113108908788
0.083439147977829559
0.254181132991580516
0.206552594214684693
0.159268276217852778
0.126429826513569821
0.050517245397913954
0.191513057393539243
0.335794991331856418
0.295741985296629317
0.104665744023348689
0.238381815398336527
0.254003537788690448
0.163603991547998734
0.353042192703623692
0.187250059036378813
0.134677888629860160
0.137509252239570390
0.085942023853801008
0.238458179126036868
0.212463481107337065
0.124246465071759737
0.365397165644018140
0.261734300468125625
0.145235409027707041
0.191992455921327992
0.176427105267714102
0.131608771086851206
0.187352544694757595
0.117895862344396696
0.110167024471094846
0.105898673954514300
0.130339691313511308
0.172855268781706845
0.247255763879389967
0.191121784046709098
0.164039149582446947
0.044015684256950308
0.060174763800733361
0.123199619369986135
0.298485453405233969
0.190826908603394574
0.136674714857237312
0.275927359781233228
0.121997950888956014
0.168719394650311133
0.268606481236434158
0.273381895345819803
0.100407192591257827
0.137727215353713711
0.186776977134585853
0.218212080226909133
0.327080922957681652
0.206652050671371351
0.158998686964770070
0.248444330848959172
0.234817921236200072
0.211375261434706752
0.317980431296712829
0.249645415710972873
0.186077053874485532
0.123139030535696872
0.185982826797814332
0.124676814631407035
0.391707731584452268
0.275374562052346006
0.248281663720985396
0.281356179742231982
0.174106787133491425
0.130737986904476106
0.361135700020491779
0.216017001146741938
0.219852477690371723
0.269240917670724889
0.290340845415581861
0.185167878066158170
0.370770108573415969
0.163728253140613428
0.146226925124902624
0.198503975452219622
0.252237154631934801
0.081172587229258339
0.144835340125490375
0.104200577225315921
0.151632314307438704
0.167684467942302157
0.117593326278678592
0.058322396801277848
0.180822663702015829
0.234847248560796362
0.099545461658212930
0.291993341567074571
0.219572669384530628
0.355324618877055576
0.327520663011508062
0.400000000000000022
0.400000000000000022
0.138049011796511994
0.162172448903146277
0.236182989727947212
0.336277229702199754
0.339485058385643690
0.393591178664844832
0.275038523375454702
0.227020662415332530
0.172385398634556514
0.256811112514475082
0.372923739920955177
0.400000000000000022
0.216578429592976213
0.204880575046392510
0.101199408367271759
0.384465689090809914
0.252673796137753426
0.291041675836203551
0.109888844947320055
0.201847228177309407
0.223155088932352891
0.367600510837894245
0.166353749877816121
0.400000000000000022
0.078419171358347362
0.239149397912922224
0.192763663299393734
0.340493309221932106
0.205797704172134388
0.400000000000000022
0.147744427795963640
0.365430730844937213
0.296263653276390371
0.105473941153304995
0.176362484940075448
0.125856309553932538
0.245502888783290907
0.102125229733461498
0.107954865943698977
0.101782832125387829
0.151896817630515907
0.220841448422719161
0.196818475593520947
0.203874679681797955
0.255464859664787824
0.398524359926888616
0.380792210787669672
0.250187878330096591
0.150153670416748292
0.222419897584225257
0.116544250764120894
0.374034106326659566
0.301332886282920653
0.285986596221478040
0.033237294448899085
0.069134305174086141
0.132371539089755574
0.385551522729065121
0.150501582673338963
0.319463046976856901
0.085629822172526723
0.066187973963380442
0.156501934428083717
0.359269004265867442
0.251012552828853930
0.400000000000000022
0.032763417184881842
0.123720976125525475
0.208632969436644611
0.187478918324000376
0.172870294570750233
0.392319365262769226
0.146301515415450945
0.305779299709051711
0.205623791481876539
0.250772925136992231
0.177695707833940536
0.384715071446546486
0.165345876694263927
0.386920310173729742
0.159182389438650235
0.185993002246457206
0.125769050615572586
0.152255399644863315
0.154626146562968414
0.065605056334898437
0.110375915316358209
0.138232658584874324
0.132941527510383517
0.178118341254032919
0.289704555362901461
0.135714520834984587
0.244938870136422071
0.357919413078431448
0.354958130107174252
0.103426028399446507
0.330086157715295925
0.308107808193797128
0.081978369512543600
0.300690261584658225
0.400000000000000022
0.268967182087083756
0.050524059924241374
0.144703051267636607
0.198968257568917672
0.202976753271863375
0.328118932604778812
0.103558509487559014
0.144575545896828112
0.143074946064745800
0.124863705725771046
0.103370328278763843
0.133086017992743971
0.338542317712305307
0.074794271374781937
0.090598443267633458
0.027027875148149912
0.067729044450958259
0.067555065647632265
0.125724883990851022
0.109961529791130039
0.103896191882363251
0.006764256208171437
0.110027371119843509
0.171509969701337472
0.180842717753810472
0.081629985897166246
0.102852777132493231
0.026502299165000201
0.117939203085880490
0.204381550777276627
0.244660522689106735
0.132732553710170176
0.112465832033985413
0.243193512871589551
0.105334549433282146
0.193543169469938936
0.241540358123784327
0.116522958179341676
0.119087576624354097
0.253813221767036079
0.176614080881127677
0.125898971842105467
0.105712695423544611
0.229864068465020693
0.159699506081920628
0.157371891869447333
0.217675025274819467
0.337537393318172008
0.162125351902845410
0.075288312725533754
0.067828021482074216
0.099235549330343301
0.297951542955878890
0.400000000000000022
0.212470160571159972
0.130180774505403385
0.123124457700471590
0.064869971097336526
0.146854533677658550
0.301248009614338896
0.153922439160529279
0.086016505780884253
0.132053944141673818
0.048973496956454622
0.142318860351615201
0.128557350089636202
0.140705031569251682
0.134623521498526022
0.325793646800458025
0.033846426684044646
0.259125297404411259
0.190549143535848398
0.027328341101036324
0.067343147862120506
0.066500011580589255
0.087717082745638955
0.173332227638198610
0.231895300897332457
0.123901900229271666
0.081218006227161799
0.183730568543943595
0.209277370742511570
0.092488901544101984
0.140357409387134174
0.209578761182538265
0.103180560986894015
0.090338816172420067
0.081134167292735232
0.066151465024126249
0.010673162103641042
0.017126182031554527
0.110454249946006555
0.193202652039463296
0.106376648904958848
0.062827763630134092
0.140693165220152960
0.160252420183427391
0.016311115686058482
0.072942222175139543
0.063788674479804269
0.072575702565658193
0.238489874886767650
0.364179599240830321
0.112626808050961105
0.200496811281642234
0.108769858396361885
0.056025297214811726
0.181187613441134127
0.347212651580121601
0.057795885395672722
0.100606927055121850
0.070701279257287059
0.077753089726242064
0.118183713816045616
0.116123385479749278
0.079364467684104767
0.093387559170141091
0.065471396072831228
0.201462213521021144
0.283384499532969181
0.180259647640243742
0.106724847581418120
0.114235034764765875
0.140301707625431593
0.158246200747832300
0.269358741210628638
0.126832657436436597
0.149843226720926870
0.100551318781323229
0.205001390943784279
0.172239532191699657
0.160131945420750460
0.060293280258296167
0.173429851694301307
0.070438276453122048
0.025926925447813047
0.037448846044001394
0.001386567251643920
0.004836372175208971
0.195714332281007292
0.093191177115288418
0.032843901141978576
0.000710530804091048
0.041287353536659514
0.056008983052626055
0.015443699395993752
0.081965709943288723
0.056868945760424360
0.006920127008849137
0.068421952517836337
0.214320610099449915
0.185546578702620563
0.123484508369241644
0.113639091966741906
0.083394656117882826
0.130990084000654400
0.255148551607163099
0.136541296600250384
0.185990640005287117
0.199889573958758754
0.066173217478399465
0.257239005568188961
0.114778433391174994
0.074105260877267667
0.069308089048517901
0.190235033296196288
0.151362988789889574
0.299858294331632302
0.177975067461238701
0.196631571622673890
0.117519411353010556
0.137002010531182633
0.143637200120945580
0.255742611350397719
0.400000000000000022
0.137669911978939463
0.066672705487146280
0.138710812280935375
0.164640847842394689
0.170389288301872388
0.238718733849792475
0.162794140328167497
0.126788577513676837
0.066351622937166094
0.073231726854282558
0.007890798637148689
0.006407908849843658
0.221975211665763866
0.129796511182550922
0.171656656562533566
0.058637216258188019
0.010805459003400750
0.052657870022037229
0.116241372727855535
0.158060700985550584
0.079113956387870166
0.019373027410499025
0.015506112896726347
0.098580619599183461
0.164790588564633744
0.198197763561286405
0.086747746691080707
0.089240034499076720
0.160194098060269102
0.213075440879134187
0.077817445557784928
0.052517593186282352
0.086874446334070488
0.051018093495500197
0.174367630627812048
0.080570027589696239
0.245046671772203351
0.145028280131231202
0.138603576049334209
0.107389727446213251
0.124450255947904320
0.156230282508616536
0.322528498441562950
0.194839372409127964
0.150671534149520309
0.218475107960843573
0.132841632055033132
0.321231330131819259
0.128393779828875093
0.063165863945977715
0.153662146867601268
0.259573897246896723
0.195800605430638264
0.204878030663590671
0.140040208563979196
0.238857727761813909
0.114355078884043712
0.116862057264780272
0.033596374328895097
0.092817423729736406
0.152385970198145093
0.133239879104876391
0.175571028208240332
0.051274696324421824
0.046455616518738620
0.070215716735524292
0.169066262910499143
0.234526389191556467
0.315298638263101783
0.085330978897558335
0.045500358830658200
0.127822981531575286
0.193749483091148533
0.261865542779266769
0.143555882524865175
0.086422886486103079
0.114163908508345929
0.120989759589083978
0.060278318922609923
0.080373951067630678
0.122923794985861479
0.066734566629548436
0.092871497416896459
0.077102501296970410
0.146941634573679730
0.106601512622918976
0.082067996410109520
0.051032777082998422
0.064842036020720389
0.076152247149041077
0.154945175604546681
0.211796807234736123
0.102142206047462963
0.097893103408111720
0.085307133481304989
0.056597317065566942
0.080675321477321968
0.190527295702549088
0.108872699955769425
0.108357637068128676
0.097587278814911665
0.146652768257478472
0.139638100445278690
0.400000000000000022
0.310858380606866713
0.143079177285370757
0.033673766208245991
0.058233212174183396
0.074379558378713281
0.221180036920022305
0.181556112940091663
0.072821817591618473
0.048534044916541869
0.064908809722779681
0.118958373976876905
0.277767251110432656
0.355274616499893670
0.080841686507724497
0.043275968401436375
0.060317934617969297
0.317581637605795941
0.165524422055191134
0.178147073354007868
0.035974643004597913
0.000000000000000000
0.052181868304736430
0.169924239434184249
0.035345193218058055
0.178195272098921331
0.080764032804392080
0.070488682786533474
0.053238410554107496
0.188944730072931832
0.132815390461590188
0.124519620113790475
0.104685815814729910
0.071676998308709078
0.083941420635888525
0.064136310139445679
0.148838042887579847
0.117657521665067710
0.120505675322888528
0.033424628413027145
0.039712883642775504
0.019945601350064502
0.070292557000428996
0.096583964515407697
0.068681196932624269
0.083023453407966574
0.164004428236838418
0.115568112758714370
0.250921922453265556
0.163423888064472334
0.152270804011243127
0.070144133872447098
0.154232230437804152
0.141083566695919593
0.104962401939898975
0.168293851102362502
0.080201570804253303
0.054347101107019152
0.147397401521492805
0.148806595548777509
0.080859482384136011
0.298503194335780986
0.108934924579257075
0.029572109936142361
0.027831233068087796
0.085420632884740361
0.079317290444532146
0.125618171718428873
0.084338854447651726
0.015385812330680988
0.040820789890662797
0.205951877168933789
0.081987927655034168
0.223961617432688248
0.264066454494753411
0.066135879377848900
0.064129370403068056
0.215949217526668874
0.174094125119290705
0.170495482033049567
0.154155418758644219
0.044418814866768672
0.089515041124334102
0.097649429919124925
0.147382575030638424
0.219057964531967519
0.052757591330563777
0.032548182627279654
0.058481087839727816
0.066904690581295057
0.144455348675541273
0.125069170045203126
0.042404054597153483
0.013573501306549395
0.083483582179452620
0.105918745599910394
0.112241824156108533
0.193462570402267886
0.099648957624535989
0.061840315142916540
0.400000000000000022
0.129069561301906083
0.113458160628885085
0.103301594416876530
0.130615820686732276
0.028576594281621178
0.197142235041485508
0.121998748902622106
0.021637882538244630
0.154336206644811930
0.119534451356628518
0.057070982762690160
0.032522101698102129
0.023839996116176345
0.018557147158013019
0.260124236049523727
0.085345882424673558
0.115288376197754727
0.130345747609837387
0.155465490891821573
0.094246249841850344
0.275461092129769936
0.097279704929251323
0.034528258891350076
0.228048166740478564
0.171088042934430140
0.231362335676747438
0.138164552357216169
0.053029207961129393
0.020757369927720620
0.245981910266649201
0.075926271819653279
0.077718994446393283
0.191314219366775229
0.114180262865140603
0.022727413166900391
0.063295102040407863
0.071597739986651615
0.192974563581465114
0.125229718286921893
0.052380162142313391
0.050434419764482014
0.056357928130197327
0.073939884346854973
0.223899716394254822
0.089744502256430769
0.024432580544911896
0.021156396452159786
0.234113244184230851
0.117570190806749242
0.293149139255718172
0.215951794113259155
0.041197450755412264
0.006976288373451795
0.055443427174393878
0.103901086925704239
0.165859869770265123
0.075019141658716565
0.014740087189161583
0.022293738721560340
0.075843636159152641
0.071682402884919172
0.139132088476790733
0.158534474850790391
0.050524484858106636
0.026537983844193092
0.125811790225994036
0.154883019631967433
0.144391275387809354
0.200693018408004353
0.079687535874263082
0.027027548885855200
0.131528118425513318
0.143697655414349063
0.187608923495726582
0.176969973620365539
0.090167947468986015
0.070221796857499935
0.074977961489665540
0.172958199441048704
0.120487751208897487
0.271351505712068120
0.116965667644128135
0.048876283990498301
0.054572033805498445
0.068955142201985939
0.098048181308646468
0.094896859929603963
0.052062881872068693
0.042738989740442178
0.045148731579796403
0.043873591967514919
0.108548066478026728
0.069637315600568739
0.031757954937955718
0.008338196010291520
0.023616193266851139
0.183750763239798887
0.141840100441131989
0.162581041858995912
0.054327505828238941
0.028498454205429780
0.033777053757382693
0.127230426812678488
0.120786744419518671
0.060474425294783959
0.089049374889421357
0.057423629830468441
0.074377386765747011
0.126425180282001282
0.178082152600332444
0.292229896711795056
0.068598963182670850
0.043998226555578980
0.111261982804345072
0.143647271042445013
0.081966197848157341
0.133136573759023880
0.067685755192903499
0.025852040263343617
0.043168508785753776
0.123955988666161365
0.211020041454602958
0.185696852025503845
0.124622834541016358
0.080204521793752870
0.080457269613801549
0.112180146870378902
0.158797437411345832
0.105813871274101468
0.075119779212421398
0.039730549202814047
0.093499441504768355
0.131601515328209129
0.143306985368390871
0.094676763918444817
0.081331577375490294
0.061244714331586125
0.077186948599733129
0.072236397145148373
0.053157347690391862
0.077510824019629915
0.046678725055969247
0.042643761749575855
0.077984665456206387
0.092473219276255486
0.091985794038235633
0.050479835241973345
0.052456381273663373
0.060653478623606837
0.073289841304618242
0.125820391097967388
0.079459566666305617
0.066313655523032616
0.050327128190536911
0.020575324866062922
0.076553916936210664
0.139268931836530108
0.114813681448862920
0.137723505388801348
0.027518219410188602
0.029321307032299224
0.030760413848356663
0.183511303502391282
0.301163823447387569
0.079236362073572889
0.038956700643383906
0.088947548249848990
0.117164354502306944
0.164082140007850680
0.078253561088344831
0.073245670485691125
0.126197029666246241
0.356781298129364877
0.162137432326279085
0.146198825797660470
0.101037069448105338
0.059704061295056524
0.101125435458154986
0.078113637607589687
0.266256025453509459
0.250611055440113195
0.213879414341168084
0.176783306348336416
0.070421508384728937
0.051609853015113616
0.345474252345407518
0.284796395666727820
0.173984463848517928
0.146308610508066483
0.079499542114493282
0.092169163362751827
0.108536049045004426
0.254247533136470472
0.186099293381878195
0.125505095418627394
0.071713573808375924
0.151418212572948713
0.172318825000818576
0.113114884803323060
0.175356011517837002
0.139993689528987941
0.077730088621000754
0.164154548248046317
0.394506216039520297
0.254689714423969704
0.173323540724921399
0.226373817294294510
0.247253129009641859
0.255083657325571367
0.384654228709853996
0.258725426664819680
0.351976977898410537
0.383908846657722624
0.144702783595268586
0.367024859829536254
0.378597371945751826
0.250084632341996627
0.147798434848254057
0.330785838356309037
0.234204902742859822
0.400000000000000022
0.342651543319052898
0.334855027880061384
0.327060138517675680
0.340166093980709405
0.358474285352334721
0.390621291061460596
0.400000000000000022
0.340414109782476992
0.299970307015826665
0.294420516499751816
0.271537874845042881
0.277345165927707360
0.379226222382109235
0.324562697818261081
0.155869428299949736
0.120995913622263931
0.102595439267755467
0.150453888388461049
0.167109211467127872
0.280137958483214433
0.189790859168202125
0.267904824438830735
0.128984849799322676
0.158729776961766544
0.084888510117527446
0.400000000000000022
0.400000000000000022
0.280446228274304044
0.061032032394207396
0.073019016115973237
0.207345419430867317
0.398330764204667287
0.400000000000000022
0.220594644797027561
0.118591761931170520
0.256871975424341703
0.276613006074028223
0.361342655575632832
0.306326051893429208
0.206353980312881463
0.174088708079087828
0.379782322198723654
0.351825405840378636
0.312829197475562926
0.170481822923474191
0.178307279687916487
0.192941904293844779
0.329469402648927101
0.230944221598969240
0.400000000000000022
0.247024167022310281
0.270992083146473384
0.376260460344774228
0.252445383887112296
0.400000000000000022
0.279179202990990749
0.155421070128450994
0.318896181672704837
0.396045770043354062
0.255802703222618777
0.332737858565226974
0.337936995194566103
0.358558782667196041
0.230685535073659798
0.212541350656782979
0.278744625623822240
0.171365536838645194
0.235825118175974680
0.386055970943009696
0.382123622422925080
0.210542972542274609
0.172885443032308433
0.120732962133438246
0.360579320304038331
0.400000000000000022
0.400000000000000022
0.189996722920907024
0.283882174228994755
0.376079310047386817
0.356377115364592378
0.400000000000000022
0.330805941561243988
0.221100775115963238
0.251673160747916291
0.206931783442884987
0.298736498048646826
0.292837432174967771
0.247170260057621216
0.387667225761636480
0.336214796604363819
0.222337910324677424
0.338934090495007723
0.283028617890633105
0.213676767496960740
0.238385321777756010
0.182737898365117113
0.186319271620135923
0.260843849559060981
0.342136498548247459
0.274997474829169808
0.342494091711380788
0.276428917528014073
0.220636466648013896
0.124691005734272276
0.250702059503282448
0.232072319325755561
0.380489489790082014
0.288414187418306156
0.283327483114715784
0.395450820193173735
0.400000000000000022
0.400000000000000022
0.376205949924262262
0.307055661554065773
0.158640404765441223
0.212106773732426979
0.399910503924755023
0.398231004386515708
0.377454667474800831
0.255186095587913220
0.223907496687549723
0.367402704825836091
0.400000000000000022
0.400000000000000022
0.384056891796827560
0.292921384112409200
0.246394988492454836
0.399645636470751908
0.351507248853005549
0.302823887985414875
0.400000000000000022
0.275374562052346006
0.300463532025721902
0.398511847873063485
0.209451980351549494
0.308933259003397409
0.388468288222269087
0.286505683933275412
0.273090888244479246
0.399701169360054953
0.400000000000000022
0.309687498179948673
0.400000000000000022
0.235405251449322506
0.230168345760791149
0.262640285591665301
0.396536937070437523
0.198830108894326063
0.265341015448378847
0.137625205638343018
0.191345197950214235
0.187630069292366669
0.187885883279107602
0.154906361316685559
0.249503860634640084
0.308825355318704364
0.263549889895051348
0.392161970215596400
0.400000000000000022
0.400000000000000022
0.398107975350443066
0.400000000000000022
0.400000000000000022
0.279132578492431560
0.267134850843045224
0.400000000000000022
0.384810203982749011
0.370077114654279282
0.400000000000000022
0.400000000000000022
0.307880144799468514
0.400000000000000022
0.363986399154970108
0.385035267487422117
0.400000000000000022
0.301999062477716573
0.284197865490924628
0.226817580085700632
0.400000000000000022
0.268059608468434352
0.331862465726866285
0.315840722116253803
0.283835155832343589
0.400000000000000022
0.400000000000000022
0.232489629255665020
0.400000000000000022
0.294368388885016208
0.399030092300793671
0.363259145332443301
0.399727179894578288
0.250216519038903018
0.400000000000000022
0.245393857715088592
0.400000000000000022
0.400000000000000022
0.158231532483868786
0.208910667567355102
0.184337397393660396
0.309758499841710555
0.246580578409002771
0.233024035988902117
0.144186886722541319
0.165470318937065319
0.304325030602171809
0.302737221193431327
0.316116503837906515
0.400000000000000022
0.400000000000000022
0.400000000000000022
0.400000000000000022
0.279223231718654319
0.335878058213110287
0.219845845180997423
0.400000000000000022
0.328657950188103620
0.400000000000000022
0.155236043351521164
0.090772187712330782
0.286707745734567476
0.400000000000000022
0.207572565436029144
0.351985148674959003
0.109469818288703058
0.084745121121393457
0.396600477347435365
0.400000000000000022
0.342050407938243928
0.400000000000000022
0.188228908076703422
0.217967225967375805
0.400000000000000022
0.284758623253251686
0.207398553462100288
0.400000000000000022
0.317389558349881140
0.400000000000000022
0.343788343839092680
0.303802133098121652
0.198453077761661184
0.400000000000000022
0.241272148513917206
0.400000000000000022
0.350496608805425436
0.300173265111597809
0.148496463782472971
0.215550501685271179
0.226223886549620001
0.258579619916363579
0.235605633603280129
0.190612820727187743
0.183375947274865503
0.234476269384230274
0.363644439709756462
0.359614237229239464
0.334683372392852785
0.368376823908518114
0.363816318627735780
0.337539272583677386
0.400000000000000022
0.400000000000000022
0.297930163625802769
0.341887712340070538
0.400000000000000022
0.324410609261477578
0.154425146849945599
0.310562921037901674
0.273987399227634265
0.217716840461024963
0.343500644284205958
0.179402145646711642
0.216257948781747311
0.282207034541536506
0.283398180576561465
0.153894813136870479
0.159624001836937063
0.400000000000000022
0.229677291006749384
0.234989718655442770
0.227720893556154269
0.147416580325221341
0.094582614533487458
0.257253002416364340
0.253659185205479087
0.291505115378089819
0.183734229828536988
0.200195318588829524
0.241731766558837435
0.255820679243476012
0.254588185338214923
0.223340528341390732
0.297853804877068362
0.234904870730008625
0.253257834767774914
0.299232556494605173
0.201687695912156129
0.210514013342631923
0.335453209638713390
0.157397431305350832
0.236282159210381093
0.286689089703580757
0.160396550146856581
0.227635643102380852
0.323450537367604818
0.208372035819083395
0.134237167852396977
0.129328888690395744
0.397162191498208805
0.301539606523052561
0.319952933728443245
0.272002531103058443
0.357289472315696632
0.195902405660228124
0.202518739538212228
0.188614765901592873
0.159709974625127260
0.378601393657041707
0.400000000000000022
0.286847547336906983
0.256605954787404666
0.301206610300804090
0.357099867809131610
0.215453496860329413
0.333885460835174785
0.265184421964874351
0.229663776823329252
0.214020141989831131
0.182110070715478523
0.210004615544518686
0.154409390352979820
0.183873540355005444
0.258579510164687387
0.400000000000000022
0.219543278709548512
0.354202732790463437
0.270753665329601212
0.107785610714837859
0.179523294732499394
0.225297448991935073
0.193530954019740409
0.248452006850620022
0.271625850100146504
0.217401341734039993
0.212819521555370927
0.325507970115320233
0.303954134660956443
0.173820478919592292
0.201602123718720272
0.286765709782271394
0.175416958132042389
0.143496163862811943
0.158644991312365147
0.112830190080095497
0.053316923853216902
0.095110847487760913
0.202927469222262014
0.285188446077698887
0.156856484146932179
0.115284144903797459
0.201346643843759804
0.233542261488045633
0.142131506784025863
0.152401788841445146
0.130102330002836886
0.122902830756195111
0.259065199752830599
0.400000000000000022
0.251895739887491199
0.315310492730505154
0.246493363785163233
0.083543516625000327
0.210508920473433392
0.375693563690104759
0.241307188898064018
0.394174030716888890
0.149937641330859933
0.116709790369625976
0.207131262065894634
0.233287739982056264
0.243446607691955419
0.171641120258485907
0.138717066558522339
0.325889075405638495
0.400000000000000022
0.342397079966522799
0.252923673379078617
0.215272104212871213
0.200005768920488103
0.259371636205987299
0.321859649001168480
0.382949046048937092
0.365303071396039236
0.314430733122491313
0.354713029982206107
0.242661040576428566
0.211741798435864076
0.380927568281065887
0.334529273547534700
0.312275853614299936
0.310762505501053055
0.248902308867449656
0.236194611329571452
0.258380605950079445
0.326195692616635835
0.346131256312980973
0.307694225101234398
0.277005353631204043
0.268302635462476791
0.274549443728125842
0.298313197063904412
0.326047141189014678
0.358268538001271286
0.267606136008571471
0.249378560580235692
0.326153837242224298
0.349508826058925137
0.372270665337334883
0.307648069943223967
0.260359545538136006
0.212783113043728850
0.348986756081844374
0.348348297816569341
0.314922715967038580
0.285111509721017398
0.241600536442838049
0.210029319685441279
0.342422739605194149
0.351466988813491588
0.356775936921868209
0.257030781552926746
0.280095972656214942
0.256645452863508705
0.313661769702024251
0.330305497885928334
0.353531083482637176
0.308105567554004700
0.291141469791556584
0.218360845593476849
0.323907518909663961
0.223851576459681623
0.206248667064045460
0.252856148288158777
0.231263328130300816
0.179397758494684395
0.281239486285237039
0.316039472221139039
0.311543164093906144
0.311618893458757651
0.316108768159758247
0.294474155421137751
0.286641144414361559
0.307956191256021472
0.365358044933069448
0.304101575073852326
0.324072428675907021
0.338077672690957287
0.321199847464406107
0.278496208774345833
0.341215254084196506
0.351603023842249451
0.301644302951884880
0.344560734803176227
0.363118991494213228
0.279660620064359211
0.364016148105894666
0.342375142323980974
0.304241364644579626
0.342661708106794805
0.379883239286910313
0.270502908514638818
0.297222634248045514
0.351703255687445371
0.339561915149994842
0.314193461306697230
0.342053749835458942
0.294201113811517978
0.336054695292501981
0.286937946123578203
0.407577119209885708
0.419767711427428469
0.321662268652460281
0.259999665760290322
0.346484073585808072
0.321220305312058807
0.365338510930427351
0.413869869410411872
0.378617731679373626
0.224316944608448088
0.202606101431718283
0.223330724383664886
0.246314169643028186
0.301009000283324113
0.363332518837875595
0.356237117661768188
0.333350232234785160
0.343248102681113498
0.268459501813340495
0.247113168298180336
0.275412105224311032
0.305330323093893907
0.342935308462530730
0.300465689226272703
0.241681885320603862
0.236504886574922746
0.244301303764906663
0.283460417581551716
0.307164158236363727
0.335153237412595006
0.242017965070427638
0.258594281392438785
0.321280884805498879
0.314307676112725531
0.312801947674831660
0.293135845816254736
0.263436704706073888
0.223897066382836407
0.356303359862910229
0.331765066704562073
0.289492293416879654
0.290510193892736857
0.293328859366835837
0.236878489393151842
0.348869652883909920
0.360289139260610680
0.365004910422199791
0.237973993312509652
0.271959292617990733
0.280445827512783297
0.346297064269004307
0.321225900525827057
0.357736799409910766
0.291162979483386986
0.226623060502831319
0.192124137463180522
0.330290042198210343
0.356735940045522504
0.329445481652519079
0.342166458937578577
0.265620707495001718
0.181673640313969265
0.307213246655936467
0.300206343045490653
0.328700474748948090
0.336387986195645361
0.339297666041013468
0.308733131003534944
0.297750665092350320
0.288454379912412906
0.341987624083906094
0.301293701593922936
0.317566567231918506
0.305596028736666137
0.281796780162320848
0.267610494393769660
0.324226414921838402
0.331239974863805076
0.285223817087665699
0.321698857365469215
0.377319364768425314
0.293428172295433998
0.327353877922900049
0.287682112307569848
0.294337169951309596
0.346711586955763762
0.397262874270341793
0.265462893502577457
0.283073256552362373
0.323302756292113025
0.343313800235662325
0.381464424634739063
0.375506471829390176
0.279775330286098578
0.344489982743934386
0.293556118793131260
0.384348629528442232
0.408943020045728189
0.345982139940415490
0.268887322928515360
0.336959751708086064
0.325041642154370536
0.345248708768893464
0.323457717975359993
0.338789691656322001
0.280804363748588470
0.322878575153659586
0.356731023330858432
0.333313814132997432
0.345728067930299254
0.367941839940416404
