0.175318391697290410
0.256136516252551738
0.293176766264987010
0.400000000000000022
0.057352006134910774
0.017298329710987711
0.054784139439784607
0.134220945905971001
0.124970558962553602
0.096321832268051008
0.138710103492752979
0.166044026669537242
0.036705787789651390
0.019023972202256979
0.037188693262331748
0.069139487204031930
0.080909372309693653
0.173567898927911302
0.053320337712775341
0.010325080094924024
0.005586279535983732
0.039869821432159863
0.038351263796495935
0.161916746925400978
0.010645680332814640
0.018416115981393706
0.001631842871541669
0.038102039219893143
0.037410775368495235
0.115824593908274043
0.018469885176038602
0.017991722012435055
0.006541468261445763
0.095784267929499955
0.114269575653469541
0.022367914843364384
0.058135824753274647
0.065629824565793873
0.026885861296044991
0.059893196346569630
0.079323245498394160
0.299438238962265291
0.039659014635071696
0.203849618435360203
0.195184459319365455
0.188426731663379921
0.036261115616337741
0.258057449330895750
0.023857745876001576
0.115207129941993600
0.400000000000000022
0.330811792704967744
0.073292140465627903
0.030179872006408148
0.024267986218121155
0.297443674885661924
0.309208058177590728
0.024356283763747811
0.064247168827625240
0.167668249955174653
0.091285811475274162
0.107615155737319251
0.082780760100508097
0.013610419329248495
0.001972116217282170
0.132851314639786638
0.034421762384452756
0.028470813667544191
0.021272856662532674
0.005329178320462640
0.030302691546654797
0.400000000000000022
0.043524371054224749
0.069337333347093591
0.014238344199352774
0.024846214466292361
0.060647496352239663
0.400000000000000022
0.143209914994556820
0.033830384350365318
0.009716023491138712
0.043749029091590716
0.048580099764213944
0.103539029863546864
0.095508099722389522
0.095633789589334231
0.017142575201211999
0.027072362744553859
0.125447876316585688
0.165645747342220789
0.063552761882744474
0.192725544630922951
0.039900988230911455
0.056437794603390976
0.068414946944115498
0.015346185269349704
0.017347645667256127
0.138558627754624353
0.400000000000000022
0.186757871064826331
0.067416929777620732
0.116031804283751969
0.039210665310697709
0.190842168408470125
0.400000000000000022
0.016380094391338515
0.053375098354811253
0.063745374349702566
0.067455991189295614
0.136507965110973156
0.081747784046134114
0.013113780455140219
0.006925167241014254
0.027081200992360568
0.092343753759838082
0.063609447675030156
0.033942413954970850
0.000294869095577163
0.001017481423280802
0.129296784768957368
0.072846567355854472
0.065567489073935822
0.049213944630568808
0.007299807319760874
0.065553954015566240
0.166158626090794320
0.068104886366306530
0.028466882216377866
0.015627000424071513
0.025586968329056166
0.332753358866469617
0.400000000000000022
0.051065331175221960
0.087571169771306315
0.016223417373604172
0.031746898403855653
0.204062906922793330
0.386967086833510887
0.039290277776142579
0.046804233411052082
0.019247941111317203
0.062983209085917521
0.283382086764817076
0.020143353563378045
0.097072034472758154
0.117192577668236986
0.160153215983490055
0.096341675770490326
0.049899352325402324
0.177280258181839595
0.056084947255888806
0.357741338331433734
0.222733090174629056
0.002807479118198031
0.023695125369268349
0.201179671472501986
0.144973449979837715
0.378888878459017031
0.122539745346603085
0.001742687574553842
0.014949637863790183
0.144801770071659286
0.081787354951122770
0.075539441071050970
0.145522344755893429
0.000590441353441252
0.026133661855710606
0.154174614228257123
0.166766436324973066
0.143374506551863540
0.186726200024171896
0.001577979032280988
0.102651803694891658
0.192804104394667941
0.178269299728815667
0.156410680835320504
0.079327300735700032
0.045041269763516634
0.231884332943603222
0.317410918674969955
0.133661192604113910
0.028106629254458761
0.021901727914038077
0.019987864229879443
0.154914317025430737
0.101260761170360564
0.144478260127476554
0.065411299384956850
0.016802156157387678
0.047159078052677210
0.197603027140027199
0.022049546216939050
0.400000000000000022
0.035901568848569140
0.029391594655455617
0.045523423837876359
0.084403000686592317
0.107428453342405750
0.400000000000000022
0.336577401858048408
0.094441745028194052
0.006307096217468436
0.166633247328858730
0.116482307744744010
0.400000000000000022
0.354078368524008980
0.122514723252698174
0.000215006369423410
0.019946544446303491
0.117122541258325719
0.400000000000000022
0.326518380949871845
0.219936729330432235
0.000842423357839877
0.040031832141659000
0.138307230930837827
0.400000000000000022
0.315053822886011525
0.297960697018601783
0.001619463218006957
0.089706443675143743
0.210578678484313858
0.400000000000000022
0.180512086248612369
0.108387633613846901
0.031826687831947587
0.002817083371518011
0.023676046086841575
0.400000000000000022
0.062287525562864737
0.020839534096188231
0.015545431179887910
0.090645655719862411
0.063211370083774185
0.400000000000000022
0.078693054516072211
0.031175765897365267
0.152619594302276756
0.360369065590152138
0.013919052926471200
0.354214324578154771
0.060855207908467913
0.033468676090043420
0.016718990620998103
0.042329520860154582
0.106358701121663179
0.379023527036375762
0.080223209146900218
0.070340377257886263
0.002279998206953019
0.034876572437320480
0.262084522252208130
0.400000000000000022
0.400000000000000022
0.068255890945280714
0.000498382436337524
0.005843288944470136
0.132734933422997636
0.373456968154630808
0.400000000000000022
0.267017803806939735
0.000991385097382169
0.017145861577985491
0.077350151092319519
0.400000000000000022
0.400000000000000022
0.271401235433005594
0.001270162150482986
0.250135642349572307
0.400000000000000022
0.293447060560142470
0.400000000000000022
0.386641823868744461
0.011605930760010470
0.082430796492818897
0.139718148509141493
0.202683155935471510
0.291967975795897450
0.364593509847502162
0.016550043176162234
0.034687269999519973
0.051540666937175184
0.203034642898988205
0.082139055242674563
0.062750883039774580
0.173882048585796117
0.326242612987294844
0.018343834701193364
0.119455036038643353
0.130215544584866838
0.072236638321886315
0.061820138117013299
0.051405757810047324
0.117350424948895152
0.027945125881700582
0.157289548317747691
0.040027056034248304
0.000000000000000000
0.004565623632918212
0.092314124116896074
0.151366393895798784
0.292710334574679654
0.055651853790341058
0.000499847220762742
0.000000000000000000
0.043467006540449341
0.293908487548452224
0.394618732454518728
0.139637296115349141
0.000581083746228718
0.000000000000000000
0.127470970225665198
0.225092938044310270
0.262016756173922949
0.096449086030107462
0.001241877325822907
0.051772599630620177
0.181339560443680742
0.287690485098341275
0.399359489075337248
0.324031642361092276
0.005264006330434726
0.018249366424169376
0.069530516460623221
0.161394825398016806
0.386360923991109440
0.400000000000000022
0.027233456575123657
0.053832718610515008
0.105722284625085566
0.150354983075426440
0.109185781307554880
0.227807802781141822
0.032682575131979447
0.050548571783160801
0.021682171308657155
0.162423285865389899
0.171327156676052583
0.038155859707019589
0.021521538794509250
0.085335689021632216
0.400000000000000022
0.142713332030074608
0.138285468213445367
0.041273554072472712
0.000489205672105107
0.028092932524847427
0.098700382650638768
0.036326023252467664
0.031182263154656949
0.040636712432710539
0.000239113837449338
0.000000000000000000
0.028216560500316158
0.078453122338926373
0.021848986553933570
0.027704629924254050
0.000219579163075161
0.000000000000000000
0.005950579799693891
0.080610576675805401
0.163504627328003665
0.034455372482560177
0.005109968162805028
0.019356256512455393
0.059963577464524388
0.122642648384069658
0.146008690604159358
0.055790204664978700
0.014379717417913312
0.094638817295623942
0.064592303867118880
0.224826620266364630
0.318018091935842628
0.320408402803964099
0.074651617170918977
0.014547297303156036
0.178517296239800116
0.082127831110908073
0.149379921324905962
0.339883377605199100
0.152263630122726451
0.025001989171184243
0.026302880145451325
0.020189141418136512
0.092422847296932550
0.091989664428585499
0.001707039334093918
0.049492826436842385
0.250736661492976298
0.103562196398276699
0.185901947887074037
0.030418340573543808
0.001673372037089298
0.078251785016509035
0.129287513862916620
0.062008720874443563
0.055778696325222074
0.044740583918500415
0.034546991502201800
0.061097363298492600
0.190305329582397653
0.038701118058734732
0.022881297580213966
0.024136401214186330
0.046129341736709156
0.104938321393181169
0.264156858154013352
0.106803992748491977
0.142694203758559096
0.030831178231142772
0.023724472883623785
0.040786236842466572
0.002979111427283454
0.085188217798963975
0.135211111847290844
0.010800187086837823
0.042088806763974258
0.082986564333101823
0.090296512484359936
0.150239586860450636
0.122990801027875712
0.313333862658980389
0.296633614154828085
0.052485213811403128
0.218573861154746696
0.106261294894129846
0.049905641423557995
0.288868540075232327
0.247893452762508654
0.043652006561294629
0.049357858310871264
0.053041854172371478
0.135426777179629143
0.104072518850299722
0.097718303415520708
0.033470266317831392
0.091626506878826258
0.137412229610470060
0.097070428773090939
0.017658367896910908
0.010348412511422243
0.108329856631496607
0.157777019735819340
0.025766751188142145
0.030630591235034216
0.024283340142292734
0.052930936523723722
0.119073803011352480
0.206577936669709195
0.005788390092725382
0.071666146962067329
0.072332525610417114
0.057222351432136935
0.111988255263233180
0.251394377703081484
0.131950726936060803
0.104580003539882171
0.044604000046759976
0.050347534784703260
0.031744942909089344
0.001010237852971389
0.091373029562632380
0.121067944826691934
0.022287387151901320
0.047015822206818880
0.284226331315327152
0.400000000000000022
0.132651076076520852
0.105562783144177330
0.136187445600223861
0.400000000000000022
0.217721123173341691
0.380761500762810956
0.144193493907109921
0.112370347651599312
0.126997295834504198
0.366616567750061795
0.123715444763801141
0.076870394431107006
0.054262140289959640
0.080591187645270845
0.058290786381011012
0.017846836762495891
0.043086142222330384
0.024467670336486197
0.067392083901869182
0.096847069204025735
0.011993496037978866
0.026633824040597706
0.254510091651183545
0.105700600829919875
0.052696059136986467
0.067630734520448890
0.041734468320649545
0.130646054354509489
0.400000000000000022
0.210391959337693835
0.059294519368312343
0.038965191967558897
0.058941583266545909
0.154462905102957210
0.400000000000000022
0.112800892595162155
0.111017931627045541
0.053569066641448941
0.042967888912700411
0.043338448355912010
0.035168059211100423
0.007260434184142508
0.194818808906096541
0.053602546924449671
0.008780163893056319
0.057138481197353749
0.111680164681918145
0.232769612282339611
0.124661020968061198
0.175398991868707721
0.188423885226594756
0.368246552373395319
0.199961574622438631
0.123328074550259889
0.055081205693770299
0.092742682452212080
0.079181607453290323
0.192534769490309288
0.074377475053061776
0.057349406659750704
0.018949510328903046
0.078162686064028875
0.104316363819960636
0.045259232507175798
0.050411974932110831
0.050962733081347904
0.099772017967329860
0.101746196576469966
0.106264780188484412
0.146519696946677047
0.111892594845270935
0.166778768408856748
0.077482094361838033
0.035561707774112425
0.051120966046876604
0.124341949840938007
0.235443730459537121
0.188038869232071360
0.038141495525413613
0.058101295095939753
0.041204771907302609
0.221771989581784568
0.273503828469601418
0.033892978519750906
0.065850452906347390
0.070536624336199977
0.070381672766884645
0.111324041401470841
0.051188438512508795
0.024039480515859857
0.112191287637523132
0.070049121376317081
0.020062613060444597
0.033481249786630023
0.060481254624581093
0.066606948123228038
0.035441958100000719
0.074725743844929166
0.090353889856737202
0.059024354478908615
0.181021602570983708
0.021166751046929284
0.057121448529371364
0.120800740534939277
0.093689267292876993
0.054323749918799888
0.037580606164183246
0.019677949720156226
0.125957356809678123
0.006831861850179709
0.064411798113884200
0.236617275562965246
0.311320478760444219
0.044966423954316645
0.098900072298222480
0.009652908251795041
0.096576277984823933
0.271117343716983816
0.161676931759952347
0.091955288135596780
0.148933456005783088
0.033457640908977612
0.075646312167327298
0.276117664534197782
0.092252788777814426
0.082652296344708276
0.116890397217218653
0.085641473706692589
0.120576516241250403
0.400000000000000022
0.094890131841442335
0.044010436192851818
0.043082240612974200
0.055604008859254289
0.282507305919630913
0.400000000000000022
0.279917897638881807
0.073322209840582492
0.036959322683422988
0.053180480680762275
0.099056523023253074
0.175668878552023427
0.338968614391899847
0.084708980049477717
0.041810039144920541
0.042916441268583148
0.184510631203516018
0.105557525259566937
0.106808342072536019
0.038575792907789078
0.091215455113174346
0.076737678659042061
0.106200667553419642
0.027874018303247049
0.022907342797440250
0.029932801941133236
0.098186009558796639
0.130104707829365562
0.105322013478463844
0.137706805066414084
0.243947411399648123
0.115885072860310079
0.070639104994068669
0.056584643836841579
0.078123087486607790
0.379387706324452512
0.166424242463169003
0.080292689021279284
0.107643376481727948
0.031475710430140351
0.128009081560034127
0.366406032126190495
0.266083335731439052
0.111003532911993677
0.105323061626358669
0.034133112428349065
0.233332325277326724
0.400000000000000022
0.201280810466306331
0.061105373806647850
0.125728527358047515
0.033850217440963414
0.212183472123960298
0.400000000000000022
0.342693186354042112
0.267606136051853016
0.096834064454616231
0.116347897172354900
0.286277182492066740
0.238844982008165396
0.208472434109967020
0.087919278659695260
0.129782218829641444
0.135845244493914385
0.075172861997577597
0.060222946987205428
0.083723576020974244
0.008104291586966765
0.137348170624622179
0.075619497718432530
0.061733444143659201
0.020940585867939128
0.021614039285566836
0.039455639174999967
0.077035081335952812
0.171769489954621213
0.148747250162192812
0.310839079457014278
0.389400944244546743
0.150243995584461582
0.083301265126840857
0.101390461258190054
0.068279615329329413
0.400000000000000022
0.400000000000000022
0.102503079278409945
0.125257283862716257
0.042554293637410735
0.052940021267919052
0.255242419385042330
0.373845531211329907
0.066458031743351742
0.090156459636185599
0.074381062819165580
0.075926039910226631
0.392655081918931392
0.385753843317067746
0.101924901763807058
0.063529653986870535
0.032155970418886660
0.080213077122177734
0.214986362464570507
0.343176074547908883
0.208374781655808333
0.074212637703896064
0.034448531446605868
0.193857701881802541
0.171893686277963614
0.108074680310551424
0.068858818799758137
0.102155024586964516
0.047900234911203911
0.141426597288136308
0.190725361066284987
0.098553918908820953
0.061590340677376523
0.155324569839978055
0.076018700133611589
0.068803624710672889
0.035264129330208865
0.018442994294574050
0.027399537279092542
0.077859782117315840
0.196008077330084962
0.086703740539271087
0.306108649081583251
0.272634299169332517
0.076582642335124934
0.085999243179262039
0.098682237554616858
0.085826624588377545
0.372819640463406543
0.400000000000000022
0.106261068860411687
0.063313281181909709
0.054380253170271557
0.084208564167170749
0.369719624830262661
0.351548932749940146
0.098455642803829235
0.037242575178204014
0.072552950781033895
0.048989589974670275
0.156864033937238967
0.376968079693667857
0.089441443354307759
0.032539186478372471
0.119354101033718574
0.089523426213779608
0.132685189888280736
0.263990945750140704
0.069935497817851799
0.096459417143909820
0.106755778626688502
0.278582345987809621
0.334354657803649924
0.328621885229509636
0.085718372270143728
0.152607168357185047
0.097262953418412929
0.244716259153690718
0.158819929222021178
0.138121096454075720
0.142286430181505108
0.047096991500612820
0.057074717272755052
0.107844759677226398
0.076339541661826549
0.014604139287415710
0.021627318153971686
0.165602945248669919
0.242572388446029297
0.199672155945245067
0.365616921946882167
0.105835929694145070
0.100075173511574203
0.169286623801591152
0.077550016559550267
0.061200118788362790
0.185710845740196667
0.296133784528768429
0.089468694926942732
0.097707074404391317
0.065727174964154755
0.114939453812955214
0.300163106178533479
0.235186479645209862
0.155697735046673891
0.038381307521052704
0.069873514120462249
0.018045309333065768
0.103396133297944309
0.373620457773405912
0.048542216364515237
0.088967013637402462
0.060286258480205482
0.042213763570794122
0.098925607982647032
0.245014171863129182
0.009656489859154554
0.053036631831849000
0.078998353454703116
0.069206610961471141
0.270043180254810167
0.379926819054424048
0.144767125610166608
0.078732794677126683
0.084865332550003461
0.205168960839105186
0.173106109771282213
0.328168794314584011
0.388623842294323285
0.210500379130503568
0.084754506700799981
0.223924917381806698
0.166805249667952238
0.032546738069111819
0.032087022932954797
0.121462354651204557
0.156505467612038429
0.147723326485767664
0.363042611393393000
0.054945164862480980
0.083313668673824920
0.097042014496651480
0.132799510835650780
0.136851917106035170
0.259187478665175941
0.396187103022616394
0.198613886804514528
0.012618226569599777
0.024566872004345947
0.095090705793169680
0.265783884233440348
0.361442066774500304
0.177101551462959778
0.045056774781504508
0.046779513311386786
0.021937843203369951
0.067868891526258204
0.117973946781151279
0.043197567313812718
0.098633173264005475
0.086912537461126455
0.011968782556736592
0.034668256795971783
0.031618110950118072
0.014378803180667355
0.057532971178256051
0.073237622386462545
0.010313258612736867
0.079916626455442091
0.141199963078024626
0.018215399361745682
0.075744314153946210
0.078553940683720860
0.011206672953224167
0.092687744069052641
0.274435156956181481
0.375106087254253429
0.132276208013612340
0.113591362861733242
0.053821752755964576
0.085707403136067589
0.095203131590196818
0.203522664174735968
0.228360245869661915
0.362045256115599345
0.395800048840024343
0.400000000000000022
0.090822272452742159
0.108924836589813973
0.192196369050254667
0.231291374679061912
0.142628926859464517
0.106670244779473233
0.247039960124249586
0.323767897211660105
0.062472538977793542
0.049654563437291195
0.061472033404624482
0.122070423727755673
0.199983175321046119
0.359204545049136459
0.059108727805500721
0.081991227056991356
0.077918805146400844
0.097092172864296791
0.150339519059729115
0.385621820500073986
0.142596407268875458
0.122996119521275871
0.046235842918301642
0.088449574004596396
0.069155718277584571
0.116834831761245428
0.109842914738670985
0.139059666839126989
0.028828855413347083
0.142800090136318863
0.354929576526937240
0.400000000000000022
0.190786900829795492
0.171192607709971190
0.163073306896268838
0.400000000000000022
0.297044368671735892
0.400000000000000022
0.183852508542181603
0.316219966086959459
0.322181755153869709
0.400000000000000022
0.159976560380138882
0.328698008048220136
0.078119886165961216
0.195798317587264459
0.400000000000000022
0.348658629467463621
0.116378282687958301
0.054647542342894352
0.091660070119990347
0.352887776276558596
0.317744271327091432
0.050990107804345514
0.318757260478808813
0.273368850785094542
0.143981870612260643
0.175245890257768128
0.124515228421157642
0.144256473683757991
0.400000000000000022
0.337875537431342687
0.093716281752765099
0.067436005635103088
0.080214439929078590
0.159792083423419856
0.400000000000000022
0.400000000000000022
0.154542302681270255
0.122906399988542525
0.057206233112053181
0.068184662822204367
0.095815555563340093
0.400000000000000022
0.338028723900653416
0.087432931274814996
0.018496187384195031
0.100887510288944465
0.160260264446132117
0.336308642145886516
0.220169120690450748
0.271032781458041938
0.205566460427806741
0.386137276316853906
0.325409450939024292
0.288973821892480720
0.118633967576514801
0.285468227083135018
0.119082595684201778
0.248972564093700277
0.142792421997177260
0.072695591929100425
0.036297155996159174
0.216721313818653227
0.400000000000000022
0.232017103572002115
0.117828904709731563
0.166994537365099838
0.138982683278027569
0.292588364984940064
0.400000000000000022
0.162899791338015548
0.165267693200082166
0.230524142758559314
0.144938085551133661
0.172069672885085567
0.132868750093010718
0.137455730296078243
0.242368897700551367
0.215120070224431914
0.130485249285251681
0.121710742770969924
0.075147185862273452
0.222066858677361700
0.274521309892882259
0.163189763288708267
0.138697020262201876
0.136104113410135813
0.119595617397453474
0.118623848721231717
0.116742392528075042
0.190198106606654205
0.180296174003829690
0.098516003592694953
0.035689613484516110
0.059068218115686189
0.356267615858669839
0.400000000000000022
0.086507289275222665
0.162296913616235466
0.106577307230341367
0.090771252882764275
0.363844600195753265
0.396270364794335528
0.096411726305513937
0.167604973945991359
0.112937208404194203
0.117306959004717395
0.313735329969624832
0.039821303283534268
0.223029391282436262
0.124024439518416699
0.224565014097374283
0.332958951333455599
0.359539922838716441
0.222246682136156226
0.154985019554111314
0.361484291214149378
0.316461548162782269
0.273924822835181825
0.185372057129220724
0.293134959608098766
0.293906905985620803
0.391437470963479028
0.198186057513930369
0.277860352108751596
0.107202426641604606
0.227454066416367534
0.198677752168341437
0.161180914777743572
0.266098860997143805
0.400000000000000022
0.121023793697152937
0.198185050421108927
0.209848676937947259
0.198978515411117829
0.400000000000000022
0.400000000000000022
0.353441838005083442
0.266126314235250405
0.215228622412238640
0.209591161516082730
0.178383823758953119
0.220710148315540089
0.400000000000000022
0.395872581424082437
0.175471231749034451
0.071023070523041895
0.206412359117554095
0.125545389489446380
0.261722659097966770
0.139836554078149655
0.235693715240650914
0.142148978043998897
0.123002823710807341
0.075033096355924270
0.220510369937467421
0.051982348158072289
0.400000000000000022
0.166006276677934717
0.134713608133919471
0.183230228904290415
0.328350412086240384
0.223313526202715856
0.400000000000000022
0.358518318547809689
0.172564832514801841
0.383604306396682970
0.333057489792027650
0.196774996766023280
0.400000000000000022
0.365883619977655006
0.250523804812732287
0.366492216437179219
0.286029880177742557
0.228126074170319382
0.400000000000000022
0.342824264976592408
0.400000000000000022
0.400000000000000022
0.241312642607965311
0.199412604737485705
0.400000000000000022
0.343583909925230468
0.400000000000000022
0.400000000000000022
0.378672830195216248
0.400000000000000022
0.400000000000000022
0.296859983420967311
0.362747634565419030
0.270671669840113038
0.211289517481485001
0.111595324746536842
0.400000000000000022
0.198132770056779095
0.096012396093765828
0.075768378167093350
0.174369231740836683
0.071315661670740965
0.400000000000000022
0.154312552234504713
0.092909210041024468
0.173560180170215878
0.368743590676505195
0.053374692101471166
0.399415299689313996
0.232624697863089147
0.182215926252236204
0.327558070078012353
0.398153533223218004
0.256602696706124789
0.400000000000000022
0.181613670405090299
0.138619992587215662
0.400000000000000022
0.400000000000000022
0.342760952584891587
0.400000000000000022
0.400000000000000022
0.121195912213199766
0.255740801821379871
0.376491236515304362
0.199192965166349378
0.400000000000000022
0.400000000000000022
0.341054845720379141
0.392844471564511855
0.389013863869446475
0.179275052856126577
0.400000000000000022
0.400000000000000022
0.351614312555183384
0.216256524615053514
0.400000000000000022
0.400000000000000022
0.367580501712989283
0.400000000000000022
0.400000000000000022
0.183499617037974072
0.190505476803370322
0.208576967308899630
0.304838180522435997
0.339868210707101381
0.400000000000000022
0.207275404242447225
0.133241188908340941
0.113131007614551707
0.358342365973053356
0.158157755376286180
0.131554507750447469
0.209146177916004955
0.338524163329504524
0.045743371980285906
0.197314818155959193
0.326223621914951800
0.158940378861157389
0.367928787198596563
0.324040056979379876
0.193933067284020072
0.113944369060962628
0.255971785872364577
0.125853680622625835
0.372819640463406543
0.400000000000000022
0.198575192977307746
0.214679675077708493
0.330179481559828680
0.139860417957511834
0.369919986282049251
0.351548932749940146
0.141922649344278617
0.331151062726656231
0.400000000000000022
0.188626886090019430
0.157445117683467667
0.376968079693667857
0.216912413579972985
0.257632124522682748
0.364177361483001172
0.185972512243887056
0.133927067214103634
0.315763545380760846
0.251275058261532513
0.379581972297537151
0.400000000000000022
0.400000000000000022
0.337908388929075820
0.335716980969609335
0.155248888730766949
0.314001993755201880
0.400000000000000022
0.400000000000000022
0.186053385797144810
0.191953815064590749
0.248008714806590702
0.197451974576039246
0.166260498580309918
0.335652562458368220
0.109022116793805982
0.065152711070576519
0.043309489462628845
0.328026231114059874
0.371288930603129896
0.237828015652264663
0.386592727818693249
0.191171618715777258
0.400000000000000022
0.311999955831665787
0.215835484772995634
0.102473672860835502
0.186200051412301781
0.324226717053615943
0.188169077577581501
0.134033097656858974
0.096909438118811711
0.155576166245665726
0.300402220015982768
0.235186479645209862
0.183914295546990070
0.116834429859979078
0.091722500674395815
0.045749939257319808
0.103615712461019471
0.373620457773405912
0.054492796164209122
0.169577590313207904
0.223790885808209161
0.076669136053354306
0.104035576145452086
0.264370428375584554
0.069620067323678939
0.175679280215918665
0.225007044058862460
0.124996815626449848
0.284422897672723440
0.400000000000000022
0.209359429477285475
0.303559414943491312
0.387966150190690584
0.400000000000000022
0.247757726942201134
0.342445224160346062
0.400000000000000022
0.292628210241411668
0.234134428025705943
0.400000000000000022
0.319068879790678661
0.057548727240296055
0.058389903078406122
0.141651496069341049
0.248928314908971021
0.239712990914353136
0.364749650727486940
0.104437991299323352
0.327197960229842932
0.200604210894928192
0.314697673987901161
0.167270257679578982
0.260860850702265223
0.400000000000000022
0.326587517193865084
0.074626947444043329
0.080345568329568032
0.139831289711670109
0.300330875735642100
0.391140861930215689
0.353869488673452803
0.083757892840239254
0.069660810891600755
0.046074244417556275
0.113998233262967374
0.222912268174332462
0.307354425467826098
0.205437166012497480
0.229606741219685551
0.042799960787879371
0.058392729679595572
0.072404347792584645
0.017357914607950810
0.142721188977220026
0.208448734233753402
0.021113445699574691
0.122005433219416370
0.224186527411126435
0.108511911846105619
0.225983901014396860
0.201544741711596559
0.324540535612204584
0.383313305942240778
0.326920370767584623
0.400000000000000022
0.238537502907742199
0.163497004285291236
0.342690292831196952
0.330839922842235623
0.138855138151491475
0.252880522485607218
0.253100143544975287
0.315659526257785927
0.302270211355169904
0.351669772750634990
0.235536807169281659
0.204941430608491210
0.254404242778007716
0.395262523273183897
0.289497685138241034
0.245509945785180705
0.326481523328431278
0.229219254120266391
0.252064796997405083
0.289831451938274365
0.172169712565586108
0.215460490561278417
0.272807742567462819
0.234157169868201676
0.238960416518227137
0.248891795961368095
0.188378153176327362
0.215083025358536961
0.254895980482210793
0.228583114629666267
0.265746096074534865
0.273842191623238085
0.225954841296130332
0.169021395614853742
0.203885367018707298
0.264288330483300027
0.271087962581812836
0.238848835400925830
0.205528827993329444
0.186258905341180753
0.283529145742025535
0.286146778860651596
0.272184851166908881
0.257367021290980436
0.314238421170357107
0.272957758890935154
0.280324125528245816
0.383902381001116511
0.211999956784406834
0.176989354307604763
0.244641943172828308
0.201161513345417015
0.155031158904879479
0.092702808637071338
0.238644078789777225
0.218844133615443859
0.293467676055315596
0.370142258943339908
0.269612908434366916
0.297564106375036275
0.240737096830676317
0.242626893615006223
0.229903212859615125
0.305499295974009544
0.361988180892210076
0.349106103668345269
0.252269506157342782
0.218645705822734154
0.131995833395858991
0.305313564871483145
0.324026767119723280
0.295577983502627262
0.247631808785600815
0.201274744056844923
0.164612954494811170
0.252277756566212708
0.322294988147850514
0.256288013642544998
0.283803020092051717
0.234838366475140170
0.190318624573627970
0.199142841364988166
0.321209084131764133
0.275590245149415436
0.305115582227591942
0.257103722202496443
0.194174025930228977
0.176799423981265053
0.415607376826505781
0.289999511769730378
0.283893423505145737
0.294679950634453569
0.330600377423973357
0.235159379011810360
0.336314653359357285
0.410393198999876585
0.281527578859327277
0.183752562771922895
0.222258176154997433
0.242149377805091465
0.191908064168503228
0.088605118900063048
0.266358404211018529
0.324227887027171646
0.301721802897757518
0.342876459070453166
0.205564187517561142
0.204585340061561177
0.263712513046707064
0.357977220714310096
0.214338928283858227
0.237804234696819994
0.319325826089956799
0.213205372125658238
0.248241953213581390
0.296091080153919273
0.182418944542917932
0.233764502263945267
0.299760599312061060
0.217252614487072948
0.223904041678590598
0.253223977037480563
0.220730319752489301
0.227263485108598673
0.308161653533536195
0.258919853389482424
0.255915068090451059
0.302820733924780594
0.245634916601354031
0.173588826978862132
0.244098948161506818
0.282596747147827676
0.268389298011300292
0.288568766034563384
0.285932974155036934
0.189559734762868248
0.281414002748911429
0.276430335393969662
0.259947729671628602
0.251706885392888435
0.340577876500545940
0.264752413045573010
0.208757783218315979
0.332638571225607749
0.279615383402659623
0.222912493620602614
0.263769132707856013
0.304758917914805028
0.242150196172128518
0.125488711656872587
0.261174782809852957
0.232931774645245088
0.298874488545630534
0.369290597851148650
0.263188991155160090
0.264364771087582939
0.248686608774731061
0.253743663871969172
0.207262756483622801
0.249369745717523045
0.353420175943107429
0.338347786728189937
0.238089596701416523
0.214490428927422649
0.137563091395706188
0.317876354976317610
0.341546493803527695
0.330880641098104722
0.224133374410056652
0.190339779344721627
0.169225365352023954
0.271316528027851667
0.337412058140876214
0.314470964268909692
0.263477491591535828
0.224076659434339492
0.214646383707708305
0.208276120399616349
0.335076673942505399
0.311351194362940398
0.291688841504623597
0.255141629735652409
0.250228497460633192
0.259926690780527547
0.419631048393634798
0.288539433466838247
0.292282654265115682
0.281219627347150947
0.324366384234417882
0.253700589450238212
0.324094276816653870
0.339318036935096767
0.291710549452073475
0.259116575758222611
0.279927142895672110
0.261081687551319053
0.274735681937853748
0.142506517032051749
