0.000000000000000000
0.001230005243848680
0.026152771281325597
0.094892755634212039
0.024722514804166280
0.055866382466530980
0.001037367203790359
0.002404195379241449
0.007910306181138169
0.038560295592956005
0.022243570429659201
0.019479291702690093
0.001895442638783319
0.003091020068146677
0.005649085994297216
0.127413511727516082
0.097053083154834824
0.007197262853733803
0.000000000000000000
0.005521733623926189
0.017874684252556918
0.017425927941424522
0.186397457859662052
0.158759832594498551
0.000460548578421046
0.002995963690189920
0.027821039694295117
0.030824652204295349
0.050256956966917017
0.030125343282739667
0.003288165681039646
0.003515244855055753
0.019050525180588251
0.034963841380994981
0.043922964379566297
0.013108181630176305
0.000553060747237761
0.000000000000000000
0.132588987087501997
0.400000000000000022
0.400000000000000022
0.030180949363676147
0.001765120554346955
0.000000000000000000
0.048286558212752226
0.355584448932729336
0.118148640369977256
0.006423542580180842
0.000255782805324213
0.000412101621502449
0.017952033234533402
0.034176545557888210
0.081801649689794614
0.315486415197300363
0.001069278165829556
0.001697848127628407
0.018632324368487711
0.020002215399276966
0.015248937224631661
0.020815432093889637
0.000647228268585268
0.000150002633010344
0.011603238217247791
0.049655319421953850
0.020034540552731909
0.096512251785230901
0.001052037980856379
0.005178780764913016
0.020052571541572181
0.054529004048943432
0.034876259382749963
0.053235021315757455
0.000507903073559505
0.001555654978876813
0.068419095151544665
0.058580406667984600
0.093378811643754639
0.076051731735553976
0.000857139768736259
0.003184033905664358
0.084096613016845317
0.049252606810157806
0.065857153258791032
0.053032800310398094
0.000898443771396491
0.000384295990713975
0.042857658435616459
0.229218441851041399
0.319992182769372413
0.042981053359383431
0.001385412139323900
0.000000000000000000
0.007999531720324932
0.109992958799223411
0.071149784821811612
0.018426952228767585
0.000000000000000000
0.005860100263017588
0.025209471636301599
0.003443801602156287
0.093071922883818117
0.364388352151489070
0.000081473737418270
0.022972699028623839
0.061148497592142477
0.000211819267037272
0.041201656181588289
0.073982628209552898
0.001167385874798535
0.001273706924153676
0.016300632337204354
0.018382370983420104
0.025334355491022628
0.120262420298919342
0.000449572460069024
0.000047263046792263
0.083780123307408583
0.172346172921573171
0.086531902892204332
0.149114558695835647
0.002850369870570242
0.009817901792479334
0.057214168449287076
0.128040421931446491
0.087191794074747808
0.092580040094424554
0.007987131278416350
0.009905545678690772
0.036998920030874079
0.048234480444974762
0.086837472786510064
0.112291774268488062
0.000902476164876739
0.007558880802441983
0.004988147830064574
0.006104175299257544
0.022678978048195714
0.042345254532119653
0.000520053630662704
0.002970593793926504
0.000850913982399916
0.049144764216468455
0.021215277451743612
0.022077508685071794
0.002583526690743099
0.086318624364314381
0.060143609398155010
0.006427685468397077
0.230974277738011408
0.389867640134962667
0.005050048456074412
0.036165303804946800
0.018079368584942204
0.017025331852279807
0.192562461961772291
0.198436494783674949
0.000996183780799355
0.002200281604384035
0.034358149206707676
0.156773841282189408
0.022142402627297313
0.238180259784890047
0.012692119373862271
0.018944327097821727
0.054638009099728768
0.137320843893418948
0.017239177788240346
0.097451450714978280
0.008232951220815901
0.018442280167946117
0.120941277420200749
0.241499633847229500
0.148529406136900466
0.104235675391988455
0.009222791655185884
0.034994471654069888
0.030469025443994324
0.010738940472530796
0.215202344798322259
0.255664557383490920
0.001307624230485599
0.003724564986438112
0.053834856106373639
0.020193185352975266
0.014626750198759302
0.213506987707409113
0.006284444066462862
0.010594711168691939
0.034280640302745947
0.065522204558217195
0.059334779674643186
0.248168974507207957
0.400000000000000022
0.231487314652214338
0.149237254876174674
0.008559886066175105
0.187703951178700812
0.400000000000000022
0.400000000000000022
0.072099738592092552
0.030951088187649228
0.000728822240739095
0.188887425913380647
0.220201049326659126
0.400000000000000022
0.017878353277404693
0.037984256622451418
0.076473299959268951
0.039385255113724357
0.155131380679787295
0.400000000000000022
0.071026905806724175
0.095198389592336147
0.145146256327086248
0.396153698987391389
0.376835713276202022
0.400000000000000022
0.120377947332302226
0.109525295668114336
0.115692014874075474
0.400000000000000022
0.365536075490821344
0.400000000000000022
0.210129071880835017
0.117027960395788458
0.021231021528430340
0.172715399241582190
0.360413203225107726
0.400000000000000022
0.133958451909627463
0.044437119441336735
0.003546924352804800
0.023059828639311473
0.350367808299121619
0.400000000000000022
0.179407801622053498
0.090108572673542636
0.041234985101075226
0.067772377697159186
0.190508840336424956
0.310335273871673922
0.177464538226156071
0.079934796955200976
0.018316924569363888
0.218129279217356864
0.389403421340696942
0.338859150245467422
0.087463471838875664
0.029907919017855132
0.002003401847471175
0.400000000000000022
0.400000000000000022
0.126044703686771259
0.035352448160554065
0.029097805539021707
0.074664294926697877
0.049493558721491221
0.224243391094567174
0.240781048603870201
0.088753764406609176
0.051908877390051386
0.071828278797569825
0.208650246119096744
0.339625724906873483
0.221052422494358081
0.143007537125371592
0.102082483204046615
0.053075363935056373
0.365165540042989623
0.342602072499434640
0.250583084764058939
0.145049369714561505
0.101782498734537361
0.022733012854313596
0.084600585174257351
0.148709214809629869
0.184788279802452771
0.245807169204419085
0.130734240099671578
0.004949223105289407
0.013891410652164258
0.216481929951834351
0.382660008811762764
0.129833230783930248
0.073439918107713623
0.036618282791407719
0.042775779929561678
0.070865918023766336
0.004646886635985489
0.015059484713030487
0.025468592343800049
0.035875714089418573
0.206555830115559252
0.358101723101585667
0.002364286690566540
0.024765978794882029
0.020215183191152633
0.005259335887874186
0.160752611277010349
0.295960917487415542
0.002812682622859595
0.013102282197829154
0.065620513007380338
0.109628679085171890
0.040539926964233905
0.164728464381217188
0.000312768048362707
0.005606050881520725
0.038867293574576439
0.100867762991872972
0.010426284902468419
0.092091285794893368
0.000000000000000000
0.045155794157470203
0.046119947836112417
0.075068621462718033
0.106080443968459226
0.143533816139836623
0.001583043475511621
0.027396492047580889
0.054843439962590487
0.017771031221998270
0.056322141401687405
0.027248671029658979
0.005477941488772769
0.033029221633684845
0.078179220166101501
0.019574009211229343
0.015320620559426849
0.101547902372833260
0.014081717837001176
0.034699781721232406
0.064048031056383931
0.040239049591667492
0.017821719794019846
0.172194837566954306
0.000047294257434794
0.000073800314630921
0.007431041342004919
0.040116235772100189
0.058329244133664630
0.144862607194712417
0.002176978263816182
0.001171208703678758
0.016791470550200471
0.009872077410860148
0.119237490488101519
0.308422202056727823
0.002858241107967424
0.000391850202545059
0.035857887941607575
0.110348142950430494
0.061799431800799692
0.288628580246120370
0.002153682692463962
0.002700861543340060
0.026197839185408908
0.109809809038092107
0.013595785147628180
0.141355405739379797
0.012814402313063987
0.002801101225123111
0.026705505749689655
0.048038178267611753
0.041061601570930403
0.071454404009236888
0.003643587832762506
0.008310429124821357
0.027916008002989857
0.013461358913503023
0.070291767483580431
0.029419839199854150
0.008327201334757669
0.009728687218879291
0.072764182416415066
0.045521417108178558
0.004140492240017058
0.020919309090513281
0.054315889687960500
0.022942060545589595
0.071532315211523576
0.125676534616557090
0.016548408023659408
0.018003874062095068
0.000000000000000000
0.000000000000000000
0.017638732342364287
0.142135168217509100
0.196913506225797980
0.387165795342279462
0.001623148252287791
0.007888522009765114
0.071907712148973929
0.010431556631529100
0.133822077875045298
0.400000000000000022
0.000100679952891042
0.006740892248238284
0.128170222170466086
0.068356100388019952
0.074078779230813199
0.381803076163575561
0.002666931982160335
0.001715208597594705
0.014050202818965130
0.022332683722555771
0.007145947881817678
0.035872819991000143
0.001553708419741946
0.000310264512831350
0.024879430426203074
0.041417681024824168
0.056892381934355946
0.049456929538610861
0.001295014357508215
0.000619666178356359
0.015239025896917648
0.041117834295992708
0.116888010138109011
0.038664316108357667
0.002174448266466889
0.006687366644312770
0.053189194782837602
0.128449072373740952
0.020719051803832874
0.053458964073613092
0.002859371010962698
0.035790506968008798
0.102127335824232404
0.330162165001638086
0.016748032178138878
0.122457599877688977
0.000000000000000000
0.000000000000000000
0.003340673956994885
0.147772787456939975
0.050707600692841123
0.084999697516772582
0.001557791495149602
0.010350686163864311
0.083069644745402876
0.017452992467955258
0.034385958141982212
0.299114819150079370
0.000334474724830399
0.003530112089352935
0.151752041600454718
0.100080361404833257
0.072374460578993757
0.205440778777534833
0.000000000000000000
0.002263781059926102
0.019570454819600919
0.018215247160824968
0.031056575924251775
0.049097415302793407
0.000000000000000000
0.000000000000000000
0.009398142614655460
0.023789090189595047
0.098915696239004050
0.093442107658822604
0.000000000000000000
0.000000000000000000
0.042184712348638957
0.058572058911233751
0.164224745600501626
0.073483676226319086
0.000262349328817912
0.003617191767849723
0.018294363139174423
0.078500058927658725
0.025858939306110003
0.047627444115438435
0.397201098402614972
0.392133833306651636
0.394012838730227410
0.400000000000000022
0.332837071274955709
0.169742070315501620
0.000000000000000000
0.001761014738762785
0.070384613195898726
0.062043982858588066
0.035987607641358846
0.061747105456103069
0.002291310355349048
0.030026388975766299
0.220664529972465856
0.029459038297891996
0.016103449420577461
0.116764087067516689
0.000142124429059482
0.006107497867486580
0.059713657147813910
0.061346151287062570
0.043629651034810348
0.040807583403379373
0.002497145522687976
0.004078837311806316
0.021825732112517319
0.035275164368409911
0.053141667857325880
0.013009033073482494
0.001169641912940087
0.000215466455516360
0.023923883013482954
0.119985636168071425
0.017134395292163086
0.009464137516931637
0.000000000000000000
0.000000000000000000
0.018049811082256548
0.078102187765648506
0.072341827409043866
0.049625596760726046
0.000000000000000000
0.000000000000000000
0.018558863058917390
0.044986621091207400
0.024150405071840665
0.032172580867342031
0.003653339110928034
0.035854611526030714
0.010589003084650278
0.039421586839385382
0.062936423202238231
0.013082104260298984
0.000000000000000000
0.099472140312024671
0.400000000000000022
0.228109110456292424
0.014432950723492054
0.025426642611891384
0.003519665456469277
0.107503039901864356
0.400000000000000022
0.067723652224877778
0.003984296483976131
0.010049949763155458
0.001367509167621141
0.006067168264974675
0.108928111604524758
0.179543299942689527
0.132322986622687766
0.001097115945898080
0.003816224728989312
0.002289087876120022
0.024260122672978283
0.079061765329976663
0.096662234127937730
0.004684195818766270
0.004023737848314940
0.000436676638801938
0.010961287391481354
0.144172070405583413
0.043371655222767549
0.010964460703798508
0.000689949003498761
0.000875760508698079
0.003977821338817417
0.064944736828177196
0.098999558620039382
0.066016934596970944
0.002005502588614975
0.001740653836337858
0.011453604716976739
0.052094381901622147
0.035389318121404355
0.054755887145664886
0.000472776027875185
0.001175872655865615
0.031975972834430280
0.004235106685820589
0.006396861222306316
0.008339739992089836
0.011807516731689310
0.032557255411762256
0.398617088658977492
0.247955357334778997
0.006824364552912967
0.033156383577021914
0.004309891525355027
0.147921939924860274
0.336663840532083258
0.147775723595701181
0.007422570438330186
0.030918285399593279
0.010677731794301367
0.063546028236856622
0.140420831913397215
0.116879608328226886
0.100900451191064722
0.017938997788749588
0.008184017121463777
0.015533842426824415
0.044578788647318110
0.121210837837625943
0.140733250103274504
0.091259732546921074
0.009626418503638228
0.014988907022091744
0.022822277085544559
0.338238774607971471
0.358252380706658213
0.400000000000000022
0.006293685248420632
0.033401366152046336
0.188907310771053494
0.234990852741490203
0.166749821323095959
0.133848603663927257
0.026391087982620749
0.034237566408721012
0.060230118878538561
0.097550689611838312
0.027774322015087276
0.035006314867135034
0.005910276577790029
0.010720957936579734
0.016438792254386873
0.008965299600642299
0.038124179052442732
0.032567995069540522
0.120938684980298639
0.262293188623379137
0.400000000000000022
0.377569201356279693
0.052488818889469720
0.131083755567381638
0.085000046832194046
0.400000000000000022
0.400000000000000022
0.234500688933146462
0.070401133396107929
0.206402420148765336
0.101228354323310399
0.400000000000000022
0.400000000000000022
0.134465327210821578
0.164327007048359702
0.030167478861742751
0.108876687100197031
0.364808126952722911
0.127038611086523728
0.264138055920489279
0.221394663128355818
0.105251706312512822
0.111626810449000052
0.310675464398897150
0.062495897366747433
0.342188353736753825
0.240939967084924322
0.328649160432562315
0.082513679882982152
0.293205988671096096
0.208473790336752229
0.145320995959166310
0.150775756097651481
0.196241873582130244
0.082723256203513756
0.355523482480888442
0.345322833924682715
0.068013598219039378
0.371667636492777342
0.165096419606545808
0.108434976983209128
0.305832868823417647
0.068330569036989405
0.027875680217102808
0.400000000000000022
0.275822804832916990
0.116315702397772919
0.309060952943045419
0.164679704548777339
0.118687669932296069
0.017933443097636850
0.164479127892466132
0.067541028412845733
0.259138358473111174
0.082857129202722396
0.269666199880674085
0.093261764470011457
0.180390682116619072
0.046791299155749061
0.398775663835418070
0.292062505990730636
0.125511622012644986
0.256718355443833091
0.026489020515476067
0.041544924008282455
0.400000000000000022
0.400000000000000022
0.144681346565179558
0.183917500811984491
0.197437188765780369
0.046194548042661959
0.400000000000000022
0.400000000000000022
0.102923811071372565
0.117394825225395003
0.190987788203744319
0.071514628350269685
0.380368739396943989
0.400000000000000022
0.133701252379125751
0.057386160440014933
0.010168479211064941
0.052091562841372382
0.220024351630133452
0.400000000000000022
0.047661462106856886
0.100801544283758676
0.054101994200985257
0.048104543173145040
0.191286329557652457
0.108611903675986637
0.027144707720370590
0.400000000000000022
0.203263871370094079
0.030499551165233032
0.015699952083344574
0.037130659736184166
0.193982759768784929
0.017339441333848529
0.039664192772997112
0.025146659764745928
0.046620649773077623
0.034900401294685794
0.319887284769201641
0.130977922094705462
0.003193485362182768
0.004948288571881309
0.006887026186065006
0.020325756804514698
0.162770586633325054
0.232242690453808298
0.060043695589493420
0.008145256161868439
0.083798671868375710
0.133407025948622165
0.174724508891169167
0.310292960520012429
0.388327367378605071
0.004813959464960289
0.232714029697800473
0.400000000000000022
0.142985288435677677
0.152030528790201125
0.231678938282421809
0.004990950032853453
0.049252184150556821
0.388135114127257430
0.119681760021262504
0.059660432130367619
0.027650474780080155
0.003492095857180355
0.020555909682354545
0.311249242714695340
0.048416622136926726
0.072882285117919124
0.021462143244765083
0.012839991312369020
0.016056065368038486
0.161158627097068269
0.068904435957599375
0.041264248882353735
0.015684582132605290
0.006887864298910105
0.002580365867882293
0.048641733319813384
0.142434908758780593
0.019467417611292809
0.011813725380085204
0.013555524779466036
0.005045486911444511
0.043798199899174349
0.282764204471835590
0.078256453764421516
0.028327889258670885
0.000709528038189240
0.000000000000000000
0.007999547412854783
0.124944637273274373
0.056650477927288945
0.016283291216575086
0.002929699265171853
0.000242823489237488
0.012461974722469004
0.021149104044437345
0.016548931084016161
0.037001197870396851
0.000167015558597078
0.002360669851775937
0.065506046858381295
0.039469059122546744
0.014322305486349758
0.010063587113232757
0.002809078085673528
0.003386817755370297
0.097655528931418961
0.077048745600062418
0.010132737517795781
0.011952370563830490
0.001718047217580162
0.005762933293721959
0.071606191195608584
0.059190906303704681
0.100891018085023251
0.033651378405157736
0.000728075082927785
0.002251477057790021
0.244632230875677426
0.183050008798761876
0.021079620971185292
0.012020631155460071
0.000000000000000000
0.000000000000000000
0.100126911873989227
0.153144820044448904
0.010629716751346576
0.021620470533061840
0.000000000000000000
0.000000000000000000
0.051103775826289263
0.120628324864977668
0.053706054559973078
0.001530574313729848
0.000000000000000000
0.000000000000000000
0.009584748657097150
0.059517313252530679
0.084212788857020771
0.011621377949766795
0.000308029138539030
0.000756654378321503
0.005004107832593868
0.069146376148130601
0.007401266847899655
0.008229522928186130
0.000074691628464633
0.000177833830065451
0.026395338384797174
0.040167553699140351
0.020700243182551450
0.016999763610545900
0.005963370432759189
0.000437586695954709
0.049510946107178169
0.075998693562718073
0.023123346102998987
0.012027415418231590
0.000955070294127118
0.000071739847323863
0.259688072630904598
0.308252358305053598
0.198494131047542322
0.044477329824376098
0.000000000000000000
0.000341268992481191
0.125835914901252177
0.353766918920825457
0.037511296299388847
0.004205800329890740
0.000000000000000000
0.001230005243848680
0.029493445238320478
0.242665543091152014
0.075430115497007386
0.140866079983303555
0.002595158698939961
0.012754881543105761
0.090979950926541056
0.056013288060911257
0.056629528571641413
0.318594110852769452
0.002229917363613719
0.006621132157499611
0.157401127594751944
0.227493873132349367
0.169427543733828567
0.212638041631268621
0.000000000000000000
0.007785514683852290
0.037445139072157838
0.035641175102249484
0.217454033783913814
0.207857247897291986
0.000460548578421046
0.002995963690189920
0.037219182308950577
0.054613742393890399
0.149172653205921074
0.123567450941562268
0.003288165681039646
0.003515244855055753
0.061235237529227216
0.093535900292228719
0.208147709980067930
0.086591857856495383
0.000815410076055674
0.003617191767849723
0.150883350226676427
0.400000000000000022
0.400000000000000022
0.077808393479114585
0.397577373895224628
0.392133833306651636
0.400000000000000022
0.400000000000000022
0.379324803963539070
0.176165612895682444
0.000255782805324213
0.002173116360265234
0.088336646430432125
0.096220528416476270
0.117789257331153446
0.371848908078025620
0.003360588521178604
0.031724237103394705
0.239296854340953574
0.049461253697168958
0.031352386645209125
0.137579519161406316
0.000789352697644750
0.006257500500496923
0.071316895365061694
0.111001470709016420
0.063664191587542260
0.137319835188610267
0.003549183503544355
0.009257618076719329
0.041878303654089503
0.089804168417353350
0.088017927240075844
0.066244054389239956
0.001677544986499592
0.001771121434393173
0.092342978165027623
0.178566042836056010
0.110513206935917721
0.085515869252485610
0.000857139768736259
0.003184033905664358
0.102146424099101879
0.127354794575806340
0.138198980667834870
0.102658397071124147
0.000898443771396491
0.000384295990713975
0.061416521494533832
0.274205062942248834
0.335965646801485052
0.075153634226725469
0.005038751250251935
0.035854611526030714
0.018588534804975208
0.149414545638608787
0.134086208024049858
0.031509056489066573
0.000000000000000000
0.105332240575042257
0.400000000000000022
0.231552912058448745
0.107504873607310147
0.381342313181661174
0.003601139193887547
0.130475738930488194
0.400000000000000022
0.067935471491915048
0.045185952665564424
0.084032577972708369
0.002534895042419677
0.007340875189128350
0.125228743941729115
0.197925670926109659
0.157657342113710408
0.121359536244817406
0.004265797189058335
0.002336350922912285
0.108040245980386862
0.251407938251549834
0.183194137020142089
0.153798754514601899
0.006874107718885182
0.010254578431281273
0.068175455840768437
0.272212492337029932
0.130563449297515344
0.103544500798223055
0.008677080281915113
0.010781306187388850
0.040976741369691490
0.113179217273151944
0.185837031406549447
0.178308708865459020
0.002907978753491713
0.009299534638779840
0.016441752547041312
0.058198557200879686
0.058068296169600069
0.097101141677784525
0.000992829658537889
0.004146466449792119
0.032826886816830200
0.053379870902289052
0.027612138674049928
0.030417248677161626
0.014391043422432406
0.118875879776076651
0.400000000000000022
0.254383042803176029
0.237798642290924345
0.396805829167230728
0.009359939981429439
0.184087243729807087
0.348385519791278908
0.164801055447980987
0.199985032400102486
0.229354780183268242
0.011673915575100724
0.065746309841240663
0.174778981120104870
0.273653449610416266
0.123042853818362025
0.256119257573639680
0.020876136495326051
0.034478169524646142
0.099216797747046878
0.258531681731044849
0.157972427891514833
0.188711183261899340
0.017859369724454129
0.033431187190037862
0.143763554505745322
0.400000000000000022
0.400000000000000022
0.400000000000000022
0.015516476903606514
0.068395837806116216
0.219376336215047818
0.245729793214020942
0.364259867052027841
0.368087207025519669
0.027698712213106349
0.037962131395159124
0.114064974984912193
0.117743874964813602
0.042401072213846570
0.248513302574544126
0.012194720644252890
0.021315669105271669
0.050719432557132821
0.074487504158859491
0.097458958727085904
0.280736969576748485
0.400000000000000022
0.400000000000000022
0.400000000000000022
0.380784617152862992
0.240192770068170525
0.400000000000000022
0.400000000000000022
0.400000000000000022
0.400000000000000022
0.235229511173885519
0.259288559309488631
0.399355593907579798
0.400000000000000022
0.400000000000000022
0.400000000000000022
0.210938627170090570
0.203712262162084046
0.185298859541530025
0.400000000000000022
0.397390190700491419
0.222237000678859875
0.359979415060535601
0.400000000000000022
0.400000000000000022
0.400000000000000022
0.397813757816758762
0.172021193034861769
0.386919882863230979
0.400000000000000022
0.400000000000000022
0.400000000000000022
0.400000000000000022
0.325501750732540673
0.166552017487596682
0.323491155339233671
0.400000000000000022
0.400000000000000022
0.400000000000000022
0.375676654924858355
0.071560522571844171
0.375360449217579828
0.400000000000000022
0.400000000000000022
0.400000000000000022
0.158439141710532028
0.069110665318178027
0.400000000000000022
0.400000000000000022
0.398059485820797088
0.400000000000000022
0.244614501503978315
0.137004594501659943
0.236062722314993728
0.400000000000000022
0.390800808594264137
0.346601830311986880
0.112765048220577521
0.271669601728145305
0.400000000000000022
0.400000000000000022
0.172836002842520320
0.400000000000000022
0.312963789771086631
0.200175916939342891
0.306211914165324339
0.250732411610043227
0.282325972612152643
0.400000000000000022
0.400000000000000022
0.216509625362749369
0.353016016094450102
0.400000000000000022
0.267246970537020012
0.400000000000000022
0.400000000000000022
0.155999175006428931
0.400000000000000022
0.400000000000000022
0.322097713114328554
0.400000000000000022
0.400000000000000022
0.156434265233439340
0.141986745614272269
0.158877694020694793
0.236879842643825167
0.400000000000000022
0.400000000000000022
0.052610685212146298
0.114692954935922922
0.270583924152819622
0.394463530158145170
0.321071571014104273
0.182051821783700246
0.063762990511778306
0.400000000000000022
0.274129789393860401
0.035146437801218525
0.030759436796375064
0.062599252079984222
0.229858473858203488
0.223895271449407796
0.383246698332293745
0.027510946455312470
0.071386628567959659
0.055115584485838427
0.323370673179713408
0.288375952364459121
0.299154402849598322
0.007760971194740906
0.019989308383894164
0.085946269811895043
0.272399265718496930
0.272782617418042161
0.224772159970710594
0.008458024210231145
0.089404722749896443
0.172274319523198605
0.275057571217187102
0.317012863235686670
0.400000000000000022
0.004813959464960289
0.277869823855270703
0.400000000000000022
0.218053909898395709
0.258110972758660351
0.360576091233933749
0.006573993508365072
0.076648676198137700
0.400000000000000022
0.137452791243260763
0.115982573532055017
0.054899145809739133
0.008970037345953122
0.053585131316039383
0.375527242089905955
0.067990631348156083
0.088202905677345969
0.123010045617598360
0.026921709149370195
0.050755847089270882
0.225206658153452199
0.109143485549266853
0.059085968676373578
0.187879419699559597
0.006935158556344900
0.002654166182513214
0.056072774661818293
0.182551144530880782
0.077796661744957418
0.156676332574797600
0.015732503043282220
0.006216695615123270
0.060589670449374820
0.292636281882695748
0.197493944252523035
0.336750091315398792
0.003567769146156663
0.000391850202545059
0.043857435354462355
0.235292780223704867
0.118449909728088637
0.304911871462695494
0.005083381957635815
0.002943685032577548
0.038659813907877906
0.130958913082529438
0.030144716231644345
0.178356603609776676
0.012981417871661065
0.005161771076899048
0.092211552608070957
0.087507237390158504
0.055383907057280163
0.081517991122469644
0.006452665918436034
0.011697246880191654
0.125571536934408812
0.090510104513565420
0.080424505001376212
0.041372209763684643
0.010045248552337828
0.015491620512601247
0.144370373612023650
0.104712323411883218
0.105031510325040295
0.054570687495671011
0.055043964770888291
0.025193537603379616
0.308820664473246742
0.308726543415318966
0.037628028994844707
0.030024505217555141
0.000000000000000000
0.000000000000000000
0.117765644216353521
0.280032586145799733
0.207543222977144559
0.391690019498888709
0.001623148252287791
0.007888522009765114
0.123011487975263178
0.131059881496506797
0.187528132435018369
0.400000000000000022
0.000100679952891042
0.006740892248238284
0.137754970827563245
0.127873413640550632
0.158291568087833984
0.386750828111056877
0.002974961120699364
0.002471862975916208
0.019054310651558996
0.091479059870686386
0.014547214729717331
0.044102342919186271
0.001628400048206579
0.000488098342896801
0.051274768811000238
0.081585234723964534
0.077592625116907399
0.066456693149156754
0.007258384790267402
0.001057252874311068
0.064749972004095810
0.117116527858710767
0.140011356241107970
0.050691731526589262
0.003129518560594007
0.006759106491636633
0.312877267413742166
0.380515313395566768
0.219213182851375199
0.097936293897989191
0.002859371010962698
0.036131775960489991
0.227963250725484567
0.400000000000000022
0.054259328477527721
0.126663400207579713
0.124120785776822562
0.162360312478839169
0.251678956191099645
0.355883883922141264
0.165812338760212424
0.409668389734405891
0.112672865916001549
0.164248193203728243
0.272699392203641200
0.249945909333710969
0.177711368288288984
0.323291546373974059
0.081851446171834791
0.114730688997350894
0.209302250962612402
0.255707603465014643
0.152337736674427848
0.202223675041875384
0.100225421500232142
0.131211768600304146
0.139980123852099486
0.196030866324912290
0.178361325521349562
0.221571139126760519
0.101721659460866976
0.159752842203537221
0.192440014589517705
0.301371313786400918
0.262528699213659067
0.269170535217711504
0.106014722674441286
0.149639775143401155
0.213421313256214495
0.139536732912118738
0.205460504287967777
0.178447816954123345
0.094177302663248239
0.137446100153739231
0.209787876711209853
0.167137700308239295
0.209271485694432713
0.187181455450887130
0.158920259270815434
0.141684405586629453
0.158044852638626943
0.250497628041037979
0.230358358328893759
0.199061178990259130
0.113074932426479285
0.130286363240971786
0.237907445417696373
0.232294852461906925
0.280411268413746084
0.405044161481071308
0.107222056251953690
0.129646491999407615
0.208180779590410925
0.180506874979353277
0.274681101328601573
0.367713720958166901
0.081515628195882053
0.109464204417082170
0.137177387353804997
0.165917957660105281
0.223503587920172275
0.293204072499214763
0.099017168763357991
0.121146952064861216
0.116233575309969916
0.134445563943110968
0.225440165694622940
0.277592320433409090
0.095663717621883942
0.154615504140919929
0.179781769076022502
0.181136466249607164
0.317113294848102245
0.345764435870670850
0.096565122407947290
0.142161504775298736
0.224872213898649642
0.107878003280634988
0.160928004098718019
0.221001780912871731
0.088580645939869584
0.120800226169921185
0.275243456507096196
0.171658483814833202
0.158927203515283333
0.154503252670826402
0.172801877009739813
0.140379646163432792
0.181969391435130995
0.241494072861174580
0.177879498554343596
0.167122504156114876
0.122790120940605318
0.164482406440872420
0.229172114764120222
0.190578393274826979
0.137149548888692158
0.426410520254785930
0.120448808665193363
0.162158060475859372
0.222114631673647200
0.200622553907657486
0.152727074298551063
0.320116413135032862
0.085545214925282498
0.119031996910241356
0.230635014000058036
0.265903703823187731
0.133368523586462201
0.225620396903132597
0.097765465410141125
0.135861710623014942
0.182688586093819438
0.302521333862501018
0.234685346983462356
0.262383861620214931
0.096359809922713827
0.157238234023118734
0.206602194214537238
0.293636251938663051
0.246644191698379145
0.267237939314473538
0.102912704777563202
0.141108531688215771
0.235409178208222936
0.216127988567657026
0.193288223518209623
0.153313217582243838
0.094901938566899102
0.129341689694900064
0.247818275628833629
0.244002356378274221
0.253254341634072899
0.175594896719251520
0.176272310369806673
0.191036444224399304
0.190962174916762706
0.284001376436070541
0.235272034777587874
0.213580921189480910
0.113449705575942736
0.128034275522537683
0.239168562880497482
0.190274071805919626
0.135046825411645421
0.351800431314818085
0.109929841605650794
0.139436476753719868
0.206147892388936105
0.120314089780223135
0.225702136289327310
0.315393303697597105
0.082350794633441582
0.111718578626957887
0.156114574591412258
0.187744791299926994
0.232415583425842093
0.262563983402277490
0.097275686296890179
0.117717501053716214
0.122400675520615579
0.196293427269730758
0.314762125278647165
0.340887184984478786
0.095239540583846760
0.144057608174896268
0.177872542350617446
0.207270194758059995
0.310550979524318926
0.328300280942742773
0.096722570489185838
0.134671235402844702
0.214565295612299284
0.124701030311094793
0.249260858443410366
0.210701531627804750
0.087235979273880285
0.122661221084501226
0.261793500222081976
0.200773451116274843
0.223455533429139763
0.218171169453593855
0.171395291654202198
0.173609379545229592
0.248841589250569789
0.292924872479667586
0.191652754037783757
0.176293890613883675
