0.398280209754800663
0.140271990721745399
0.018781967939982984
0.002179991547284751
0.041647132891971021
0.029719553108761221
0.286946727626815778
0.033160223639471832
0.016054479271918033
0.004536037141265454
0.024837092265787956
0.082035729359160287
0.044419278387526434
0.039310376515276364
0.015824705483478627
0.024219088091055732
0.017829085109414663
0.007356180848425106
0.046804284525921884
0.014392726079084994
0.051098568804955870
0.315045693634238511
0.080176282334642246
0.018435532449373293
0.141399956341733579
0.000000000000000000
0.011040312258714959
0.088543986951542045
0.067542629262595438
0.029392825069365448
0.097912641316860477
0.009822074915206777
0.019706507601555640
0.024986825877855265
0.054608700467915675
0.012688009822716834
0.019839659907373942
0.061943337224486965
0.389988721678191319
0.297321229285873789
0.101954569203393144
0.016915572248103351
0.095479093359754449
0.158626020326759820
0.290570571720288884
0.231807766421059158
0.120025902892744063
0.007288137751256515
0.374697513514945402
0.211140502574107602
0.004281522659524166
0.157615585013979986
0.400000000000000022
0.033848837167655986
0.231975864660890957
0.083575485505293270
0.003018630419883277
0.129990068891915056
0.400000000000000022
0.053843560359763093
0.042834157380830754
0.032853509009017512
0.004014445571814067
0.013992888484388528
0.001986069904725102
0.036268344126706001
0.036720579200777231
0.004310733909098242
0.043657964612695048
0.213804314821657321
0.371297837525887298
0.042980457771608312
0.127657138828112748
0.003923786962000137
0.016871729491618200
0.156220709214100278
0.303178912755712460
0.030059109569492801
0.107017707832402012
0.006341173791862431
0.026501668707948376
0.073506985261365801
0.054343353451690612
0.009991837631800282
0.055635138482743908
0.093868245981777565
0.275541688039833921
0.337478877899492935
0.347584601361568268
0.014793743187881406
0.118956057637042922
0.113275707562172284
0.181327509366718570
0.142838279564832804
0.242475236851060344
0.026521755722284265
0.094194423252172005
0.068362947500909918
0.004136952841264632
0.089123901035170539
0.096362469254710120
0.019099646098763370
0.141085584825929533
0.004599384584976749
0.001328785762909115
0.081031759371784237
0.075200078495500672
0.042686223032109435
0.073347771935472456
0.005231987026892950
0.001792621299059083
0.090306907293019378
0.400000000000000022
0.048207550283871220
0.066544463005158122
0.000181486104335811
0.018862461648617018
0.218674854146629960
0.400000000000000022
0.063899852733501378
0.094726453148979151
0.000867409748309661
0.048796740817650328
0.285254762723058664
0.379651809348592661
0.033558029771518331
0.041282670768931440
0.015745174266669399
0.320717159233035454
0.400000000000000022
0.214771764538400467
0.027953159527948593
0.023715856209504664
0.050955094085997146
0.223276545739364479
0.233306855098023569
0.384771202000883772
0.020031089046875807
0.053542390659625551
0.069773763384241405
0.150938339399046384
0.091111300722035715
0.076236292111129811
0.028875211748643274
0.056431338971801803
0.038484808653012847
0.002606564924938578
0.209213846367473533
0.275023822994109435
0.074421463580121708
0.080519330859573177
0.002445426078283506
0.012999757066392751
0.271465127832610398
0.231207763249646508
0.042607754552182436
0.142208698583786847
0.002972759511303860
0.001030923380635880
0.049674001743764996
0.400000000000000022
0.175750093490919357
0.127204178138516283
0.000361993498032749
0.042297154213904668
0.092320093310926207
0.329657391006799694
0.078171612995709044
0.088170247379709632
0.002040371731181560
0.136749562240317146
0.145327727243372007
0.157854724781944483
0.054341945471717487
0.017836609346454989
0.002199597110620259
0.386409412648856532
0.400000000000000022
0.230765499222701342
0.044507278548795916
0.038886667311125937
0.018325566180578165
0.127543121692942296
0.052981971693528654
0.263532437758782101
0.034379258951151417
0.017204032067606814
0.033607782104057418
0.145458134339972706
0.056507464809285562
0.057504180755837443
0.029970873229278945
0.035195862485606820
0.002730586675253329
0.009566631803365901
0.228169963169609052
0.234233541601123751
0.083247024524497254
0.171130446217261145
0.000338763014413789
0.042447579457568663
0.400000000000000022
0.332394846255335219
0.094043198231087366
0.076429230164361414
0.002811745210074061
0.020018222456410963
0.159899912229170993
0.232989823132222884
0.134562551186010237
0.025906966521239548
0.000904421340472057
0.128184412665109493
0.308250123256774144
0.253233160834786364
0.113917120131528216
0.060890414707398338
0.004699422849075064
0.347753839101362427
0.400000000000000022
0.108324321706591453
0.102068337970984913
0.336241260339454728
0.009986494925482503
0.122145326536068785
0.086828698916945932
0.145193271589142470
0.096053345597673145
0.191960653186634078
0.003172342683904956
0.056324890395497304
0.129767072249809018
0.116765672484048455
0.078999746528351247
0.194725081641905884
0.000000000000000000
0.030910978998863491
0.151465526596611610
0.124894478967649991
0.062734765513583923
0.026846361046467742
0.035963278130550037
0.003587516276611396
0.192518955126927210
0.346286869736286196
0.082543456493866407
0.032880388640329411
0.000000000000000000
0.021176860490811026
0.400000000000000022
0.400000000000000022
0.064392767166788489
0.150371930093731787
0.000000000000000000
0.006102244329123236
0.387139775155291854
0.400000000000000022
0.060854602163080293
0.110834403219074909
0.000073585642637651
0.073233712133615098
0.312794740228058199
0.317786790322835744
0.126779614756251074
0.109804543314518971
0.000950992105027324
0.339889109564242897
0.400000000000000022
0.137102975341837741
0.071066074933175238
0.234600313798088850
0.001051776297714527
0.155692895647138951
0.239628061569060385
0.215637498897100044
0.094495294985099121
0.272263980850473153
0.014357393441019894
0.075852042131565850
0.133026130109889118
0.051061579418655023
0.055104728271142794
0.089947303428283887
0.038094019809288324
0.225151727968819937
0.101619603998456653
0.027018041812670143
0.013930256572335632
0.032816998067601411
0.024688845962625799
0.018017841971144248
0.271380740551855681
0.400000000000000022
0.034721262808709664
0.018869948161768433
0.002935057868526128
0.012421821566807269
0.391402754400006603
0.367490865874793016
0.014488146037806703
0.069921139797515616
0.001928588417802337
0.010074390997212430
0.355168077829372986
0.397245997037276699
0.045780882640627421
0.147749555765189194
0.000443412848915721
0.012039705153389483
0.066994627519028030
0.185526798641365342
0.056986316511246332
0.105370450015902006
0.001388212161516370
0.038231845959588971
0.140453424197048815
0.140683617764189667
0.052275471336826015
0.018218070531471009
0.001398206453693247
0.075266728139571124
0.086610216107986915
0.173672294139379624
0.043884938961114742
0.093656492795877927
0.019991952342508675
0.089885199417782197
0.143295614138811006
0.130638291462958522
0.035511047207551868
0.077290238377894185
0.019414331318674056
0.105960492292048306
0.059942321224648480
0.049620998082518408
0.017386879447424904
0.046083901480945072
0.161903083534726960
0.051681591445358117
0.239902984480061310
0.400000000000000022
0.050161198638162152
0.038431995935137707
0.008638787375128076
0.014526193320488262
0.043172548809454973
0.111065763067174736
0.011569742234848357
0.023076082383575138
0.002347357658020687
0.003113503507415140
0.089600353276052480
0.195208451980514980
0.021152581887500611
0.086258729495575157
0.000000000000000000
0.010020377322611266
0.052865880238784177
0.275195658953605982
0.025303295653642005
0.214340568527483122
0.007256058808405255
0.018089491685879602
0.083417962834393011
0.068012313705435812
0.016401589504422512
0.044230258226665126
0.022777031001868318
0.048038997185205462
0.072343486674411109
0.048486844813217703
0.023648997011399237
0.039314493198979825
0.012292923036668704
0.092998512896342575
0.282391985898651554
0.342697965689385875
0.033726194453327675
0.030936710900674860
0.045234040555555938
0.108850255538319465
0.195447066825845894
0.143989136190688649
0.026296991752190947
0.400000000000000022
0.331715936160155267
0.079184798051707278
0.151234201289283804
0.056550541607855345
0.018328235121917960
0.001787283457904565
0.002183695024467081
0.006364123921309010
0.024392141463680080
0.108033233278676422
0.019647036292798223
0.004182722662068289
0.003142905601234639
0.003673424818075845
0.082678612509812996
0.392983622175599234
0.006340380479462067
0.105026876403502320
0.115109005424661431
0.009373725760663951
0.040732702207643245
0.400000000000000022
0.034972787205936967
0.067687780156327537
0.036176629922249556
0.006766058605417376
0.092602502520453711
0.034014684656187386
0.013445987471913419
0.055306851216061992
0.041375960152299454
0.170092394300910610
0.327557656947474352
0.090044282016812971
0.014338386415420191
0.115005090067733184
0.013157148011787296
0.168012965724925190
0.283066304209317776
0.274465323634246472
0.017930352510714665
0.230462081821770554
0.150819391350313664
0.212900354030592265
0.205273234602682736
0.101536570404267432
0.008968366806140609
0.382965751291195033
0.232745179526619078
0.225527350863641063
0.055798163438867926
0.017753163231393330
0.046553707705042878
0.031398718329747041
0.044204271699479186
0.047041489299072307
0.011443525771701846
0.121645866440383110
0.021789877856313630
0.052945544090968862
0.007379273023820768
0.013587036855398971
0.014844853163291321
0.235839282884314633
0.027608919844625469
0.237617557255243805
0.317811401099386326
0.332467648964603013
0.012666926751258538
0.143154310583611888
0.040005599075089458
0.023372634626906627
0.054198405222514595
0.078366360595025039
0.090378642015808863
0.014158893320649351
0.006006115269441753
0.004410007867451205
0.013376041148549758
0.119469720865407039
0.400000000000000022
0.325001308238047848
0.014988305834755525
0.069751695490022719
0.017654366221363394
0.072501598018720304
0.400000000000000022
0.235546914366062232
0.008465971321873029
0.400000000000000022
0.398038955234387370
0.381299642796979477
0.400000000000000022
0.400000000000000022
0.393199320101388583
0.145839754095049373
0.290110950029891401
0.205039408881618146
0.016357945594914543
0.002585971261259624
0.065439260430059987
0.028090659966666202
0.145726829085592702
0.038416358765829217
0.004794577509206773
0.072186088511556723
0.040117097230357987
0.012886208973772321
0.016035851969438578
0.023825088447675294
0.012088428938219932
0.123953216530307289
0.027308150069380623
0.144684971834131232
0.339817051656299718
0.199722788272009621
0.006098886333059172
0.033549932181188916
0.016782083244947558
0.039445953608074610
0.050333377691868450
0.055357675989241191
0.055144999522043957
0.057185183547065532
0.013815967448752279
0.034695936322989493
0.008008437266787558
0.018737385546371822
0.126190588766946943
0.241360347085444071
0.028430164878143142
0.087199200841228564
0.068605208356262701
0.055682040378726372
0.053148119669146308
0.114929469556924402
0.035518085154782969
0.172964519772393299
0.175113481749685940
0.100538388338244827
0.096962750951527996
0.006808359589924240
0.005907092047673874
0.051186181839261297
0.287982528109129610
0.163837119491043376
0.006113623610630008
0.004708299694605605
0.029561489015312178
0.274317293558527908
0.120020175142444840
0.076180168879479260
0.011177112552716301
0.003417910213090688
0.017974703772274888
0.095542940439941104
0.024989337846225038
0.023190280877889533
0.016444892588285298
0.004237247030093247
0.024408232541902709
0.156434941290256813
0.312001571699731806
0.136699320812302683
0.000650815745133768
0.001834687255524127
0.018214548847314056
0.046348704214523438
0.095219187568397701
0.052066552658990961
0.029141030380077593
0.051312488807611821
0.036909448190257141
0.018070454171218626
0.062707131662063056
0.038970986537476562
0.034700951171842305
0.289035297013354786
0.040581163418645608
0.018005805515548416
0.033530588788270796
0.063996548931528396
0.014689094860944513
0.070101760422431464
0.023482700363362061
0.060089395201476353
0.105559758653976932
0.091590151861781904
0.039075555495060872
0.014753965825182128
0.010940351570815497
0.124637190629871664
0.286817149645831160
0.343044092422711888
0.038897437727898131
0.004519789926324788
0.069007135911025058
0.400000000000000022
0.348154930443672239
0.159385919666028247
0.017020140359632629
0.006157601613862310
0.058548424525596096
0.180981551639918664
0.102716854550876535
0.056810647354092900
0.012645093093570179
0.009180267295609622
0.053871308110352810
0.195786120985829287
0.208442566476203323
0.042007728794286055
0.006380996969181322
0.005058792746329057
0.018200122745371340
0.106481273326691744
0.360724338857159932
0.187931298093325649
0.006466123193496605
0.019840808904924206
0.016728664226258370
0.141257215095958066
0.386487825480441527
0.035945606350554118
0.004424550126989562
0.019505696795134395
0.024082152157845413
0.062195065195110560
0.097165002154671845
0.039010510120371183
0.013923371308074611
0.000883669970076097
0.033202355420782502
0.025020092275458851
0.029561648932350030
0.034267619941361085
0.068664903221779289
0.011096147315734255
0.019181869102453470
0.032489499522320262
0.252088462706181127
0.323073539885939676
0.025765034352280117
0.009338445317753734
0.088624462134255649
0.353555874265032544
0.395878991283307169
0.400000000000000022
0.035222647269241139
0.026686373667641060
0.080745262060302719
0.400000000000000022
0.400000000000000022
0.400000000000000022
0.033490417287630005
0.013201113320836153
0.044185153631838760
0.357342743715520994
0.400000000000000022
0.147589184905808302
0.022684975646291499
0.021572989289421703
0.042400312071211387
0.156163061202968467
0.400000000000000022
0.163831199084007950
0.006492636113171560
0.124393998853107035
0.065286730284126293
0.317354436289044972
0.400000000000000022
0.081240535665135144
0.029858993322372081
0.101680694150578010
0.063194634269282901
0.218955469779975959
0.157188558518729704
0.030478001878739142
0.009623948088424587
0.006904965256165014
0.039117845448109152
0.031874415520772956
0.023695455864418867
0.042106899951069289
0.007598296074650845
0.024668904774244639
0.030698311370151506
0.007244688069429670
0.121111520855564786
0.205559638008846357
0.020177189319135317
0.055894894776700309
0.077522143425632919
0.059831469317747875
0.223477995001753776
0.342412666672373744
0.005502956242584669
0.040887577014899729
0.064886474391777832
0.350288043354035294
0.382767816270715489
0.400000000000000022
0.012318592260257156
0.007385634548652413
0.010497177469728881
0.364515931756286826
0.392204313289769457
0.314586657392043112
0.013422360559577653
0.016883852097788605
0.016443997952306312
0.400000000000000022
0.399050220906032371
0.104723851976749938
0.019111468271255150
0.091460610226687764
0.035431937640734122
0.400000000000000022
0.392900466672197135
0.024390163654832007
0.032227177409439436
0.076258664421792716
0.028916631478888927
0.399548359845580459
0.387696532935145499
0.031798570995105302
0.021192930778092200
0.000187672287474555
0.007466073299227268
0.045705607051046503
0.084919571335733982
0.122398487825329319
0.117943031309329732
0.049806062140274908
0.020790438491251444
0.013265563766346850
0.100037204037671898
0.302079447838894843
0.011852675055823630
0.009734740659299182
0.028573380131710822
0.042007910646950308
0.190259293172174493
0.239786579728604482
0.016419231580733835
0.009719234893214232
0.040733221339657635
0.133113982794949820
0.337869934019189855
0.400000000000000022
0.021033919703581240
0.005780920586645675
0.013127155236103829
0.252217826134982448
0.302150180428367277
0.301531030556919322
0.040126341076646713
0.018076356085535608
0.012227606508494292
0.327033222343105556
0.356453134773597191
0.029062070311065384
0.056147953234534045
0.106248800274484717
0.043352088178706609
0.322443750090899373
0.290385041334766614
0.044579804468895888
0.010433028001541299
0.065453091077546266
0.031710199394762537
0.367747663270175718
0.400000000000000022
0.051290790080797038
0.008772119712508755
0.009363427856268012
0.009055068785693345
0.158530386112321231
0.257314296706680101
0.114604443088149405
0.068504266285178972
0.031355831042047311
0.015958350152708880
0.004591967251352024
0.043330797213115273
0.119906356662228986
0.004208884031739622
0.003656016975676296
0.016104411012171926
0.036886578431088064
0.166774566862304241
0.061635597033322123
0.014911761644216540
0.011635053936733249
0.028032342900456766
0.138065361554944810
0.292124942406465915
0.139697038031574183
0.021522774050187002
0.001397899702128179
0.011038150063484544
0.146558176342108659
0.185548276625177977
0.321933369845305184
0.037156075683881504
0.001366206112360566
0.012908310666907393
0.133839436021421315
0.023196423170739611
0.026436268597608732
0.022812554138027647
0.048087543224373475
0.015295392895811093
0.173288705208912208
0.121980943552252322
0.053225254393863400
0.015225515864735317
0.039662257731351173
0.007752456076449766
0.078642797668404679
0.293880026726404120
0.189913935100213649
0.256530008657714803
0.003371158531001784
0.004010071900510811
0.108263157490213896
0.107173840747215324
0.071152661152766056
0.225802814619135317
0.005904740105193698
0.011224057343198288
0.186655809687419516
0.097699572367316051
0.017857988363886333
0.001802299207500952
0.004732636370163146
0.032540858406981246
0.131930956207785888
0.076940124741392169
0.028829886590920277
0.013188393608476002
0.006024230821444763
0.069821799648631763
0.086249632995607187
0.123386216145244185
0.039670436885241064
0.031722009681815377
0.000146711037326945
0.003778777861586026
0.110034770045543226
0.082336321763277279
0.094000596605726933
0.400000000000000022
0.145385934976901693
0.012556332388504676
0.012737456773984957
0.017619908168057592
0.036012250947485072
0.400000000000000022
0.265506080568036984
0.009247461344690157
0.001808961327162715
0.027048477668088419
0.067890827753605207
0.002810366580535465
0.009594305416646732
0.006846651563688600
0.070916545012874865
0.067257572447261479
0.194717306921520006
0.235777918569511247
0.014387116163805926
0.013093609160475979
0.159695598401636080
0.344376213646083895
0.245901646473673546
0.128686062358936870
0.028850211529642115
0.013368851674924645
0.400000000000000022
0.341036420360050718
0.244309318803624054
0.057978154986152677
0.059400296123364352
0.076273260813804089
0.318345445956562889
0.077364495338951025
0.063095968570990341
0.015979562912967298
0.146482958706171063
0.103825607215473931
0.097364822478495289
0.046689649539097135
0.029411742338877597
0.039063941254347055
0.253668367993729271
0.034965100693050574
0.284421841781165696
0.332204127178471365
0.363568864202256758
0.323261618491723079
0.223330592918254134
0.058441131524462751
0.164772590968640220
0.054198405222514595
0.089406672853740002
0.178922628967350894
0.081701522583244784
0.035398940338807201
0.102322649184311679
0.023198116063756533
0.139176228466962676
0.400000000000000022
0.342505590759063450
0.027676315657472361
0.089591355397396655
0.079597703445850362
0.400000000000000022
0.400000000000000022
0.310479419852566829
0.025381543569976378
0.400000000000000022
0.400000000000000022
0.400000000000000022
0.400000000000000022
0.400000000000000022
0.395724659587248340
0.400000000000000022
0.393496428569034884
0.209320931541142286
0.173973530608894533
0.400000000000000022
0.099288097597715966
0.260066524627557194
0.229302314590885958
0.041434989185712499
0.134784646401121810
0.400000000000000022
0.093960657590121094
0.055720366354603076
0.048889360978456094
0.027839534019489361
0.026081317422608462
0.125939286435032383
0.063576494196086630
0.181405551034908463
0.344127785565397915
0.243380752884704649
0.219903201154716510
0.385980397829147059
0.059762541016555856
0.167103092436187373
0.054257164653868588
0.072229405480859390
0.211365708736144242
0.336259995659930699
0.043875077018245071
0.141713644155391505
0.014349611058649988
0.045239054254320191
0.199697574028312758
0.288501990237781447
0.038422002509943418
0.142834339323972437
0.162473454338040252
0.319425274383477287
0.385091827365927952
0.389205824400565614
0.050311828342664372
0.291920577409436222
0.288389189311858196
0.281865897704963397
0.239801030516360786
0.249283596440984578
0.032428847769958136
0.145380605091433301
0.332157331483220797
0.167974072332307989
0.095237524645800556
0.101070768949315742
0.048661135114075549
0.365110507641850268
0.124619559727421586
0.077508954642388370
0.092208871924500543
0.078617988708591352
0.060660926804384327
0.168890712375413532
0.030221324873117988
0.024982902176948613
0.106751799881304676
0.400000000000000022
0.072615782825773925
0.222979404295414907
0.312183057804067632
0.155561782460919701
0.219325669891763692
0.400000000000000022
0.082114401580815441
0.141075157363502623
0.096086597316707364
0.100863293476641289
0.314395793103136256
0.397628469520229177
0.070467477961775465
0.059353124940150069
0.078452305928732452
0.343410363428677146
0.400000000000000022
0.363896059947257711
0.068534322946594201
0.041721661725053087
0.084485682874267942
0.287273094670892903
0.247995949958968120
0.400000000000000022
0.043513789410237869
0.113631785861101897
0.175333522038218309
0.242528491260828261
0.130186856217096608
0.090990257936311922
0.039815563319458770
0.181068529601673467
0.311685282417808851
0.344059256505192368
0.248111284095371670
0.279543612920434170
0.143428599491146752
0.400000000000000022
0.349802908014694769
0.172385676732421000
0.288485268192243072
0.237365364863508843
0.101156179077778546
0.323190250223705511
0.105689614062180401
0.057841570734728787
0.062319094837335179
0.400000000000000022
0.229621401601272201
0.322990299124345626
0.208804559974236081
0.084304883008190723
0.098701090280107512
0.333179987161198121
0.096371735741080378
0.194651520706401376
0.362191300632415003
0.317203146314333773
0.151793850436868660
0.177695533686868717
0.071070609697975851
0.159093824442413045
0.387463444862021666
0.398060877631535526
0.400000000000000022
0.250271196017835762
0.068589430706641322
0.101081732506236505
0.115490568335250010
0.166553631813313480
0.066905343001603265
0.264416107728858207
0.067581614371933926
0.042224124343065661
0.063169431036407445
0.179725754281333833
0.125172368031064851
0.068600328071571695
0.049152742331732419
0.067685362007927075
0.254819049381434459
0.329551484199865685
0.253934997521889194
0.243571986918877492
0.171871486658752903
0.400000000000000022
0.395935709571602568
0.400000000000000022
0.400000000000000022
0.359081219922976258
0.174788460291390085
0.400000000000000022
0.400000000000000022
0.400000000000000022
0.193390329516800991
0.246190936453059062
0.178747704817848990
0.378891921356033057
0.400000000000000022
0.275773597570917794
0.322963878137000338
0.274806150124208060
0.156317432202739609
0.217053475910366805
0.400000000000000022
0.395657810636472651
0.400000000000000022
0.232718320559698488
0.167355068255111206
0.400000000000000022
0.400000000000000022
0.203385862201203943
0.116687692239318019
0.246873965739720536
0.159247979866956046
0.390656705575909813
0.160360901202634631
0.086802892274236432
0.139391020338233584
0.123670637740213474
0.118117591976460420
0.226599497162678853
0.023695455864418867
0.073017878949932766
0.159063822671262456
0.149563383741894651
0.093433076883735422
0.034091049115897415
0.157074798986114872
0.209147154285457743
0.212696144446062524
0.378500487508804939
0.160065599919499313
0.092711857958077293
0.223477995001753776
0.357362925198581149
0.400000000000000022
0.400000000000000022
0.129279241558566349
0.400000000000000022
0.382767816270715489
0.400000000000000022
0.391970350301686032
0.400000000000000022
0.071351779632809170
0.400000000000000022
0.392239290571594568
0.365363841821861213
0.321500648767128028
0.333041671619464241
0.143223612708557380
0.400000000000000022
0.399241175564417294
0.379415691702053470
0.400000000000000022
0.228563585568525490
0.106498012573909354
0.400000000000000022
0.393122928540709626
0.180083059301970994
0.271855238978499836
0.286074802677262929
0.123411926463988061
0.400000000000000022
0.393885839443593344
0.107650613126671152
0.154219060887981319
0.051249251706129574
0.062570801570370066
0.135652910479330396
0.123013591145022305
0.341634530956813509
0.219562635307786386
0.076824103952945047
0.034720695063587076
0.046082561833948259
0.124726050000297697
0.320097289810039098
0.283233415607679340
0.400000000000000022
0.063294642940420490
0.060877858808718745
0.193194351040700596
0.252208401295411777
0.396996746308320936
0.374539006566903865
0.055221367377464338
0.203035122592465422
0.339798522436992212
0.400000000000000022
0.363616945456800122
0.398541759479521751
0.058908037876731253
0.390004152385102332
0.302593593277283024
0.313570735710308801
0.107120968595674743
0.203603154726900937
0.069213923019740622
0.385260252439773354
0.357451214753714108
0.067293916270654355
0.196601377431582847
0.246932418038674384
0.095627559515532631
0.340661820622370326
0.291783247788459821
0.119846532608467005
0.097043244109528207
0.239125385216925918
0.075595138355877264
0.400000000000000022
0.400000000000000022
0.141175989498579263
0.152067733851319775
0.140001719319226531
0.044566115993245219
0.235820624490215403
0.276728628025354140
0.220564935380197724
0.128446587509827459
0.080976829124565719
0.033345229600133787
0.050675868732297097
0.205233880747842268
0.171587948107587096
0.244111868511800945
0.400000000000000022
0.066265609650334067
0.075318574366225771
0.175413354237432262
0.076161790353810405
0.058084310453671503
0.122700817003907989
0.039602085135305123
0.161141443938519952
0.294472300064486603
0.142810541538989311
0.111123127326239482
0.196606351682643149
0.032190731950985152
0.232816905837683774
0.185548276625177977
0.331953747167916480
0.090021955922665681
0.276561865065966583
0.038211606320549402
0.344899847728211362
0.030452481979144859
0.044525760283488341
0.106230516972420641
0.116099856929809286
0.031696982400233602
0.217518963435577362
0.144757974554120622
0.101264251579068848
0.087569002539146429
0.088149102544568883
0.031401453087849002
0.117957290867384490
0.306172949763072855
0.282912447996556238
0.400000000000000022
0.343918816543910599
0.037736266353838484
0.139199868390888770
0.152407881302771248
0.180002916691085535
0.383345565674036659
0.149893876295882328
0.037521049095389239
0.400000000000000022
0.384420579277062413
0.097042786415593607
0.153036500496784772
0.061283177978018494
0.050869093528899192
0.133718239665690464
0.079123819765859249
0.035194010512229285
0.037580535072156078
0.114057464100121186
0.089468835941429986
0.090432355657675489
0.126529121746478818
0.043343861703316902
0.114400622191628387
0.393016506670236687
0.010119158341048094
0.215061646449045574
0.197445327187938668
0.103374322366390908
0.400000000000000022
0.400000000000000022
0.047529119594441643
0.080425236930312505
0.053796538090307149
0.042778309552902447
0.400000000000000022
0.286337940236615629
0.022693448816603578
0.057115812543224703
0.068424437820387873
0.237983222054515803
0.330368023528009869
0.099638587433459713
0.021185037979108791
0.185921635080608022
0.080414720459048780
0.340297366322924844
0.400000000000000022
0.283437704530125345
0.031023961671190640
0.361560278491474207
0.400000000000000022
0.398934271992863132
0.333959296961619634
0.130386781933909568
0.022337218481065249
0.303883637423073505
0.443842685457131514
0.302735588398421906
0.190967331098899684
0.286610216854547128
0.057567082185195385
0.329260536477109511
0.264186514541779160
0.175257351483715185
0.208443422322028921
0.294434610456569879
0.058542015767834021
0.272720990767035654
0.219117513410740872
0.180938479075946457
0.139496457975267329
0.335207128599229576
0.053349509022698215
0.315914652365996751
0.308320587950710601
0.181633039233574017
0.213184253715867411
0.403112549971238576
0.051529305899510075
0.239616745347341786
0.212962513018075755
0.143930508605571439
0.284088800623415738
0.365447474999342825
0.036072674383391415
0.266145592232494399
0.215700167512366370
0.171035792476807835
0.276796258283332985
0.357530954862439465
0.030405690272304813
0.236592399190196756
0.193373296983405663
0.215261074845664785
0.337490596093071360
0.313919528060269626
0.027137264318163289
0.196166557895473215
0.220231256576741002
0.273575051956245929
0.243987627463609053
0.138307033836514520
0.073442720507017431
0.295895850046483777
0.303367905281086314
0.296566048159327245
0.272976366453501817
0.267392617224233908
0.141232996850038039
0.316049249256173947
0.222254001481196367
0.202615692850075468
0.237321195551319503
0.267249437146630520
0.145837890689674621
0.256447721137422924
0.214651320995317862
0.187621900153715132
0.192485703521356216
0.320815442690409014
0.115981393877490069
0.292803685959432514
0.298685443846977927
0.293047216943208455
0.243560767212532142
0.308164332232900462
0.134852933369840472
0.229408583162446056
0.190115519035016695
0.233131122493694748
0.285125464078676283
0.191949344412462086
0.138435807909814551
0.267276409136446347
0.195178205646130892
0.235421725310148655
0.276211509706217551
0.183596746816152234
0.106088813841983820
0.261685113661773050
0.197346067465459962
0.249605335338741768
0.316606945294852282
0.223287081319186315
0.069961296839914477
0.224234532916333384
0.216213115170680342
0.278422016418698404
0.258432802365190617
0.144193403876583026
0.080594286662659512
0.270980423785085967
0.297374452239890286
0.194974554237022313
0.175763436748300611
0.302565436326517334
0.057633051787828966
0.240688285791495343
0.223830930776350578
0.171780902364609134
0.203707661918112820
0.285366811747179927
0.056568039715992474
0.230075125841400663
0.220546837286331898
0.179815883010889549
0.151853738661409138
0.349085106735882778
0.053050250722481436
0.348916013754067389
0.331494470393528695
0.276520136075574186
0.236648182374481958
0.364419954235398413
0.052844058525569240
0.306591635102046456
0.228021405207520261
0.171426375482151172
0.286108665758782743
0.273024041999076039
0.035774026408900879
0.297590942768360733
0.230556163458374930
0.178359856244683063
0.280969529222568681
0.398654213580405981
0.031621501688636727
0.274292619460207554
0.242525684649454398
0.246076352643818969
0.358637365450575618
0.387200171104364388
0.028859217070448476
0.263658978818091860
0.286998799461936349
0.326097065468170799
0.321814123119063322
0.249834062983559230
0.074807420245927764
0.266927697887469451
0.241010128374129468
0.194612742924067078
0.172191412321191506
0.257363287326159318
0.158407130798822821
0.227282338940077627
0.161495173047065788
0.168772332978126438
0.234718927997904059
0.260074268472937187
0.138781982198086962
0.219789982541780227
0.183771989480215003
0.188150887612557660
0.189695987446318270
0.333369144323228339
0.132156991255774958
0.323745433774775326
0.323007874981984633
0.323264648697839718
0.325146827089020707
0.338388604379625257
0.114882548653475927
0.287611261833304377
0.224066303675974049
0.251937982573549435
0.312578339414319006
0.194666909758502094
0.093621140736853778
0.284308071434861365
0.213492663217573320
0.267955302254814398
0.281983527353286190
0.189256520381635762
0.121353578807661178
0.275465502852106858
0.220480083298785878
0.339719680724791806
0.357291873681692518
0.239549491221915017
0.100692997922198796
0.292061387004852235
0.292234457643986367
0.373910469173494131
0.302058012583347968
0.182564840771570813
0.121519795003873526
