0.018336615611084486
0.100398365133458886
0.080327428472854262
0.029765369077423696
0.108183987708316193
0.089069274585820229
0.030085919644840333
0.172864075945376394
0.105319899719000146
0.032042351996911161
0.137751943113028186
0.064641333247062158
0.028617257041055423
0.108394022063084169
0.080596210379922262
0.072378382868972607
0.094060273268695260
0.057745358246644285
0.053572271979404562
0.067227651054379570
0.203654610364449207
0.090710895155248758
0.198190252042434040
0.072538408627148013
0.206320107173723927
0.073347609235422453
0.047309962030474842
0.045946305425660146
0.400000000000000022
0.105290579357049108
0.038398475158836876
0.036620897729270921
0.093532025471226424
0.014850264854117650
0.032021763013480427
0.051463304424255035
0.026138362018228618
0.016734108763925094
0.099687604845365277
0.129774622048206417
0.059458855968734611
0.012151295704540561
0.021915020679393122
0.191654600357943128
0.400000000000000022
0.400000000000000022
0.331669965870176275
0.180783607170230037
0.102911228551452183
0.208532888331141031
0.363336566983829434
0.015209981867312792
0.108238975799490461
0.082374840720533998
0.053960553018312492
0.199268782218855411
0.214924763285647136
0.019689657522292722
0.141379055156434646
0.039390419043408648
0.013043929985949151
0.117656995683067089
0.023164723386553336
0.019164897685615159
0.331863818935090038
0.223455870715208449
0.020219357264540463
0.095670687042927638
0.065723780501431059
0.022749770936740181
0.302953993904577779
0.214296589433094375
0.024988292830723714
0.108145518505251129
0.018705714560268566
0.038119061522037492
0.400000000000000022
0.222080181145017208
0.033333063959309309
0.045772908904706304
0.024594780935962703
0.018285825788469913
0.018585819705332681
0.044577795500968687
0.031340584928536697
0.019729763101266680
0.089619230305631542
0.063589799694096533
0.204036458544820276
0.140168243447088670
0.114517044693230374
0.152696309537723590
0.400000000000000022
0.376184555435637336
0.400000000000000022
0.117059343288901038
0.218630294711603279
0.253933179800530540
0.227708806480251491
0.030193794852252289
0.171554092062583957
0.096467746942330679
0.359109723712920714
0.400000000000000022
0.207435211945712822
0.001247535580718921
0.269473186505828077
0.122360664517829454
0.022272606679490752
0.342797825115408350
0.087397727874854989
0.006044961254913142
0.256097171311886862
0.174253770718278939
0.060987398819307294
0.059993780661226181
0.222722963141107289
0.001856837142851799
0.171522077736860928
0.078355214173998045
0.075943291459977441
0.112009719843728844
0.042132387429500047
0.005425811781796790
0.022952761570042755
0.066738186484918333
0.059431137609289773
0.132615303105005577
0.091151712567621931
0.049414996020943909
0.054124061678667901
0.035180549129757321
0.056696106480234834
0.036545887552625070
0.033940615892931167
0.048416471077526738
0.098577716441745775
0.108006809963039449
0.025182216665917335
0.032676085388273268
0.035562926932765478
0.025942732752860229
0.068375202417357034
0.131253557504773299
0.134826678676124884
0.110299516079847587
0.233548926665308437
0.024089208156719291
0.168101785761484962
0.160384879114367107
0.277709312511536410
0.299562520593276371
0.136249924888420304
0.019513794884389368
0.400000000000000022
0.240255698845789400
0.033200907177964742
0.058813466077915308
0.045225894263348554
0.017167795564261547
0.215340879046680644
0.240969106927007126
0.093759263303910406
0.097536857788653744
0.012579454296204048
0.004649896517498581
0.233142945261739398
0.163213440990316178
0.219551942418845319
0.276882788188709039
0.024901211767188985
0.003283585040491613
0.184770899113271381
0.167843216501089493
0.071176241952072616
0.124140076200781435
0.071817074471239167
0.307641586038479020
0.400000000000000022
0.082351709227748010
0.049163153032013296
0.040919362430884232
0.050270921017224038
0.145428057086188139
0.188477506894612984
0.125333622541971418
0.078226290416680444
0.047266033299635739
0.023128436364355680
0.006771635601452291
0.002657238825271577
0.196038829605138076
0.233154581491431367
0.202027915183434270
0.301769404318358969
0.032537314230015317
0.135652963065254345
0.229315065892393199
0.400000000000000022
0.371181268997821334
0.065969846505295734
0.068909232259202535
0.395638006802333408
0.341555337473451126
0.400000000000000022
0.392375544925954722
0.030055352775748244
0.042095997263070783
0.388156504275127379
0.369276501326687323
0.340877670251510945
0.156704739272433891
0.047890695082841751
0.031418389244395092
0.400000000000000022
0.328106587355960211
0.231446497793790673
0.267820587244789021
0.023989807419887967
0.096199247867009841
0.230527496228895290
0.265339410642639328
0.157629848921496646
0.088288377449806166
0.006612738741217013
0.051888079068811835
0.144472150461105592
0.178467962772664440
0.061533693386117624
0.090773180554409541
0.054412955008579240
0.043219847136509615
0.051708295447697818
0.166878268170459365
0.136833177688935104
0.208548888462633836
0.049625350075937089
0.029728410523487403
0.031773746508008779
0.215533545501792378
0.204712025300854028
0.123457813749821801
0.040349650192529604
0.023794589123965121
0.220980289968872617
0.400000000000000022
0.047565403983624133
0.024924351801151309
0.000939557853514802
0.038040002345012036
0.400000000000000022
0.389297273914170683
0.360835977670911356
0.129050517048572372
0.001535731366796549
0.028445903961676212
0.214831117333420446
0.265605798759271761
0.400000000000000022
0.381690013527700711
0.016084164959186270
0.012483615576575314
0.043578084086346829
0.274413463699105464
0.176638143884497334
0.270932029015011677
0.018351898015787606
0.324023264918899656
0.400000000000000022
0.219277499319598917
0.062578172215762506
0.051083579264897677
0.008998962293796910
0.130305309333112213
0.400000000000000022
0.229035587739406188
0.044643414023107501
0.079954153015808674
0.033547001186543371
0.094983818072685022
0.088536608161948721
0.195977544756374078
0.100657327310152006
0.122595090144076130
0.026532287743814921
0.034189704258906488
0.029808999115489856
0.231519280968983332
0.115776659553338768
0.174298537902815853
0.097845361185866495
0.080355591987902972
0.315559430445798983
0.325844023841965758
0.020251706996049574
0.020065249761243003
0.002542070044287862
0.012102157614778371
0.061517046805284026
0.194780844828735977
0.010211025491486871
0.021331683888592225
0.005725561347450534
0.001283608725325506
0.057758382210655691
0.218761785365865463
0.109613492409800645
0.118968840242967611
0.029379388019690530
0.008654568996164536
0.108744393714355778
0.069828250388285495
0.071112108662129137
0.124349780537946389
0.041923892230023165
0.031996925614785218
0.107213944162414865
0.103211414354378542
0.005861297659545170
0.011940913436850347
0.003331899298170664
0.014547753471000013
0.139924852083600948
0.090402772842092277
0.058461142717372377
0.080070719668521168
0.021108208570270143
0.016286102667631131
0.092395860291255655
0.184376035581555964
0.120333292949492215
0.205545976550748744
0.026734863503731450
0.033634496855174036
0.076740412508320616
0.224574502260525527
0.065848530877045688
0.069174249860267711
0.010828315269548026
0.032289926951657881
0.125006726461169837
0.047001495851846979
0.001521082033481683
0.000491180326879057
0.001055429194364090
0.001356874273900688
0.108109381030798396
0.063310588397022055
0.001470452328567635
0.007443979261443768
0.007852151339262660
0.003752437152875053
0.082095536927119142
0.169241542190142397
0.011520767114737328
0.054138653051578452
0.026097952764867587
0.002040893444365873
0.400000000000000022
0.305692546749786187
0.030505034261975789
0.074974022807146962
0.021681400218111564
0.020610561212574364
0.146481918061459826
0.040735233001058566
0.005533317928788966
0.019961091545791187
0.008654322175857687
0.055976976114804983
0.261301106953698015
0.064960790649474590
0.084612288405504874
0.045043414846576445
0.000187442270322153
0.129631271724452046
0.400000000000000022
0.143049559771673912
0.300134939285945035
0.171333201956026360
0.006609716304433886
0.045616648242995023
0.118076680487104568
0.052691577788989211
0.053472608032979693
0.053100082758725617
0.007592821469807670
0.085009797402948034
0.314692404502448952
0.105792086297458843
0.001170364595236090
0.020649880236726044
0.006965889587864026
0.008181587795244930
0.070360961690992957
0.046289678023865549
0.000180228968034351
0.035139556909253057
0.004318170546527258
0.043061306243554989
0.052848399619860702
0.087468227580293281
0.003603888555111810
0.077820554856492738
0.023317326188370485
0.004148814156415472
0.352816769753947379
0.212470573317702083
0.003092936592365715
0.059335665791172026
0.035809844320970140
0.025802264242634224
0.051109608054097505
0.036369955134383597
0.024642009734490235
0.026342464063046144
0.003649207146341224
0.044772881430187053
0.078295381069805728
0.068971632938981203
0.186015135159459916
0.135187273472746061
0.036658465773954936
0.161881688009643088
0.400000000000000022
0.120687161963957929
0.306472807880795228
0.142529303184715239
0.035580754622046115
0.024482429803491766
0.158951225404334540
0.085156798211056234
0.037738321272787895
0.131043435199032804
0.124063066757074000
0.219716369392010391
0.118388566447778287
0.014163091866435676
0.003516094614067922
0.026197684476250323
0.019860863031486854
0.014117518724150751
0.333226705353463382
0.161407218326563628
0.002844802584590806
0.028028255414072070
0.008499084364868625
0.069441148962677141
0.243856034848885683
0.057248190337537516
0.013449299368368781
0.092649596197412212
0.027564658148841157
0.007033598962044658
0.021376131766192664
0.007288322356280555
0.004459562988755626
0.041159315699159822
0.040339870536645991
0.013212584359642678
0.053809802593959698
0.022965479408294687
0.022373711058032771
0.019861830613834720
0.000998229985144817
0.015436818899806413
0.048434094475914652
0.043483252122822544
0.097649789276949242
0.059050314150180916
0.021771912403636386
0.014167313102242427
0.386904984938227559
0.339230563876662727
0.192135298377226343
0.137864119800712837
0.027066678225819478
0.010470808012611445
0.274082107828742427
0.112476302429122488
0.022813188317321514
0.048910900983235098
0.149237078830605857
0.246690685100640017
0.062193957604227072
0.006384960836461638
0.002924521638484240
0.066067616936700713
0.049014373737873963
0.087211822627169616
0.310981203824671204
0.220915081489006904
0.000827873322047263
0.081666804369177198
0.102306097934781196
0.111888341165171781
0.120351266108082500
0.090271541279478090
0.001931746853424526
0.138401036661279148
0.115532135285261003
0.020867286187302662
0.022768615703136874
0.067483111258957687
0.008968854712191063
0.056156676674162159
0.090709742869360607
0.029161310309498416
0.016516592660545035
0.052879001685134652
0.041003686504551599
0.059529138596957354
0.142798427514976289
0.035712504229631625
0.042346996038007574
0.025676579868433011
0.124290280455797195
0.034974524635021584
0.048442198861143718
0.014817683223234981
0.103811062095157947
0.155302476697464248
0.224610432152601125
0.134356460106919595
0.054294525001769553
0.014773301317892718
0.187390461271538633
0.129840295613222134
0.004668672356143330
0.197993602308915301
0.101595234087334049
0.212262493894434801
0.017460196318266029
0.008897178437006633
0.032453436747204301
0.269754943350382415
0.083519145508499662
0.130998771810871800
0.090790248414143931
0.067133753904139906
0.017674914281195546
0.166254753600592026
0.252355511951879607
0.173692892887157002
0.034463080349352304
0.044134592363404695
0.031703322403492773
0.357978177440091083
0.376413218831526897
0.067288588218546483
0.024355228828270764
0.100771474288155971
0.004871915437735649
0.085109321224344281
0.392139616953262438
0.286206614390663694
0.030465323969574389
0.030758541493094257
0.007250429194397852
0.236586899499154762
0.400000000000000022
0.208356968972929490
0.022504085258807434
0.074440226967356027
0.093147190826926046
0.244331460350642349
0.400000000000000022
0.107792417337135293
0.022189174256208893
0.205222320911790629
0.112886064759543644
0.062267453351208119
0.118888089704183186
0.014596071927304811
0.029491455961430810
0.063810304994603481
0.008241633175321972
0.129302082867719770
0.058368296502725812
0.124754987969362560
0.024921631889893946
0.011790389991579091
0.110563595509665644
0.225851128862025852
0.285518649112407097
0.104159782774152374
0.018766738104471953
0.030432023312516154
0.061270293562834560
0.218642348318224211
0.400000000000000022
0.226868011880913517
0.015588939063777639
0.046229634928720384
0.022938927204414990
0.160897249071904003
0.400000000000000022
0.149038191512420565
0.021445748798959510
0.135858766840586037
0.064709657550025196
0.315451484773773161
0.396704157914463673
0.359750620097732288
0.018483471597928524
0.134178055850223493
0.049696473415778382
0.218849344246090927
0.296532536528332336
0.182723847471587653
0.064259744930991597
0.248926616614541768
0.071739120862075401
0.168852094106511669
0.319086815520427169
0.096522633622662835
0.055401805384823949
0.184268743809441526
0.133301994832723814
0.115918876508427582
0.153112600991651304
0.029506828842989486
0.012019507712229104
0.075390780757319864
0.046139155992926770
0.170821327897750536
0.143379258218402861
0.191614882795196312
0.009786608952808197
0.052817176736959480
0.102008506500561980
0.121254428975552803
0.400000000000000022
0.349294136163564473
0.052385266743985165
0.070271311975208001
0.119675673814737649
0.148530163831630396
0.400000000000000022
0.265635918440322083
0.059549340018467067
0.056657601702000973
0.102602126215262157
0.187671668025483074
0.187798855788482405
0.112513261228518874
0.020177965201698518
0.104696690647064827
0.113946472174632385
0.212780264100864036
0.244792126904026408
0.213014558263969034
0.005814196027047344
0.049422057386140215
0.121988524514141911
0.319979530806925483
0.245300940910456039
0.096007910107273636
0.040764159740757991
0.199008438273651944
0.152923705280155975
0.386198830121005754
0.139556262177120222
0.018077488682169431
0.027962819517382310
0.088212243539643229
0.137355740335903254
0.131003968731852660
0.089927421256020088
0.046888628530520629
0.017607777462826792
0.099222811628540714
0.044632376246704776
0.097413321144966161
0.189943342512187030
0.336188990117697095
0.012020736030298729
0.042089865061296521
0.078772567386374559
0.040881006186064009
0.348394775837912452
0.267677449163864045
0.013369591001452373
0.060459834866293055
0.126308142828996522
0.108289985687782642
0.345579897100725286
0.093639289103938039
0.003146844992778125
0.053522915048871300
0.137155113063891276
0.104651836263932901
0.281862450008858401
0.276728109938319089
0.021594374635793813
0.099378305868029565
0.170711680878794042
0.234465128942129369
0.277049077847165703
0.251390959040199591
0.044621648991024054
0.184508766201710028
0.198469981005595986
0.336386363683146838
0.212598994531467078
0.032861032122050896
0.012096014175367834
0.176242258578705457
0.229775922446865233
0.400000000000000022
0.295927500773737084
0.023861781728038389
0.008297475049478052
0.081449815122148439
0.202776329485913842
0.264024479635855847
0.057811894659663819
0.039857773878419142
0.017020650330877851
0.029509748229389478
0.024639009255493165
0.048252965163290903
0.180180751424874275
0.156353483191352560
0.004609130521683935
0.033458444430841408
0.041261858585674618
0.025990396752444356
0.265502377102458387
0.275983162480064603
0.020373540866866869
0.064207679053634642
0.060118997393485099
0.082347301311690796
0.233926634527969968
0.119023175038242141
0.015538894515982662
0.023335754733710048
0.098012842022714763
0.108592882408294608
0.334943504144767590
0.394053758915423824
0.042786850957605316
0.077633472593448202
0.241299230184080948
0.182349327998952954
0.169555990471623508
0.156081421263793096
0.045204113150919753
0.127443498679428474
0.310480185068077397
0.224986923952218643
0.182913446147952019
0.021800317401669465
0.032417032625819096
0.106457353399745450
0.074657387093604533
0.386562621510091797
0.227089670386129427
0.014691893655866404
0.036814737659857058
0.080162676314230144
0.061889319503161302
0.400000000000000022
0.206456815579658753
0.272471203085891289
0.082616500113951649
0.056309184884088662
0.025862792852589800
0.062706928651620669
0.325133644770265295
0.129953573804328870
0.043885774919377701
0.098538163349450203
0.023239048302480740
0.057569571610922014
0.212471961296267914
0.226750778360361144
0.091040003293538382
0.087181380338668638
0.030449889919399779
0.074580506870979002
0.083123456734294110
0.103567872600520000
0.035021151791175237
0.066015073788449119
0.136095506114194659
0.057438067847455268
0.195086304729591681
0.240666765357411883
0.054728352436705242
0.151187554187098783
0.385865556738792304
0.085577440095690904
0.049984854926801416
0.061209686490135869
0.039112454563014980
0.132682823854325060
0.191780242118180150
0.119493152626507421
0.052172462809996725
0.011030072107170632
0.023113748362592619
0.061916077171854475
0.095319426866987855
0.060302317993351173
0.051209098642065187
0.027771192571745970
0.089229156954006766
0.015610205868795086
0.039728163500163005
0.036608898708395780
0.024306307700207211
0.309564579399967399
0.168437037875504791
0.056641117816632849
0.053194124935738940
0.236641829423949068
0.104581291782357214
0.060242393451991672
0.029981410434775081
0.054066387946288173
0.049690405545934027
0.168440519315531723
0.077159223143835720
0.032338476453762491
0.042854562071329663
0.071181094537612621
0.027160131656067212
0.077565393660433288
0.091115665542893881
0.081114040657722639
0.022652578264914527
0.009747933215028402
0.091852614815172595
0.058315719284775379
0.251705735875790149
0.136871590942087062
0.057188653744311049
0.042763167034531036
0.215272507071447960
0.045079597790502100
0.007870093858835792
0.016636950123487128
0.210875114034501154
0.079887088132370790
0.067312033753887252
0.033265028942499685
0.022496699055559410
0.012413276320763458
0.017829141666176967
0.056084600286420677
0.030492758129213690
0.029620775259452954
0.067241225708672026
0.078417594481556871
0.103197634722244053
0.008370980980350166
0.051538400841757259
0.107543661192398388
0.145337996353669896
0.354012058841913335
0.389457951001400793
0.240867337489340028
0.056074936883872370
0.231441800332491676
0.204390495229928248
0.249481738469434139
0.226572554156094480
0.103232366452255919
0.033602014258908255
0.199061760421626710
0.125180762750487007
0.046159870721061910
0.393920190990451169
0.226048551573625800
0.031462059625646230
0.136422277477156240
0.089095294744790887
0.141819531831649720
0.336441615130118332
0.114993548584181787
0.067021571347773340
0.159877247251791782
0.231219268513290388
0.097744494117293398
0.219566383808626697
0.079826730983428573
0.210779670162479532
0.114506924934582283
0.087649832567120833
0.059158889785302829
0.400000000000000022
0.128256058765343794
0.060772186216869653
0.056482728343105637
0.094530255456371240
0.030287083753924061
0.080455857489395072
0.094946556547077593
0.123788151295177853
0.075784422914106003
0.121459517249001656
0.143941935150448841
0.400000000000000022
0.347782045376967774
0.214050319056619448
0.329518720158655909
0.400000000000000022
0.400000000000000022
0.400000000000000022
0.293259909599352553
0.125724416868773725
0.257443789314376170
0.400000000000000022
0.261900666967952833
0.170432933403717540
0.088759801556995643
0.056885074656796729
0.265336399155556124
0.263939137023521064
0.106901480149462325
0.386254277351486097
0.260305500532415524
0.013871803307996413
0.199323800052244315
0.125470821321334552
0.131053238850786957
0.385071447870016015
0.313727411994686456
0.022151104117964986
0.234071723704206786
0.181255915786692090
0.043617057124042839
0.318180161689111118
0.281779700692052049
0.033957147542914776
0.164302195179413274
0.109415457429629187
0.067280371831535915
0.400000000000000022
0.274959182830151860
0.074336750463860901
0.105302047501663651
0.167393208450938996
0.053998330018101531
0.060932815743340266
0.070254375369401698
0.155630865384333905
0.054704287736288257
0.138061429166775246
0.078407482917331517
0.307847520639978223
0.295470720144552890
0.339127476845831444
0.287052769644643158
0.400000000000000022
0.384608174590827967
0.400000000000000022
0.246899638902123186
0.223298967067746545
0.400000000000000022
0.329304040567585554
0.242456288746687065
0.189014288380849993
0.105364925379337310
0.372629114323289157
0.400000000000000022
0.290954357454212498
0.132246307391590712
0.348334440072876061
0.189494418421969374
0.039947520960686295
0.400000000000000022
0.337209628212433277
0.179737854142070136
0.290560251661239222
0.218388363081683634
0.092690721222800074
0.381758229185672648
0.400000000000000022
0.069145425361398283
0.195877306565131720
0.179126688462154043
0.080815206897713085
0.197119041068073153
0.400000000000000022
0.291632426172460490
0.053418085539617147
0.097496727978012593
0.066681566803687614
0.363971035503864615
0.400000000000000022
0.257771964993873448
0.076628146937475328
0.109620776097113348
0.149843297307160866
0.280877347903267460
0.400000000000000022
0.156208888414662017
0.120766890697954654
0.313229130874830120
0.138068281425460959
0.094943538739481387
0.154451016636948685
0.040538804680165040
0.097866658378787844
0.195063862499376767
0.143068311851446861
0.239601598947567385
0.291917223168034312
0.148844196126081824
0.193023417651378926
0.172175269105946216
0.344184621276724501
0.400000000000000022
0.365459099872331883
0.123673577658541756
0.400000000000000022
0.270687722158305499
0.094471200740799302
0.277455814396139533
0.400000000000000022
0.244035807445175085
0.230929818110458263
0.287198741855727524
0.116698190508325403
0.258434106860557733
0.400000000000000022
0.153688088029919123
0.254588694060698895
0.299072207830902215
0.283950378604435061
0.400000000000000022
0.400000000000000022
0.362026111594572098
0.203254370711199894
0.302021272351312930
0.120872715367851019
0.342989420446872306
0.368349610999571531
0.400000000000000022
0.400000000000000022
0.331278325842289778
0.120902273894088697
0.209771456537395928
0.360377443044921086
0.241950690708851002
0.243879312279436988
0.309602366351413028
0.211528285249404258
0.163184909808063328
0.176241037356006991
0.036278464444441778
0.014676746537500684
0.271429610362457940
0.261630447738132377
0.365710095775329758
0.387789613842295600
0.224152197025211664
0.145439572018062541
0.282132242629352659
0.400000000000000022
0.400000000000000022
0.400000000000000022
0.400000000000000022
0.400000000000000022
0.367791146210814768
0.400000000000000022
0.400000000000000022
0.400000000000000022
0.307731915703392866
0.400000000000000022
0.390864381902891300
0.400000000000000022
0.338317329640982711
0.235689550871324122
0.143931650472913952
0.400000000000000022
0.374507986942109294
0.323509498292978814
0.397235524821147046
0.268781934323914340
0.309213806130978874
0.236341692255942648
0.314761468028779579
0.279618373435638612
0.386581185807946648
0.251913679651672995
0.147895989176085457
0.185236310201863597
0.359277533277252870
0.214457398666273585
0.400000000000000022
0.193969217185699427
0.061297335818679043
0.079671114965080128
0.255090511710102552
0.274188918024838302
0.339552857194486524
0.139552771331957176
0.076617039054008032
0.049381523970835575
0.314756357130333009
0.244298427978127064
0.220871134894787963
0.230292992704716620
0.359694751020993908
0.233001025999171330
0.400000000000000022
0.126337971369998719
0.065805357987215318
0.348763362798400978
0.305717451508876081
0.400000000000000022
0.400000000000000022
0.400000000000000022
0.237340502736354986
0.346200478555664604
0.122085193065614245
0.217977962326198565
0.319128713808143005
0.400000000000000022
0.400000000000000022
0.297946614968044643
0.289211725514894435
0.065172458722140642
0.347782846994387995
0.324775811366673495
0.400000000000000022
0.295400975862953330
0.400000000000000022
0.400000000000000022
0.365899533914856634
0.261048153221358437
0.377032047331198994
0.221597956825263981
0.163166341455163094
0.400000000000000022
0.371008453706079266
0.274419336469972741
0.400000000000000022
0.329474501960280441
0.118845599800723400
0.096834083211426780
0.277427359878522517
0.303433656796065820
0.375097504670638626
0.084344182403478740
0.074047478137325623
0.046829649446367708
0.261029029198372786
0.140415668808831939
0.222551503066106743
0.278026112610740728
0.236709075179255490
0.318678886644157389
0.339844552373265274
0.061513565581724203
0.046055646513687362
0.268044447146746245
0.288085320094843000
0.081890587672150905
0.258988523882370647
0.070330022884971963
0.103678985200283028
0.239652195875420471
0.120306783763567654
0.073297276726638355
0.242097540099575514
0.207626334432515436
0.227561722651262205
0.358095585926022364
0.395799612981614590
0.151531244671961107
0.147461722981733684
0.302166539790714395
0.306699108536899301
0.211479882701646693
0.188078346878578301
0.152418057313334604
0.230654913033807030
0.314402507732971570
0.236927837389068974
0.186245345446122701
0.036348070872669482
0.172341884709420023
0.196860126241837741
0.133118529810976910
0.400000000000000022
0.248197878956399581
0.030977996323497535
0.129210597951112699
0.264538711895786094
0.182222612452653532
0.400000000000000022
0.233191679083390196
0.306105699941065290
0.159356912622272279
0.280883687144614203
0.091711323729635502
0.131881178511888381
0.335961960039813379
0.162243500755986786
0.168892501380547538
0.145539659201297189
0.024760130335962423
0.058060751937801067
0.213527390490631991
0.228107652634261804
0.199149384324336792
0.150491968735690679
0.031920342247967415
0.082024486132422775
0.090975608073556757
0.107320309753395043
0.117116688718294393
0.235256615978591488
0.147616273228932005
0.111576720899033727
0.221184257494459274
0.242707658801777748
0.400000000000000022
0.380632768157859069
0.397725124411650421
0.160551462902837866
0.071666255144912969
0.081820247702710222
0.185594372624474813
0.173418056855383612
0.197313560046969122
0.139454244172298597
0.060826784985854414
0.067007048221975604
0.284414855316290627
0.126876867821329065
0.179931715272492687
0.105345732839927625
0.051396540912387344
0.157402464296198030
0.400000000000000022
0.158659765640468964
0.339863102786108096
0.207942100664422147
0.030916024004641093
0.353053720098569279
0.286513718362609304
0.109332695605622060
0.106666732968718633
0.289741912182674755
0.112174113252164864
0.145252190854939733
0.334983801367061518
0.159858474243746995
0.050860770141170117
0.189090399552257760
0.084125112731699730
0.040520064249007413
0.113215523762322606
0.117470772561478171
0.027340360624101563
0.112704950569686352
0.095433836089421145
0.124175346901277628
0.075500977884775236
0.097216160795321679
0.095456503370284412
0.136136274141268110
0.275023062064160662
0.141020405098502527
0.385931591003567442
0.255233740352233118
0.218365443663813635
0.104415263581674120
0.043679938179805929
0.042439214366121351
0.261984722088598687
0.116257043266754387
0.091954043488377490
0.059607493005545832
0.026145906201900639
0.057186157750950511
0.096124522735982709
0.125056233225401880
0.216507893288673592
0.164808048732199008
0.103899691482626955
0.240299282491199973
0.400000000000000022
0.129058142944308063
0.358011208722552488
0.250072964377113627
0.180918750975715997
0.371454900570737601
0.400000000000000022
0.326024135700396345
0.097200391988406715
0.254352537275120083
0.379153214254394244
0.266731543840157459
0.213551083544136128
0.175769568956690159
0.150487580685107980
0.294674212012048908
0.340584502377047793
0.205914152805288408
0.311860065451186164
0.222016751175396432
0.150964479029707138
0.308549473978118605
0.291834915158617314
0.183788702484874333
0.225395318969319552
0.215568537233409102
0.233103443849666969
0.331891666786870820
0.372111381945549602
0.157472005900859885
0.256196416463983556
0.228371221724518847
0.357188130673090798
0.316084373039629163
0.228917764648384370
0.188594362248356795
0.267533481433685882
0.194423291877878518
0.227794400525561325
0.217039992602281628
0.231803657704740984
0.135374889102889417
0.203617393302162386
0.182150991639617982
0.182934062268327507
0.238782402411197969
0.232010540351972966
0.119090949949162153
0.264885600434597024
0.231821666084658540
0.251996572122691442
0.291039801165348833
0.220793863682190672
0.226188407956189941
0.279207684997082872
0.238653729939580089
0.169460878963709177
0.266404946344988736
0.256799404103237261
0.255097425915270848
0.301632580943639539
0.263290754411486361
0.176559153191928053
0.250098150831053301
0.234748333068253323
0.191682410726050717
0.386986102913473073
0.331699748212415158
0.150122738548290086
0.232025688523707557
0.241414012106506315
0.169826608352501518
0.309741378622976071
0.324690536330504431
0.188355711728726644
0.269150098709742158
0.314391456466043162
0.196307059283463620
0.290482355288692984
0.334429503921350291
0.213788642063948348
0.342096120685734417
0.212667922190948377
0.243738816176079731
0.283628444973901828
0.272658941343057792
0.142672107604211923
0.282922161867443789
0.201554574553181570
0.172803674548609287
0.226057415137409234
0.243579770157971026
0.180358761105827520
0.273517181275807819
0.205668278987298170
0.146954141898887641
0.286353441589565272
0.303542835903128083
0.265248087018877921
0.305905835140518334
0.211015607319898102
0.248392645049314048
0.288123999276057141
0.315592179909554904
0.119520392880206383
0.291654180599996704
0.361124143605869086
0.194350419690161896
0.201819537004286037
0.183548089274946563
0.190056958280979960
0.314248397191762785
0.344844154026924643
0.203890576963663223
0.310990396925445778
0.216285291496243343
0.148649587659477667
0.269138191821060246
0.287982134259722911
0.177762663350975264
0.221186070643090649
0.202741516289773577
0.197616800344831922
0.301982903366027067
0.361318884783213334
0.202299799583830930
0.279367144032217185
0.240276031652986749
0.274123089114403695
0.329236056666751431
0.253619584675128018
0.218779076293833807
0.277561061599725933
0.200994490376476181
0.207901031384988638
0.236598051544752302
0.231820492244860010
0.133720062725916466
0.209714484945043578
0.183373518483796044
0.232028604105160741
0.269952601398554981
0.268256490360850697
0.137695704909664041
0.279139439603175221
0.245956701110564863
0.299856728538523798
0.304016635738537211
0.237656333868638520
0.231972304130556056
0.267840270817799819
0.229217865930298942
0.281131467752915976
0.327579171246357381
0.294459888565158256
0.241245057043713351
0.221657279024819354
0.253467308251968004
0.254014361207272221
0.324671525397206506
0.250235654117866024
0.194997414265253910
0.384572856292937859
0.330750780383117893
0.170702482321317517
0.226852397320566695
0.217158427070968663
0.165476609470445374
0.301131240117165855
0.319507291461731957
0.196396833574489560
0.217185783380862973
0.280751860004273435
0.190512591240446255
0.351214508958388349
0.378240300727365253
0.215410506081304881
0.250445097278056639
0.221173536424890571
0.281350759730035815
0.306389047121363778
0.294338696443172343
0.114090225782669835
0.256068576933777714
0.215469288217136595
0.172819427894059435
0.224446564381380664
0.257162755229700557
0.144116358619529900
0.308968482757105201
0.232036201072523401
0.175766155271724345
0.308995390180177187
0.328570566338236336
0.295635418564791308
0.355051635976527113
0.217226595019572394
0.268627989114588073
0.294385845324478590
0.300133470004210645
