0.400000000000000022
0.400000000000000022
0.400000000000000022
0.400000000000000022
0.400000000000000022
0.400000000000000022
0.003524901270690943
0.055559501448712273
0.124258448060927590
0.084661445315820094
0.312593481889224811
0.041370948577301773
0.000209346797038330
0.036688330168851049
0.045241707324214911
0.039663669995661510
0.112760895006522366
0.018505914131928338
0.000282667866401003
0.016365873181829433
0.026677830632209416
0.119765569355375162
0.091345271100525718
0.037959505674163389
0.021858569412839837
0.060529460836257216
0.026055746075518284
0.060343488748738863
0.035246391862595650
0.038029094138249488
0.039404826054658108
0.121614540397555218
0.034321254613739159
0.007490880410447062
0.009786583556212324
0.031212867806081256
0.014578652967592743
0.044827655008434372
0.038126538417359766
0.003643723905211200
0.000125958971424959
0.001191809873798103
0.040924531965398178
0.063467757778699035
0.030035786429781747
0.008102269021123390
0.011654977322698403
0.012565801368833070
0.022034014144310610
0.013892407495621390
0.015724047585082931
0.047895173278420203
0.136009896801577101
0.110210607243626843
0.006617461430484618
0.017746893117478749
0.055373758675279654
0.008615979423195586
0.031595532055218513
0.074130587748169968
0.001941809612330606
0.008260876291442287
0.030555680309275898
0.006079995030738975
0.032947647533221047
0.041751872350122905
0.000166865044982452
0.019999664260386459
0.037946222123857731
0.013894837552865025
0.005959907871947149
0.011720467870772041
0.010967662043781223
0.050136192022613109
0.034913742221176575
0.011571378808885965
0.007138782875836876
0.042069109630666707
0.021331368681024573
0.079838222712355564
0.025926829617348456
0.006014609754176640
0.062877248285688567
0.134183765504876595
0.001859459818920163
0.021076955465129874
0.019722359127578130
0.002125014154949412
0.002922522102785229
0.006789619073852752
0.004246988100790806
0.017736598337434111
0.011557763505758722
0.000718956638655640
0.011799729160551879
0.032471740417392814
0.077380332546223077
0.005570918868442345
0.005705072901729887
0.012107593244024214
0.295539165167109319
0.029465490693079778
0.006802551398305125
0.022488849057439326
0.032405217389801129
0.009942508075112523
0.124288413393154162
0.110146674799994709
0.003264263185454335
0.013817734126891152
0.062225870600787575
0.014527165634907181
0.037556784041998546
0.068384382594596796
0.032452374215162470
0.099595040256848497
0.047708325940995368
0.039432252285253849
0.042386598228100467
0.039877511170662093
0.047335884801689855
0.113422451820730033
0.059627269007300795
0.022019091001399579
0.014088523641357691
0.012565654813830401
0.049759211888208858
0.118152634508671819
0.028841104838863256
0.004528090750746529
0.019707403096091123
0.052164433668347096
0.039566680787721874
0.078228259938417352
0.016198274471058385
0.008402189059696528
0.001460689662672288
0.003911571010138484
0.032525597239698389
0.058405103618116155
0.002006203112868028
0.000580247046623384
0.006264563312055190
0.044249131644248173
0.010994644974462058
0.002293054475706569
0.001167088721681826
0.007221647138008997
0.229608703398382685
0.146751396529976708
0.005053909038501715
0.005170161184337382
0.008551047114164319
0.003325963423354397
0.118269044465899559
0.177867188517695868
0.007558893607371523
0.018567705031728367
0.015556287695034761
0.046831949545348896
0.083194551011683743
0.102251620315596606
0.018774035949178570
0.040666656676919537
0.040378806737664988
0.152771138320594191
0.188536887699707112
0.045108649975279386
0.025482872674022154
0.084877043194746482
0.035818973931394278
0.021603940226209383
0.024373587523479671
0.016831071178470266
0.008233706090454731
0.027219388354800172
0.019729870106892998
0.008290911205623893
0.035726411945174001
0.115937577982193493
0.013641747298275081
0.029869233095468527
0.000048966776270696
0.002375980469703714
0.000416663180022338
0.024189062563950339
0.029548333092142411
0.074641331072002867
0.004096039259703682
0.007298574655869593
0.006457017634616429
0.029747560936603527
0.400000000000000022
0.000732765129883054
0.000451484563346933
0.002740240491466101
0.185175103386876316
0.242794561590935376
0.400000000000000022
0.080069354643416149
0.040165180118686784
0.001995735141060794
0.087721671596549700
0.259464705354230385
0.400000000000000022
0.147680998182149220
0.065491959359238211
0.201526106805051231
0.400000000000000022
0.144236682539880479
0.400000000000000022
0.272681514031567707
0.062980496248124407
0.145633212483331054
0.220909330888071687
0.037974046139305245
0.400000000000000022
0.268579329775910924
0.044977065792583280
0.018415857061664383
0.015688886532924221
0.021119323015961620
0.400000000000000022
0.272256170190092295
0.022637180858144208
0.024044439733363621
0.028268054221784640
0.075944713252731971
0.400000000000000022
0.292931010147503168
0.022816841871033902
0.017483772365386480
0.000000000000000000
0.000358180499932412
0.400000000000000022
0.288095462306903027
0.023576808236046722
0.007181398832649158
0.011489937329479514
0.001322773509824151
0.123633842489666218
0.000429281434843031
0.000167092593986918
0.000000000000000000
0.035515828453288288
0.063309822829675122
0.363315838094798782
0.003178599090021171
0.016920561647693306
0.006393714233172136
0.171057853310112862
0.069116843034733533
0.265667529062627805
0.072349952479685023
0.000973243812103680
0.194257486460860496
0.373321878816549213
0.036865983877051471
0.374309884348688393
0.255269400103188826
0.001668430834365958
0.064770808809453795
0.136347759531192797
0.017501352154082842
0.349675644670894681
0.255962946650273304
0.000370779766801341
0.001389870400978094
0.004122268058405605
0.016231598609148884
0.311399492739743655
0.189669310618182041
0.000983678583975713
0.009075584084037972
0.006372653045069339
0.040297011252354735
0.333431937058352224
0.244232558743658956
0.001575643225988957
0.007306484330408227
0.000163221816584911
0.000000000000000000
0.400000000000000022
0.261770675263100217
0.001246112926956832
0.002181013909066679
0.003772851604127072
0.001885146132620375
0.000424055515337743
0.000000000000000000
0.000048706078223084
0.001898440704248129
0.018506315094909485
0.027770632313997918
0.003412533621915008
0.001654351747665575
0.009312921000493329
0.037406941779960921
0.267550105397440174
0.028223918386642885
0.020995906865514103
0.105834015027286274
0.054908328627928063
0.002272760980649298
0.029949131230116447
0.137333379238084835
0.064270485685540016
0.180048594662739897
0.010643158978436332
0.015968600188372400
0.041960976170069317
0.018886261985577420
0.039002402913541005
0.109444396697724558
0.019602266812300748
0.002384036405589728
0.001353176398240975
0.007000249424847897
0.036331199878837706
0.094920081716728624
0.008577410732916742
0.000309970391180975
0.002502887666532924
0.010291376743160142
0.070252643668467382
0.159064513388411155
0.005087011404079619
0.001187080427143315
0.001039725208860732
0.000729701594249999
0.010326704557137634
0.026934794148110362
0.010274577149723246
0.009054486709047290
0.015615879028051560
0.002818239104611537
0.000131610149399159
0.000705812639238901
0.001115679185241608
0.004854146874632630
0.025988575987834800
0.015549854768387023
0.007699120314632428
0.013676284710769317
0.013302764086792158
0.045719334200007920
0.156351992800541600
0.032287084081784566
0.010224664642328983
0.066391151301543674
0.024539461684314159
0.047824700558378841
0.093707885743343114
0.033087093830508701
0.029306454058215775
0.076225072351624373
0.011498336303041902
0.034610029049463684
0.045639851468926657
0.005015650380464718
0.021055599221763831
0.059616732403660354
0.009807966634736645
0.001357017311956413
0.001476121318591692
0.016588549978400705
0.061609889808035299
0.129946434558547486
0.029459889733665898
0.006893274505100595
0.004627706450268386
0.019047776461754016
0.037849132965283208
0.074789637610543261
0.016871408739235334
0.010952923048207094
0.013380666495033876
0.000402817610800169
0.037656863689760449
0.067223548683129727
0.018710533192903667
0.011890530869239782
0.004456079336182209
0.000119502042091895
0.000000000000000000
0.001239986411849811
0.000370225633820281
0.004976071712976566
0.017768571955450695
0.010038551645240283
0.000000000000000000
0.008226971811573352
0.016156463771108614
0.019287048142276018
0.080291000520126082
0.019801654544182909
0.000000000000000000
0.002411452094018439
0.045026625121344865
0.001748904586196911
0.030882842391247448
0.047348441070719664
0.000000000000000000
0.002944281967988870
0.015762516800747989
0.002006466185192267
0.010616352127974750
0.070433047615818839
0.007350367248324369
0.033225254052280738
0.014153688282351556
0.000496557285365675
0.001141437695980687
0.027034520203880939
0.071870289202052684
0.089702926174273459
0.016899816378133956
0.000956025209695816
0.012190745740968898
0.033454382400028355
0.030103400629594733
0.030157715143316353
0.006268535973353470
0.001221049342804626
0.003127720890849520
0.003340568381330215
0.003885549530065205
0.013608817132266542
0.009001392721326303
0.006320960959596446
0.010546368897978371
0.011243920809470377
0.000243394045372776
0.002083136988325570
0.003336632986741725
0.009276096670395188
0.045916425890544864
0.031685433265081206
0.002557490914367879
0.031475841495093686
0.076822552445734743
0.058185516491045655
0.103474737634743810
0.029442984719431634
0.141120811335965823
0.203103946826481530
0.059683068636497014
0.006230245053145275
0.007233454907586257
0.019090621191571504
0.157513039777597452
0.182846679902453402
0.030682210889376754
0.002993154842343315
0.098809956188687431
0.400000000000000022
0.068225322670146332
0.064011488798276908
0.029911996494694990
0.003077687482395122
0.044994621563471365
0.394189955375170542
0.125591007360693702
0.107425617436239573
0.041222559522574698
0.008178786152118814
0.050621702296604773
0.080712104467124846
0.026968084394279147
0.029714114737429766
0.012820991931427921
0.003005875193675216
0.066916415371139709
0.042439641715447146
0.021602187404136594
0.033227454038027543
0.036682189316138702
0.006978192434932529
0.044098712759578620
0.151603630310563398
0.000000000000000000
0.000242606037101050
0.000323398302090896
0.055556364807743376
0.119115807364876064
0.025746533464999416
0.000186695950507433
0.006930265584781058
0.019469330528756906
0.253915911009176432
0.343166288343471904
0.058632826281263796
0.012346079793521347
0.045360997163156551
0.000449189451740160
0.148565914961741319
0.136200514508269588
0.056293000000771060
0.020462697271637895
0.012771821862294848
0.010315326566923754
0.007569743398755786
0.123813265748152879
0.400000000000000022
0.003562593798976877
0.014793604916254921
0.011769008724725118
0.004385417191979752
0.096558189742351058
0.347074582166827961
0.048503211750862099
0.031815611268051193
0.012031331754045239
0.013923808772762784
0.077602257469808894
0.103442321682037347
0.007821077453411247
0.002773362899307152
0.004111469052882128
0.003773099719361300
0.073073904577878768
0.060413157264896766
0.000000000000000000
0.001802901440909434
0.013912132560586874
0.006539180746443943
0.051503618214408464
0.354468778722618172
0.000617555316411439
0.001756007290860068
0.001840107917496962
0.006033829630044531
0.024991522743411342
0.051943954702970280
0.001507960811244790
0.017566746155543139
0.037846806287165885
0.040706311328540135
0.037898092542414781
0.029974999148244703
0.000204965362807598
0.038311421773455381
0.049823111372359632
0.117065233218109230
0.129162574718477030
0.040713712756737644
0.008068807879528345
0.021889848777727393
0.003233294793212445
0.161093831154780154
0.400000000000000022
0.230219148933529572
0.038740781626742764
0.042423481103010176
0.019514328997894910
0.011855285411524939
0.400000000000000022
0.290927327712851402
0.019850188224437466
0.019868170212766833
0.023353229358395119
0.018203068608659591
0.079931715159974742
0.143254226667651724
0.054907152594689354
0.034205534271737573
0.006571105080601568
0.003663847594885416
0.057180451961505077
0.054670928857743023
0.042949159436992283
0.021770583108507151
0.017325173795693653
0.003409288041297572
0.039109209087764323
0.126945042339516895
0.002679864618137400
0.000539348773467348
0.000054371209367533
0.035934258881712991
0.071703540982902797
0.099241557001533573
0.009720077493414496
0.019436322795289972
0.009789976496157664
0.280404428110775650
0.290730215653262014
0.175300232923710192
0.037283677244860550
0.042179640340960514
0.016778719064005125
0.105351010490374292
0.095430638054955039
0.065454691670746662
0.077258070030622544
0.029628460201243101
0.014036104184905047
0.095969142949951652
0.126990224696805876
0.018738046130569539
0.040672894418536734
0.012413448142741710
0.001398298066303974
0.045939384413705847
0.399604060429468944
0.067786935413462590
0.073874453120307465
0.005590498276669253
0.000155353559492711
0.319664158283951116
0.400000000000000022
0.261326792329550472
0.092103886057117640
0.041936575757658148
0.003488429863967296
0.227907188140489797
0.341206580712073437
0.178944684920590624
0.041709361707215245
0.030518491147601950
0.008995485138775360
0.027513447694445251
0.101692110540898092
0.072266861100901456
0.003938119328171285
0.002001298978314598
0.003134880313043124
0.040447388081048932
0.096627311815693367
0.174024840944585757
0.021959145340498983
0.111472913139638377
0.029441248905378335
0.239636983635163114
0.206334750887560148
0.166955296735507408
0.035509098607337183
0.142019991218469782
0.094353888519283433
0.400000000000000022
0.400000000000000022
0.202042712196963015
0.117205382899489119
0.035052886719599892
0.032167292315075702
0.323000082766204399
0.230874575051071479
0.071434284154283059
0.262961653803533590
0.073545273121109284
0.015841893613915119
0.315341857230880485
0.400000000000000022
0.097478910284403961
0.146424752381878520
0.042621492166932576
0.035469562993798859
0.378412178023426304
0.400000000000000022
0.231685001593685880
0.203807963565841854
0.045914015453493016
0.069520645593841413
0.400000000000000022
0.400000000000000022
0.250155319622760053
0.306443996481093828
0.121946927768405697
0.036863030769108213
0.400000000000000022
0.400000000000000022
0.084778913921744303
0.003016042140091426
0.001976081730729076
0.009612081945728355
0.106294886110320438
0.216068901244188621
0.119587261170576720
0.008931152952357482
0.042345461486632437
0.016211982472388219
0.254576055935732848
0.229013033528368215
0.215976662239488915
0.035381983323511126
0.055578259649353277
0.028461802734569039
0.371384296163189020
0.350910595629594368
0.230976284171653834
0.307154856522279696
0.093586732642227888
0.023084711864345984
0.400000000000000022
0.388895157596521601
0.056668996602282438
0.192245228383708056
0.088451235148424692
0.017968067847397250
0.296540608864817312
0.400000000000000022
0.054060145118806538
0.112353029177435240
0.018633153745751880
0.009270163862242862
0.206512905805622260
0.400000000000000022
0.232060843539953682
0.211573889491528666
0.064725190329951707
0.033940873220537529
0.091985620743027602
0.270521614411083244
0.325643124526458938
0.090482995696461510
0.034135334457075929
0.014028317500509816
0.400000000000000022
0.400000000000000022
0.088183911171833065
0.016444655571941712
0.004575561990111584
0.015431251139917956
0.271947353540396952
0.363191294572653200
0.015271580087260806
0.011282534338901638
0.053047997767146977
0.030802703808590671
0.208843370913031484
0.171391254658434689
0.054943220509342895
0.017685323685417108
0.038289871486977933
0.021045843287818097
0.122415561495092307
0.144255380785439924
0.135089781402180836
0.076189081192891056
0.052838236132794598
0.047789587584275303
0.171515342071235255
0.138742679740967462
0.066166980090724303
0.067519007002469392
0.048141282557505459
0.034333477796949674
0.073958539669692208
0.039280799823844047
0.012633822517340527
0.118052660205926183
0.057264400497645446
0.030394720105963894
0.022518643332478473
0.280075471619479544
0.124655444318825928
0.082229111218657391
0.069304643221098264
0.037150594670289867
0.020949210774909605
0.231724134532444337
0.280239184599651081
0.126437472682253332
0.065471334726307992
0.024131197758378582
0.059066410783338505
0.255656828883229548
0.234829835917571117
0.010791974983258757
0.006405002264284299
0.012359500969710490
0.268872336070104800
0.292679841188689283
0.014346863151844899
0.008769502719179225
0.048531412091723687
0.036683557021737333
0.161776447831949055
0.178987307829659853
0.069242100181437713
0.007694307727243175
0.045528949402513556
0.099419211713235797
0.081207630367249817
0.103359695910491461
0.061847959368442937
0.069557389716290649
0.044992962837707519
0.049272398161646289
0.106534356848417416
0.107349055545473096
0.028184394984760566
0.027349703057798234
0.033528902916748274
0.031880910178695800
0.011446569127981527
0.007376958978461720
0.031255366192188619
0.062634504272264649
0.033565954397244281
0.029939167979073818
0.012167634288684271
0.116089518525323759
0.178646920563128198
0.061248764321565299
0.035513078670477746
0.036325381963846853
0.004634625412523969
0.040277666138567245
0.233586488589107244
0.087170286043797479
0.026160571248737413
0.023320805888326350
0.009800219625743383
0.143536427188391769
0.325507640876189941
0.006956423785860558
0.009068969481050640
0.032935243894732610
0.400000000000000022
0.235381190931249540
0.011576874592346102
0.005976573142300304
0.057673524962881327
0.059616343006266462
0.264900489379258974
0.340938818094187079
0.061715036930998460
0.002373969959360769
0.036525203532512221
0.061084687599171711
0.123068054976320979
0.132798091763450643
0.073902415483158942
0.006172210423061902
0.022079326955542607
0.044135021066697186
0.078349991967596247
0.056332319654379341
0.060048388909691414
0.087332930017989224
0.083291134943649772
0.037877888443944449
0.058775907630713733
0.036450982329687194
0.049072768691569318
0.141456112478655527
0.114461945970849285
0.025667413790049293
0.010207552645747357
0.054482671942958048
0.073435267491361617
0.027072142866339299
0.018580279378535944
0.025308266183659306
0.005437929377112041
0.015388368833155889
0.087731594059616613
0.000455363585494073
0.008515806280199526
0.028184349567353148
0.006274318966677696
0.054441515171946571
0.377900865219408910
0.400000000000000022
0.400000000000000022
0.400000000000000022
0.400000000000000022
0.400000000000000022
0.400000000000000022
0.006082392185058821
0.087035342943805966
0.138692053636809809
0.142846961806865763
0.390245031803067743
0.070813933296733397
0.141330158133004147
0.214851360749593656
0.104924775960711925
0.045893915048806785
0.119994349914108622
0.037596535323499838
0.157795707643998473
0.196510421880526004
0.057360041521586178
0.122758724197718466
0.190155227289213136
0.400000000000000022
0.090083892082986172
0.124540949634534132
0.055967742570213280
0.063421176231133969
0.080241013426067029
0.400000000000000022
0.164995833415351817
0.226958875155465006
0.075543814136313864
0.015669666562565875
0.060408285852817087
0.111924972273206108
0.041546737361871901
0.074541769745864142
0.050947530348787684
0.006649599098886416
0.067042374342564673
0.043631451589245251
0.062526719369534772
0.096695211816726578
0.066717975745920449
0.015080461456055915
0.055753690082277013
0.164169431679396460
0.022034014144310610
0.014135013532722441
0.016047445887173828
0.103451538086163586
0.255125704166453193
0.135957140708626245
0.006804157380992050
0.024677158702259804
0.074843089204036553
0.258991891465875923
0.369146708853384742
0.132763414029433785
0.014287889405851954
0.053621873454598838
0.031004869761016060
0.154645909992480290
0.169148162041490635
0.098044872350893972
0.020629562316620352
0.032771486122681305
0.048261548690781489
0.021464580951620810
0.129773173620100046
0.400000000000000022
0.014530255842758098
0.064929796938868037
0.046682750945901685
0.015956796000865719
0.103696972618187930
0.365455703120822761
0.069834580431886686
0.111653833980406750
0.037958161371393698
0.019938418526939422
0.140479505755497475
0.232100586876639842
0.009680537272331409
0.023850318364437025
0.023833828180460259
0.005898113874310711
0.075996426680663989
0.067202776338749520
0.004246988100790806
0.019539499778343544
0.025469896066345601
0.007258137385099582
0.063303347374960350
0.365721311860044973
0.077997887862634507
0.007326926159302413
0.007545180819226848
0.018141422874068745
0.320530687910520695
0.081409445396050065
0.008310512209549916
0.040055595212982457
0.070252023676967021
0.050648819403652651
0.162186505935568964
0.140121673948239406
0.003469228548261932
0.052129155900346530
0.112048981973147194
0.131592398853016407
0.166719358760475583
0.109098095351334440
0.040521182094690814
0.121484889034575896
0.050941620734207813
0.200526083440034003
0.400000000000000022
0.270096660104191644
0.086076666428432619
0.155845932923740216
0.079141598005195699
0.033874376412924519
0.400000000000000022
0.298487682213193439
0.069609400112646325
0.138020804721438656
0.052194334197258371
0.022731159359406117
0.099639118256065862
0.195418660335998834
0.094473833382411207
0.112433794210154925
0.022769379551659950
0.012066036654581945
0.058641141624177363
0.058582499867881506
0.075474756676690666
0.080175686726623313
0.019331376908561682
0.003989535087920955
0.045373772399819511
0.171194173983765102
0.013674509592599455
0.002832403249173917
0.001221459931049360
0.043155906019721989
0.301312244381285455
0.245992953531510239
0.014773986531916212
0.024606483979627353
0.018341023610321982
0.282363871664133459
0.387012786840160494
0.320442572377498014
0.044842570852232068
0.060747345372688867
0.032335006759039886
0.152182960035723180
0.178625189066638795
0.167706311986343254
0.096032105979801108
0.070295116878162645
0.054414910922570045
0.246760054054801004
0.315527112396512988
0.063846696105848935
0.066155767092558881
0.097290491337488211
0.037217271997698260
0.067543324639915234
0.400000000000000022
0.084618006591932873
0.082108159210762199
0.032809886631469429
0.019885223666385708
0.321918262374605024
0.400000000000000022
0.312043384720649075
0.105745633355392721
0.071805808853126693
0.003537396640237992
0.230283168610193517
0.341492344728851260
0.203133747484540939
0.071257694799357646
0.105159822219604807
0.013091524398479042
0.034812022350314845
0.108149128175514503
0.102014422037504979
0.400000000000000022
0.002734064108197652
0.003586364876390058
0.043187628572515041
0.281802415202569656
0.393839230110774596
0.400000000000000022
0.125134267459668769
0.069606429024065108
0.241632718776223887
0.294056422484109847
0.366165893190902869
0.400000000000000022
0.193155066217455540
0.159845847878521657
0.400000000000000022
0.400000000000000022
0.321478136754442645
0.400000000000000022
0.276906561829108389
0.095147788563200095
0.367022884432295693
0.398397696407384649
0.109408330293588305
0.400000000000000022
0.278267941541648800
0.060818959406498410
0.319709355501196835
0.400000000000000022
0.118598233300365577
0.400000000000000022
0.278041899969269424
0.058106743851943074
0.384949296636359128
0.400000000000000022
0.273904024385458300
0.400000000000000022
0.299507926586671636
0.092337487464875329
0.400000000000000022
0.400000000000000022
0.250513500122692467
0.400000000000000022
0.305599079136186280
0.060439839005154941
0.400000000000000022
0.400000000000000022
0.086101687431568472
0.126649884629757625
0.002405363165572106
0.009779174539715272
0.106294886110320438
0.251584729697476916
0.182897084000251869
0.369371205951035342
0.045524060576653605
0.033132544120081528
0.258342820791963912
0.382930334542611606
0.277951707477056387
0.301049512386138973
0.127928212129038293
0.029435046546672724
0.400000000000000022
0.400000000000000022
0.267842268048705312
0.400000000000000022
0.266549738347284904
0.024753142698711941
0.400000000000000022
0.400000000000000022
0.074170348756365287
0.400000000000000022
0.267615220701140966
0.018338847614198593
0.296870230046818784
0.400000000000000022
0.070291743727955422
0.392370203172414500
0.208302464363933931
0.010253842446218575
0.211076338822748788
0.400000000000000022
0.254462671970615006
0.400000000000000022
0.253504066890023361
0.035516516446526487
0.099292105073435832
0.270684836227668146
0.325643124526458938
0.400000000000000022
0.266670280571819462
0.015274430427466647
0.400000000000000022
0.400000000000000022
0.090069057304453456
0.016868711087279456
0.004575561990111584
0.015479957218141041
0.273845794244645113
0.381697609667562721
0.043042212401258717
0.014695067960816646
0.054702349514812551
0.040115624809084011
0.245074832853090369
0.399737097843526401
0.083167138895985773
0.038681230550931207
0.144123886514264193
0.075954171915746160
0.124688322475741603
0.174204512015556368
0.272423160640265727
0.140459566878431086
0.212824246978987164
0.058432746562711628
0.187483942259607655
0.180703655911036765
0.085053242076301730
0.106521409916010376
0.157585679255229982
0.053935744609250415
0.076342576075281929
0.040633976222085033
0.019634071942188424
0.154383860084763874
0.152184482214374084
0.038972130838880639
0.022828613723659449
0.282578359286012437
0.134946821061986078
0.152481754887124787
0.224091119043419912
0.042237606074369487
0.022136291202052922
0.232763859741305035
0.280437728737361114
0.136764177239390966
0.092406128874418361
0.034405774908101823
0.068120897492385785
0.271272707911281108
0.237648075022182603
0.010923585132657917
0.007110814903523200
0.013475180154952096
0.273726482944737448
0.318668417176524055
0.029896717920231918
0.016468623033811650
0.062207696802493009
0.049986321108529498
0.207495782031956982
0.335339300630201509
0.101529184263222286
0.017918972369572163
0.111920100704057252
0.123958673397549957
0.129032330925628658
0.197067581653834561
0.094935053198951624
0.098863843774506424
0.121218035189331885
0.060770734464688198
0.141144385897881086
0.152988907014399766
0.033200045365225285
0.048405302279562065
0.093145635320408635
0.041688876813432446
0.012803586439937939
0.008853080297053411
0.047843916170589328
0.124244394080299969
0.163512388955791760
0.059399057712739720
0.019060908793784866
0.120717224975592147
0.197694697024882238
0.099097897286848521
0.110302716281021007
0.053196790703082197
0.015587548460731064
0.053658332633601119
0.233989306199907404
0.124827149733557935
0.093384119931867141
0.042031339081230024
0.021690750494983160
0.147992506524573991
0.325577883181044414
0.006956423785860558
0.010308955892900451
0.033305469528552893
0.400000000000000022
0.253149762886700269
0.021615426237586385
0.005976573142300304
0.065900496774454698
0.075772806777375079
0.276263176617583928
0.392605146171381536
0.081516691475181369
0.002373969959360769
0.038936655626530661
0.106111312720516576
0.124816959562517898
0.163680934154698088
0.121250856553878600
0.006172210423061902
0.025023608923531476
0.059897537867445172
0.080356458152788524
0.066948671782354086
0.130481436525510253
0.094683297266313610
0.116516388995930503
0.052031576726296005
0.059272464916079404
0.037592420025667879
0.076107288895450265
0.213326401680708183
0.204164872145122744
0.042567230168183250
0.011163577855443172
0.066673417683926942
0.106889649891389951
0.057175543495934039
0.048737994521852290
0.031576802157012772
0.006658978719916666
0.018516089724005411
0.091072162440946833
0.004340913115559279
0.022124623412466071
0.037185742288679449
0.012595279926274142
0.064987884069924950
0.381797256046535582
0.128128931648865602
0.054888828229152149
0.061787823974980643
0.205809933200263806
0.333138652446961336
0.203170240616615788
0.110066234335992816
0.244190410475775305
0.030692856291762813
0.209727030465958614
0.431980928379811391
0.296667823997723512
0.118933202779461039
0.145251827331816907
0.027883810452363066
0.193386567952269522
0.307508731612504971
0.157876128376754743
0.211453731619800661
0.254088741197984247
0.045717223110082826
0.156252611471672881
0.260156616033236365
0.196024330995279911
0.217373127148935391
0.294031728802784165
0.045966899635099312
0.065013850898694256
0.225153791957120125
0.237138942666634073
0.233537734633152860
0.300152580419359827
0.021278609453268066
0.092433956565148467
0.252716181400742201
0.396120218903733112
0.208817746663816695
0.241534958327844274
0.019177185875804300
0.086649729130498260
0.209456648760648428
0.258609942566372542
0.208478368464686842
0.235792237594228932
0.018212887042691722
0.112264457631136363
0.204026625731260430
0.239703856384813729
0.126729118316400685
0.053558799297070137
0.060550533658974663
0.200020233488009569
0.329656072326187655
0.188254255303756279
0.100143371998375350
0.014330837711918523
0.241952764562500200
0.368005353908590238
0.399970248601832945
0.181240083208548897
0.103078263715716989
0.018465103400046638
0.082838601171107903
0.284617750653692436
0.317942578544814836
0.141692547520520268
0.183830786646395267
0.051670161562868785
0.067285696397720890
0.328690316860832887
0.287606508704965513
0.174191693819965687
0.188370542231958482
0.060026254401269227
0.061612659655431980
0.160238326533225145
0.226253615616905407
0.150075433090340188
0.202439427650396242
0.058044353096475591
0.057661550211085696
0.133977224572073450
0.235613945724726354
0.139499462203235364
0.185561607997456829
0.056717273660474327
0.058002613653791744
0.099105601806024526
0.164029356038422613
0.121269332397371810
0.190667082767678853
0.059157190684621427
0.059097393043171562
0.117829391647873441
0.170534094503934419
0.187031667938155177
0.123435831006143498
0.052669199441515574
0.058432930772270533
0.208460739340594614
0.325368517184640438
0.173358577644387002
0.100423685663469833
0.012334397134411897
0.013475256154998937
0.182629442339013681
0.352585867108321460
0.163565787779550331
0.137740592717207233
0.340430427421751058
0.028456683551963239
0.190419191726029530
0.330941521791309090
0.257421686451084653
0.234267649399062333
0.320666317991647132
0.032084240435714013
0.168841611899957417
0.299852578989781127
0.201250970610626939
0.214563675756001132
0.292306379750947920
0.041501094394998835
0.073886956797254669
0.226475546575323733
0.184953351825914519
0.233631535467016926
0.316552176938502239
0.045807508967812362
0.094811428991873448
0.235696019272546409
0.261556337580716503
0.220049287307083341
0.262322238566041976
0.024426037778862576
0.085604546414986132
0.181598667642178357
0.255537377332336002
0.203394231509909706
0.221482420813030101
0.017563336239469426
0.111546169706786158
0.199036697953868108
0.315338151340795236
0.130481789086105027
0.052668842963467695
0.056709126198806151
0.175801810929967439
0.336370819818411826
0.184420402095810787
0.098220153381614383
0.010217289287468158
0.012337011732157815
0.173148851797811365
0.348292460404648563
0.147929428580433286
0.111394624952716959
0.023302335706735594
0.226447553835317311
0.288528241200678104
0.313404413803129889
0.157263862468743992
0.199708456713112464
0.061575090679036257
0.095317446009492712
0.258788613059574901
0.309911790084079097
0.190285580402832527
0.186417914978354804
0.059035607945642950
0.061080482314315884
0.153830301571815320
0.231398049279042950
0.154707023694420576
0.201859008672349544
0.058073562725724934
0.061399017164557868
0.177232224721822845
0.238036686425727562
0.118166264301808058
0.191201371813753351
0.060657348144673329
0.066190566020630892
0.113328739116137306
0.160937187672621385
0.097486583879821884
0.187698962675267672
0.056523499298798463
0.053121423183100834
0.116989517869245316
0.167488553938418078
0.178527766256640602
