0.083841368906889105
0.046892768854145325
0.054800875239795946
0.031552732152519095
0.024230440493492784
0.052651110694841068
0.094953394624055526
0.061835492383806714
0.099174485451657940
0.157395003554623408
0.074441902744547872
0.199987569248238212
0.190152731124428653
0.114145926654433863
0.066132974627597957
0.098791383426777929
0.208939596929534843
0.171384623424710753
0.125960349020794227
0.081839626972564083
0.075925295324049111
0.168025645178632499
0.068530655769714163
0.174058326682608788
0.166486134012669984
0.110984984409617238
0.096596419926068433
0.055669211646709515
0.026549718239448385
0.064983129626320080
0.248594145032818181
0.201432407029977195
0.091597175049960691
0.063451607740021260
0.072578190665702480
0.107100204551454387
0.145330400719929365
0.198718701461695846
0.101210355799487561
0.253219726187386529
0.346231845880276667
0.400000000000000022
0.348237599462845715
0.270617174187889165
0.150779280400042431
0.400000000000000022
0.400000000000000022
0.400000000000000022
0.095018670857665771
0.227205377679793957
0.101183704841505559
0.030037357707775429
0.399462285917606574
0.398195493065626571
0.135249980078078869
0.180473866769362418
0.198058994948601019
0.022923509660094165
0.147407265961132905
0.317365484572922185
0.130923510689093470
0.068326363253016803
0.104751836406255308
0.033107920016883438
0.282661259597901449
0.386057496497049291
0.180350737187439908
0.120972946329131845
0.183589700037839060
0.122078515211312966
0.190857805447711804
0.344783320068185906
0.123905874655757864
0.061371308058393977
0.109214603306623359
0.084088745201883461
0.090384671415016105
0.093923013938399316
0.193013935865633784
0.310749650722221271
0.146561420333882142
0.027569674265763254
0.119511452600953499
0.200631873946339495
0.230811547781242465
0.187546188224163857
0.064206704165242448
0.074859150835184934
0.212619039548033628
0.376916897279383489
0.377623768264141124
0.203425835347125217
0.071592922712864687
0.398611946987897148
0.400000000000000022
0.125542209794830245
0.086607407261330052
0.193376800955033956
0.109820207085664104
0.053961253237699208
0.253479335657307236
0.099935801739262919
0.100525158919157212
0.400000000000000022
0.351546580056737945
0.047871429279008372
0.281122407766275673
0.203859369868013229
0.068902821441814463
0.202229650111361847
0.341211706221023647
0.063130600767177442
0.269838017342390157
0.314427544111030577
0.254870737792369184
0.044953343271566033
0.131972327477749091
0.042750635729514243
0.054806073031400775
0.171642012457714460
0.071560601177631175
0.091416308418249020
0.063122402478181072
0.143966540573933544
0.143327326885136302
0.062603006017400972
0.078957123299524243
0.055332857739695825
0.073734703578391847
0.042720055807740402
0.400000000000000022
0.271905607888994205
0.064901094475899326
0.074769412429191412
0.070898858869887921
0.027210783687035372
0.077321510705837287
0.299162137454927146
0.134120824631735969
0.104692740075118570
0.128579509471778403
0.238738377352844977
0.044347465806625297
0.016707627511623406
0.038670702281117249
0.258607732623320763
0.103202247707035219
0.016050823573082199
0.178141892985510170
0.187741588278521609
0.049109707588099460
0.289792330636003015
0.223077463936141307
0.016805990772059260
0.244754836003632070
0.210827823742980869
0.089724253466294090
0.054205002007566942
0.077779797307181486
0.043550023813835909
0.062078886744652777
0.079510942492885331
0.213548378871845634
0.093986556851860803
0.064308999502374037
0.016091110267044358
0.084146870421419578
0.114023681702434931
0.082458727877386812
0.356570272320527071
0.053300964075413258
0.008635580897136851
0.032129406780529501
0.045811834645340811
0.117456684353410501
0.140801944193925860
0.048757367606775806
0.002381948871466449
0.152726102818609322
0.031756086735942837
0.113562941964042652
0.216012380314165919
0.081042186433954874
0.004919585410140341
0.039709005655762346
0.037877974587612398
0.132264352303619326
0.145050071653093388
0.041052419686791082
0.013586765713037439
0.044020207877561918
0.046838825241109008
0.147418580622569517
0.118932687436945600
0.066246393684638347
0.022662791809247650
0.269494463958679487
0.336182853780705171
0.061431258882686593
0.332626818703848026
0.043549629403565153
0.013933714564837565
0.241907020701273179
0.121790068607022767
0.128190439807539386
0.400000000000000022
0.008144952481233942
0.088884933933852703
0.048896816870264183
0.106061348446419956
0.223693386151722517
0.175010543036465516
0.055599177504407328
0.016169841733386297
0.060437579893231494
0.205143547084237543
0.107162304104574183
0.224193677414544990
0.086184579058345062
0.021368653376571692
0.164079004744362350
0.400000000000000022
0.043663939908330757
0.133216761972349773
0.154361851859784710
0.024308215961270939
0.115945008820611123
0.217829540099461427
0.049689588971569471
0.086574108795202359
0.040933418386487321
0.008884485503247091
0.042834684937786291
0.029462789050377216
0.051026866880520119
0.033968577705417120
0.043088617150229117
0.147529726853663556
0.082114722049484737
0.117893883597872909
0.070341901059339018
0.221355997710339231
0.118216332329118379
0.081412451072568587
0.302754459537329379
0.358353894420972985
0.064842979767103084
0.273978555239556221
0.028858348310261777
0.011736141126158338
0.313281190883340999
0.201108283935358012
0.150165271199163342
0.400000000000000022
0.001412078298097861
0.068099921947657127
0.139092621918458365
0.213963984751872643
0.075470669843355098
0.400000000000000022
0.159906937792230280
0.066293101219077527
0.378249405396882898
0.346970385421508654
0.088058288373587146
0.256640373686632783
0.155142663193032743
0.120152136819384553
0.311412871799861379
0.400000000000000022
0.092506715208424198
0.231124542866347815
0.295588902964906974
0.023358198976262515
0.163979490889984814
0.151192254701531970
0.062128234926457679
0.110621491905890046
0.144803517205114085
0.016553474826246407
0.102266776065776888
0.023295168673166406
0.043924747344822310
0.059168081514190056
0.104605700720687325
0.171836299894864708
0.124992889836156681
0.110175782448970569
0.067807637048612174
0.151939524992034392
0.123464674449490344
0.121893571789568750
0.323070475912857535
0.300066043311867925
0.093662828902308426
0.142673372328607384
0.042593578614575911
0.006351013785324646
0.400000000000000022
0.292650309959684440
0.145690525701928086
0.149199113703076425
0.067964139792523359
0.028936284936696040
0.325110730332524245
0.258538611728518497
0.077072704416864535
0.103889080884208396
0.045567166670025271
0.017498951829531959
0.274779841743244269
0.309282015711831448
0.135061956357718282
0.177894038625006717
0.138341017280329104
0.015175267324282569
0.164895661495567974
0.220565398043227362
0.090627871656635980
0.125355304467171413
0.335728622386797015
0.001669272345262083
0.166415168395286334
0.085334703461109565
0.092451889121915723
0.049335727170113468
0.306953746104916603
0.040180237974556783
0.139873064766714739
0.335202541651971608
0.042150124362925354
0.056211735803729172
0.105995201935216665
0.151273433483971043
0.130803329832756304
0.170740609987913045
0.157218801285578164
0.242333877248631147
0.074872804949748753
0.111314086347717056
0.207090086943768931
0.279966394286429665
0.077098808823305817
0.030362518880325047
0.008312571092619641
0.006850870257991797
0.115538358568850918
0.183046809596975335
0.099945405226042422
0.018217586807336421
0.060820386610334419
0.066960944387387367
0.190570119597315957
0.240734656467332692
0.112384071914740188
0.065810796862962817
0.070961708246462599
0.091902513459954566
0.108209782970944066
0.118246707213378710
0.133811729455490802
0.282578959774657079
0.064893903649393236
0.031868111491694023
0.042606846252336801
0.079652504478859881
0.092830824566894718
0.068181337034728451
0.103962289540321315
0.001861399974867562
0.214221160259898818
0.111647995829908836
0.184308675844963743
0.049882557575407070
0.391862176245878380
0.048089543428783785
0.068154903702456748
0.277466758786447776
0.155599861261940364
0.046559696773567201
0.170999888303399183
0.092272691061542705
0.029997859389490039
0.106980474225994215
0.229919741383042442
0.159652577633764670
0.037426410881309879
0.174074567979832590
0.159754338706943388
0.123149869726645447
0.139674909988598772
0.046983790062799929
0.002898949937643215
0.016261873256272503
0.325124143105613050
0.374318426222580825
0.144099390120330129
0.028984760232348306
0.062756206956077337
0.170597065065852066
0.259973280317322641
0.357082025362503386
0.082144576744453288
0.054872149575673899
0.039863027480675467
0.147303857694252360
0.241903710277253076
0.128490562142258929
0.161391087469653749
0.285206946053764843
0.071441137094180540
0.057400291344931131
0.008273398557247267
0.013699979938471659
0.138246052089030513
0.132269304266084575
0.060134970551995924
0.011239595799289941
0.345103025601839475
0.400000000000000022
0.243832406598876839
0.156313858981876663
0.235293582359656722
0.082767035771949604
0.160853686575143207
0.400000000000000022
0.208076579363751929
0.166257122934245188
0.251226887403132315
0.109375998821239162
0.059208870788788184
0.228917068504147447
0.206407432069079383
0.231046748421485426
0.110188341314504931
0.161200296220391004
0.148853758183691592
0.073734119639538007
0.196411747716546986
0.059536732388860772
0.024524975282649276
0.035805748066177263
0.066850925091183802
0.185952652864229268
0.083858499683678783
0.061779386125672887
0.335955674411927474
0.263038301954401199
0.113943421253175303
0.277092548530384009
0.266908601594398387
0.104487219826084637
0.124648426354131273
0.190501079110649840
0.183542467378266128
0.185330902765396099
0.366823719748629373
0.168266140006045312
0.088826667387376657
0.112220806516084237
0.004594992267973172
0.008774363986868875
0.084697423218864698
0.047883686149604421
0.024304399981554967
0.007973540037953863
0.132933348499485959
0.400000000000000022
0.139304055360755075
0.144203198420005563
0.166641330903136931
0.079916524597915831
0.061874505273868945
0.251424226961303454
0.247057808926198608
0.304146600709332304
0.096206889990265831
0.096446988898245406
0.006279888741405457
0.008776847955236217
0.152184601840530509
0.138692295577097002
0.112120648054797351
0.244690231251658757
0.238478904093243432
0.086205491825861694
0.257062173085412238
0.090297905687574037
0.064328084454812487
0.046920922200088533
0.139068064328430135
0.209379613049120672
0.114810479714419822
0.058453152808578615
0.271462597254118254
0.347824267342302207
0.112745483924383563
0.111487870477323461
0.290567212611652526
0.097839325674820732
0.150984158649675848
0.217131440563378908
0.133883876548964831
0.083388409817423195
0.215905572063932599
0.123533929009401050
0.091005517941674857
0.171735469436055055
0.035606088024240382
0.005297337064035177
0.128743928231725396
0.197131513066549413
0.048717423475380148
0.096595399380690838
0.009274441609465308
0.039063001008766536
0.342452511856290887
0.338757104334415970
0.126377742239702745
0.096008565339216201
0.007545780106167925
0.020027288128377802
0.127924645522052183
0.129852884488402043
0.236317595651267420
0.056740334138192405
0.006289309057690639
0.013489410767287022
0.100714270296043379
0.169228617763189482
0.205456978046613614
0.070160797129420097
0.116832120480713675
0.137261894370387466
0.157033091598116681
0.263727157090353437
0.393032192036990358
0.026429288253426157
0.015403760910070957
0.078505686381003470
0.157222835934828442
0.267166211424999411
0.243619260413744876
0.174161667094771877
0.048929074707607878
0.066305716553466801
0.219155893891429421
0.156489204646329899
0.214749330022581814
0.129769329011613088
0.157025690247639571
0.022509752407917617
0.163458433682709764
0.132201517689079229
0.158266305209411928
0.400000000000000022
0.201731340552226912
0.019442221747325635
0.061547559959175623
0.218254715612898914
0.172220871478928506
0.400000000000000022
0.099400622569713076
0.081079835480626972
0.154031814819223317
0.236200896716950048
0.125030772802198403
0.379455794237465227
0.043237509263224852
0.023007420114920112
0.130735023618646473
0.140144629090826256
0.158871781931455347
0.025237358764945449
0.013071743351284266
0.013053271537840371
0.228332047860194981
0.103398714599720276
0.281523908162830294
0.128013240890305080
0.110582382093967230
0.192551463994059591
0.112789231551727570
0.390425517356519092
0.308445359428252797
0.090545369466055098
0.057141734903863976
0.170437217255522966
0.025379146297389514
0.195461139811928808
0.176508834531354963
0.268944480128044061
0.103172104740762161
0.167284945499896753
0.122998089199088737
0.148122589037594177
0.114775952492742986
0.154171808560936180
0.122818588683995866
0.064218206444870252
0.075602824161642143
0.125571278473391168
0.154719431250701644
0.400000000000000022
0.382630048777149012
0.030394263625994372
0.107187822487551446
0.180631484213470611
0.302274247650826666
0.400000000000000022
0.082231184798075535
0.036101853069910241
0.185136009207574725
0.178955771065919533
0.192299288208696434
0.385231089686726369
0.026450063418211704
0.002308121296358533
0.057158235799316011
0.115048878722715173
0.113803065529321776
0.027771275790217161
0.032659782813569418
0.029250753010846075
0.163799337344204876
0.125822100134663467
0.389194152586948117
0.242211988215929930
0.036651923417515109
0.085793149288109188
0.222904223588963696
0.071403278985818178
0.255871040790390636
0.073770735553795666
0.038421781203945966
0.150317813439785619
0.045348101639415751
0.107371232995430138
0.122586823883245932
0.201510697746203227
0.076950214177673490
0.110062701085445025
0.074462378464964937
0.202252467737462110
0.130038153909512455
0.097559174081800495
0.123849415961477263
0.207511857780338982
0.185763325846703881
0.081299153307974714
0.162250496797591570
0.222024080352880737
0.146087826304783536
0.054746080604382234
0.109022027319358200
0.140837848598548143
0.256947046289866865
0.264227698183935766
0.038289601341262816
0.046817727944264684
0.079769109387207562
0.118994213218454117
0.279500803707486478
0.165653297251113191
0.023441429948765934
0.006464937198645995
0.007543719609178720
0.089440848297685172
0.146539374344140882
0.030424102958389550
0.084041074589372516
0.063925414242226725
0.182433425633560908
0.088131802861474248
0.400000000000000022
0.214521304389114237
0.027673100361112021
0.023017550708081012
0.129481164940187077
0.056711384705111667
0.230146231262608164
0.293629020109500094
0.047620887682754479
0.018076814150579518
0.113585444221865978
0.091483525947461175
0.051691745743411593
0.097224030479699353
0.095546801971220521
0.152743963850331815
0.073862071098006271
0.318661304139070123
0.102425312860362897
0.030670684623834165
0.061381141856920049
0.274882754319920486
0.036676621349958811
0.116543746098745057
0.169956704426431571
0.058103108406475756
0.024751484125511390
0.287735566101923856
0.015905770929990085
0.125606800612486635
0.145865908075145878
0.141927068585090577
0.063333237088111810
0.095428110297410315
0.017990973836373162
0.184574737756386081
0.310256942772282329
0.168838459679822805
0.019357994796265196
0.015719313493368480
0.070578581136018309
0.120226127050202830
0.143419388148878696
0.039319351848494485
0.217225365416765070
0.073809532101037134
0.082341438418557414
0.110919823640195703
0.395795186478833494
0.115863040273842699
0.045168358652702849
0.056236703777991427
0.119229022428302994
0.092222660604260626
0.098028318754335722
0.322906103055185967
0.056043183488065446
0.003393359960052884
0.070936877724063610
0.163826961956582445
0.049531751093884184
0.169140320458301713
0.124492113813857774
0.057749531834406120
0.050062750781056688
0.197579130093335109
0.160165623068523083
0.092499138448839280
0.106560681093390536
0.114196911104782500
0.053273728620378442
0.086019678675291769
0.173920530732277839
0.034667580013314436
0.026790644115312810
0.100029476066994416
0.135792747409066217
0.098161129442056710
0.163843693197029738
0.157776540508150043
0.051973347916326691
0.055659416763683203
0.057675873594491327
0.062791274985945764
0.183351894858549247
0.111131590388530488
0.013743798682472073
0.009495562718777592
0.074314677537468690
0.058613324446414664
0.072235750828375717
0.089579658212179614
0.068820922896114634
0.037393810563143212
0.167499920315860279
0.122790300149431736
0.204335332982657381
0.204063060399490959
0.011805084769241959
0.052314747967769082
0.233884364455412719
0.066118262245111886
0.218694595605975706
0.400000000000000022
0.148527501785189558
0.111605063632907883
0.190101860363547759
0.117825331233240543
0.070794338649542807
0.398801867966183332
0.125469281295160773
0.060903724995698634
0.065153462396340817
0.126575089736429086
0.185489457979328365
0.377813473911169706
0.306166151874020853
0.057069025531474360
0.288297107070850545
0.185681625499580089
0.384313007569816012
0.159106143367493458
0.019010534910490963
0.038931066014523993
0.321283854185183460
0.261710120880736974
0.264030356202432259
0.400000000000000022
0.061800514449049347
0.080374988945817558
0.052337104080753899
0.186934872810979480
0.191321430856562114
0.081740081154438662
0.101822772949526130
0.158939066918483779
0.061346937525804363
0.176219733629128184
0.147695249098861586
0.121701407937405109
0.093906915878765471
0.210536258364489748
0.120481976357328505
0.061559116692492331
0.063744310665071857
0.043772623445693007
0.039668229501797235
0.103633805354897843
0.084489680567036041
0.028817948515230819
0.087401199666685275
0.309037434894914864
0.093509205997693273
0.122786622972262227
0.393312363740474624
0.104871842074738902
0.068568310121974813
0.153649911535382905
0.351654986387922641
0.065734872088086593
0.239652382408562570
0.073650955353605260
0.230971709035199008
0.400000000000000022
0.150654372893601673
0.036098980456964205
0.336435697652656851
0.105685926813152670
0.041326460267651043
0.033017265027940064
0.018704313682197389
0.037883653870612322
0.372369650906898886
0.337996087802747314
0.069939990892691206
0.218566627046785145
0.088035279946610590
0.085144711328983796
0.089004721697895778
0.116094619168794086
0.281342711965694880
0.124058316670317859
0.216277497978268340
0.276353234803673298
0.152082000509002668
0.134024342142500030
0.400000000000000022
0.285917597014720637
0.141361536876311672
0.234889777099388103
0.290248800975968446
0.277939517275630765
0.164989216554300877
0.192753028372910085
0.173084198677184387
0.126385230334379067
0.291365142340602568
0.121372224772667486
0.123699460734307209
0.193200751620800637
0.141292827835731660
0.372605763992567396
0.274011230808107409
0.175925312780106757
0.382317635735751504
0.357315660937040591
0.322883018182710146
0.400000000000000022
0.392264837781292786
0.186326846798648749
0.200573721678180383
0.357979294385622482
0.252073123147980305
0.359389229448004888
0.400000000000000022
0.279251124415662577
0.185423087313445090
0.167890018162793753
0.031144710507421555
0.073757493613188937
0.333291568251682879
0.249316093179581588
0.115901575031515686
0.071425147777975109
0.205511539165188495
0.400000000000000022
0.284634456080684495
0.342921899881701409
0.267851686702624547
0.333136250785302401
0.379339286219700478
0.400000000000000022
0.400000000000000022
0.400000000000000022
0.246986170390308235
0.400000000000000022
0.400000000000000022
0.400000000000000022
0.247203272698196308
0.353919627748743748
0.213304352896302923
0.274727588959434166
0.400000000000000022
0.400000000000000022
0.391669717730264488
0.270771772456936455
0.262387079403413492
0.069844431860182687
0.286475330289563013
0.400000000000000022
0.245733990403513264
0.126779516061595432
0.370585581658341101
0.371369008599284123
0.385827903639342162
0.400000000000000022
0.400000000000000022
0.218812272003952590
0.334573858687514880
0.339209955774691874
0.324741681996676634
0.398534536308128962
0.339811446719690491
0.184905237067794992
0.200220121248298188
0.255824214637938530
0.125990759439256500
0.099220351002434481
0.321757864097359125
0.400000000000000022
0.195278843809262304
0.124165073646454099
0.128785894210418778
0.239694874955106024
0.400000000000000022
0.400000000000000022
0.190584446404945179
0.170867716174401135
0.220164819654201538
0.393462102209973907
0.400000000000000022
0.333278719835527260
0.307910518364132080
0.400000000000000022
0.400000000000000022
0.139031620562117264
0.187321677557373445
0.351634923286232248
0.315277185132277704
0.124122050367119319
0.368162823176786669
0.237197696109650386
0.257558250517273879
0.400000000000000022
0.400000000000000022
0.074300717532434529
0.296526168676346680
0.282365056249016699
0.226125657376642919
0.400000000000000022
0.400000000000000022
0.237292267861949319
0.318767092049998035
0.372051236421157339
0.400000000000000022
0.201442547917895926
0.346721657500330904
0.172519964741127324
0.211831763279040297
0.194151764865632070
0.235019034860340925
0.223617826107328277
0.221388707687593000
0.400000000000000022
0.345058667437363187
0.082045227764726614
0.140504683258699886
0.273587573352594760
0.245955575057320325
0.400000000000000022
0.400000000000000022
0.352985443369621177
0.218932909295122657
0.310970309146141433
0.195929631672086296
0.391589184088952269
0.120559019969062139
0.322169557569847220
0.264855848250382442
0.244837369165944840
0.287451291403233777
0.263975736117790405
0.057419209157909552
0.029760899049463781
0.267002750141312251
0.351219258934679979
0.381696817854696668
0.144064064463387292
0.288724275079477399
0.359671789776547179
0.161898939139827031
0.400000000000000022
0.400000000000000022
0.107351360238114368
0.301896570907496054
0.370514861926018457
0.115103399763683598
0.249666141819495702
0.254288631838536450
0.312494503941879997
0.165250991485414944
0.246795887992782043
0.336546468070934357
0.242109145889454924
0.179084951995117037
0.170262918827980531
0.206965459105415417
0.178241888147305183
0.158061552039028941
0.400000000000000022
0.208020395326114882
0.400000000000000022
0.396395241304893897
0.076206098271335204
0.224644506840961961
0.321433428407396471
0.351031615257602514
0.400000000000000022
0.234957287616684829
0.067857939805853071
0.298698951171617377
0.377371044912610754
0.273341474642651350
0.387424751154747948
0.066159069073974050
0.040186095883970936
0.189422588102935358
0.260098950375808546
0.154855485216112865
0.041358041503254603
0.076679990691131322
0.076089578251955087
0.311217917966774449
0.244754787571609095
0.400000000000000022
0.264874780025177614
0.306146387376194595
0.378428260855008525
0.284335482471650303
0.388881889791623747
0.299420670193955740
0.087704450118633218
0.280328801905219138
0.272107882046808414
0.173538541446955130
0.400000000000000022
0.130731776364479912
0.290395631680055943
0.125847031047937652
0.216124049531864981
0.298155764616687469
0.372975809086796117
0.185637331413919776
0.113729015815186796
0.184286995854708757
0.394963787039927405
0.292925629951278022
0.305492830722519704
0.248435075855936605
0.243392733729452415
0.310166831049145886
0.400000000000000022
0.152685967227688957
0.274054610570897916
0.388713248356540753
0.288535914145206740
0.154234610161873953
0.264647268043726069
0.129458698358777047
0.205568322013656463
0.320434222093973764
0.174537782754360271
0.066276114886552231
0.035927726249023212
0.058570586489698831
0.123409426003102285
0.189627991494370041
0.177953829812053099
0.166155796638857267
0.181819297840099647
0.252775326692899927
0.309487800571813465
0.400000000000000022
0.295933755461682824
0.330427559898441359
0.368018161216984385
0.194324144707290147
0.330689939944667888
0.259004579572869931
0.305365161235658489
0.360902078566095463
0.219185098085937530
0.263750715421029291
0.400000000000000022
0.053103824041509463
0.165323952427356480
0.234639423889678900
0.362029512863094927
0.149332740941361369
0.400000000000000022
0.262332250652593191
0.096963785842911682
0.400000000000000022
0.400000000000000022
0.124734909723545978
0.369137363538499907
0.325099367619464341
0.178255245225860337
0.336164355925372860
0.400000000000000022
0.108412486138414282
0.356731343478834451
0.399472629705883042
0.165285267561353116
0.227312727978096596
0.246620364998942299
0.080119208762830851
0.295196229662276100
0.400000000000000022
0.185391934506069195
0.121624770862042070
0.039014482166534886
0.114503328480840619
0.179394208564392893
0.248025088869566035
0.211155651743359207
0.342218255252921766
0.183985314550007717
0.150149075467169574
0.262859348632230094
0.400000000000000022
0.237756612063411421
0.366661924290091146
0.348111495856062991
0.212891851330611392
0.234896032932868037
0.140621897368911647
0.329257116840510566
0.400000000000000022
0.296043669919737296
0.216627403425991710
0.313026075659658898
0.117495890886407522
0.198076605394997773
0.400000000000000022
0.316288143562924562
0.127135455197921216
0.301468210977543505
0.205732789738548361
0.109998090278371236
0.370783686578639249
0.397454588375760087
0.188335684978096718
0.263913717300298500
0.312261548012606971
0.049842847337597002
0.191686305610880792
0.320594874110221750
0.226420619065702183
0.223516433909228152
0.400000000000000022
0.159445812853412111
0.218388516311612990
0.140994120224792768
0.150127762716407043
0.112127002156059252
0.400000000000000022
0.151311828363087264
0.153616863449186819
0.344698104370749159
0.116464801900394044
0.114825060250143829
0.178230952763592410
0.240853091696150712
0.199624252728870966
0.208134420551056215
0.324718721601438498
0.353382849860022552
0.279208137932406120
0.315377146747208015
0.218895171713010872
0.331384046075453020
0.310983173278718494
0.096480781125436926
0.227007166698595331
0.400000000000000022
0.264065860354040449
0.294651873229883232
0.290047265589590153
0.136042918040576943
0.131614725259877219
0.400000000000000022
0.316039400892476730
0.301638381463031291
0.177537534311080991
0.192385886599391903
0.256451166225791005
0.400000000000000022
0.385578624731183428
0.175315732744853070
0.400000000000000022
0.400000000000000022
0.400000000000000022
0.190974254859187481
0.061617381162827764
0.118583570493383889
0.396959722189516251
0.329891457915465425
0.367139395065585794
0.400000000000000022
0.276021674708948117
0.192022984775726380
0.236645779925717642
0.236817430386386585
0.400000000000000022
0.129829624583222475
0.169977676651982879
0.400000000000000022
0.216946798787744699
0.222779430402695433
0.318695137402260797
0.213974098998947815
0.123904775268255496
0.317516732590483963
0.346866987494982293
0.221211694326256980
0.101170721546381737
0.217847191425525610
0.199422568208740658
0.226783675081543290
0.224164590555634785
0.075801738578030742
0.090300149604328500
0.325299308151187350
0.398052625472957056
0.400000000000000022
0.400000000000000022
0.133856602307087180
0.131324517078052150
0.324246976601234971
0.400000000000000022
0.397879171066823134
0.321796959153015816
0.128523104929279181
0.270834736515874419
0.400000000000000022
0.375807480782427872
0.164589542599223149
0.400000000000000022
0.381908772779227856
0.112767597361831590
0.090417556372871188
0.026977712239444659
0.051583633809083984
0.400000000000000022
0.400000000000000022
0.130074961444687137
0.229806222846075131
0.381213523427323842
0.400000000000000022
0.332837128296772589
0.272408478150670708
0.400000000000000022
0.206825352442267490
0.355418805032096330
0.400000000000000022
0.360158579872754625
0.300281465076745135
0.400000000000000022
0.390294349445206412
0.200570407665099842
0.397646928793709331
0.266098523570352685
0.269021049326244210
0.348684891131209707
0.249255458238942657
0.342749923619048269
0.380161152970703131
0.265141557271908912
0.326430647262336948
0.334963886594055960
0.216549195870599426
0.312808607047744658
0.392190672616572700
0.283048145333071544
0.330845817644066953
0.283930388316717186
0.304368668208898852
0.319951785766599162
0.373132907705925054
0.327647835348683469
0.329519874127939927
0.271290463284954264
0.270523523587303583
0.295333418891732591
0.320874957489874935
0.340841966807302332
0.349914050065568638
0.258154112699206517
0.242837040051934017
0.188582819967571119
0.222197754456824492
0.307084261943428360
0.316809363290955048
0.303618235202407605
0.271807787260903655
0.230840156451656314
0.277702501300043925
0.293682668883988807
0.276932413244411146
0.346496177892183732
0.240262062796810089
0.169947183785501027
0.349887992216708410
0.312686100050982962
0.248729125645938187
0.281735625371251408
0.294432356684354635
0.248911246722169410
0.271984746731586235
0.256501465737544287
0.320852046865580387
0.324140209056387130
0.252034251072434323
0.371408159855134201
0.310432647166770492
0.279803657524356708
0.348336082423943483
0.306676333816906288
0.231588538710588127
0.338638099753778066
0.328354462477162434
0.279535544976324157
0.314739315683451815
0.278193311945590493
0.365207926179462627
0.370981713011890091
0.348514867218507274
0.309229557997165505
0.285643141095357600
0.275217605215339889
0.305858789442622958
0.379020207392969488
0.344644940215870887
0.314054962692999817
0.330481921456823480
0.251618916699450190
0.254602814506999064
0.245816350669668976
0.235950981961089823
0.274286645758106351
0.370247292661083138
0.293015859743307405
0.258353970105468012
0.324073291322569956
0.294739558261692625
0.257264896667881326
0.356827840934843987
0.383793794736750571
0.222573259935630097
0.207462804577703053
0.351102366811378075
0.265502984745228432
0.319748713124759942
0.330221098856833983
0.284276847153207057
0.231113116292114090
0.257536400646905417
0.331646917059108814
0.316906425389746171
0.354118706065154165
0.215262193689581327
0.322507734710398009
0.406839678404252669
0.281749972148322536
0.317666516116099251
0.323971920029051286
0.222588501400508759
0.322349304107409862
0.426768327134379011
0.263513991340998788
0.282655864134767787
0.244803000953948441
0.298697000469771379
0.331396595607219402
0.424496553393148901
0.331760487917171221
0.306280324299598561
0.257776107062591908
0.249396475639790449
0.301613414015375281
0.376835847626250553
0.340219957321610311
0.390565670294615530
0.276798578112045390
0.240054982826836794
0.192562226960140637
0.228963314465666451
0.294203380617799215
0.375574125677623993
0.356389207457627533
0.268604824909956241
0.247530014497081480
0.291723682462971423
0.282853309867155178
0.294068019168473416
0.417559843672334507
0.284867833068236986
0.172027608004477583
0.332151748527902579
0.300125360872307345
0.236417340208515458
0.289465032012618917
0.306863753583103749
0.213331345628396868
0.208359266900742468
0.268175001193678930
0.399887946567058838
0.364436902706958665
0.258046958110434321
0.327184721697469816
0.291778539053834995
0.271588432201315899
0.364250105341316743
0.297052840744851776
0.224544466745392884
0.349029779359799841
0.340146335402971678
0.278086088596209813
0.299071146559173884
0.221523574522128036
0.321643974424731471
0.363616457954382688
0.360981390486655285
0.326919438135994445
0.288636844852851793
0.252567502158983881
0.295318975049588262
0.347631817856345782
0.351973499753988284
0.321094955235750434
0.329878818230065984
0.280123065898515156
0.266209567347227893
0.242095699149934535
0.238940472182718161
0.271081735003348812
0.354716990301330748
0.347367180659056973
0.278677911742289230
0.318428443165635566
0.312952071717644609
0.252643639612285864
0.343670044421453103
0.404624750174089609
0.265202388075141349
0.253646924870317425
0.354246281644139571
0.263306213635359609
0.304624106935830086
0.316208933046078056
0.291212709615328802
0.239611776041609520
0.209125207668860363
