0.113558210978393401
0.071563438980047120
0.000000000000000000
0.006663674688420535
0.039770622256495650
0.005130386761205110
0.378317834136587594
0.040351613668037009
0.003107216432537205
0.009235951851623419
0.072005402459319814
0.003377197779209808
0.121694270912165933
0.132656585212136552
0.076621898030166197
0.013700506776181575
0.040024178337608560
0.008854242375768838
0.130819022985903866
0.400000000000000022
0.400000000000000022
0.400000000000000022
0.093456502267188143
0.007160345077974636
0.153580209400795170
0.314267443915868638
0.376030435805083052
0.376040593530668543
0.267250636094424898
0.039731143485152186
0.100951160126520029
0.139233822674630026
0.037782343020146138
0.352293246913436831
0.276030166463574977
0.057069729364973822
0.297448318940640832
0.116588626931502112
0.097589359507120901
0.054970109363674899
0.046450207047009140
0.025002261621473794
0.112271527456000372
0.017893281151243529
0.130362437897161010
0.150227132085968301
0.116402102189768528
0.019502853628086046
0.136377994190154062
0.149881309156043752
0.008106386128169501
0.003075573149584462
0.015204008200415665
0.007991704446387879
0.157601614613333663
0.070268349169257727
0.008816174587134754
0.012521751887869456
0.008447490410938615
0.008995786807612991
0.141793821412920018
0.061746032346936243
0.053552586882691100
0.047389080569524830
0.024784615330811922
0.010995887340118971
0.204911770896287038
0.114846431173657504
0.053575399517454741
0.142887751187377676
0.088651560683722083
0.013854991844388253
0.125265791512002678
0.034122345805225857
0.044804686469628360
0.226112346724576585
0.353847656897697871
0.024983675079566448
0.041365090358603349
0.005077247990514203
0.006192787608098731
0.301745217763202345
0.400000000000000022
0.033159896902558744
0.080257347436696824
0.010451784881647552
0.036883028462207285
0.126120423616598504
0.032381563733689431
0.022189934546886714
0.146884641779391256
0.028534850329970347
0.064469206462436687
0.066923583608829024
0.111496876035994230
0.054316090982786384
0.077948222941252462
0.199040430653049882
0.023013153468402964
0.041619947547336257
0.092751339936445285
0.024514424794703914
0.033056505998386485
0.074308864341939798
0.024338834657576518
0.036003878956727547
0.057261223014863291
0.009567240103216381
0.184396903942156021
0.145386783271229808
0.094706215038755093
0.278606421881729682
0.070014859231010834
0.049544943192950705
0.150834174805976523
0.108750217541466535
0.017340416770593448
0.125027482306212911
0.120205175860455357
0.065295796295804176
0.046769772557662709
0.032382463624195154
0.061164232135734409
0.105952652316162799
0.184271389681023912
0.074607373939100607
0.061471899939552779
0.077364796700110386
0.035781121539758154
0.072441229800593726
0.224307644754973917
0.042006695510951916
0.018299062109488243
0.027160596289373142
0.032219739160802729
0.022807758710980317
0.078482902758382905
0.017710460847506965
0.028299451488700389
0.031165718312345287
0.061162403000765322
0.077997156336123807
0.053595482641568229
0.037753140456363569
0.065899212807147001
0.138931829821724223
0.032832408463211359
0.066794702993778127
0.067742194970505057
0.010951573419054733
0.071348682381662074
0.079509721256098898
0.026812547988383985
0.325143890694773452
0.050413534680590337
0.010194184517914005
0.047304127960666867
0.087438699244993590
0.143312862220448811
0.400000000000000022
0.105959100034218309
0.017332506062198081
0.029629225756892360
0.055460860076427865
0.016023485304936629
0.024825070730378360
0.046497558815585822
0.030285806478423404
0.058094410650803237
0.070489075321888708
0.051334472814567420
0.072192469277837373
0.193053425121019528
0.083944014920247834
0.161095110815079740
0.159239384955673968
0.022778126661283246
0.181605153518053480
0.232545759933644514
0.066784237859436893
0.079199711787756644
0.044526296756635567
0.025310374731474680
0.400000000000000022
0.400000000000000022
0.064065735298229953
0.045942474796567503
0.037029953273858461
0.021259762448670574
0.373971455546978859
0.143783961029088109
0.055226906972256178
0.136155366264356592
0.397075885662584782
0.400000000000000022
0.241521574643640602
0.078345848508598104
0.093535969456300716
0.060313692868488492
0.164574012891176097
0.128994440294820212
0.170569128671032577
0.121544257944570605
0.139991927167261665
0.037288439039944686
0.024989973430851575
0.108750189559412694
0.203771852111969576
0.096510421828036846
0.068494910415845656
0.021399155208653927
0.013108674075699411
0.016088385940615631
0.034551974419404510
0.100680513020026258
0.099441655892129582
0.165135111243943672
0.104630077301929136
0.003888004998956446
0.029928109028373100
0.139344360345356327
0.061897341312645508
0.196428585564097813
0.149894024818539084
0.019198634932420341
0.177922936984503927
0.186240150725736825
0.055172180528039683
0.154744610082624579
0.130483559044076880
0.006572061040459288
0.391579743415810255
0.353594667074630109
0.013106291001371707
0.044752296599100919
0.126220013083302496
0.017297173859680513
0.211520212545133368
0.134129043466675507
0.097389633046234825
0.052746274418750155
0.347443925041138635
0.339201906037228607
0.026803737633761048
0.076435027649546225
0.275260427174910838
0.010066918338804152
0.102184059668128491
0.119048612764905443
0.094227279021425178
0.103346569925575629
0.216223624907176920
0.033192063578107320
0.024806246166882335
0.084901751662887756
0.110531863231302069
0.108517890042115372
0.117339912892668069
0.045104321470402858
0.008708040411188271
0.019525232979648637
0.078567731439305788
0.077259808940163960
0.054279349730333992
0.083600948323783980
0.010032676705257386
0.000000000000000000
0.013722725752849827
0.065157866532995601
0.086837038258322868
0.114420045263394998
0.038024421497961217
0.000000000000000000
0.395316167135943308
0.246017723708162883
0.058096839258325379
0.151021380157377150
0.042316250194893532
0.000000000000000000
0.165515207911346524
0.160901351309974405
0.028982705843219228
0.093575163299084718
0.089661309681990778
0.006688670371135268
0.034420516056910266
0.039389477590015105
0.074078886883838208
0.078804386621136271
0.214341305048064978
0.037419521323433673
0.007398300160374030
0.158710870957375016
0.319874367687227101
0.015286887980730260
0.140952624447778285
0.063612873154968386
0.132135240806504822
0.106289397946789488
0.161513168525117101
0.025351578220555917
0.037209186366135974
0.130227948019754985
0.400000000000000022
0.163367941940436107
0.082027241677363999
0.046983811277454601
0.000666458563306497
0.061617729750103559
0.400000000000000022
0.353571462819093296
0.076068890693736985
0.102874876017449352
0.009074401368348500
0.024944958712746976
0.112540745070669274
0.382732630189130285
0.094444092293731852
0.327021474879440555
0.006251809082156895
0.018549346695753977
0.339232026750691695
0.288641128541782754
0.039499221279343529
0.226110195294002309
0.051583313172383100
0.000000000000000000
0.252978211571073364
0.246619098434944950
0.050667992289988056
0.146430309185231283
0.373948406245386833
0.004715222507894084
0.131476816110116523
0.141698388622088944
0.079394784606343971
0.046692026039167792
0.043479687317110646
0.020091559479301507
0.009354948575117098
0.073996026074392915
0.101018362368041209
0.018469539510058416
0.100954924846576699
0.400000000000000022
0.398691419327212970
0.062339321902612654
0.063597328539926501
0.043167388638938889
0.025209516866088064
0.086263941324730253
0.400000000000000022
0.125585470212599470
0.048059407122930609
0.020280559646146328
0.002651266123004839
0.044945829868703886
0.400000000000000022
0.171482403166846376
0.033844161844922449
0.054969546605891928
0.013771886142128122
0.044196289244606710
0.190448901595647618
0.400000000000000022
0.079445609102045442
0.188293860473786406
0.020821269026245943
0.043634638064008552
0.156833815768178259
0.137918122510235247
0.098812281722158404
0.344729916369600931
0.141878219795324528
0.022303402238066525
0.167680709193730820
0.166793823361428978
0.034110904596834885
0.214098088671151071
0.221281347946141904
0.021166417625426641
0.278034837716800987
0.320047769243005931
0.057094668725764186
0.096409375075281856
0.103417810829627560
0.064110884598001724
0.004004379129401111
0.043656282727323983
0.022806977837025171
0.066739075525376917
0.260534070258095385
0.400000000000000022
0.400000000000000022
0.019295298843680399
0.017650865371676806
0.059081851206110814
0.033387333489134613
0.118114290448859821
0.134233329087072695
0.003352493149594240
0.001811360337430437
0.098725532679598160
0.014634915980029020
0.065081741383964123
0.082740761528619436
0.135909083426977495
0.017011257760549691
0.032576938435552705
0.054580540035049557
0.159604379970108540
0.235313666062846427
0.370369261301679298
0.020738961994181130
0.008814673727426550
0.004907133728889785
0.115756527140134027
0.171040980347401700
0.091243420326581171
0.053856145111881581
0.049431064962799885
0.027760260998041849
0.018597208355522702
0.052415843897534335
0.069888170748568096
0.043091167735951154
0.071759006732859634
0.031034809123453421
0.016066998670177246
0.357133293756947912
0.400000000000000022
0.129670162298411606
0.092045201492707895
0.111155832619278888
0.074133955382625419
0.018388602433987003
0.037824109106679944
0.004730614949178985
0.192158016748583543
0.397459476882747076
0.400000000000000022
0.324382771011279214
0.056958255438211577
0.002720133355490247
0.212231595766160519
0.086199992197096675
0.113773734284730338
0.096223557203710147
0.085529140399696585
0.014246467829470255
0.387396026294181794
0.285359723962054779
0.252350023088914743
0.247563952480175986
0.257557859813909940
0.029502210921412156
0.344725052553353783
0.319097190026999544
0.370098419244688226
0.389390738581604667
0.174310279807050272
0.010670237559079780
0.045565307903818159
0.012788758180149429
0.080134379516578647
0.184199394816869366
0.051231843412258914
0.056365490963817134
0.128975524835923477
0.056256675296376707
0.034044864617339035
0.043842170235414389
0.024828825179528259
0.023444750438257465
0.234150605211817825
0.143021954226198789
0.107941523242552628
0.201528986822528844
0.224906351076611111
0.188636559458567776
0.024719469085703022
0.049349557607391001
0.026795957779899130
0.023816940932501127
0.032554801636805457
0.000041185558702324
0.224674435078250107
0.400000000000000022
0.242475340646199827
0.095702532415170821
0.060876166553832205
0.009881375151421259
0.175842899049207357
0.181608130896236591
0.076098428872823060
0.019107619444064534
0.042286617864903904
0.004494650642847281
0.094505442922995703
0.060993095378503663
0.061272882116803776
0.134997447817345434
0.158294758297507221
0.043523343348841455
0.026168501994898428
0.062211181651597600
0.182208658610526014
0.305650371888505967
0.117863264328947698
0.051782891994040209
0.002942719919385238
0.011334859787815291
0.142182950072423042
0.130285381485073098
0.036551501393730403
0.043398097007386241
0.075582128043176447
0.015441892248350853
0.064673287940955879
0.057953229322857056
0.042922294180513992
0.064863676271559048
0.184046055583737350
0.035254649536791242
0.058975253209599079
0.076728952009947698
0.050368721796263796
0.047167628557040667
0.044963371725961911
0.026108425686338928
0.032850477865004085
0.063884087391700942
0.039647387902436895
0.004138872020915590
0.248823598214619357
0.309204904359637156
0.065773645640912148
0.028210870944503377
0.012221689908002792
0.020278154727628887
0.250445175226801819
0.229258479715017172
0.072867370813115673
0.002015072933346768
0.016451985684529769
0.018927506950814171
0.057051871488336979
0.019624583630072343
0.043940330415482190
0.000754494039107436
0.026168607979712613
0.053162170677558906
0.051894179302166284
0.102967563012055716
0.135973803455358866
0.066482345134357787
0.016105733174466029
0.039331779630997044
0.044271033232502588
0.143767481690765309
0.135006413893003330
0.107930389840883892
0.027851760404168563
0.063263895018034311
0.048213817053632604
0.185569812352378183
0.161965730668822888
0.100604851718636715
0.023746469679926985
0.061202900587467302
0.036321373285567352
0.016567371248435835
0.102496563017276748
0.113329467101833475
0.034708356234547627
0.058405074898683594
0.030026297974164513
0.018982168115630842
0.023452516763480109
0.248754692615484829
0.075063116017762763
0.042255286666165716
0.248967820360447789
0.113929248728412563
0.037776135208874490
0.138602071195418980
0.072432287544089022
0.044051208933039092
0.362142279940459999
0.284933817912959464
0.049030687530489621
0.065656225610426722
0.084470758062906395
0.038418786644242892
0.098039546169585767
0.139881571220564271
0.054578978053425445
0.009429828779507703
0.029467044442667709
0.023541271199108010
0.029846420690425896
0.105096295867796743
0.162923309876252836
0.054122304154596068
0.003996685689556492
0.035894326642093355
0.018317394948866264
0.105680098110109866
0.097767323274709259
0.074890990369677182
0.010767666334656005
0.026374270283738923
0.004637236064244878
0.179579280454169987
0.209339800595517989
0.191998738028554716
0.070999867057056146
0.056600790227809283
0.039190523132884597
0.078489162407110277
0.252339374175448217
0.232930619401217454
0.055086449189709827
0.028640100732664948
0.040931019127993851
0.104808156796272367
0.228974364970540412
0.387828559032985742
0.198597450894983041
0.330361395648494427
0.038129822304984462
0.101144251902414023
0.129172656019137022
0.326586521298169563
0.204308471986026807
0.321784918713661772
0.260848465742332392
0.179317253313511282
0.050747089458895327
0.093259715552782507
0.114050129899132380
0.320657209543098454
0.269959716280410933
0.153651154055906070
0.031334841900754848
0.011502902015980599
0.029673880845572292
0.321662504452878917
0.123150232985406199
0.090448957003254643
0.154085502519140244
0.049539154094083292
0.005256819042833777
0.352311770595720164
0.071795681116082699
0.208691498031895767
0.101392898925038777
0.046214105185586267
0.027707517802142922
0.265724268864803714
0.044467033989029889
0.324837261493415408
0.357673818084926709
0.183347607007801588
0.078812078068180483
0.225498976379640725
0.013983914666703694
0.252906467543277891
0.234501363051599243
0.114372627543973870
0.036154121571094211
0.247442538791925293
0.045638623570097916
0.055148204347180034
0.171707145013782370
0.356718519953883706
0.155921019074395067
0.293096226869791199
0.086505396192340392
0.061095476448271811
0.066822023737908534
0.126838125848787231
0.144368119005580664
0.294318322277416500
0.283649978970422212
0.183415470487543170
0.053131852951890782
0.065429736312383524
0.091235798551095801
0.325028316229861169
0.197071465436679666
0.217544648369219412
0.042009833529430253
0.005940918175168619
0.024428567425677061
0.344564436795363416
0.335685084051549620
0.156137263271852483
0.089373575606700215
0.000000000000000000
0.001201985356413519
0.323982650812642770
0.378744618362307772
0.270333158229122517
0.200502907687654608
0.029627618498946785
0.009406935239633755
0.329382912524202709
0.064193049808991931
0.336416391472439458
0.154798271203970550
0.143896929232504245
0.024955778467403402
0.218333353329610291
0.044940580029770145
0.254254439565055113
0.136961874636063990
0.076901959424339070
0.028155068521798748
0.119013142994392723
0.047124328014170005
0.005713437435710851
0.016056807153864681
0.087299657915310983
0.175428743433402201
0.100411427732643888
0.022941834410068106
0.005762407577640996
0.004176625409113443
0.080132887783679080
0.093414461173003463
0.110462200711459235
0.225655208063010565
0.104378161402937084
0.009824642295692583
0.063841982103194722
0.111493688246351114
0.133491157189933873
0.184242786791470492
0.100825571402815173
0.005559156785346169
0.018685385353317964
0.039808754399870805
0.060898195893589940
0.099589816547019872
0.093693290852881167
0.054083625283371600
0.003224816646976501
0.000784991681900549
0.039964021494517998
0.268416475125905496
0.275396994177398990
0.250290844297737736
0.059446281574705682
0.072990635176735194
0.128770399446545614
0.209413895059116228
0.375768948178549944
0.182454298663954545
0.074510681198482503
0.040110650940031772
0.074324094334209154
0.032298988196753899
0.400000000000000022
0.371251273849020014
0.095028303448843013
0.040288766438756209
0.030040952595220355
0.039483541634850086
0.000000000000000000
0.003154995500976005
0.033138744083553870
0.088216747996477524
0.011968743325233743
0.057934247206368306
0.001879439066949194
0.001874822342207723
0.020036560216821153
0.078329525862074256
0.040197939515493025
0.205630636516985071
0.091810502187950893
0.034291114959772016
0.039299360522305427
0.081413464585683520
0.050920482769590977
0.266923555794252976
0.246841988759785386
0.023468173538695569
0.008246157201196621
0.026040465344166201
0.075397698251275180
0.142984538949457091
0.092114974136875499
0.070427955805227829
0.010625341201849596
0.010032612054061918
0.100950894852147879
0.249127869980967642
0.164510035739437677
0.311594695294889812
0.084816425647709692
0.056084242518419473
0.072763317498674263
0.175836957522430365
0.274773253086638969
0.126768563476002322
0.026517860075801109
0.046820753951337585
0.036748720802866945
0.027229073087578496
0.093637399243230113
0.076693459645757078
0.071741251047369614
0.038583734705034907
0.023125143949372807
0.080565765046430843
0.005985535292241625
0.000000000000000000
0.014784425330180137
0.091534783300312436
0.012282296138798247
0.091609508763678266
0.022853876433434964
0.003342032238154453
0.007609145909523265
0.042074429914604361
0.010993274072699646
0.101833298624942614
0.094040671438375009
0.020244157670498936
0.022088471157250097
0.059899170681539167
0.038639705912543662
0.208506624345085878
0.373108052462298279
0.068906448015233213
0.018091816770760653
0.046868865664840192
0.039030765695652191
0.157531279258549706
0.170523055171331983
0.104836782537357606
0.109862159970777765
0.082395657707413084
0.033817294174129403
0.096732994142746873
0.187817627603974135
0.394275478776865529
0.273489464577427621
0.051995421661023430
0.070720117719092049
0.116991146330889972
0.136469204417413448
0.100526174585519323
0.045365537157761433
0.042964351685929422
0.083087296442865166
0.092708071859707461
0.028592368509387726
0.127856481701087460
0.050903675751620081
0.062782917366113355
0.022855476355750474
0.205603412471101310
0.182719271599325994
0.074133955382625419
0.025052277122407537
0.077594731363175601
0.009861001710384093
0.400000000000000022
0.400000000000000022
0.400000000000000022
0.330477840139180246
0.128963657897531392
0.006097331134700055
0.333925866678326466
0.218856577409233227
0.190395632314896535
0.109924063979891740
0.125553318737305158
0.023100710205239093
0.400000000000000022
0.400000000000000022
0.400000000000000022
0.400000000000000022
0.334878072130295079
0.036662555999386795
0.400000000000000022
0.400000000000000022
0.400000000000000022
0.400000000000000022
0.389300276940651946
0.050401381044231960
0.146516468030338187
0.152022580854779460
0.117916722536724777
0.400000000000000022
0.323875539452620709
0.113435220328790942
0.370709940916735092
0.172845302227878805
0.131634224124459936
0.098812279599089281
0.071279032226537392
0.048447012059731252
0.343558722377914738
0.160915235377442317
0.238303961139713583
0.345551019173010898
0.338109479496382315
0.208139413086653818
0.161097463275857083
0.199230866763434766
0.034902343908068630
0.026892514082085588
0.047758809837221125
0.008032890005090202
0.369583343559340527
0.400000000000000022
0.251291515233334539
0.108224284303040305
0.069323656964770816
0.018877161959034248
0.317636720462127375
0.243354163243172855
0.129651015755514187
0.066496700013589372
0.067071233195715813
0.015490537982966252
0.299417213819282713
0.175839526552161146
0.114848281634258531
0.277885199004723082
0.246946318981229290
0.057378335193229706
0.151434293506901130
0.096333527456823470
0.227013345080154388
0.400000000000000022
0.397645259492706793
0.076766567073606656
0.044307810277988587
0.016412107778329497
0.148375737680521785
0.398033808277225787
0.400000000000000022
0.076557993909944999
0.155839475479873257
0.025893677129998408
0.101556316403163177
0.184073652939455573
0.075303857914203423
0.087053610818445759
0.330930697363128579
0.063789499866761579
0.123444459672035739
0.143652535618776722
0.161865597832258068
0.101483719539827044
0.122911594667214366
0.225148856339388859
0.055863631333407049
0.105504034939037206
0.132398727838882180
0.028653296815619504
0.281880104213005855
0.364596926510316943
0.090112480298488673
0.064214749901230939
0.069482912922866083
0.029845394830845272
0.400000000000000022
0.368565707294934208
0.167573585851870765
0.280621494815076478
0.086466844915540589
0.068472450143764879
0.207886046294313509
0.128374801171538877
0.061280747186075631
0.125781976345320345
0.146373783840167970
0.118457966973363082
0.098663951859828986
0.135350026636250870
0.197138035591093247
0.172434997450520600
0.200377122855489920
0.113939153570097651
0.105742933172055353
0.221132278390875708
0.170787535432761484
0.180371619641477604
0.252159405159142480
0.105270590528986213
0.066512879163120847
0.212730408641751301
0.194185469829625618
0.123412610429617042
0.102229372438309901
0.078913361434974266
0.064620824774267741
0.047733089560781115
0.163658966018042085
0.191326623437957283
0.088303838876115870
0.096158215355047164
0.095925510781311521
0.157913997937355055
0.056284925226691471
0.303171975666891802
0.142805310988267820
0.053206860085220450
0.320316502742109932
0.193438969984511488
0.064588683197258467
0.394604356516301880
0.122845822224679338
0.054245393450953097
0.388949891837527040
0.367543121275844320
0.192343549750938453
0.400000000000000022
0.190429858097124705
0.055751292706440969
0.127668771926478131
0.195342431296992136
0.070602463358362066
0.034254899509886062
0.075964603258253521
0.053827077677531407
0.087940831341229125
0.175585371189685452
0.214257782690820242
0.126314773432433414
0.197050110810576024
0.119838341562341189
0.179412505763946017
0.264919483065783834
0.120545449935992505
0.256496143887730677
0.243313426268300492
0.093158508143175819
0.083836947852001520
0.224105577210805568
0.234650175326992672
0.400000000000000022
0.400000000000000022
0.120666525526039237
0.085132997929452087
0.115519115680968731
0.273599136624118833
0.400000000000000022
0.198870410218797949
0.083867007704921115
0.177086385392350443
0.400000000000000022
0.400000000000000022
0.400000000000000022
0.276943299403581145
0.356543987987471334
0.098443515173472954
0.265718264793590064
0.258167096313957234
0.400000000000000022
0.325852729930597440
0.359498581125906269
0.298136904782277057
0.204307226744362858
0.159497279018308014
0.297031567664752083
0.210560551727169226
0.339036693774250719
0.291358871489064808
0.166759828131605475
0.047423227841370486
0.046054876435385105
0.130354393865598550
0.351930525158533181
0.288285344229349871
0.195079034305183807
0.157973507518096690
0.079467263122456389
0.144601179388190115
0.374290854357443914
0.268224266680180512
0.355454429282843931
0.120591533857459104
0.224137042170090173
0.213947668527879775
0.306710879214115384
0.199211644071654453
0.398969792895640163
0.360346447898865607
0.400000000000000022
0.390880668201263437
0.238605267381012426
0.058736211265804611
0.371871244351589025
0.251798536911279736
0.325892840089107239
0.170283165037769746
0.327658748255494348
0.098384897988848058
0.368715516601743842
0.400000000000000022
0.366835567037235966
0.232356046723941279
0.370292303253594857
0.096572314531144537
0.163279536116400309
0.185870636502813963
0.221065404870212423
0.247714688931156279
0.352568715427287183
0.316842042548529490
0.208221716654425487
0.138033604614778538
0.175961599543685565
0.199753688593211159
0.356514554632132996
0.242175786907082496
0.226252688780407663
0.061535066509078890
0.084508649614474393
0.101688376365841021
0.361085968610052599
0.386187708533639262
0.166169939977109882
0.089373575606700215
0.013722725752849827
0.066359851889409127
0.354817554170757776
0.400000000000000022
0.308357579727083775
0.200502907687654608
0.400000000000000022
0.255424658947796646
0.350018158004485880
0.215214429966369053
0.366151578132259958
0.154798271203970550
0.309412137143850741
0.185857129777377811
0.247316059172829505
0.138515743328854857
0.343915749247045821
0.143650545007199260
0.111322475481249336
0.067544546111813847
0.193092029878230931
0.125928714635306277
0.220054742483775850
0.053476328477298357
0.094697958075685013
0.327722410002100895
0.347981538583945205
0.038228722390798373
0.146715032025419301
0.067789498564081827
0.212268128590183930
0.199703859119792937
0.268225694626183342
0.251006786283566485
0.141587347769073030
0.140052590315447589
0.400000000000000022
0.274861630186787220
0.215518398867297845
0.231226598068925038
0.101492029966121680
0.067176886535449731
0.400000000000000022
0.369312817194526577
0.136967086587326897
0.202464692564469223
0.102767692221229653
0.079028583996118562
0.115765561717645793
0.383069161656088841
0.134408113788249850
0.400000000000000022
0.281648803259555880
0.268840190993491657
0.386713378880655489
0.347387425801127969
0.168269620725889135
0.374353035875152285
0.396515825174548420
0.182454298663954545
0.327488892769555839
0.286729749374976695
0.124992086624197224
0.178729297381985175
0.400000000000000022
0.374514667796194689
0.226505119558959522
0.181987155060845174
0.109435737201564340
0.086175567674017878
0.043479687317110646
0.023246554980277511
0.042493692658670972
0.162212774070870425
0.112987105693274970
0.076403786716426711
0.102834363913525878
0.400000000000000022
0.400000000000000022
0.140668847764686911
0.103795268055419540
0.248798025155924002
0.117020019054038943
0.120555056284502277
0.400000000000000022
0.206998934798282991
0.098979889892521572
0.287204115440399255
0.249493254882790200
0.068414003407399449
0.400000000000000022
0.197522868511012611
0.109241860096197616
0.197954085555348991
0.105886860279003625
0.114624245049834539
0.201074242797497194
0.400000000000000022
0.180396503954193321
0.378351580609959992
0.185331304765683602
0.340143804343341294
0.241650241415887923
0.194002365028654700
0.171575599220832681
0.400000000000000022
0.389406657276694101
0.149071965714068833
0.194198569269531884
0.213614577312766507
0.070859625399701837
0.241327161758729564
0.314918747189372017
0.097859877271183754
0.344168816010657075
0.350194684364954767
0.080219812675137003
0.176975140121712726
0.109403346121869208
0.064110884598001724
0.018788804459581251
0.135191066027636420
0.035089273975823419
0.158348584289055211
0.283387946691530335
0.400000000000000022
0.400000000000000022
0.061369728758284767
0.028644139444376451
0.160915149831053428
0.127428004927509636
0.138358448119358740
0.156321800244322767
0.063251663831133412
0.040451066249974105
0.307232157024683983
0.379332281166538055
0.133988189399197322
0.100832578299380110
0.182777949091817687
0.056042023456201892
0.190108217694102438
0.225103595206381540
0.264441162507466132
0.345175826033624178
0.398274193860175985
0.054556256168310530
0.105547667870173403
0.192724761332863925
0.400000000000000022
0.400000000000000022
0.143238841987604615
0.124576262830973644
0.166422211293689865
0.164229465415455328
0.119123382941042036
0.097781381055295769
0.112852522434497504
0.126178464178816341
0.164467078592567095
0.059627177632841144
0.143923480371264678
0.383991476676876609
0.400000000000000022
0.152525638654162077
0.109043644624969821
0.188681698476816817
0.166559540554707841
0.206972039225910953
0.159052155308478049
0.125552440589905612
0.231474469871250560
0.268504581839521084
0.240025345939348211
0.322059230030241339
0.177499297900013731
0.106306625521775847
0.348781783127235512
0.205437563661972411
0.131876568356487950
0.288110272103287102
0.198698213725528233
0.104484080061064757
0.328287996940415605
0.235980322477671117
0.137141506527860557
0.259755681261611637
0.237130328538634333
0.120146656675257035
0.309742909437636493
0.235622949299877205
0.247654018926950215
0.292809052616948617
0.356578006518112667
0.148394536375099140
0.319261523859493801
0.268596527149539299
0.207806334512945695
0.371113102040885878
0.349083256185420576
0.137793178060839849
0.301235007780083108
0.278967964168101545
0.162244860700881038
0.263851417660369514
0.237491672513928109
0.089342991775684985
0.204635490079501325
0.242891759398860291
0.179644955079623470
0.265809055420934137
0.240853743295797146
0.118835327943736691
0.112998602166416232
0.257869613843260903
0.166815419786266350
0.147191417203747399
0.173117621041402409
0.261700663970118597
0.196509168927595651
0.301803017704281751
0.260890154289549536
0.277374096637988565
0.127122937790454804
0.250671816645159640
0.301713968153337231
0.258083343192150483
0.174751216370490098
0.264063948366186407
0.120828330559874630
0.213659576242494709
0.280219084641193272
0.311414556349349780
0.159577458493444124
0.242932303280170375
0.170376186292238024
0.201513021845689144
0.230234867009628086
0.268821960995784093
0.320309073501373498
0.305823115243107180
0.305026786073863576
0.226495260339408255
0.217092673375990725
0.224136049531844656
0.307279277824033137
0.410414914649924745
0.261526307132225078
0.253767996910763460
0.206108221103682737
0.255605540457096714
0.205287829400343153
0.318460898481168597
0.196600888382809647
0.157204293496163827
0.174805358335795552
0.254501544919806644
0.209094267519217752
0.334590583571555800
0.207398746495932401
0.182762970122234691
0.141478679328055107
0.209719398993331724
0.191344376973974939
0.244920199099196934
0.163032741676663012
0.130978976805967817
0.258974847500701377
0.252579728737083287
0.250557462281157661
0.388286791262063558
0.162454447461999330
0.106011098776818302
0.354803845165504395
0.220413228944551370
0.154745862051484467
0.319853576691726871
0.205218618934269986
0.100332057848766587
0.307440752981609444
0.249363413995439348
0.138004691237749499
0.263999895979622090
0.276793787479066855
0.108991341216497478
0.253892349952582697
0.147114064889754953
0.185504817633726088
0.273436328732237555
0.360145670673977791
0.128992482559828037
0.332578321223182538
0.206069605716106302
0.182766777487429088
0.338451820191569830
0.292354759639626705
0.129450790442154157
0.337163026462080240
0.341743323949376954
0.156319862101179402
0.286906203281165506
0.272699324006044796
0.099313465129628048
0.225200369032566100
0.292391553028775508
0.209246826240031297
0.302861825693974629
0.279694979477061678
0.124695133666785585
0.225770880935997786
0.306529348395598755
0.183277284307073102
0.174884938025810815
0.231413621409204601
0.264466451115751677
0.266657989700739451
0.330613067284739159
0.250791310191248562
0.297613277193728654
0.176820788235604209
0.237416037501282762
0.301209065451447378
0.262539407066277708
0.187489956440412470
0.285332172964800790
0.146975193912709273
0.217577091131804179
0.268390270708780576
0.295313936329419879
0.167545887996740195
0.243905885517151394
0.176486880123132267
0.223899595897905229
0.212306167603600437
0.213762041939116187
0.231748234420602300
0.236263349910371900
0.283073071943860444
0.229302695417031438
0.251008285999393566
0.235104584145278767
0.250991626338189611
0.359900714955465773
0.241374092566504689
0.214947141107915657
0.225360744057100659
0.291747142423211203
0.245340247940613876
0.310274065913142771
0.213038138321279297
0.192964540336158619
0.153785825734650383
0.275340379225330167
0.256287604708971273
0.376670072266653777
0.229738205581537347
0.219408484100390933
