0.400000000000000022
0.400000000000000022
0.400000000000000022
0.400000000000000022
0.400000000000000022
0.400000000000000022
0.021442024469215788
0.017257719037765053
0.038257029141061619
0.054370900409682718
0.028455653835770537
0.007241902724253492
0.003947032630235218
0.235076880304451841
0.157265307470121796
0.067341454171851278
0.067718235003640756
0.091366298825349232
0.010988850103530529
0.238048841697250324
0.400000000000000022
0.125221668608893444
0.045997634724446568
0.013185981185975115
0.013016622505628159
0.055937605032902266
0.045291896933044300
0.059358177959102407
0.170663933441442650
0.144822243225804226
0.012049469657299187
0.054370762215320390
0.085493034234219889
0.221290441130609694
0.393532633169682788
0.400000000000000022
0.006775245772480010
0.030508405994716308
0.046298348984298694
0.040687384118791650
0.061302172248388825
0.068059881826427637
0.009800924127883187
0.026661842076073295
0.049095807793669191
0.277641111066335933
0.400000000000000022
0.217790226795564562
0.269271549788960840
0.218250458165480193
0.297117925714718456
0.019205702468368939
0.049728354702319469
0.027953419947257425
0.066440370485369424
0.047644830112450423
0.062881455897148414
0.015000161364617457
0.072490603139873017
0.010535723850988596
0.023124133600540945
0.183042166516893923
0.129836204469559263
0.064393922505955298
0.118532264888406819
0.033226457095862236
0.040594707981052504
0.350804040625060820
0.400000000000000022
0.107211967013638013
0.162863039844611424
0.071047779044681111
0.026962744492336391
0.027109595921768079
0.010483613626407404
0.002860407203686754
0.054571329814990993
0.038795522961726052
0.004279635528095224
0.023651961276865245
0.036812215032186249
0.058001109912143273
0.400000000000000022
0.400000000000000022
0.000000000000000000
0.004410324326768639
0.011482210426263370
0.063641098373255114
0.162139543080000836
0.103821411299013858
0.010188769181542937
0.000000000000000000
0.028527198640407696
0.244776158712690650
0.397695257603232322
0.386519290953842298
0.306489505687245201
0.076873083991692487
0.193729634790822308
0.046324783625205833
0.020135012008829351
0.013679134062004022
0.169777012347078843
0.075393385850312633
0.102206669965051969
0.023615238202399112
0.132297448224000302
0.031019991114338431
0.116480347831737219
0.042094046443851944
0.158991546928826055
0.375996512978612807
0.081481817429346196
0.052508824507924552
0.189807913165069175
0.198365665458920759
0.287543404773014322
0.243851177253454843
0.058003051949268365
0.052050688049307035
0.069476028827916841
0.035352397055234887
0.005815072034244658
0.000414197120903837
0.002807627896827301
0.027182230474847361
0.053818796012091552
0.015039042593339090
0.033102077589460252
0.066351538490205114
0.087136772408507784
0.198256537089871621
0.035411962287320374
0.004772737062591955
0.023866402362416619
0.019597564293208497
0.027321747816259977
0.077463515882436274
0.037414775308423284
0.010264242199577573
0.014198667261521150
0.026279423860185180
0.049782925750597395
0.215140704317582615
0.076861071919700000
0.076279985433661976
0.100322054722818604
0.061308635833070391
0.055130710648253624
0.006638989441258638
0.156549321582797274
0.044862662687256936
0.082169336362673734
0.074394601596389998
0.126399278190047093
0.014610425557528638
0.285003577089747495
0.018260866008698074
0.100885852362002398
0.400000000000000022
0.139575000702738844
0.056091628062011373
0.373266437756878067
0.129103137071100771
0.117890492489530929
0.269520076620964666
0.033318420996678977
0.038373402302945267
0.371558251340293078
0.079985703355494639
0.004458003115139139
0.000176169313781622
0.000188704535157765
0.027178794616460240
0.025648767387977521
0.005952990033167490
0.012357871864926651
0.067281416240039277
0.023278676885412318
0.056527663104150902
0.045799020372598406
0.012499642149067678
0.038608883964179441
0.027254799335502018
0.089852799391335045
0.070934611712382106
0.102214876839686775
0.003204241846881281
0.021458985266886353
0.006723544664229310
0.032480151752476573
0.052722854503101949
0.400000000000000022
0.103998535903483111
0.271990260284186602
0.174041578999501512
0.085201892531148654
0.017366289876761597
0.400000000000000022
0.165515222874508983
0.210241908026020718
0.259073932463031120
0.312379214050090837
0.048054041188854375
0.400000000000000022
0.133870720741960852
0.068215748493142186
0.187108631610083065
0.186394894569143960
0.203148060003964875
0.400000000000000022
0.139698168801730721
0.046184917355863102
0.167379210673940571
0.027434734872876020
0.247978900644418687
0.400000000000000022
0.173193554210978096
0.002725303883988063
0.009029478620556008
0.051760984538533686
0.153452482354758196
0.400000000000000022
0.177759235086888234
0.029649325901318333
0.093864112175945022
0.168287385221935315
0.046977790351273807
0.400000000000000022
0.159715210812059333
0.036367301869732811
0.094574159242979808
0.400000000000000022
0.314403195696727700
0.373767005385526541
0.030498017295194378
0.025006772185927575
0.048581036133162468
0.045710185618733620
0.077140544492415045
0.156209242383274632
0.076496127757034890
0.125062930225886049
0.082011744447541626
0.060521644922448631
0.056718563704787991
0.400000000000000022
0.155990412738435946
0.122143263210995875
0.164850032323496098
0.199480747271389758
0.051882498530204234
0.400000000000000022
0.299548061515174657
0.037194722241477969
0.117972792802091636
0.108279789891570999
0.072048044524979551
0.241375249315178536
0.075277208495472828
0.026018571513837831
0.027440789848668108
0.040208740436565145
0.231619251866417269
0.363193278800098496
0.046302569826223404
0.014230106646264123
0.003165023622428877
0.039313117291618613
0.323476201639580407
0.400000000000000022
0.175773865475587709
0.014295880314114971
0.040061272596262604
0.086536120154942220
0.165194017630098500
0.400000000000000022
0.117742999923258429
0.056311214704392168
0.033141971415940566
0.143083646689850519
0.171116164151843719
0.400000000000000022
0.273122574070349455
0.013268203794365920
0.013239934551555504
0.033749043367161016
0.257930718428114270
0.198570908807810032
0.058830419972812562
0.085228969590998654
0.022915334124668663
0.052865403337942832
0.103028847633684306
0.400000000000000022
0.134184461041122388
0.050797060046403338
0.026073549706866345
0.153113261001417339
0.258279813475620290
0.249263355626948402
0.038325692307607115
0.008556381594580690
0.024709037814315125
0.181252851137790161
0.029565275120719756
0.224634148824676583
0.008936739919711152
0.007153176350606605
0.030328559028819323
0.043287050260119669
0.029187372352684152
0.055187419141224006
0.010509379745004037
0.026831720103795389
0.013305636530704958
0.012343630455754297
0.025192233298228152
0.066121466240962559
0.025117531870485987
0.039375947492563526
0.016381697334115625
0.053829216204142862
0.108117273741338532
0.400000000000000022
0.146029937485911504
0.020632856258753947
0.026680603347255437
0.094477471506969016
0.125234435000731253
0.400000000000000022
0.266035350373901580
0.003473533637691805
0.006260020307747185
0.022785754745020433
0.104087023711390503
0.081631205827455366
0.096382424558710780
0.086001546242765181
0.005549022206646693
0.097386959727234684
0.074242868654845542
0.225127004678009612
0.066902583173216207
0.046377984446344091
0.012789524113635492
0.092082759214974233
0.071744935656291059
0.091597616360647949
0.087782032397031126
0.013135220838825394
0.057153801538258810
0.258775250741091867
0.040864327188194043
0.076529118455200440
0.032774414338503498
0.013507979757432970
0.084869895649716823
0.391590785707671030
0.065272356235267559
0.054072383778490864
0.019862761672612878
0.012961097750787534
0.027434033680625337
0.400000000000000022
0.143245832984274596
0.061591594052007578
0.057728097078811519
0.078674269178122785
0.017381692432603551
0.049660823199667817
0.145128502073712112
0.109720724413183660
0.049119872778819455
0.100963502317651471
0.011924608803541840
0.003895212608193876
0.127931664529823658
0.119212266215028811
0.218389589850964877
0.020268823987207134
0.059139158378154019
0.018662929385030454
0.043465963560061251
0.017158855469181920
0.008908167030605107
0.065290003795671625
0.011448346415034571
0.028381381496695078
0.020919990796628211
0.043904481386974108
0.060869068746809932
0.038375497074490929
0.203713668307830997
0.276176358815579115
0.046954083439799094
0.030441842342355377
0.191513582791305786
0.121586001142078654
0.157457332480578804
0.172731435613421164
0.026730734091842803
0.049403798531538430
0.081575880842791076
0.071839700050994604
0.204086732575683383
0.132221945420668369
0.045996002835009993
0.030424210688777681
0.012522523293549501
0.030371097407679973
0.136524494411838504
0.357618079003227618
0.274610825612887910
0.004327049078350640
0.006513386070984448
0.004657740646231621
0.009430350266829417
0.106450505995129813
0.123238211562105487
0.010309935339415805
0.013962774652113971
0.034707006886157077
0.015963061685213907
0.190270836921041853
0.098465863189083486
0.055357400036825100
0.091080746554281652
0.008056833333093760
0.158969060814184937
0.301972799085393206
0.052282025034925572
0.000000000000000000
0.010113081701192969
0.022759383822366697
0.002543936382931758
0.023313635634096788
0.008046736730725472
0.000000000000000000
0.030254122536782984
0.113731080100308107
0.084271707098866333
0.080393811307551424
0.038301924303402665
0.003379680254000975
0.214517797370093716
0.400000000000000022
0.367163558970400650
0.072287415293530818
0.032689247343146835
0.004690461325956472
0.084407635107970086
0.228108301990161244
0.193499030099970742
0.218322829604661761
0.029688765628727572
0.000081934871089360
0.064678258340545441
0.198198526682787479
0.147594657354540609
0.210036424112674924
0.175884299239633196
0.000000000000000000
0.014648411324254689
0.046244050431413219
0.074370078498006087
0.122505482734177579
0.180077572160620009
0.000786984520940744
0.036491530834040456
0.160577440077003253
0.125801025565659974
0.126127612854421700
0.119450438504303563
0.019885805565410690
0.046597817365354247
0.062368209808985629
0.139497353448451933
0.400000000000000022
0.355416939737399351
0.000000000000000000
0.017142136729745190
0.046696040280609606
0.016520466491525488
0.001200027918787038
0.001399863734892951
0.000000000000000000
0.000418648279855431
0.038238453890715902
0.079677405901484033
0.032983742015239619
0.068221399014501666
0.008514181738326245
0.171288272765693805
0.363386544041061743
0.290982161369751968
0.045430561945016032
0.085658684820958758
0.041438935845095955
0.130485948615816971
0.202909653298881193
0.209028097026612902
0.234405366809823129
0.050783209196923008
0.029349672321583802
0.092124953494242462
0.400000000000000022
0.400000000000000022
0.188946908961555166
0.043866075572121549
0.005962915875999002
0.022756610333011445
0.034457098446576413
0.114038857554107725
0.169066086088191653
0.116309435536722405
0.003529148054557074
0.019106334539788487
0.243120319042705257
0.274551173367845680
0.218204536888764566
0.197684998807257151
0.006417230438644148
0.039005803862286914
0.190356653576785217
0.113048175637696008
0.098783760862344777
0.335009126817550795
0.000000000000000000
0.018578754176881287
0.019960832586652783
0.004251776066538752
0.003894032094706758
0.002064796557880526
0.008751398431849270
0.015525723744150167
0.016750930712691188
0.053870653803119936
0.066937918426789533
0.023404477851567438
0.007345909883691121
0.133948267882802813
0.139319188996476107
0.089910157058955081
0.095307943819370494
0.397141397384746075
0.040200691852272229
0.188038964634624578
0.096206637615316962
0.079575198403943254
0.201842101013412822
0.400000000000000022
0.022596251338467443
0.083347196029969012
0.155181291043714809
0.342203964117949289
0.144063109782320564
0.017831235753530322
0.001740125078937020
0.021586389381450022
0.114591471809690398
0.162151802056075739
0.032713375087227360
0.014300791307101782
0.000119516350190155
0.036313324059383818
0.070569307986466573
0.163087490727553464
0.036424137180067984
0.108929608368770678
0.000579958708755214
0.037256624385635394
0.205596013794619725
0.360803970195066603
0.017174920143115349
0.080146186312876108
0.019567584244847520
0.003149604258671066
0.009872184042782532
0.012203810201012067
0.028234693529297278
0.129756197557838071
0.014224414346404360
0.022711510209295696
0.013941130799084789
0.062533978627609968
0.059251874379263075
0.080690197132066904
0.028687106328072885
0.103224093796682626
0.045526695025734656
0.095983436252771573
0.101556535383779623
0.179642607115618469
0.010344020549390790
0.095050401168263451
0.090948772616860352
0.104875602395769527
0.123714233299409684
0.207411195132084392
0.015039207192764335
0.074388463478927538
0.099064788749733790
0.201353279027040172
0.110225194332721585
0.138240191544786367
0.009812466229618400
0.037392985890182778
0.055661066008236448
0.042312585380414020
0.021127370631862628
0.065234151745429708
0.008341348035397690
0.065295175157180849
0.075872999876996500
0.145340614960161263
0.038423848364775137
0.076045934481979896
0.005242017516310073
0.037474433167864557
0.061734599339842891
0.193856765021904354
0.014843241274375231
0.146477638222366258
0.032725655142741651
0.068059267977354621
0.022037819366473692
0.031545308827496912
0.035890713317487423
0.400000000000000022
0.105151392640591007
0.111889519481769631
0.038751508365890058
0.086242136963771310
0.128858506392951766
0.400000000000000022
0.031672252927751526
0.162862292126076919
0.025912227980640086
0.064176419218178321
0.138463568147719651
0.118423265595970176
0.008087360695695003
0.063050535913626721
0.074060856315462734
0.055238879382551759
0.178282082315800672
0.239442333516517669
0.065415094197621759
0.044785490377432458
0.172613140759701772
0.222149267394500083
0.114750267383718130
0.221126874075383589
0.052091650791126931
0.072612667726555502
0.079543058069346168
0.266564173241331026
0.031026879535044787
0.069816424900457391
0.028389219390191775
0.140988581277617042
0.201136391585317653
0.340631995809820731
0.077856429663817284
0.232667977884353921
0.030905151450871034
0.118536529850277503
0.162805018136850888
0.109848096046910232
0.030547406333897145
0.068961278902893164
0.090596400445939626
0.321608944376005679
0.047025325190253535
0.056918200350899242
0.055025159330492339
0.086312368299152356
0.109214648534309788
0.314073925056544190
0.091990447523258551
0.049778147688755617
0.195400038306696389
0.225942750464129927
0.057649040300776055
0.164009239145174873
0.205093013369146759
0.081883516212581997
0.250220186615508378
0.310322658659812733
0.022247681268341694
0.017473934006976031
0.095389721265552868
0.051429920034557569
0.320462351926672329
0.400000000000000022
0.035339731672643204
0.027777806703461229
0.079838936909516323
0.123328258748765116
0.125497019569633661
0.369998640924246280
0.038477167729362910
0.146826996090543060
0.138434880635409513
0.400000000000000022
0.118394587069250073
0.135631799979987949
0.010819161776007039
0.160741696347344365
0.207468477129245099
0.383680628385340006
0.141050466608430292
0.371853121871856485
0.002669184354852843
0.059596078758891585
0.122770334347870824
0.325172125925575317
0.113028777129101463
0.135101128073874976
0.061771908450429243
0.367718020730940176
0.058754561606499854
0.069710440399636628
0.148198765677357597
0.131589300370543200
0.029053439449326472
0.131834937771124538
0.046516760565608453
0.085811041354669659
0.395379259167470964
0.388341043362241900
0.042388222491604816
0.145425770726933579
0.249049337847793067
0.032342712079270336
0.101870447876868220
0.277486922851390150
0.048705478391628691
0.084084320278058677
0.129853749313379896
0.016942815107703027
0.063751680504753647
0.046355839820179025
0.027164836070964864
0.077067820502026013
0.261822244485817979
0.194521743312777634
0.032236207192928176
0.024905132485045202
0.027189438623569057
0.184180282559470221
0.335549105871025377
0.305000209594225968
0.045658766991780585
0.059738062305941073
0.016014855566202801
0.130769331231759545
0.210868869899834027
0.251964099002858710
0.047146588883131890
0.090192047922802776
0.023612467987249947
0.096565530569481486
0.155037160307187949
0.058411158479726416
0.005003220561723630
0.134294309586212052
0.074443826963120768
0.103553506515630181
0.016291404181817650
0.025347334590749740
0.114813839094799072
0.096055636386136040
0.042887769716921466
0.109454592314869398
0.051454255111648431
0.125551083844914507
0.189596252884959487
0.140792168324978456
0.009264664155651905
0.158799664552318420
0.126594874675968944
0.117832607443383294
0.194962159304103683
0.400000000000000022
0.013871798560009647
0.187773139140698320
0.187153018760240680
0.103161209556046407
0.027162012488009517
0.030235230161130090
0.018861286321998093
0.092312285222243218
0.358579768399032273
0.219695774383651093
0.034797720042433790
0.045929883723922121
0.005523151310431911
0.108236407508542534
0.400000000000000022
0.376784998089983336
0.082476994949711877
0.108674077261206981
0.000000000000000000
0.036521008731279343
0.166305197599343535
0.210657544423883986
0.067499518357560545
0.015438894869785103
0.001041004636952092
0.040789255214604796
0.094626049961160613
0.118470344372405834
0.046585416320311317
0.015103095740538452
0.145925961625537892
0.232910824941213207
0.052942428592651733
0.016635170957747750
0.039115889326403350
0.091328675435922269
0.028976492587781805
0.147492291672977976
0.080082926378665292
0.026060062466257208
0.029907002276222450
0.047192010261328118
0.003576433869114349
0.174198896803974018
0.119432848818290610
0.058862599653714300
0.161940793192605736
0.278507582524303077
0.042971263843235401
0.238021367301736314
0.394815166385674265
0.163636352912524763
0.131658682043383268
0.010061817656909592
0.016423838707114551
0.136260119717540762
0.119693797910454952
0.142568914715469341
0.068585110389014742
0.030798258873385095
0.003985330369532028
0.087090369189462627
0.220448121035075106
0.381413952261755562
0.400000000000000022
0.279820914094172923
0.000342999718373172
0.013513984372464032
0.053454170426418465
0.120520312362624102
0.113345101362756315
0.053116101072521252
0.004515246821174520
0.031665321382144944
0.056883695593482768
0.229363467683915939
0.342916440947283907
0.128769896104714510
0.400000000000000022
0.400000000000000022
0.400000000000000022
0.400000000000000022
0.400000000000000022
0.400000000000000022
0.021442024469215788
0.047511841574548026
0.151988109241369712
0.138642607508549065
0.108849465143321972
0.045543827027656157
0.007326712884236194
0.393872481869196434
0.400000000000000022
0.394711863498589111
0.140005650297171547
0.124055546168496067
0.015679311429487003
0.322456476805220382
0.400000000000000022
0.318720698708864159
0.264320464329108329
0.042874746814702686
0.013098557376717520
0.120615863373447707
0.243490423615831786
0.206952835313643002
0.371754980735375495
0.320706542465437394
0.012049469657299187
0.069019173539575068
0.131737084665633108
0.295660519628615781
0.400000000000000022
0.400000000000000022
0.007562230293420754
0.066999936828756768
0.206875789061301940
0.166488409684451610
0.187429785102810526
0.187510320330731201
0.029686729693293879
0.073259659441427538
0.111464017602654814
0.351944306725160083
0.400000000000000022
0.400000000000000022
0.269271549788960840
0.235392594895225404
0.343813965995328041
0.035726168959894430
0.050928382621106515
0.029353283682150372
0.066440370485369424
0.048063478392305847
0.101119909787864323
0.094677567266101478
0.105474345155112614
0.078757122865490248
0.031638315338867191
0.354330439282587784
0.400000000000000022
0.355376083875707294
0.163962826833422864
0.118885141916820980
0.082033643826148459
0.400000000000000022
0.400000000000000022
0.316240064040250957
0.381715504525576232
0.121830988241604127
0.056312416813920192
0.119234549416010541
0.400000000000000022
0.400000000000000022
0.243518238776546159
0.082661598533847608
0.010242551404094226
0.046408571609876700
0.071269313478762655
0.172039967466250998
0.400000000000000022
0.400000000000000022
0.003529148054557074
0.023516658866557127
0.254602529468968664
0.323968460939961900
0.366820039036138135
0.301506410106270994
0.016605999620187085
0.039005803862286914
0.218883852217192920
0.321429653447774077
0.400000000000000022
0.400000000000000022
0.306489505687245201
0.095451838168573763
0.213690467377475102
0.050576559691744585
0.024029044103536106
0.015743930619884550
0.178528410778928115
0.090919109594462810
0.118957600677743136
0.077485892005519058
0.199235366650789836
0.054424468965905866
0.123826257715428323
0.176042314326654736
0.298310735925302217
0.400000000000000022
0.176789761248716648
0.400000000000000022
0.230008605017341439
0.371174977489157509
0.370768212989426804
0.323426375657398124
0.259845152962681181
0.400000000000000022
0.092072280166384302
0.118699593085203919
0.160996363077959476
0.342495308940136467
0.146870737679147850
0.045013466228377680
0.055558921091028571
0.036625431974789111
0.147693549399150664
0.228503340546280853
0.119850147495735151
0.212557328396973361
0.035531478637510529
0.041086061121975777
0.094435710348883206
0.182685055020761933
0.063745884996327967
0.186393124251206938
0.037994734017178497
0.047520866585212970
0.219794681056140861
0.370164912019894543
0.066957845893712731
0.295286890630458765
0.096428656164547516
0.079429589692333033
0.110194238765601138
0.073512446034082454
0.083365404177550895
0.136395186999096724
0.170773735929201642
0.067574172896552639
0.096110467161758528
0.136928580223999979
0.185651152569310141
0.095300622689595535
0.313690683417820415
0.121484959805380682
0.146412547387737069
0.400000000000000022
0.241131536086518439
0.235734235177629869
0.377693556920187246
0.224153538239364181
0.208839265106391253
0.373429450374654637
0.157032654296088647
0.245784597435029645
0.380073767411715835
0.154374166834422177
0.103522791864872940
0.201529448340821843
0.110413898867879376
0.165418986161246617
0.035461233617595914
0.043345975923350273
0.068018937873163113
0.109594001620453296
0.044406047517274949
0.121761814849580596
0.054140368407996090
0.077794817306248515
0.114481883841175941
0.172595414295663274
0.128276647756110196
0.146980546194362016
0.107456894355996840
0.040678675014745841
0.083193584606729237
0.200580309686133690
0.047323393026851804
0.199200492725468192
0.400000000000000022
0.172057803880837745
0.294028079650660301
0.205586887826998410
0.121092605848636098
0.400000000000000022
0.400000000000000022
0.277404742356278655
0.248993416391910777
0.341123064568984002
0.394566897362642832
0.400000000000000022
0.400000000000000022
0.296733012868037771
0.094127976473782266
0.251285050828261358
0.324858462716863639
0.321571325599935010
0.400000000000000022
0.202748704715357442
0.120245773671325856
0.222618090056492302
0.205716817188676682
0.400000000000000022
0.400000000000000022
0.217979044588410553
0.175338444643689806
0.231178746015056086
0.166511251922251802
0.374579356430141841
0.400000000000000022
0.245293219713685728
0.109192383970664525
0.346500198638630130
0.199314264756980108
0.116794215251731198
0.400000000000000022
0.272055267562168912
0.237503693455050457
0.375299295880528572
0.400000000000000022
0.400000000000000022
0.388317456601411148
0.149034547145471902
0.187811790322778477
0.158429132180072707
0.076257591952630766
0.146101823395308167
0.246805642829214272
0.387049920235970846
0.172088255416139563
0.138929944798440869
0.115546804252940977
0.143030932003940348
0.400000000000000022
0.400000000000000022
0.214133710734254468
0.214628180012251701
0.374890999428525440
0.277825248994334195
0.400000000000000022
0.396787787895194533
0.242287735610624722
0.199856309014673633
0.358499976507079321
0.382370703184792271
0.263622930583520265
0.092751142502448855
0.121408292779390706
0.078870709883225684
0.360671092363237467
0.400000000000000022
0.384463827127376256
0.074080376529684633
0.094069043555780441
0.126493282371193977
0.164810136861252232
0.400000000000000022
0.400000000000000022
0.278207708367569473
0.152730760949524480
0.400000000000000022
0.204930707224192321
0.300825817610086477
0.400000000000000022
0.266731081647827772
0.263779691833637309
0.388983168310292449
0.284134113298280810
0.400000000000000022
0.400000000000000022
0.302198079580345391
0.136038538142236737
0.333365291783745743
0.146777820496262479
0.344791085351364046
0.260342817258239267
0.397214400563021264
0.143983531197498515
0.092625774524305315
0.201064169015300442
0.234618148004227506
0.400000000000000022
0.266019398812246954
0.097313820612011798
0.111884591061536004
0.400000000000000022
0.400000000000000022
0.291651578118553245
0.183751463034540707
0.257605719442373760
0.057051749893585468
0.283123299014658436
0.307052197972109919
0.273339627216305281
0.093021060197769831
0.137006925663986479
0.047271374136522354
0.107038730764873302
0.075543212172863167
0.082352255212188863
0.087577200247030043
0.279216940560966465
0.207827379843482596
0.044579837648682480
0.050097365783273354
0.093310904864531613
0.209297814429956208
0.349425123753620559
0.321381906928341565
0.099487983195923446
0.167855336047279591
0.400000000000000022
0.266327215995056321
0.231501726158587995
0.278644702350114126
0.141624060390100892
0.215426482923534002
0.400000000000000022
0.313147369731882341
0.158510693944879710
0.064671178787473610
0.027788975306744065
0.238381333297602555
0.156075032790576135
0.199935931074340961
0.102292950424582835
0.030896356797396433
0.212200798822033770
0.170298505040981596
0.268014774394931099
0.176357175488085549
0.097832239557992529
0.138340607958550021
0.281679012099933734
0.212537103981269515
0.100862280516299863
0.246581696949349560
0.139730095514794317
0.174986408981642111
0.400000000000000022
0.400000000000000022
0.090400917015210080
0.220547553479201824
0.200660998517673661
0.188031105205763216
0.399672572093552780
0.095507586396397670
0.072933670100488956
0.112175046894856079
0.366626941035341658
0.247129808064276479
0.400000000000000022
0.189175716708196717
0.067114745362439499
0.165964504587354067
0.400000000000000022
0.383849985764588175
0.132137818149379693
0.253802579334919065
0.109720724413183660
0.085640881510098771
0.267268699916995034
0.222582153227425833
0.071394730965754438
0.143370559399608771
0.120253270851980898
0.238289694680662800
0.114894873948367754
0.177609502750559839
0.065248345705341770
0.058569059300599711
0.163084817094719808
0.241818991971818331
0.118232432388323358
0.028083517372782325
0.067497270823098421
0.112248666232550476
0.072880973974755903
0.208361360419787922
0.118458423453156242
0.229773730774088220
0.306083361091801565
0.094146093701127212
0.034018276211469724
0.362252213985293281
0.241018849960369264
0.216319932134293097
0.334672228806026872
0.305238316616145866
0.092375062374773831
0.319597248144527391
0.400000000000000022
0.367723085488208146
0.263880627464051609
0.056057820491919590
0.046848049395892231
0.148782643011090260
0.150064895318134939
0.279093409127307845
0.395908729254307645
0.305409084486273019
0.008312379447882668
0.093603755260447077
0.225105861681306724
0.385247025977717983
0.400000000000000022
0.383510454465775363
0.010652935057788977
0.027476759024578006
0.088161177312575528
0.136483374047838002
0.303615938283798126
0.151581964261604751
0.059872646857999631
0.122746067936426589
0.064940528926576521
0.338327165287156340
0.400000000000000022
0.181051921139640054
0.251616695984346717
0.285821991862529434
0.227635948402584082
0.118805495146918808
0.137419159630898874
0.183359684807143375
0.253355770349438125
0.180154108212385061
0.121919541807289797
0.160375310218666994
0.281625370442156797
0.231813000725120816
0.192100499143728676
0.261593596933885342
0.253585609788062827
0.313916217111206930
0.269188120657366969
0.316531362613303502
0.192544674225431922
0.324909803216677229
0.347324479399883868
0.267996870782264307
0.259335945423064484
0.260525977960345601
0.180671189351992917
0.235254996802005595
0.219301419843521778
0.231767763114463732
0.228381182147637307
0.279144040309686148
0.139105014484843803
0.244777704067077106
0.169563901076525664
0.281654311549246805
0.271346773402487917
0.346420188167335386
0.175684704916148265
0.208886443585663550
0.143690148454837713
0.190971772098687376
0.210401797027852777
0.336599594740831454
0.174115774470397222
0.125435883948541688
0.100989796424980738
0.204760092246502906
0.270909266257394532
0.406864567477007388
0.264774920158786953
0.246749049738967552
0.253244527764791949
0.141935919872916483
0.164326820117587369
0.185562156785215843
0.271109205129676345
0.183699640597299790
0.138626798482076041
0.169342991234665924
0.333257125421865197
0.238300108979425662
0.211722752489311883
0.294260513830892578
0.269945313769758000
0.278732508982949267
0.312665459948591795
0.322934326671185379
0.198460628292700725
0.233319431293662033
0.373681441183000285
0.284418970795058179
0.307990733800802163
0.256730144923429660
0.179062751176191942
0.083000774373310812
0.315819468778023082
0.304494807404895207
0.253623013268233721
0.245424134422309925
0.138898787874788682
0.071866257140251730
0.267427962353598891
0.368996167236223971
0.292975915100274431
0.295113454062384373
0.176566165878636522
0.070426612483793533
0.268998281692763019
0.338960723259611574
0.225694306673942385
0.216409644907793908
0.206277208003886436
0.113354676483714556
0.088724199717778840
0.316694015407296470
0.272845128026441230
0.253898596958761102
0.272266808597706633
0.259305104404306597
0.194471231515301768
0.113708895600831764
0.154627684767876861
0.213988022162884262
0.256560356989762761
0.226070236564092225
0.152344344774925422
0.159970794892794727
0.264826622957931246
0.223139131175318473
0.211264718843923643
0.345117604774912046
0.305658529394530420
0.321790766510332060
0.263806512189839526
0.308079179177730977
0.224887315582814079
0.257072334182204154
0.307941156459111243
0.268851744284057892
0.271486415901566636
0.259579103908844699
0.198097919053284999
0.131679901419456874
0.194006108697086010
0.254813484724441042
0.238760558912035431
0.265542187317856448
0.137645580910761983
0.197063625813768822
0.158687872502005944
0.279328502124498834
0.271643203284870238
0.323089261895232793
0.171922812464090330
0.213538662332977636
0.141331466285658958
0.242771873471448713
0.247146406729069207
0.323987326307098589
0.186404196104462183
0.302974191437081319
0.146584095158348138
0.236664043945092106
0.280618467467971588
0.390888364270696786
0.310280416482053178
0.272947320460030174
0.230246962312223830
0.124517912031307951
0.155992903035255481
0.202961867815072666
0.266189659418657742
0.188958740635230660
0.173958803592862921
0.211602230942181752
0.332535450981642000
0.227490663799372661
0.229818935872104724
0.351909709914646707
0.335159928109454275
0.335369493766891291
0.321894542047536814
0.318363069746676886
0.251086423720536467
0.289174651194849419
0.323774877056619503
0.233394305824616288
0.308822812099324218
0.264341298428974414
0.203084480694142949
0.093832940753472191
0.212805818278179737
0.267539136058336735
0.277851536498276208
0.259479160592743952
0.137123224626876955
0.069526402268603071
0.233676541011414302
0.348778506501873808
0.291472850432758446
0.295449672066599223
0.171782478061884070
0.062694535333993481
0.274989282485369024
0.334944274913637485
0.277669465007841620
0.265116005382064091
0.188774094889973792
0.130802369176185623
0.274415957844718783
0.415705987159480372
0.293656997884929327
0.271266080934197462
