0.374638063267717536
0.400000000000000022
0.400000000000000022
0.400000000000000022
0.400000000000000022
0.400000000000000022
0.090147239009126814
0.243165011346023696
0.224470089291718300
0.173938682118909366
0.041217839515897817
0.001864653013059398
0.054377779961749681
0.159241552741008097
0.161573959556332719
0.066400677254076418
0.015885708726224423
0.001406505928952598
0.029058183793884616
0.085108615994329617
0.137325775335291000
0.041817703340662080
0.121725415403917347
0.007387155623319532
0.060714500330127118
0.051803017364855979
0.033311100745238527
0.057839396846165264
0.122073452695562440
0.011426304621547437
0.047078308295498021
0.040757863557363556
0.047394561939419225
0.071763077084876406
0.165797077851746077
0.004030382629955868
0.022889149929876711
0.010521748403291021
0.043904406062809195
0.043495203883355177
0.042705165501009688
0.000000000000000000
0.013312591163910543
0.043425251570637452
0.349119740522590039
0.176992605621293209
0.039648245643981478
0.003692477637828741
0.138838922302756268
0.247394379126617381
0.242496534302680367
0.270308555231867198
0.257898107045136826
0.025889527963604594
0.058008004116338704
0.107208945879692777
0.169116554310446393
0.093079504298314325
0.047465062652023007
0.000000000000000000
0.123609837076550766
0.144287534989039540
0.097969034134144817
0.166275028732758484
0.045043667913918874
0.000788037883206347
0.057218729826774270
0.161629524391045387
0.138402916354268851
0.244244995488550942
0.169599856357262907
0.000566081804428128
0.006586607181608304
0.044355926622088288
0.026561591116859639
0.115303928275402451
0.227633945795065795
0.001687021656670855
0.013282127291481661
0.048298283811024252
0.029829003480629161
0.117788085988562968
0.178376103764707417
0.006799422112843746
0.004032428010667651
0.014181600825235162
0.025049344816167371
0.034296641630146438
0.038756214475604650
0.002884637412001203
0.008909102612658596
0.020812142415106365
0.070078368601976387
0.102336246351538457
0.057110270064664598
0.005248872975128147
0.048851805945948193
0.182192405744645652
0.054327747929463703
0.011798491918779245
0.084425432227115849
0.015937168304442431
0.053869057700569947
0.091965659413908551
0.229184679579729045
0.130576156134295213
0.001510973703368040
0.000586032881501917
0.292397994537205108
0.294599323596850371
0.107255591199152067
0.107268283498922035
0.046590056544158723
0.001043751101151100
0.179720284218507054
0.238293986341144404
0.126535402129770047
0.292202987341603437
0.059056083520604472
0.001810720348293454
0.087327408706388582
0.038943745638411902
0.014321559444162498
0.048618907594061074
0.057840590075052371
0.013206758316073377
0.041990262432873689
0.004845110837279665
0.005888415884897380
0.058223449041621154
0.064003837193403870
0.010555997938641683
0.024091890641622156
0.020186724655938050
0.029700697392574429
0.037881000238500329
0.017380095041237692
0.000482588025080829
0.041359407070221718
0.027808397837883563
0.013939129175227773
0.025777968506603299
0.078276368641210153
0.008944308218884443
0.116824864477680229
0.129513671297694866
0.071762278147560393
0.075422635427697102
0.078331502972680503
0.009124001078098513
0.078616669117522728
0.062260495830136472
0.048332467785888379
0.088427899655231124
0.171456882710972480
0.002969509151395141
0.249373645850608783
0.212381223878900127
0.007573444157334609
0.151362223407482094
0.400000000000000022
0.001596722763234758
0.212554418145505158
0.066672467042570016
0.041817555974602891
0.073742382764318187
0.081123678014807549
0.001862529356286177
0.096033869408846409
0.014263549950124884
0.058619368284656748
0.170261801908281329
0.162939805030947182
0.001215611559466567
0.021042816900448433
0.000508090042745361
0.002723005431089627
0.127741896061151022
0.118031633020798304
0.024045875604552597
0.022483558261491524
0.018574935793996956
0.012944722318968524
0.029844477237115544
0.024752978235522367
0.033604093889443624
0.028556226567900495
0.016506757022197806
0.014303388605044045
0.109490933686368530
0.077270145603553414
0.046733115088682255
0.258892153907321232
0.351390585827809132
0.029926209125677863
0.064250614147379939
0.383133115338554653
0.084539017016850487
0.298686089683242395
0.308353555818498826
0.289348359650773601
0.230926229382652393
0.320286233409970422
0.110765237976539227
0.287348828970124981
0.122116011357750992
0.071721123143881738
0.337206382434806107
0.393532969203511884
0.175273921784729281
0.400000000000000022
0.164248980799822503
0.044390782992805661
0.356449272361499148
0.376026647934638303
0.330207718407908635
0.388993677694911388
0.116779920169148260
0.042375958702277297
0.144333779802721385
0.398770241528292657
0.358638247640619134
0.400000000000000022
0.263484526546781006
0.000642193416714620
0.174450440281172764
0.400000000000000022
0.369441095104290906
0.400000000000000022
0.299852810116528201
0.021755693213912082
0.080231628706792346
0.369692722888304348
0.342313701816135740
0.400000000000000022
0.321575125765187098
0.011279273022050253
0.147768208717870941
0.400000000000000022
0.371099848213656380
0.370854883422861881
0.282665609549657249
0.076704192021006604
0.122499225081081201
0.247271632821719073
0.222622827127340356
0.344176468312662021
0.390645927111193836
0.204858641492187188
0.111758979218391077
0.400000000000000022
0.338240988335606285
0.359798838548975541
0.378011961164861798
0.080814654916621528
0.115493270734477668
0.400000000000000022
0.395639167123619573
0.391255693982816788
0.043008483986449263
0.006591905801581307
0.098532699990947992
0.400000000000000022
0.389533107963565661
0.400000000000000022
0.233160859919164493
0.067950617989609455
0.144142008610652628
0.390267832760508804
0.392291691695086153
0.400000000000000022
0.325133747704935305
0.004856925200775375
0.250957293337822018
0.389691307275397580
0.358957904730662580
0.400000000000000022
0.185798102312512203
0.009469675078377510
0.258827593289189917
0.400000000000000022
0.354116668277012936
0.400000000000000022
0.378454314593545615
0.015592629715828858
0.247274361351564165
0.400000000000000022
0.334810616328429789
0.100160878998797512
0.112941732718314480
0.107260525414831567
0.085952138755731516
0.050461213510471843
0.010034314885196859
0.248481055599339862
0.389985334654210480
0.141293840064946358
0.095472401489107808
0.153432160831267234
0.019518683874784656
0.107295607413746330
0.309191490778937816
0.078866169169658551
0.034975884840871996
0.036075333511770259
0.029435934931160736
0.056381957309384188
0.061937345607804090
0.070613706073738611
0.156242800559457357
0.116996106678283029
0.052676039508974440
0.194778591994629435
0.074814405289801017
0.073015566013078639
0.220344931461028931
0.150841354593293620
0.026656559721969127
0.100648421488890014
0.060257484914954466
0.007476396522723881
0.176583431465471424
0.159941469097710676
0.023703191132900744
0.307070974778360095
0.134728641251240316
0.001571917552338731
0.207481712827214532
0.178337866291435249
0.011914360399797706
0.400000000000000022
0.195633615404886163
0.002499991053381420
0.056116705711224471
0.172475279760375994
0.070591040788309758
0.056397854350583324
0.134512734708461618
0.115354392057662458
0.090842751870983313
0.047907848539994732
0.002390722382272485
0.031438067521544114
0.050173197590660287
0.135662188560980751
0.119304794125045646
0.236230950380528770
0.017171684604119969
0.066417252370820717
0.001459474089698599
0.106897200115315338
0.075559398076162104
0.047858856992213331
0.012713206286305350
0.005136733368214392
0.006456292097738758
0.018009536281499674
0.138446536613566290
0.080099125807884058
0.007089958736929757
0.124301651883911943
0.086748653076372070
0.097112517705413987
0.195824200868248866
0.234127133288199507
0.002340270599242077
0.071118685325758824
0.023964329920910493
0.085668977269709568
0.120123861961998590
0.068540788631435742
0.009134726887121497
0.039830208380773405
0.000274177381854133
0.005908187998502101
0.099847166070019089
0.082750759352756095
0.000206322402298010
0.024667910458259043
0.034969010073935679
0.007544965991625704
0.025610830549707739
0.053331952780739475
0.008533717767514815
0.026063893985966133
0.122914957789579338
0.230732268192208545
0.203607549785679520
0.066761243282041888
0.000000000000000000
0.088738422012049178
0.089706478535824474
0.077813039130415096
0.174464262244051371
0.044597400893886918
0.006909541263818479
0.037821420142737122
0.025700654794045062
0.026918899165696272
0.068227009298927443
0.128325595969050299
0.006254737843445481
0.020428744864278342
0.007446029671077841
0.021212430885098735
0.056358457039222640
0.258039202892789254
0.009137925189367159
0.037484088421006041
0.059049433668838469
0.162120761856468870
0.064049112449241635
0.206067271490507353
0.006997847902137260
0.013491402303989637
0.038949216838500438
0.073274098078639188
0.092013084024859332
0.116385438125659990
0.000183247849843260
0.044065383182014375
0.056307617560237888
0.039437821386196101
0.006053111309016146
0.013727049253280480
0.001804913913462615
0.022893409588200631
0.014001779377070698
0.015480780013290237
0.004991741411380121
0.004575411961071081
0.000973128318790925
0.021008013976938800
0.141953499198706784
0.292671786306054726
0.219915061258520922
0.053046520398816875
0.003682563876733365
0.085530189356720798
0.074970207432815059
0.181063683033605843
0.104030945479375747
0.094054719042071439
0.011147601701366201
0.019568174904896100
0.048040756214608148
0.074628977235496996
0.069762170996206796
0.069298191405834486
0.004338362421804574
0.020682004887173103
0.077023652504502341
0.065561002290831338
0.094131279980029639
0.152470264407900957
0.008753658950148936
0.045808023303335908
0.036389084742241951
0.149461828572407640
0.034729067279760162
0.094365593266565351
0.005149431846208881
0.073837699527135675
0.011790756731288108
0.036795211870456784
0.057953916809182590
0.218623971235664516
0.008569509046461371
0.028761197681066560
0.012445503852221741
0.001089349960632295
0.000000000000000000
0.001019950418107950
0.000095384038170531
0.050887955774229929
0.008486295106307162
0.007743785762576972
0.014871440231485192
0.055218849776719578
0.013068496124163598
0.013092170226061423
0.133714632771358977
0.258857806267937196
0.115881050236169056
0.027364605159363391
0.001779149995050290
0.073615641343384761
0.065533422176373354
0.130923171553166295
0.106762367142121006
0.061404484236275980
0.003792411533099280
0.076069870423293176
0.103151063989956382
0.120892548588864460
0.252409631370103360
0.076206886203428650
0.002458664236830492
0.031751244416062765
0.130853211893569160
0.162199137237813429
0.105887994493033863
0.030530567238660093
0.005807766896291385
0.009945748509789932
0.020658443262521295
0.084368233767070783
0.100541001777183295
0.109719939750486731
0.014417508746939468
0.108281763759761715
0.008785926381262878
0.032999429039717879
0.084618004836166785
0.103435676802063808
0.003593131524773138
0.050019678693659780
0.014923780983312838
0.035562359664972100
0.017455935712854996
0.003926537118317697
0.000000000000000000
0.041757330240688506
0.112427327736574365
0.289804400356960812
0.043314165357541456
0.039611065202648475
0.011446439961277210
0.002815004305185773
0.027949168639598326
0.052276599476877211
0.063586369862207379
0.050383542852294252
0.000317322512557733
0.017954602710356767
0.067245258381328873
0.194676762560504230
0.183809163646258655
0.055386181247533695
0.008733185702262928
0.022695270716890169
0.030510280084527403
0.154508698833594416
0.369420257163341259
0.094395745058199823
0.009654233948759021
0.043302340111474408
0.060026685238169494
0.145634194604463418
0.238233434652704273
0.095469973174882414
0.010640848919638381
0.066509060088292438
0.065304426623467193
0.267960870140900254
0.335459855050081801
0.063516011042788784
0.005085876568095291
0.111169009281945230
0.072477656658714404
0.147648595216807232
0.080078422626732648
0.138679104987848467
0.017706553840496284
0.084008331795710378
0.097760344451781736
0.099545648614477761
0.072905784493890416
0.028399302245054985
0.000000000000000000
0.078423953127402690
0.172246492995234451
0.400000000000000022
0.326711368532907054
0.016721247368389949
0.000000000000000000
0.039038254554793900
0.116146532221122034
0.077973268004691954
0.090528448823600977
0.015506215011578180
0.000000000000000000
0.087633902442289302
0.116250453833903117
0.072082310537879696
0.063012548026601140
0.046242725888525335
0.003132906513005771
0.081404974541700648
0.152396209610078631
0.175863200226048233
0.131145338809242007
0.069669377996753101
0.011723346827390718
0.220200250851574519
0.266155896859083807
0.152854785871388704
0.250610687870508664
0.173550008741936601
0.025934240550365098
0.154394406904252518
0.315351378692691697
0.261866528859445336
0.372511729779783640
0.183813258803090296
0.036799021759817890
0.120583225787136081
0.092172908050514077
0.268699444889468397
0.095647664162068768
0.006710942767218028
0.002801600927614049
0.024215853523943863
0.071286073192014035
0.221724891249494738
0.342292729600285339
0.062357950081051140
0.003659522398213174
0.043817340623983216
0.083267684183469373
0.219949270897340621
0.238086120852308458
0.035218103388183181
0.012015498613782125
0.151512620673239062
0.195912680958411384
0.110335697699854476
0.063126080710489016
0.067074618529145050
0.061292383012013209
0.126750136484150261
0.246748608948942072
0.210402451112763483
0.165354868344138345
0.106084152187708822
0.066467211326212763
0.092657090746287196
0.174263731693511975
0.168833909372665542
0.153867829897753411
0.353588195675590355
0.144089182335473576
0.212397092259054565
0.223922505408783029
0.227510865126694162
0.135699157064062326
0.158758526324223770
0.097487812751366226
0.138363333220859364
0.226928865909416660
0.359732605998245969
0.209805660690318529
0.148169208510974371
0.106606202327006350
0.192801659926672198
0.304281156847400425
0.374161383635542077
0.147070853992281370
0.093663533607418081
0.129830604206863792
0.149185478875874689
0.223025979525518114
0.273917730294628736
0.317152204580735342
0.084819215472508216
0.122597137842853116
0.068527016933701751
0.114824308144125753
0.139846749502101825
0.137171094329515159
0.118380037774919233
0.101204266601972140
0.296963113524205014
0.164405953803148042
0.088541765534893097
0.055378265014086214
0.009864671732050554
0.003942340483021454
0.242637016013242723
0.378727834300902066
0.263859226958916226
0.163048426700263038
0.036181355993842292
0.020573533025418894
0.194184701510285579
0.286950775900195965
0.140401662299566993
0.108692776362087462
0.109122663306451956
0.025127193197801066
0.153371902940455884
0.167478441918306187
0.232978282715057994
0.195272881000987192
0.111939357435690084
0.042373731270393060
0.125044661361788600
0.254745856143910099
0.309065856524702642
0.090064984353591615
0.097556304238509556
0.054804748777456350
0.197182490874135252
0.329981822854946316
0.400000000000000022
0.168825296731072216
0.107753044766301348
0.053835370455115467
0.116265166868621900
0.311812534723188706
0.393933411329576710
0.112163726765821647
0.202005143022247480
0.123003784516749065
0.088805442638161911
0.261447504385082963
0.208252504996239152
0.165329192053877611
0.123772490303347180
0.117914647264722533
0.057022981252758960
0.087290802197216771
0.085884324855827990
0.040739438384868820
0.021867870308066664
0.001961760530531174
0.268015969170859014
0.167243343181900622
0.132899337994945604
0.061167882480481717
0.037003934231665370
0.003295456273839441
0.270382134614171654
0.206144096221768047
0.132535629695710089
0.028014085531809244
0.029908500724001502
0.003714194319481098
0.076955073751167308
0.130199710795367185
0.263250926964010479
0.080807570845384979
0.030512391374847774
0.006061514251491246
0.084186596720408624
0.120400913939073165
0.321072047629005819
0.158801640392913335
0.064193640476412517
0.012066215196675067
0.075143793133154516
0.195697245585141899
0.307007949145157222
0.119290083368529726
0.048481421986550609
0.012775699524133620
0.073928288255900004
0.195197778292902913
0.397400233665252123
0.111885200389508693
0.034284011100244233
0.016533826526323063
0.033115829653079500
0.291049818498669066
0.164441541914949696
0.144924543418207513
0.071464846856843900
0.015779852343102765
0.043113371627586480
0.021347469046999881
0.098842467451126126
0.057442643182715795
0.078030360493359707
0.008277994686847406
0.063423565177626290
0.061862831250953265
0.053560131527748404
0.063939021160119888
0.038890343026997905
0.004530235038449027
0.104782905242114893
0.139082008411896690
0.151725796074199393
0.077285198750504325
0.023631378284826279
0.000145636047667976
0.073787785592177912
0.063496632633959660
0.151702165507665632
0.079516534422107932
0.128420297303947467
0.015144180147637744
0.084946607341150823
0.099864888090087228
0.037198332338485629
0.089690893902189039
0.066401513850173691
0.006688026229031009
0.034271991363830259
0.093235836778759865
0.259944678530126427
0.172879596822830522
0.084199371803621706
0.013565030002972340
0.037547039583603947
0.105206565042131536
0.155428270573790661
0.055707640165589808
0.055225297192966739
0.011633424229600512
0.042227852819322148
0.127766740941267526
0.128596442489299745
0.105956144000563302
0.034660688086647386
0.005780229505068771
0.269341670428976776
0.207053124279246686
0.312948282568403069
0.163922353820457001
0.111668797034071912
0.004313980954177574
0.082897090031684301
0.156427977555714998
0.109984609291777113
0.069255988885929778
0.011696449144234651
0.000515326311493562
0.013234386627190661
0.064311149856127181
0.042774950991056326
0.020036821639192830
0.005193977491652268
0.000266139912426203
0.033205117888137556
0.120871460425192104
0.137184117636458686
0.090128726894950703
0.107332631638827308
0.007758027568524457
0.092037011084350653
0.099528267199302176
0.072522571220858728
0.017430609743513820
0.079410273155986283
0.009101948402972820
0.051376448931952923
0.066051558650378622
0.096442537219135691
0.021500390348657441
0.184013261444238518
0.016387145054402932
0.012262036245331079
0.021850917857215581
0.065703560863606292
0.042747308697792467
0.058860488539516129
0.005627431312625348
0.031562110410137442
0.106650123104310740
0.180487690941764561
0.292467161092647643
0.063413242972796463
0.000000000000000000
0.377953956781554523
0.400000000000000022
0.400000000000000022
0.400000000000000022
0.400000000000000022
0.400000000000000022
0.175677428365847599
0.318135218778838713
0.363387418858802269
0.277969627598285141
0.135272558557969269
0.013012254714425599
0.073945954866645777
0.207282308955616251
0.236202936791829715
0.136162848250283214
0.085183900132058912
0.005744868350757172
0.049740188681057715
0.162132268498831972
0.202886777626122339
0.135948983320691691
0.274195679811818360
0.016140814573468467
0.106522523633463040
0.088192102107097936
0.182772929317646160
0.092568464125925426
0.216439045962127818
0.016575736467756317
0.120916007822633703
0.052548620288651662
0.084189773809876009
0.129716993894058996
0.370424044617136294
0.012599891676417237
0.051650347610943281
0.022967252255512764
0.044993756023441488
0.043495203883355177
0.043725115919117638
0.000095384038170531
0.064200546938140465
0.051911546676944614
0.354628677021265992
0.191864045852778414
0.094867095420701042
0.016760973761992336
0.151931092528817674
0.353641799206792617
0.400000000000000022
0.377225967843961951
0.285262712204500279
0.027668677958654887
0.131623645459723465
0.172742368056066131
0.296610700068020816
0.199841871440435304
0.108869546888299001
0.003792411533099280
0.199679707499843956
0.247438598978995894
0.218861582723009263
0.382628132803013998
0.121250554117347503
0.003246702120036839
0.088969974242837035
0.282923045819898800
0.300602053592082252
0.342454096479255288
0.200130423595922979
0.006373848700719513
0.016532355691398236
0.065014369884609582
0.110929824883930425
0.215844930052585759
0.337353885545552512
0.016104530403610325
0.121563891051243364
0.057084210192287141
0.062828432520347033
0.202406090824729767
0.281811780566771253
0.010392553637616885
0.054052106704327439
0.029105381808547999
0.060611704481139464
0.051752577343001434
0.042682751593922347
0.002884637412001203
0.050666432853347106
0.133239470151680722
0.356020941429388948
0.145650411709079941
0.096721335267313080
0.016695312936405356
0.051666810251133975
0.210141574384243940
0.106604347406340921
0.075384861780986620
0.134808975079410115
0.016254490817000165
0.071823660410926721
0.159210917795237439
0.370771540402080657
0.314385319780553896
0.056897154950901738
0.009319218583764843
0.315093265254095256
0.314464279503383515
0.261764290032746483
0.400000000000000022
0.140985801602358574
0.010697985049910121
0.223022624329981461
0.286574177230153104
0.272169596734233465
0.400000000000000022
0.154526056695486885
0.012451569267931834
0.153836468794681019
0.104248172261879088
0.282282429585062777
0.356629772449476468
0.121356601117841148
0.018292634884168667
0.153159271714818912
0.077322767495994080
0.153537011101704590
0.138301871668353810
0.202682942181252379
0.028262551779137966
0.108100222437332527
0.117947069107719765
0.129246346007052176
0.110786784732390745
0.045779397286292677
0.000482588025080829
0.119783360197624394
0.200054890833118032
0.400000000000000022
0.342683307976585139
0.094997616009600105
0.008944308218884443
0.155863119032474129
0.245660203518816900
0.149735546152252347
0.165951084251298037
0.093837717984258689
0.009124001078098513
0.166250571559812044
0.178510949664039575
0.120414778323768082
0.151440447681832263
0.217699608599497829
0.006102415664400912
0.326039432976296395
0.337503150147470676
0.183436644383382835
0.282507562216724128
0.400000000000000022
0.013320069590625476
0.397079934935411161
0.308155800350896625
0.194672341845991581
0.324353070634826879
0.254673686756744178
0.027796769906651274
0.250428276313098941
0.320153297384059121
0.320485897144102139
0.400000000000000022
0.346753063834037423
0.038014633319284459
0.141626042687584525
0.092680998093259442
0.271422450320558006
0.223389560223219763
0.124742575788016341
0.026847476532166650
0.046699411785435394
0.089861008986011001
0.234669613568463248
0.352648304091480402
0.087110928316573522
0.037263616287656801
0.072373567191883717
0.099774441205667169
0.234252659502384664
0.332913969982347679
0.112488248991736581
0.058748613702464370
0.355384042809429257
0.400000000000000022
0.140261906825532329
0.127376694857868955
0.400000000000000022
0.145831400028863689
0.364352048771387049
0.400000000000000022
0.396921320064189453
0.361529176077247216
0.388863374627675673
0.177232449302752004
0.359679185185726946
0.292970058321054772
0.240555032516547279
0.400000000000000022
0.400000000000000022
0.303464696504960774
0.400000000000000022
0.339321996381658997
0.271901648119499795
0.400000000000000022
0.400000000000000022
0.363291417990766696
0.400000000000000022
0.315711842425554223
0.391909004504615299
0.340535788149411656
0.400000000000000022
0.395896040337348598
0.400000000000000022
0.398621729892673304
0.374627817182595191
0.314100400093224985
0.400000000000000022
0.400000000000000022
0.400000000000000022
0.395848978599388612
0.295673423508540756
0.344991345505268665
0.400000000000000022
0.389112301328963905
0.400000000000000022
0.390367366705181684
0.151126022524152082
0.284939303047386128
0.400000000000000022
0.400000000000000022
0.400000000000000022
0.385500902263017364
0.165245957555899714
0.177877490095167456
0.257136304553769679
0.226565167610361828
0.400000000000000022
0.400000000000000022
0.388843958075555607
0.274807405918654102
0.400000000000000022
0.345156657824928992
0.400000000000000022
0.400000000000000022
0.221216317216188535
0.224186047096565172
0.400000000000000022
0.400000000000000022
0.400000000000000022
0.210486925904755484
0.239570188516639332
0.293805580991935211
0.400000000000000022
0.399555553502787708
0.400000000000000022
0.364257031923982511
0.377016474514312083
0.234206992964244243
0.400000000000000022
0.400000000000000022
0.400000000000000022
0.400000000000000022
0.400000000000000022
0.351462010570089745
0.400000000000000022
0.378494202445937900
0.400000000000000022
0.390676459297638390
0.396002167597499510
0.328728280944342199
0.400000000000000022
0.397613035317214147
0.400000000000000022
0.400000000000000022
0.223845134712068017
0.361691345339571368
0.400000000000000022
0.379353756351779037
0.157183860251556451
0.200232534915531224
0.193144850270659585
0.126691577140600337
0.072329083818538503
0.011996075415728034
0.397344628066051420
0.400000000000000022
0.274193178059891962
0.156640283969589539
0.190436095062932575
0.022814140148624099
0.358088211851503857
0.400000000000000022
0.211401798865368667
0.062989970372681239
0.065983834235771768
0.033150129250641841
0.133337031060551475
0.192137056403171247
0.333864633037749048
0.237050371404842336
0.147508498053130821
0.058737553760465688
0.278965188715038059
0.195215319228874196
0.388080951914012928
0.350459554082591773
0.215034995069706164
0.038722774918644197
0.175792214622044557
0.255954730500096317
0.314484345667881082
0.295873514834001150
0.208422891084261291
0.036478890657034357
0.375007571692035913
0.320500803059191430
0.397743636608029250
0.305666565581951488
0.212621877391679481
0.028448186926120771
0.400000000000000022
0.400000000000000022
0.166941532968331113
0.201041249129431998
0.243940126617219866
0.086370893131412524
0.099511225978169804
0.155860203755461474
0.214196859508788584
0.148285395053699115
0.125938209033354453
0.010668717069119892
0.094861632699170403
0.112036028841613566
0.189222320088729162
0.183243815285165534
0.275121293407526668
0.021701919642568995
0.171200157612935611
0.140541482501595316
0.258622996189514731
0.152844596826666429
0.071490235277039613
0.012858842333973327
0.078924518960392293
0.069952924731698424
0.169711701789165281
0.217963071035674222
0.208519423111831553
0.022234138884567503
0.209248259225062738
0.186613541166459340
0.134310850043899643
0.285515094770437905
0.300528647138373128
0.009028296828273087
0.105390676689589083
0.117200166699670344
0.345613655799835995
0.293003458784829141
0.152740160435057476
0.022699756890093837
0.077377247964377338
0.105480742423985668
0.161336458572292757
0.155554806235608883
0.137976056545722842
0.011839746631898521
0.066895763277581191
0.162735751015203212
0.136141408480925485
0.131566974550271026
0.087992640867386868
0.014313947272583588
0.289968548566591711
0.319605665056161503
0.400000000000000022
0.367529903606136521
0.178430040316113814
0.004313980954177574
0.171635512043733507
0.246134456091539472
0.187797648422192182
0.243720251129981136
0.056293850038121568
0.007424867575312041
0.051055806769927783
0.090011804650172250
0.069693850156752599
0.088263830938120291
0.133519573460702562
0.006520877755871684
0.053633862752415905
0.128317490096269943
0.158396548521557406
0.146487183934173315
0.362568483144983411
0.016895952757891616
0.129521099505356674
0.158577700868140659
0.234643333077327626
0.081479722192755441
0.285477544646493664
0.016099796305110083
0.064867851235942561
0.105000775488879067
0.169716635297774920
0.113513474373516762
0.300398699569898509
0.016570392904246188
0.056327419427345447
0.078158535417453462
0.105141382249802406
0.048800420006808613
0.072587537792796614
0.007432345226087963
0.054455519998338066
0.120651902481381426
0.195968470955054791
0.297458902504027789
0.067988654933867548
0.000973128318790925
0.191474929084979983
0.289259823215255840
0.310509249615255889
0.277182086878923595
0.253810899053671490
0.086441683420776086
0.221001793617625231
0.382194354565515204
0.466298754579393904
0.299994178345579510
0.244197621072867854
0.054951022883350131
0.272105645882847857
0.448939455314056934
0.287935445157738723
0.247825741828729434
0.262393133923749688
0.077680111585533645
0.268497936090600575
0.366372308150308079
0.258919213212111032
0.275367802984316290
0.291593199966938721
0.101739385647013611
0.278889757459287235
0.295969125711119940
0.297402475100649877
0.250287168627744694
0.304435177830527315
0.109468027772387580
0.261982069132208784
0.295779382432633686
0.275843059204666619
0.170320962373357754
0.277040032827481075
0.106527065879645569
0.226000310967463924
0.245132837018607774
0.212957678965409375
0.154057917909264819
0.186029376262272200
0.102828323088400300
0.210819572822990464
0.277756201555138693
0.258262310173565157
0.231406690809031007
0.216332877465397477
0.110907144124146331
0.299891170114689576
0.349871147198267285
0.291582779187333663
0.235694307944377679
0.244944814905124347
0.116958033719625570
0.327497265885446476
0.384255533567505803
0.341403857199395588
0.313892610614949663
0.244793121266686731
0.095713695178616845
0.279554963337334317
0.320381399787052878
0.252348892767830790
0.343480878084881258
0.280768343909215123
0.111673756963433915
0.240972423011621806
0.177015588331030732
0.297896281379673222
0.390058040330624411
0.343055408223270852
0.140982911032541153
0.237522163795091168
0.160413618606066427
0.284826390753620873
0.374801276108468584
0.369190578735230535
0.141895938850056358
0.233290647902355736
0.172271182691151187
0.246573330808102092
0.336648374039956899
0.322528717732842640
0.143092564117010129
0.227789671140947086
0.166201749071624105
0.197576101388151959
0.263800947132218466
0.207873768879404619
0.142416019847609654
0.227593014525706377
0.245200001247405930
0.226577661192109953
0.311731898656710804
0.232239254486233171
0.160233270164948233
0.265745744409593976
0.344863515305169788
0.326218867610378160
0.275000357777602289
0.225015586482430030
0.093358619699973805
0.210532195292351537
0.307604987956937803
0.282653422358426443
0.232135694001318088
0.208066209109465161
0.054896768095902389
0.245235027255291199
0.286292673178648149
0.205641404526148847
0.248571567893942247
0.280766609812671764
0.080218506413869947
0.265563209105110443
0.260653195029494078
0.241823900006037928
0.253290432795199583
0.292508276360144037
0.097057811267565630
0.272457594049636265
0.312308557248184071
0.263815455784614461
0.244057033044749877
0.311149979349116645
0.107732784197854259
0.257725105484654937
0.297740697208341898
0.257405927639334231
0.193239623162324986
0.294668031443797718
0.106018047430541981
0.217487285443748790
0.278866563672483192
0.236541764690654743
0.166297169433459957
0.189167000772562738
0.097019438696913707
0.209031167097379622
0.337162182513717046
0.296966293735444864
0.207665669026246141
0.201259738496380236
0.108433485294203880
0.367380104098265436
0.458159505940073930
0.347719946508207867
0.246941316292801277
0.243068825485470319
0.106809595424463624
0.344336629391974292
0.372424023594783160
0.262341135911041912
0.190270335856601802
0.200084116215197616
0.086807487027274283
0.359646888198099812
0.288743517445033737
0.150561776148117055
0.260087641704165984
0.281187709654939610
0.119647962831530036
0.270252354731278399
0.174033734478409557
0.211936371285903091
0.367416648713763672
0.322830988735616553
0.141157736853539301
0.247011169630962535
0.154824495787164562
0.303529592391964753
0.342236327203151058
0.362347518469254892
0.143028768167192760
0.224355847743647141
0.167898236274734686
0.248514535459751135
0.307412711817060424
0.353242229824023979
0.146835355286419000
0.196408284191435689
0.155460203431921379
0.217494645403684989
0.297488803047873063
0.217838805858188850
0.143503451872766752
0.209949633875951419
0.238881272351637142
0.273639786988123856
0.364146699607503399
0.218085412804112699
0.152088252797871137
