0.041010976696517917
0.028352041779892728
0.005273291382217418
0.046821194173836983
0.050718505532080647
0.012323133455719316
0.077897018120241898
0.099193701807177251
0.114162695514663862
0.034231446754423224
0.028221228218500108
0.016669532470470528
0.079132680741940298
0.101904651785829414
0.155005310756937298
0.236853882301588436
0.029899098112478081
0.005866202513958154
0.036743059129288984
0.066482715950563431
0.015603447154210522
0.031057744135697889
0.033840042480836892
0.013691264890545235
0.068949985358332716
0.031917333319501959
0.121138651949115689
0.133289613204351010
0.039319245449620906
0.061905702923094413
0.111615484161026263
0.249318088471678051
0.259664668689397971
0.112799619584181887
0.032887739356832583
0.016536162662343198
0.102243161666125806
0.301963097004985304
0.370429406234403735
0.243072445509821183
0.009244717707341352
0.000044847297816648
0.014767275930527185
0.029147378562954105
0.010002351398649922
0.007532584233039229
0.069624390541325146
0.006153970165686943
0.053537094392642495
0.080883353002215677
0.006366783401202778
0.050529652224938763
0.030087784730367623
0.049261567758315930
0.048293956150237294
0.102141428165661532
0.131920823302762696
0.029588247928929178
0.037848129626446063
0.053434713375216686
0.028689618697714553
0.289858263150151174
0.333532000470703749
0.207581826472337305
0.059214689116715680
0.035496409881990335
0.073632711919007679
0.167799867891745474
0.039154546649188250
0.055140419295653664
0.085306185903843063
0.026786724110626443
0.044345409760839463
0.073518487485477554
0.089511003378214549
0.060466055573278693
0.038654981230337074
0.013222456959797090
0.012788328753382035
0.266227085365422333
0.265876974215568940
0.081347167937005596
0.020426359183570660
0.010262947342703482
0.012778495025084866
0.105505868967252350
0.106505296339292829
0.229414495839023680
0.010001819567110777
0.002440410585845339
0.008600706450947099
0.023915075240423168
0.011913983321793463
0.015161780532161242
0.012754295942540099
0.004548468746575407
0.125964458669051371
0.334169364679253844
0.003276827671327842
0.005904197065988531
0.015667324764006240
0.027557791135791786
0.054661685196572517
0.030958943821847829
0.279626871636456498
0.118352383141119830
0.064762700880827820
0.041110044975492574
0.017440113267258923
0.140804914149884386
0.189076206495356114
0.114818166109901712
0.080401486338679468
0.047151967071832723
0.089136716822689172
0.146873320695560250
0.020681977568961334
0.083440900593895598
0.103047468376641804
0.013416303081712688
0.145545682057090564
0.351708018873393424
0.113982078568437478
0.194091358256881896
0.095939323715063682
0.006909313418561373
0.019458481696228106
0.317378571995329650
0.349769526690518584
0.197593367230446182
0.053211412130190150
0.015032030930652833
0.001578652574309328
0.041575139860260985
0.023594513944929028
0.091632939331923430
0.042641455737074202
0.015098927839114026
0.002085841498680102
0.004402803674052989
0.000166474108564889
0.031925220517944893
0.053091991281852394
0.024142926557155057
0.151886373098085670
0.300636700289009240
0.030636838494474676
0.114146677361965210
0.092093316498067554
0.100230077758363581
0.046918906951766405
0.132534141634094382
0.170079999809386984
0.173998386020161239
0.085608663844173288
0.066751943408759423
0.012200953303271018
0.065555486333224625
0.122121522378527997
0.399981411535192566
0.111507455075840839
0.035044556192255334
0.034379308207902366
0.216990907410173489
0.082414083068691912
0.034724062454068470
0.150300811023265785
0.064018957703497748
0.114899997153160446
0.320326857176777779
0.110043322008171962
0.161688101646136700
0.105463447959766102
0.111125174621454659
0.013639619933051537
0.047668147846976733
0.073586257328602939
0.148455635142888731
0.066082590084455675
0.047257382402052413
0.003412548239798101
0.010367383938109639
0.009103913695540788
0.148841198130360869
0.152928518672328789
0.105276732721823377
0.020262408873556261
0.004572401372602597
0.005762527763968985
0.015319269610707752
0.123529817731456451
0.055732823368072219
0.139911139760466541
0.217471789015836553
0.322208008426438153
0.284043452970878962
0.097844915295674989
0.086785915321203194
0.053642263143438743
0.131538418357533271
0.175647246486778791
0.400000000000000022
0.206327040683624285
0.079739953938075148
0.016321400445483379
0.213732114775157411
0.350347065710205241
0.400000000000000022
0.195051708718797567
0.057315520787308200
0.019657614001569502
0.345376839895867538
0.400000000000000022
0.400000000000000022
0.176110989524390887
0.080741315654914089
0.049731987599408001
0.286859290363767561
0.355198735185687009
0.387279129746575190
0.172458847764527828
0.137615475138446020
0.020586351467016650
0.057003423100095929
0.268561500554778010
0.400000000000000022
0.264049915696834003
0.090472079889845153
0.007775827634176321
0.013750628714541160
0.119577179284835550
0.270234437600658461
0.161406101236138133
0.115560553192063237
0.039890254400404113
0.037215089152884961
0.302714505656170307
0.242029203312517094
0.111094928595039805
0.045899267376072694
0.189407937801800819
0.205196227736350073
0.400000000000000022
0.400000000000000022
0.142539396277935049
0.023972038542805687
0.144727382696291457
0.150571762784821539
0.345693481788793222
0.400000000000000022
0.159848048479170446
0.028352727875458093
0.007732274513044379
0.317499430466211041
0.356041078424347734
0.338615899357761541
0.161766517926373032
0.058375942396551202
0.046816136263649971
0.283182559390723565
0.400000000000000022
0.400000000000000022
0.080868127470105619
0.068105052824336973
0.032010242457862367
0.084157347283879844
0.400000000000000022
0.400000000000000022
0.055461406094193894
0.062767452110226774
0.003905958630752048
0.045593207656014663
0.279431730956614555
0.392867945879056601
0.097873259655326034
0.041977154618213851
0.019019285289336375
0.009916468159731250
0.264322084095371501
0.368295625832473550
0.101163512981121986
0.073821379832538656
0.107077081388227358
0.029437911277709283
0.400000000000000022
0.400000000000000022
0.137053899231324494
0.070200676091619924
0.085174099168667750
0.141181048854006563
0.092234870373657907
0.325648444644777491
0.102293604312668804
0.030467871229609603
0.209833098458722112
0.303932492573748325
0.167222734467764256
0.199701092414691611
0.076448525454463540
0.070639211399519036
0.022301752118002977
0.071569871556050879
0.031141245872978080
0.048315784816620494
0.091182257132192163
0.026347293079873709
0.029012667596193819
0.118487935012840107
0.040755738275114126
0.065984563982261213
0.124791667292888209
0.053617987218798270
0.012316663264785498
0.048619470559434511
0.097930502775991704
0.229998967228812856
0.096923316591401493
0.017868670988586736
0.003035196023082125
0.010712869764960085
0.085892441488746515
0.173381148130542256
0.095502208511699868
0.025023777293585042
0.015266473752583968
0.003874527822942625
0.080670046624650799
0.255441281252943964
0.071276315829609346
0.022600982328141318
0.134585143114721334
0.033255064783792289
0.064936329691766034
0.088053962273227052
0.131422646749278033
0.079911011826298464
0.032128242572116619
0.044467642161626714
0.043458087343650031
0.069041959831009136
0.058520998173893779
0.024581636306303580
0.059055959815354678
0.179863083008640179
0.217634499537451231
0.065235816552055875
0.028129789508654919
0.036428487771853590
0.012494376276765442
0.026015152125087464
0.040548285178036506
0.017420173300326587
0.051808447158141133
0.012951032106546891
0.016982114203382848
0.075534015318597617
0.035158277387405332
0.016445738612518666
0.048891736991394263
0.016029327691533805
0.029291485798451204
0.039194012501975829
0.062222700661346518
0.191258946870912133
0.042965180001156303
0.009967828868905444
0.033733863886441118
0.060002362528292622
0.067227771987191182
0.064649050977433647
0.108856380386409823
0.029674522446645667
0.062906106126345396
0.178756258140593177
0.197306384627328912
0.073191661789678869
0.041291669778053090
0.023692087537202120
0.116747170826026148
0.023888713803514077
0.018845679309478978
0.017942220581759247
0.011950558479605911
0.008712021315252482
0.128003333053498092
0.027433940220489783
0.013233881277268312
0.002949906997210056
0.015214750512292539
0.018854967363448837
0.028047878914511958
0.118962976680072496
0.088771282937357102
0.016745844350937077
0.029528309697339924
0.052629323525483516
0.016337748055207792
0.084844173369120923
0.036416164636280758
0.041071384291475631
0.040274158239470163
0.014563322153562189
0.000000000000000000
0.000000000000000000
0.000148333035646482
0.031012160388865641
0.035075619508778536
0.024098277903229964
0.065742147192552836
0.105533847334732617
0.085732471735708971
0.181834369075528524
0.083348598211603703
0.026104309059789544
0.041755174206324741
0.213735510848063470
0.098470480107121922
0.106200130371487095
0.040081670341197938
0.010724287897557571
0.181966839212220260
0.325248818139105778
0.305618136393311035
0.122922590137776913
0.047715997973987019
0.029874707863905160
0.154583820017230339
0.054097719049613344
0.048275769644369651
0.020191652728837963
0.041066534972040686
0.011214997539903017
0.182195688946103829
0.099700744234417576
0.043117588633774503
0.012561396694656536
0.039815370728284179
0.028610617584640917
0.042052068370622225
0.268548805920227229
0.285911655758403938
0.130953138069508340
0.018790623522292233
0.007321173720627822
0.013668895766140044
0.042335294925966618
0.143778915882178004
0.077172695851868048
0.029168627949523684
0.007947246873899803
0.011281835486909576
0.000764565541688303
0.001567203248316971
0.007547239105996492
0.033398025264338459
0.021314811272763488
0.163165287503439782
0.117472420413023693
0.076724746479827896
0.084966257161261549
0.024701306237379032
0.005831710184471425
0.089252646442041533
0.190637481616950322
0.253197197163945731
0.114359082503132814
0.029774155302347859
0.015238231656095976
0.400000000000000022
0.239733254816673735
0.400000000000000022
0.166358314308602262
0.054953977974166249
0.023599272170603411
0.111322574032407862
0.063617152167848814
0.092262245369616747
0.025022291706539718
0.055692248118265439
0.038360954813307951
0.084435451294328598
0.084879413960092451
0.014572171716395296
0.003739602123829429
0.036637940354036586
0.014052834169672762
0.061225900436572375
0.307897647779131256
0.102881102833077595
0.064535225774681404
0.014356584369854812
0.002135426724854066
0.129207978801745893
0.134754335102796163
0.054302256805789560
0.069751346870599737
0.016649084440034212
0.008731126246493583
0.105302070127399255
0.040904486107533888
0.018216040879546404
0.022050402326428836
0.016240460502080299
0.006625197377728341
0.169469322480045564
0.140657057769822319
0.135603855435068893
0.059934327174835704
0.045560987321112960
0.017981779490124170
0.051513232204055452
0.221250106947804309
0.226932431341871022
0.071783162116249633
0.028007241365912316
0.028500473877021742
0.400000000000000022
0.400000000000000022
0.193890600454403345
0.064818564330927558
0.043908124970577098
0.029843902957360842
0.056314636129653324
0.094704036512953921
0.074304091686371698
0.053983629979522378
0.055172970210468075
0.017461734483041533
0.186647842355861793
0.178555232323832080
0.031689960184552585
0.001468358354528380
0.022577662972819858
0.014554746559216718
0.046018697165948502
0.385672986655511973
0.188390029971526596
0.148993817191593131
0.032298902064478094
0.018399363035877844
0.163579647865899236
0.059200493795778825
0.081030228809405525
0.083159453982927969
0.068414128195289817
0.034714089668964269
0.132745440064426234
0.060759425458936672
0.020130725904401792
0.042569089698020784
0.193150272367540871
0.054172056027832469
0.079425405373419800
0.118458719080115182
0.081032637621361939
0.065273316029620262
0.016571266255235972
0.020106963093616367
0.012777913334338255
0.097227686592543230
0.122552211767532365
0.110960674848844740
0.076959894584894897
0.039767042743333370
0.038588873881395286
0.052676962414959838
0.022414633462318052
0.025429892849162854
0.101059921016765628
0.069184943114692310
0.063137708716635363
0.142863273581347650
0.041830267927155142
0.025590218578993622
0.037685560488242037
0.108204438127125865
0.267434945118182554
0.133964022125947851
0.043047986405053071
0.021488539380856715
0.178625407785161783
0.076446125695485131
0.096010380705760220
0.118456908337616601
0.056376818931955647
0.086364220743589779
0.109280772392141012
0.009027369352300262
0.254656498436014345
0.106403354284761220
0.054557575834852323
0.025735877643388916
0.057635790905019593
0.034555336582197747
0.155537744829813668
0.128198573919057285
0.055765725835636062
0.053911779911627121
0.117606978706357196
0.030929143357398093
0.094203491035469197
0.130637642872887566
0.049536114140666714
0.048206529393805764
0.120170727735271682
0.021894932421249153
0.019963764057178632
0.035407537834523793
0.043098416831717036
0.007497705678518034
0.057390576208573477
0.039578195161333561
0.007441236336805879
0.010794207555415606
0.008891435429978521
0.022026070157839184
0.170348513350044417
0.041938802853678181
0.056981226644015143
0.093693846564473798
0.041250499582859472
0.053553514583541358
0.051405243074571449
0.067301605126913300
0.209749043216223230
0.197825280736301956
0.179661347749085543
0.400000000000000022
0.133718853732676030
0.400000000000000022
0.119372558773371010
0.082406928699059329
0.073806444069607166
0.400000000000000022
0.062244716744922199
0.400000000000000022
0.152080343683090119
0.067394242430433279
0.020055976323115548
0.062718459207144570
0.088044955253873708
0.400000000000000022
0.118022224861603742
0.099474331041951594
0.060954827080560631
0.111559535739704951
0.092626465239534911
0.400000000000000022
0.072153046711316865
0.180906453656368760
0.105773438138555692
0.059391819438465776
0.074082863442479163
0.400000000000000022
0.029375782635752114
0.036709086886788360
0.042674082430899742
0.185222632092028772
0.214659164677582670
0.400000000000000022
0.005707421903350224
0.035418886978088690
0.021347582647445931
0.138075408358348667
0.238946791405505454
0.400000000000000022
0.030134140751432184
0.185949393890647963
0.092211091901732989
0.221097034110057211
0.211152089451825509
0.400000000000000022
0.085858518482237967
0.141875380700566767
0.085905653438852231
0.225105515546871859
0.041893500856048455
0.400000000000000022
0.249831811988859370
0.101839554099591334
0.114183398403014752
0.231558923347430334
0.051119641400589583
0.400000000000000022
0.184032646165382424
0.078310656625401681
0.059639531715314234
0.181011447306271889
0.079386376926563459
0.400000000000000022
0.136363732288517780
0.137522375823368098
0.055864663969954334
0.222572831276508176
0.038848427152216612
0.400000000000000022
0.058573285306812058
0.151380880845611354
0.061658938798546864
0.043103859551366780
0.072621475398872731
0.237069846762991088
0.122957603100785226
0.034214900104342090
0.093769213988709868
0.103903464050771152
0.138555197809088093
0.394022267281464167
0.003012457289492012
0.020189340913130446
0.016808523991250462
0.111931699811130603
0.123669221393245071
0.351655979020124188
0.026173259518728034
0.115021884368752464
0.076308260664872077
0.289364831584606297
0.149080532311165026
0.278110619062660325
0.089974850843937387
0.148005608058148830
0.039611701433826432
0.018509941766354857
0.053976919172431338
0.167061979891631462
0.208111946604643078
0.147858517424986124
0.088278671641883230
0.001129445297640523
0.065495475956046170
0.019786962097012625
0.194825936611072559
0.175792607316634264
0.053957599830146662
0.050036180876306388
0.089945565852537726
0.027927141741196839
0.285695633346511879
0.142655069821285008
0.051107415914421098
0.078599379550704146
0.111754390979111287
0.038469328818078186
0.067067274379747646
0.090205301933154347
0.010402415122555228
0.075940685430832822
0.109416314034692069
0.064105440287413273
0.120125513501482512
0.043533027113338403
0.019210857935495023
0.088716365890562601
0.047643788742058282
0.001553847770670236
0.021755835159840049
0.043872549337301142
0.112697262861253200
0.044600486255903328
0.007383895604183427
0.003792224188401787
0.015969271214289742
0.072575848097396145
0.033498585778537052
0.023760406970526317
0.064098964800287705
0.047267808160390709
0.058132870218914084
0.052605610004946519
0.034247230623640587
0.085456005038521451
0.061305465855461642
0.065898003313589165
0.125603328863874680
0.176479775716536724
0.025835508135260477
0.008982428813878049
0.061832851944121886
0.010393913476931811
0.199806567466496110
0.052648123825737615
0.053385060022367328
0.176772868289390123
0.034109224055492958
0.037939122615541221
0.246917976500127645
0.090864334964359084
0.024183847552194142
0.035683180517830621
0.059983045547400110
0.018097072008946165
0.088668796941403588
0.045412836942251331
0.007499931209798564
0.029126361769074297
0.071641081954765332
0.015776979007487323
0.400000000000000022
0.105686034425064856
0.075748056054224952
0.021719666138626782
0.039049752766604065
0.015719020186754931
0.121355065595600997
0.059094107254140160
0.170780635068933762
0.018870035536205705
0.040804040057423566
0.008924171537470674
0.005763264607466932
0.052971564063977281
0.028408697907558882
0.021056539061759510
0.024252388992106320
0.072766065397833507
0.075840458746946227
0.068847590892193111
0.003594916361815845
0.033429928937929315
0.012813247413109140
0.015714137166742182
0.110503912918075972
0.083794574576036784
0.009661914630705006
0.000906275833976750
0.036436662141124128
0.029872532776217729
0.068029153287005456
0.115413759324028684
0.029807364274883293
0.011906435567497901
0.037265804811841378
0.026226466126965942
0.064390415075988305
0.055392223453016809
0.016029757300174467
0.037447952837472515
0.041421539178641852
0.018912205637872534
0.196500331614972490
0.028089427487102872
0.013943440597528459
0.041760972349909546
0.060580417718097593
0.011951634624476477
0.400000000000000022
0.389111514756444676
0.165207175576934429
0.072564189468317775
0.028575830771593827
0.003850427632257429
0.400000000000000022
0.400000000000000022
0.305431082999872483
0.065021557309500863
0.041295099136796048
0.010101464541231293
0.019161222029336206
0.012956181728997851
0.000716147623337277
0.038603136548691450
0.061456877519834183
0.034914423443775267
0.223206665642621732
0.128052786014310305
0.048390880015991913
0.059382590868493526
0.090533876260364840
0.040933751040360233
0.119949086490864137
0.335034891209005647
0.340859674846763383
0.165184584823931557
0.047011851740792338
0.023990706191098346
0.092801576508080352
0.144239946711796019
0.298784226639115247
0.314026578153456470
0.059067726062001759
0.013813449387857956
0.048024894616198563
0.067247281492251731
0.017170650402527497
0.038604983241694375
0.067238067745175351
0.035006076163308725
0.232115272861772498
0.149389753732525637
0.197863398428943599
0.218255870365612531
0.064020551686999938
0.067737413107565841
0.200868130603067824
0.382120854096631768
0.400000000000000022
0.227158702087314701
0.062661894659180442
0.031774394318439175
0.400000000000000022
0.400000000000000022
0.400000000000000022
0.379670965449580788
0.064198695681507600
0.023644119468420058
0.126089849962935041
0.092764530730802930
0.102264596768266658
0.032554875939578953
0.125316638659590585
0.044514924978994896
0.137972545686971093
0.165762766962308128
0.020938955117598072
0.054269254348768191
0.066725725084404205
0.063314401927988692
0.109519856586809669
0.354232896308149248
0.234801926135840305
0.094123473703610586
0.052204713996300875
0.055570140100070747
0.157897597499460474
0.350506669532064219
0.354098646332923761
0.277333173342937001
0.075863773556749892
0.044227536128483916
0.178934782046406921
0.208704353999279391
0.057370587528734654
0.077190821622082503
0.101546646405923369
0.033411921488354784
0.213814732240885041
0.214175545255299860
0.225114858813283442
0.120400382748114390
0.084215968551450041
0.031204236449921263
0.064301560957437484
0.400000000000000022
0.399926870085332009
0.153130330053255242
0.048433600549482980
0.038763421219725223
0.400000000000000022
0.400000000000000022
0.300395896793696160
0.294233060169951322
0.053909944537687882
0.032284313543206183
0.064915342580600430
0.118619111753377082
0.086218075008165168
0.069145410511683617
0.067927266153008176
0.022010203229616943
0.312612301024913219
0.397761672558477941
0.034966787855880435
0.007372555420516912
0.038244987736826094
0.042112537695008508
0.100680382362521012
0.390914316476046131
0.364781142238967848
0.267346200332712947
0.097061602945305914
0.059509408011370418
0.181019761133158125
0.200005407945663183
0.270106435304761638
0.197977620092829654
0.148815614533969298
0.081866056740796986
0.221882156887115406
0.207632746154496894
0.040812703473363132
0.126009990291916396
0.294909623666258502
0.067588359109545165
0.224971087430510364
0.395898838907734363
0.195014716189799431
0.259364674286502117
0.112510589970299640
0.027016276512177740
0.032236395030566356
0.371627434817159652
0.395772589697204302
0.308554042079290936
0.130171306715085033
0.054799073673986204
0.040167526455704615
0.094252102275220837
0.046009147407247077
0.117062832181086277
0.143701376753839816
0.084283870953806336
0.065223550215315479
0.147266077255400640
0.041996742035720028
0.057515439096938521
0.090777551770094431
0.132347364684280933
0.397860901051025451
0.360811353784697419
0.073684824899527740
0.135635216742821946
0.270718724283229351
0.176676203453848712
0.142929287657526605
0.250991049971711011
0.226456818741342630
0.260362606763751003
0.194889436236314301
0.075779312761059689
0.266857451739285323
0.171958840617985859
0.176679098213380292
0.400000000000000022
0.169143245980860418
0.069599892774453095
0.189917053037716027
0.318928729269193578
0.138179808904327989
0.088635842365695577
0.267907789729622925
0.094948101060895823
0.209103488188629671
0.380687874267477744
0.159579436148838683
0.209894631039942492
0.225634175695037797
0.133020107042703839
0.033603383990230176
0.083075685681500533
0.116684674160319996
0.155953340821406772
0.123473166293029152
0.086835577563385974
0.010853784576603980
0.021161591493525245
0.017995349125519308
0.170867268288200064
0.313822749394427447
0.147215535575501599
0.077243635517571407
0.098266247937076362
0.047013027346828454
0.068872784194249109
0.174935060806027914
0.123034428494985512
0.349660182976689771
0.353668598704935944
0.384866381518931155
0.400000000000000022
0.231563769028351019
0.400000000000000022
0.173014821916809752
0.213945347056592600
0.249453690556385943
0.400000000000000022
0.268571757428546498
0.400000000000000022
0.168401744128573505
0.281126357205590649
0.357943143418979370
0.400000000000000022
0.283096663972671303
0.400000000000000022
0.137679838863173254
0.381902499015427610
0.400000000000000022
0.400000000000000022
0.268737454763925798
0.400000000000000022
0.121885034310724866
0.379396845418007556
0.400000000000000022
0.400000000000000022
0.246541711207007019
0.400000000000000022
0.049962134102768757
0.093712509986884296
0.311235582985677717
0.400000000000000022
0.366674021607909850
0.400000000000000022
0.013483249537526547
0.049169515692629853
0.140924761932281511
0.379179073547280976
0.359260513758949407
0.400000000000000022
0.070024395151836311
0.223164483043532924
0.360550765581141297
0.396546009376508968
0.319529446750077772
0.400000000000000022
0.275266456284038785
0.328423751582452850
0.400000000000000022
0.400000000000000022
0.184432897133983476
0.400000000000000022
0.383141513445348525
0.252411316884412873
0.384609329133634992
0.400000000000000022
0.210967689879760056
0.400000000000000022
0.191764920678426792
0.345621981616978990
0.377587462096747206
0.400000000000000022
0.241152894852936478
0.400000000000000022
0.183179868552167752
0.356550129682677186
0.400000000000000022
0.400000000000000022
0.119716554622322224
0.400000000000000022
0.090583527764674404
0.235538228129491184
0.400000000000000022
0.400000000000000022
0.128082881493066597
0.299837298873217861
0.126863561731537289
0.079808107760356739
0.360049399293252637
0.400000000000000022
0.236428457464414155
0.400000000000000022
0.022031742578828391
0.030105809072861704
0.281130608086621991
0.400000000000000022
0.224832734374367071
0.400000000000000022
0.133250340906955395
0.144459795646461719
0.400000000000000022
0.400000000000000022
0.286134431542489576
0.348311295154280220
0.175148950012605137
0.289186656912155393
0.131846571807484325
0.344158386411132278
0.156270523485100177
0.197529851121241051
0.393996462687857707
0.368793908325262931
0.255501406109647500
0.200830537712332169
0.141944001410509724
0.090426173496531662
0.217127688729075535
0.247362478872685115
0.085098845703124745
0.098351965692926882
0.181127822984729875
0.054274434821070541
0.304388478345979929
0.261143004834125059
0.091863154189535209
0.144583943532965359
0.236546058271999482
0.092087316036876449
0.079383937644533137
0.138824772492588872
0.108332917898546946
0.305939652659645733
0.206339630626093562
0.081974111276000017
0.123160709524564663
0.054245896878298491
0.105103299424241542
0.262097514021104872
0.143145997253758150
0.026577625064255275
0.037022308912424022
0.047747077160243775
0.193367309485903999
0.300041767508847312
0.078660211433792759
0.026393206516543102
0.150554414329011094
0.105830912881188441
0.098434915470303086
0.111814369243753389
0.195521611549565766
0.127178819986689173
0.090261112791030704
0.097073252166573240
0.077705317967290632
0.154497964869530602
0.119826464029355415
0.090479639619892749
0.184659288679229344
0.330848944981713022
0.243470007672711708
0.074218245365933910
0.089962641452776812
0.046822401248785402
0.212300943743261500
0.078663275950825076
0.093933345200403834
0.194193041589716731
0.085917671213634084
0.050890154722088111
0.263900090703510504
0.166398350282956686
0.059342124939599464
0.052128919130349283
0.108874782538794374
0.034126399700479974
0.117960282739854788
0.084606849444227153
0.069722631871145080
0.220385308639986455
0.114606261955921634
0.025744807876392765
0.400000000000000022
0.165688396953357492
0.142975828041416148
0.086368717116060437
0.147906133153013902
0.045393542633400605
0.184261171721946393
0.237850365394733337
0.368087019696262729
0.092061697325884581
0.082095709835476649
0.032616259074672790
0.122510435433493076
0.076860277867491361
0.047254377217037860
0.038998759643518760
0.036202947471712238
0.081478086713085998
0.203843791800444318
0.096281531112682908
0.016828797639084153
0.036379835935139368
0.028027997925401678
0.034569104530191019
0.138551791832587895
0.202757551256109225
0.098433197568062111
0.017652120184913828
0.065964971838464045
0.082501856301701232
0.084366901342213252
0.200257932693149593
0.066223528911164037
0.052977819858973534
0.077539963051311528
0.040789788280528136
0.064390415075988305
0.055392223453016809
0.016178090335820950
0.068460113226338160
0.076497158687420380
0.043010483541102491
0.261946137154668857
0.133623274821835475
0.099675912333237443
0.223595341425438077
0.143929015929701309
0.038055943684266028
0.400000000000000022
0.400000000000000022
0.263677655684056322
0.178764319839804869
0.068657501112791758
0.014574715529814999
0.400000000000000022
0.400000000000000022
0.400000000000000022
0.187944147447277804
0.089011097110783075
0.039976172405136449
0.173745042046566517
0.067053900778611203
0.048991917267706929
0.058794789277529409
0.102523412491874868
0.046129420983678282
0.249684224472726729
0.224461761185070524
0.133135779533621212
0.256918158030939092
0.147011087983499017
0.180637384120441474
0.229190811166533837
0.285482648290976249
0.244542899424605525
0.314893359052078881
0.131291236335413369
0.155339407040563121
0.233839081631748769
0.186174870151196270
0.230900950410350331
0.338792560974926993
0.130264159434621635
0.149029266820921047
0.196495546136013000
0.186268218088447846
0.150345946159072735
0.217894888432402734
0.124273489768979117
0.155156377601273460
0.138650805144813039
0.214733087382211391
0.217340650129324880
0.304034684913609687
0.102097455501619194
0.144513709230537912
0.164848713859115314
0.243795309616374689
0.297442510521351622
0.300257301047718861
0.121464569259883803
0.146995896486799005
0.218079138584954230
0.268631703853588588
0.301949949332753931
0.287640173888094930
0.137960678758445060
0.159191227505311672
0.159214789573785959
0.131595918237944726
0.135959658256640303
0.164100685098158700
0.143414602222533327
0.174458501989042003
0.290286775342659120
0.372561494808368587
0.199534059051063140
0.245621502173107020
0.130886455699814802
0.179538202076923503
0.199890441514023659
0.455414715143185322
0.424158166782285795
0.304118245541571131
0.150515003652188173
0.155484067511202251
0.136979774728773901
0.348409921426348856
0.312056531402819803
0.317394903204181289
0.205754061187469750
0.149135129390230659
0.133359186134035496
0.278454190770319021
0.165004871188757452
0.202953528064277328
0.248774618155576721
0.155956174795447933
0.123258255906550013
0.215502757539509981
0.217205517183822722
0.265040053575569146
0.208046753042419430
0.145658790098219471
0.166960243915399681
0.241930526009315389
0.266767326877664857
0.243697277442101512
0.208384111802215388
0.146558654828413293
0.228294998401326305
0.293019706260277457
0.338122633739910305
0.239808299729092234
0.181441407404110244
0.156347528572573086
0.147884722482470699
0.200947506379036217
0.206869263727103458
0.183033213141413603
0.146555534548020644
0.148409559580266026
0.240635043434882262
0.214133775469063314
0.128892526233284399
0.249644643264702787
0.156312530077130613
0.188566337109370791
0.189984477071961283
0.244283270063839486
0.204278531366977545
0.287474501311280273
0.142336845218159536
0.161488653079272904
0.197887127710362987
0.173237984751765967
0.177303180709560193
0.276950873224579952
0.133731056963879685
0.150461958737816343
0.267957822888566399
0.200324215121921140
0.144916376113894546
0.202125005237142247
0.137407946165715916
0.162343119288117621
0.279820862703490381
0.287385349776878685
0.228044532066779548
0.305985190661853423
0.104894617745080521
0.147045345783926779
0.194750992327859446
0.327362782349518877
0.375852581288479148
0.325536796010071072
0.114813702101450074
0.141445472672090344
0.201310236655452141
0.250742913956395030
0.338293952310885326
0.358267177261889780
0.135830456809025890
0.155560550977296042
0.073384870510509292
0.081254476871921791
0.138725943154838188
0.215214885679209350
0.160134187776397097
0.163160210616591916
0.250484029888665749
0.360767405588892975
0.194691085296015060
0.238153922577263061
0.125032942725007062
0.184932517842511523
0.220878917484052334
0.392557824789136478
0.369670956210649437
0.277329726814467936
0.126724898384461437
0.160633201685206395
0.172588705134537890
0.302876230277028258
0.300199371250529701
0.265595703284486451
0.153312064758887812
0.150595063675881713
0.157661287543141765
0.361315412403804104
0.170341844880908699
0.192429304839585563
0.217037772214043578
0.162474725373485562
0.189911085758813047
0.387837923642319726
0.269807851986496705
0.278743740640605142
0.209981376757164107
0.148357907706785780
0.183597038372752708
0.328367187937865346
0.375554168407297440
0.287334128690209190
0.233958993489386896
0.142554472147696315
0.203102249402466906
0.249546133437862055
0.308267306354773729
0.274012590347874618
0.233030168964558526
0.154661277993779961
0.083164390129649879
0.092620206794301857
0.151727434762787244
0.187265602126681696
0.210603286857814126
0.160215784603134209
