0.038260173621089535
0.194799328466824295
0.069220545428752778
0.028489975876335571
0.199241062662004975
0.352649518958027708
0.024572718529259328
0.112366958199564743
0.168243230303634972
0.060980165508099246
0.248936203838924397
0.057455904876151584
0.139647652509102216
0.214747309626538846
0.113740453784670181
0.097379405877688716
0.045637872763337917
0.084167018089151446
0.078026256539245276
0.084355178925109381
0.122409919045316368
0.054929751344036104
0.059835758106793195
0.158112640903552565
0.027573600657471747
0.027989597051966859
0.043686278136048501
0.227985503047664850
0.370016613898692281
0.078254229010476448
0.180064447477167877
0.123666285200773010
0.136237848152500618
0.182863476090411536
0.224618084122332196
0.345027604611447436
0.213544104612723995
0.053306121880762031
0.040442709849375189
0.044250378039357871
0.107388067032520920
0.215996131767214605
0.193702427207773475
0.151662467341838553
0.101869052950682895
0.038992131061243239
0.024420697782212522
0.075585554142541644
0.045367744554605925
0.064551938792572178
0.076079623122561307
0.053038630410877863
0.147467992222294314
0.264873212817719139
0.020538748220308867
0.030392314895247928
0.099890629975536563
0.144684032592849399
0.386634285950958168
0.092853794889514743
0.078053591814131740
0.083541459797763923
0.088795233499251391
0.133344983834011083
0.087988458155646238
0.039019735719627455
0.113049524140488550
0.186964289585257792
0.154913610639791699
0.071084559855836740
0.201019295737926540
0.076791639782110163
0.075283743482926879
0.089785618424536084
0.116213340897311057
0.073066827642982682
0.279136160949341350
0.200568416027597951
0.083161684584090928
0.274884744816596305
0.131681287210817122
0.095233868695336385
0.370856721960477420
0.400000000000000022
0.090873519457706414
0.042110080009893094
0.065690458111021616
0.048753280756567055
0.042765059056248403
0.037298993839560604
0.102922865743739933
0.343090070445967177
0.191004267589921006
0.025561661911653703
0.013225197650295532
0.036820164605544756
0.053418284005294150
0.078692571569447922
0.090288000605940485
0.032774451313884803
0.119858630674266803
0.400000000000000022
0.064729272264130097
0.048002313219465374
0.076394778589766954
0.130844300776675332
0.175041071210835814
0.118631537930784514
0.029079031833754890
0.266287917736733715
0.246441256072133519
0.276468876804463859
0.119333241831294082
0.049016744583905501
0.143311444054159853
0.327060356108607786
0.143558959607308217
0.085365685416423406
0.357913721721348499
0.400000000000000022
0.215001959245149032
0.183216062524109519
0.152865989776499178
0.110619137762775752
0.196548573212445343
0.127094776931700432
0.292420892828979928
0.400000000000000022
0.127609015142354676
0.130772457760397948
0.098675269372177715
0.073578597714141158
0.099782576649152910
0.171063085859163633
0.159223968938084048
0.036909616679973299
0.021192554071623276
0.022530837534196026
0.068491816395454916
0.070918971909920497
0.087587880133698018
0.089334158249981213
0.067474431797592035
0.043876197792983115
0.195057787711362368
0.100738226323347377
0.135482419128660353
0.101046335600728898
0.114578803399403226
0.260697415379855801
0.088118686354556164
0.079073095120436629
0.188239401721569555
0.103658175508080097
0.141708323604234576
0.150376931174462047
0.115667962313069472
0.151231270351491143
0.167301691097363120
0.148043990070934606
0.073627180028528305
0.072502658569305545
0.151735068890941904
0.147122582073970637
0.127640772159955174
0.063773536900937955
0.088227886229178307
0.133411856369605203
0.192042113358446898
0.064617224774055571
0.297398798474600212
0.292167068454750600
0.125092152269582785
0.049047946164368805
0.175690288795865401
0.175824520303512755
0.180400481692962578
0.220053740599725434
0.056554515960011514
0.016269078999739919
0.157029707478654912
0.104394914062688610
0.395495524645885110
0.057450661005052292
0.027684995121890862
0.019586431015442132
0.064498593310045357
0.227440767488534090
0.400000000000000022
0.150875776329884026
0.156940223342553253
0.018122337362239001
0.321994951353935133
0.137250837628826838
0.400000000000000022
0.213953685273692296
0.271673377820303541
0.298109428794100961
0.219279221560754523
0.247449790846969969
0.368670253231813405
0.132300613920003807
0.096955012594237333
0.208980681821759828
0.110483792433500413
0.178196953891413989
0.258426740336819893
0.191203735792012719
0.148017600227076412
0.083978778468826495
0.102839170269563407
0.142251853863083477
0.362413927945807179
0.207805062457142697
0.080433657773634898
0.046694331272246675
0.136923477383359249
0.180708221201044211
0.226810648321929209
0.172647916054424366
0.059701464891468874
0.009777275561087040
0.151108917007580223
0.120336038038143425
0.251135185687205442
0.338312932710963854
0.202758070158127690
0.015528745264597523
0.115493417138324603
0.084599106635845356
0.351312451739557163
0.302491611778530345
0.302559999046165928
0.010079686153460939
0.027213835154112954
0.220682023158948859
0.400000000000000022
0.400000000000000022
0.400000000000000022
0.005383958377552556
0.343013069597157383
0.061052841707470523
0.297415451439438927
0.173320676810050478
0.268836285526738883
0.331734894529379765
0.344577414364916013
0.035458120431017738
0.090628197409575520
0.128003990444257865
0.221962830643977149
0.244757983538662405
0.127351171002474478
0.087841540463983972
0.152426596938573300
0.188928623067121326
0.181398217471672590
0.165277670580912805
0.237454250011122109
0.143760244309471902
0.087162396753320548
0.089794377626962629
0.301114146258159410
0.176427748030480835
0.375610288446384777
0.288814389993372334
0.178859267758853635
0.166252423421528794
0.167750005936525615
0.070709485095548322
0.099347773447710758
0.076754488908883589
0.138648310662185359
0.325132558016778650
0.191983023752898024
0.009643392711263058
0.013324163122236783
0.020272796778726114
0.121955656363500267
0.331247642466949876
0.377193876621102708
0.009973568052488571
0.088245658545921951
0.074776800893114531
0.182057403285317360
0.202415358485134256
0.237957885184273632
0.081632890589930840
0.064573391895569904
0.223107591688204737
0.292274064441270964
0.123581543591106291
0.289689501854938525
0.220139425807508227
0.125382338215101113
0.099769816072336287
0.233585132890429537
0.155735169506801885
0.076730575039004170
0.213254542097762456
0.090686533670124775
0.073800927221191123
0.171372994778762389
0.202493155500595601
0.058911553301408424
0.239843732933855136
0.113324953740579756
0.137095809313011685
0.176239846455617105
0.238278648543141569
0.190803879141376975
0.046224890737567095
0.151487008064023709
0.284703936645588518
0.288572797284039395
0.111655864603525862
0.044550431593612078
0.043840980751083676
0.154432492204676725
0.182575918794036535
0.172330199577246324
0.202368135836419050
0.032695905233688934
0.013936586031414419
0.058504262297409092
0.114265848457668046
0.214009342228485278
0.275240209591374796
0.225510857067196258
0.009410342288558637
0.200682508398301290
0.131150390027598762
0.271253531208583143
0.063744107433056335
0.029490380212811917
0.019875069423364082
0.127076602735999744
0.037336648379253407
0.119465850836772747
0.109804780389468781
0.198947012626349090
0.022568939614522946
0.161331874989306207
0.162283235647816104
0.230645400763667463
0.206481428711082188
0.203426324713312956
0.178337858614717043
0.126615361836486501
0.098251736888215369
0.064343405048106983
0.088083699609149330
0.221977694393638403
0.386869085472141716
0.087376934673607812
0.094303015238201254
0.152161006061723336
0.029179299823531478
0.081692299203036542
0.081225475745240652
0.155279990753728253
0.133066153487583855
0.094393019386460789
0.145029108817640806
0.070895655128569712
0.100901542423599833
0.153596584252951474
0.123473270597716053
0.088576401018460454
0.254526309974242582
0.114027949126043110
0.014852913165802175
0.103546533501487584
0.073407588484746433
0.169347973575354416
0.039859816894840319
0.018434382471805288
0.007937296359564923
0.245052170198325286
0.095550095866248949
0.224140432464900757
0.048193326324166022
0.019922263061624541
0.060372508667879854
0.044139299080914955
0.216427280669431954
0.063242937778234615
0.060645194711886626
0.124233759164685556
0.054298079870398572
0.144809193354602767
0.092727015306655308
0.098280753391358999
0.220825345601644185
0.213882843381874715
0.111467754203599195
0.125313204149054197
0.116793994531301071
0.145462471378666858
0.131301615854559572
0.199234380708775249
0.303943264030613225
0.154298423366866388
0.205247729581173599
0.214444294738489694
0.218654309749857834
0.098072070601841366
0.030703370818601118
0.095597576705762036
0.259378265265586494
0.095594524834017897
0.089288444464481004
0.209730532870334219
0.112981003418455392
0.110662236932184979
0.149142697360294452
0.073125070112757026
0.061874904398506916
0.031985152951746358
0.010935846710587116
0.144340239842451618
0.203860048871611133
0.220320041503948683
0.076545810889239299
0.033933753255109708
0.000000000000000000
0.097721521140113482
0.112308470886090001
0.151683690170281660
0.067625483195338190
0.023800050522392709
0.019239483036360045
0.122073220688342560
0.123400073657652112
0.083628494852113766
0.041073347509448306
0.009328695213920079
0.047800793923933202
0.135584632604266092
0.065471006339656704
0.174160326308205216
0.080154781144687839
0.056935573367708471
0.106697430810114305
0.158884322673588263
0.127689616384085991
0.150585032298929999
0.092955146675730987
0.118283203583226179
0.214496367136636168
0.318056032186702642
0.182200874351722414
0.084529717237675134
0.105571076266049904
0.170679546790284214
0.183874192213228788
0.094344209610689553
0.263638048207576581
0.040085228160340047
0.086866907077191940
0.382303527791318043
0.170085330711677418
0.010828274388375711
0.057782493886064046
0.002255079878393340
0.001200838695346890
0.030568819176785549
0.034072029603545523
0.097982512980802239
0.187128495071115342
0.082892176503624668
0.092082142235370118
0.044878038272455276
0.027803292112196832
0.227309183229802425
0.141144366793860609
0.062677842556588620
0.107545031037003316
0.057574687951402956
0.134851609771642122
0.117923288859728331
0.110950062802496113
0.061165164447644596
0.086102104324657452
0.058765134725411491
0.132946373065215284
0.089502951694441446
0.112964668313309341
0.077445062067500917
0.080778630932590703
0.119970559216383915
0.326136611364479245
0.069190058836451879
0.081494849733555502
0.118840926302728911
0.079534069896692983
0.118004833298681014
0.042358718675806775
0.342579725351435160
0.177478478886143987
0.067980066701348485
0.104423943920879225
0.248423706452630372
0.182376184608505520
0.061938191301662213
0.222883086926781299
0.085277753337660231
0.089759506043662229
0.400000000000000022
0.331244033523237724
0.072239580610728715
0.182085047142320072
0.082008586096412109
0.033725929858204579
0.040022683588260013
0.043109839251370165
0.236466109398553920
0.147554841209772025
0.138167164635431633
0.066402193094961995
0.012025745088778211
0.011543931660388349
0.334158267718953905
0.138664216268669427
0.120866556480822021
0.119780637742087581
0.031769319463724598
0.095449329201048025
0.143815719957108706
0.133749591107460208
0.080419671693541320
0.057351791509481193
0.013351962561976067
0.108214044803163101
0.079793415235855064
0.106055468761017860
0.050540249434739573
0.135650762194015284
0.062188204493791741
0.142964383326956240
0.178911390648740898
0.204045188707133535
0.235513513387203166
0.140051164456190091
0.100827687561078710
0.023261263676828230
0.241301351973025963
0.106282287480237894
0.143237202302668259
0.117320631494218341
0.084116740244780330
0.356823453239292987
0.125142524784718073
0.067615431024857106
0.103627399046927762
0.080044568622181983
0.091663175383867271
0.273632011579272638
0.072211851466161589
0.072517581304811007
0.074779413568750480
0.096810168739934185
0.191751188836563835
0.359701237359232540
0.133914833329031313
0.399561632854742776
0.133257898823996024
0.101153000856642750
0.051144750716490571
0.330901398581822104
0.298085009700466641
0.256441518290988935
0.141263128562791995
0.214790794669758922
0.034490239096189632
0.033891623918164096
0.191690652386462851
0.174125828711114372
0.063403296222156791
0.113963275903374850
0.048324733065178142
0.156058628059123322
0.138510015821157906
0.204386092164504235
0.144312343338563659
0.210294004174734234
0.229511839297621228
0.249292743684357415
0.197048724296872368
0.175610071316501720
0.239162625381313637
0.140449759470393870
0.185551544923064943
0.115952657856168456
0.063812219537424775
0.184057739458258846
0.208016611783356231
0.147485541012303822
0.040059109208228957
0.206589407588763624
0.157103691022227654
0.144221705972642250
0.249232446408200359
0.284099939051191575
0.201274030502547524
0.205206693874853019
0.094010531433318070
0.085917562000939390
0.196461615446379495
0.116831581209139862
0.229922671796456313
0.384196844488724099
0.143547409203514331
0.289740567335713017
0.094177465516353032
0.124105846564278532
0.056186046365230266
0.212977459284423992
0.319311104405636592
0.369561822220185743
0.052234368454547167
0.134756302662370986
0.126500031237221144
0.136370289496861086
0.381232169980166014
0.268996606322687626
0.195818712150555435
0.274497157700674677
0.135143483432506234
0.070000045899799329
0.228709827157337897
0.228109716457042144
0.161195536737291645
0.342502271224647437
0.127067038698017387
0.093975418412636874
0.164635793984803463
0.271873397171322972
0.184092481009061337
0.283495498731139439
0.213853068240061173
0.134502161985321778
0.149270134460388448
0.210540225821982563
0.215307675712102964
0.279230425454207620
0.160648468526775390
0.391839708433800338
0.400000000000000022
0.329696894816465025
0.196666429124810749
0.235423987978731986
0.192723296527320842
0.116244213172011598
0.104132563069392628
0.039509684283474837
0.106328042272399795
0.112912570888567904
0.178232125569227462
0.193298393336871294
0.159738164308673575
0.057167054571925689
0.050363777247018446
0.318780975121844945
0.158978088613789537
0.265885587538606583
0.072662284124237475
0.261416425914843320
0.054268959368840818
0.183141858449485384
0.344213794482424063
0.379670900061253203
0.363508315229319867
0.283047380698406792
0.095842935948478869
0.400000000000000022
0.093600593150345399
0.048236177966897893
0.391553743719340985
0.232866593322543919
0.179494302938725092
0.202962238433001763
0.066722066360275473
0.016693570464934505
0.166153215311862862
0.146859059608513032
0.158774151380625811
0.227604634698109598
0.202130859155510073
0.133507743101913462
0.094429530178746349
0.180455916916235082
0.117104488843868815
0.151809190965218277
0.142311242116265224
0.145888305347199543
0.150333349946580874
0.216167662311905623
0.203488092013771660
0.084267400556741381
0.024233096115498287
0.025091449348868360
0.288285139338811891
0.223091430959293846
0.180946607495184597
0.115315506582654576
0.263854847100019663
0.130344665509022711
0.133610069509044110
0.152210419140481085
0.044583762200504091
0.133071701693882244
0.199663759068705177
0.400000000000000022
0.070891264324289424
0.125186538026910155
0.063047028761576376
0.163851577120893849
0.149395986327431035
0.271213822744263811
0.196804962530984812
0.177398349723414173
0.191162151477846431
0.351754625122715991
0.166949506158420274
0.048612253163428695
0.156233897624765666
0.198413376575662520
0.189927216029907586
0.161688866465189707
0.119162529953409396
0.023249200034552889
0.121335295077630731
0.160021799413783139
0.106480332885492732
0.211030290337818088
0.122647441013567782
0.400000000000000022
0.062010177919739333
0.159992605832606133
0.110420646166238312
0.307573462754282323
0.202947897587277909
0.126736313522449157
0.104378911474386826
0.122869338896817878
0.106897251097968216
0.048429140871051768
0.167307178417824387
0.114528399792664728
0.251569720795239982
0.223554048435456093
0.095669866831239833
0.165551191252661128
0.101781758266689129
0.117911592703981286
0.162002569748509129
0.155498464056285784
0.105336063041058206
0.171183563364259439
0.091068250295568698
0.285852304120007783
0.093798090668148607
0.079556286570814622
0.061918195667608089
0.180562864190173811
0.100101028157751085
0.235226605734122796
0.110479720660758729
0.212536380944484821
0.147370814817937734
0.400000000000000022
0.114079317461270757
0.091055363256079894
0.107306116331311735
0.131887436994396812
0.104855590835515738
0.179036137183499311
0.100455062653214702
0.041920120130959269
0.135315120124365917
0.174444267365400030
0.115289366466594045
0.103841331804597564
0.123994189185877998
0.169533902597426678
0.086204696462722857
0.092932157962099221
0.144653264541942411
0.104339583279710962
0.138299097437040608
0.086884019771272913
0.054000800373813489
0.161674885709151506
0.104592326097237204
0.135322044776578831
0.132330278412806007
0.066890310213458939
0.292437829566995711
0.209798382702495928
0.110542255594246130
0.128415493232944655
0.213815004713838852
0.134719429125238849
0.227647572758085309
0.078157634880850743
0.126398082734804962
0.110558626665892862
0.180859493687792361
0.325816051012177921
0.136644526013467577
0.173637063142090708
0.092253249269878990
0.322132905770387890
0.113599274342865680
0.195682425983982222
0.048310632101352162
0.224682526644875535
0.125502901472992257
0.124625674351369176
0.183986041642463738
0.151480277156694931
0.059485318153846570
0.038202392510326838
0.013767620503895564
0.120950632202058761
0.118438068513920081
0.042932646709681506
0.163596837963162628
0.105963925492677330
0.026233401932110257
0.114704465809101097
0.035926106725573032
0.207120766388723399
0.186861144136126811
0.116298263469232388
0.203205654328041774
0.091522884671098620
0.100251278399025409
0.200815692661304390
0.126373818682115058
0.075603196825463709
0.028104504745093621
0.142079405053778696
0.400000000000000022
0.139545184533537703
0.355133370963188089
0.285905254060600911
0.157156463132917229
0.135823985127162539
0.166312549273416072
0.087743441612570708
0.206277005598754171
0.124553443408836673
0.197909272841810618
0.161500971724718667
0.093523361871872407
0.136250920063293257
0.167160317660342644
0.173193573200363798
0.135097259194108837
0.094558080916180162
0.041573399866847584
0.070133726585693792
0.160333394309432081
0.318199402124476394
0.152849040280866544
0.069563323385783873
0.208569757875925077
0.392691876288010278
0.160157351133525416
0.177837964539221433
0.342403556611840243
0.141134946652787086
0.305871777206632889
0.164153335686265889
0.298531975182690423
0.342436926010624809
0.264325486083600236
0.190334552553419689
0.163921076346564110
0.298663385225787559
0.387237659750920615
0.266556053276831739
0.206939636282991501
0.160500827610086022
0.230515304897077417
0.341986833116781297
0.121917810268161314
0.291627645259543433
0.083771506296388548
0.314852410124856819
0.400000000000000022
0.248339559722153880
0.190892721865543569
0.181448779086837070
0.138492928030893969
0.184064314785758409
0.255186903299117696
0.373846026766470718
0.311526617593526234
0.240434616951877345
0.123334886352999856
0.136332520274728003
0.152266105304976224
0.243799423879411448
0.397694010753024463
0.292806834135699134
0.164546895507271529
0.146537162098246576
0.081995385733615478
0.210437163914183767
0.163291033414334263
0.175502001595068263
0.137244787570205889
0.139140734735535315
0.206233126947705792
0.391426002083054003
0.110041699914750310
0.143356983208557248
0.177335692043037452
0.225462663525440060
0.400000000000000022
0.370519832042203068
0.147243650650583618
0.165036309531319425
0.207636159801980330
0.212879053730704065
0.205993291454327265
0.081378454395434216
0.400000000000000022
0.360176125148836235
0.222893677341140128
0.175508503776715952
0.390631196477023157
0.259167824390615698
0.137221934784589078
0.312668705351317411
0.201491094234971302
0.162826333686644925
0.400000000000000022
0.400000000000000022
0.155401265194819671
0.400000000000000022
0.213689873307229217
0.128959798553540950
0.388216202227877560
0.400000000000000022
0.327339628856260334
0.189664921219665134
0.203857622746453276
0.115155473851529064
0.054790804145026614
0.048842925499948953
0.400000000000000022
0.400000000000000022
0.311870824070743069
0.145342299653741291
0.044994517114020131
0.132269493806592781
0.197234003962402843
0.212442162676908103
0.170707672299481805
0.090126242823365996
0.133210593236242847
0.400000000000000022
0.144522687499985147
0.154057781980483227
0.126935028024506541
0.266495062970690644
0.237229275704627568
0.261595921257740782
0.207990422482495774
0.400000000000000022
0.400000000000000022
0.388076997636815246
0.220160929392372806
0.072278008260733731
0.381815753665813218
0.396786544132304075
0.286796161909976477
0.202686316910641762
0.394610168705560871
0.400000000000000022
0.340144484029867078
0.250831493548966611
0.256493388823426927
0.190663706384957748
0.288211748596312600
0.382650112414178900
0.364632744295141531
0.400000000000000022
0.202388428711105156
0.227582626500332147
0.290426458208741578
0.389694047856047776
0.233697409978184251
0.400000000000000022
0.292481867762080017
0.138062617536616028
0.072337304788113843
0.353432236116018206
0.366576826095921571
0.327360490200909460
0.228851008696490027
0.304124952919740121
0.101964670893781653
0.077767821711147211
0.381515129444861767
0.274864055034461763
0.198885715350817116
0.215009611504103776
0.162903536464581361
0.398401056546089705
0.226628702175714070
0.283459187284940906
0.332551745060133186
0.313952179682814303
0.368068094833947368
0.362017402751082962
0.312716686609941841
0.326841341667992891
0.389485008589135151
0.288493749541328448
0.259178724951593220
0.188455316425474001
0.215547288428366679
0.331180321532229482
0.335657383943311405
0.211259077913241777
0.128286995437407264
0.340001263958368827
0.349145804380674607
0.208838930746697848
0.400000000000000022
0.400000000000000022
0.326366182772130364
0.254254640039221769
0.269700820229183513
0.261742082304452062
0.376862097139342045
0.336885321808865268
0.286477187756467799
0.387564736165772472
0.300577116682169243
0.388555213950296463
0.400000000000000022
0.181556507569330811
0.083871041487121128
0.232563890299866127
0.382188543914222523
0.400000000000000022
0.400000000000000022
0.285632078992254956
0.283440254579774398
0.154492626859100091
0.400000000000000022
0.384366568176210288
0.400000000000000022
0.400000000000000022
0.392840579200809503
0.368109474693900207
0.395008194858542605
0.400000000000000022
0.400000000000000022
0.400000000000000022
0.224022051292254720
0.302956100234396730
0.275119586418303863
0.400000000000000022
0.398672245155552885
0.400000000000000022
0.348972276381789404
0.218480940454148287
0.252109304729951855
0.351858684590314885
0.400000000000000022
0.386070501628491325
0.241082126300410315
0.400000000000000022
0.400000000000000022
0.400000000000000022
0.400000000000000022
0.360631921400193955
0.252424761418789723
0.126021488733098652
0.255241480076972838
0.159845722321618255
0.357463227959605223
0.384631324413950870
0.365251082432213048
0.208827138601468815
0.275231581446998164
0.141766161207771024
0.388029516221275683
0.400000000000000022
0.400000000000000022
0.275965273692067470
0.099876119278350439
0.400000000000000022
0.400000000000000022
0.400000000000000022
0.400000000000000022
0.382148963620238147
0.400000000000000022
0.344100222405877343
0.388825691131780837
0.400000000000000022
0.362436878677084295
0.379971072496277706
0.400000000000000022
0.268324713753561650
0.270122500348300543
0.330966228877259627
0.288684897004252594
0.261451554003596931
0.293504386314337340
0.234700600072497018
0.311200748319199139
0.388079792388392741
0.363873575802529881
0.298785413682826295
0.331883780189868416
0.324216161225707011
0.204266885597189307
0.241603568592180906
0.389417731059974459
0.322316053377680378
0.400000000000000022
0.400000000000000022
0.381103152243326471
0.250519823978270217
0.191983102052023902
0.095800934444416674
0.383775077183293623
0.299845919868177435
0.319594918157369901
0.382609920638914192
0.395057443234358652
0.139988058220285760
0.146934232631280887
0.172483215919207178
0.166539418564004366
0.399456029063563478
0.400000000000000022
0.400000000000000022
0.159136922870211389
0.199963338920024658
0.245104432046893750
0.363335380802437879
0.378734124482960399
0.352846713334194595
0.261378354426554715
0.381760912103253247
0.400000000000000022
0.400000000000000022
0.400000000000000022
0.268751678970936936
0.281616235839866780
0.298183192647998807
0.396891099777236134
0.317424035971991592
0.195893104992413580
0.236503742132315370
0.212021828747755492
0.233822726634974248
0.277853327664255079
0.387443339945040433
0.181558994314976213
0.400000000000000022
0.175335131660319110
0.297088415145617790
0.286660492621855389
0.396464767353651104
0.363736778618496626
0.172961204260016266
0.255865919538410536
0.396669096158132728
0.389066712397056258
0.160085005474577657
0.211857610011436437
0.158369380543748411
0.393405081434059944
0.399422065759824974
0.268000066408486171
0.358922933433094893
0.134477663500378042
0.131848178735395727
0.220506832045918172
0.269764312513953830
0.319345405269543470
0.395622842976712130
0.316579107362764955
0.295262646408566420
0.294480599066449855
0.210706676598413384
0.333171726876191232
0.244306971623230118
0.129591408370562988
0.255101675157486885
0.237556323396758501
0.249873029323738227
0.266836665654710481
0.400000000000000022
0.313026330087619820
0.113624302870602822
0.268637991320617942
0.294170672642212860
0.335500991599183229
0.385019252443236204
0.303881387366527700
0.220257978745676319
0.261930481960852446
0.272696004253615398
0.179632771514701028
0.191925031413746922
0.338033681435858047
0.400000000000000022
0.173581631136330683
0.187235173200300475
0.296814270603665720
0.133518883103242447
0.219991396640077164
0.168109495516513580
0.209280791127541721
0.294741039196735388
0.198985345483697978
0.280351153594219638
0.203225933541375720
0.167791852637058758
0.400000000000000022
0.333271653300212023
0.199118656612706557
0.365411899345831959
0.327842953839881990
0.149572342291041049
0.331194106259572907
0.151565223365597163
0.295746056310159378
0.150418443560733195
0.199293876159597622
0.333753347371742892
0.380635001048526878
0.269187159008339671
0.316393681734779775
0.365145609008394545
0.133521537404490215
0.256054934651862076
0.092449931182267117
0.395824741173756434
0.188745839251226871
0.185270869063255794
0.308219800807149280
0.205778357027093489
0.204294511508449378
0.130929407816982174
0.112048373895254572
0.341775977803702946
0.332320911895794824
0.154400400913280722
0.288910042112216825
0.222757920023978401
0.171695873310777097
0.246006081663660670
0.235160487434348253
0.400000000000000022
0.341159567502993255
0.321545993050405987
0.393688597458783596
0.310177194420956426
0.198323349000866761
0.231519063479905529
0.221971395387877080
0.334981462091050175
0.123699029579111525
0.231367849518259727
0.400000000000000022
0.252526187951993109
0.400000000000000022
0.400000000000000022
0.230281533245674241
0.197698889525669497
0.198297702225162464
0.098679288323157810
0.350617245441205871
0.328413492280447805
0.392073418771686111
0.238046782613957952
0.127457115126982129
0.136250920063293257
0.264881838800456126
0.285502044086453799
0.286780949364390469
0.162183564111518352
0.065373450389240292
0.089373209622053848
0.371335325446554121
0.373309117635618748
0.289643026007829152
0.312957473321390900
0.294749902539082342
0.369796400473362319
0.358249992597956424
0.281309605085408587
0.297904353378518005
0.319457601695555704
0.270678026772495695
0.223231326516225959
0.293762266092222057
0.295654376567091204
0.288352027442833059
0.284184483967651558
0.202461879356322094
0.291506381214741206
0.284853532186135183
0.303056930380453116
0.300095027717725282
0.205614360047699729
0.263692766278918023
0.373069416451489277
0.284788769288133403
0.357770851663562539
0.293663900260969668
0.238905823625667368
0.407418181940329527
0.301958930621937682
0.338636477928451529
0.352177350687820356
0.256001190800682565
0.313098930444836832
0.351872111745813398
0.298466341129571266
0.280308597428965245
0.267585675209459695
0.285305211558965210
0.251582341828081202
0.245117228411839500
0.297398368190690876
0.307217413353249813
0.370967409047161800
0.312578465435035091
0.263318686334286733
0.229394689793530421
0.238333714961122461
0.327268343341022672
0.314831207084997622
0.321014958957102137
0.316030442117233301
0.276859139684336064
0.343147915655054092
0.297592905744283986
0.279955958176324959
0.342426678369829651
0.343778864743378376
0.334450114113105212
0.239531295970136060
0.276183808577320278
0.334271764429872498
0.327988754652529579
0.341386184030800011
0.284751693694683006
0.305856800175074772
0.334420151439610902
0.322266192561512343
0.331632726753568974
0.317488045417788689
0.305181315304665579
0.328475152878544729
0.321433261613680799
0.351166722839033607
0.316638609890335598
0.367135465853738796
0.431587450364692149
0.248481508864375672
0.354549355295835644
0.363643862205109414
0.282979780190243946
0.358488580101933629
0.374925041945586290
0.298629099574029111
0.290127465125050110
0.290896231207976863
0.317783614079974575
0.293020214609413021
0.221216374094418966
0.270081442605744459
0.327513106330466763
0.358748594151672540
0.349894091791961181
0.334994806695404879
0.210689268897344378
0.195035651444279035
0.343173447391593334
0.353475449017834786
0.302758776157087295
0.337463653807000163
0.326373033500772625
0.354386122692305405
0.297765202462239087
0.264742619916313981
0.286004730634324245
0.325473094286936715
0.358775974401984887
0.353237357545010344
0.285655927998562376
0.326619245590182683
0.314502559473132770
0.346004040048931150
0.277344285726800255
0.366734846006518511
0.343133864568139602
0.343353389545299759
0.330322803900039430
0.290911945775999936
0.307003269883546814
0.356047090180402093
0.312288719462808673
0.368448498547819359
0.295078199186170675
0.238912551877239587
0.386490505786208860
0.271566831027264532
0.321864442781173488
0.353625460904334887
0.263693214290079303
0.240288336260992386
0.271656841374271818
0.284099687505117993
0.296505575820628087
0.295639877674035378
0.322881442404187757
0.293678854995981564
0.240070547304708698
0.265317424518536793
0.338678567281837539
0.358001517892052923
0.313292712941592832
0.295096045394235618
0.254998123672641130
0.246172109806420680
0.329402913669132047
0.289072918897568309
0.306464161984694838
0.328023790992819197
0.307885472406880634
0.374906016342519355
0.262613037847965303
0.223271371251247575
0.323004356496086609
0.330046810305504534
0.339860258851258257
0.324778174348808568
0.227660612441779653
0.325047571092590748
0.362340110944925853
0.372346362876669668
0.346694636714758420
0.386629032619046742
0.322601057068821473
0.388201063278492631
0.374557030395649415
0.349467774140506338
0.418987644976753337
0.371419366004281215
0.353522200980707579
0.391802604985634795
0.326088667799218301
0.368903607236791498
0.431595622286056579
0.231874972684154024
0.371494656052175853
0.347968014364892553
0.284323176039429304
0.369260024446391666
0.293378268062287950
0.243032702078549462
0.310438678644170130
0.304981116387816276
0.351940350798484625
0.336253195064873667
0.257604644228289548
0.265491335359164082
0.350542063707353690
0.395486891695023157
0.340959979492448551
0.335936634561776359
0.234730324608574126
0.222434575507522159
