0.159150018770987389
0.257360594892255046
0.400000000000000022
0.400000000000000022
0.400000000000000022
0.400000000000000022
0.006471445484233390
0.230633137766568574
0.400000000000000022
0.400000000000000022
0.400000000000000022
0.400000000000000022
0.377286998334603496
0.350328035035002316
0.375587751098335310
0.379396908948918088
0.310776526468946435
0.098653626840699782
0.219530748686707688
0.375482169353017703
0.381208020920288826
0.333501485711460322
0.130925669701735053
0.036093752592247466
0.066060165981604552
0.153163097341498827
0.222022547400593934
0.164673467640167215
0.076874339253472562
0.108964287272325433
0.400000000000000022
0.312248049503077052
0.051761553029683181
0.062031994908957944
0.017629121106894748
0.028361882309441859
0.245194099837595325
0.200190557314406770
0.047319314919938391
0.033511065369063231
0.019455748179930239
0.032665736932144564
0.191241839798616642
0.210240986645859024
0.079645423143343302
0.044792090760404239
0.025397003341397020
0.007937103710992462
0.350238268910318284
0.288263434799547469
0.149653372060667200
0.067176032050580745
0.042592800971872367
0.040650238919691641
0.022458986254801638
0.106771672217652616
0.126099667036270235
0.063683770140233964
0.060970285242858198
0.145705013119077020
0.169994944464695541
0.270898523932642910
0.272668386717021982
0.294273979022516730
0.289955549746278629
0.209657432335033173
0.169904121091999372
0.391169288642462476
0.362200184694902672
0.179691751555506457
0.150215127030773637
0.093409043210431295
0.080562295889355040
0.123029332877365671
0.144950623226871189
0.028791017727215224
0.011511487856617188
0.033194963929640366
0.086864566764530804
0.042580577661145799
0.120476400731760164
0.060474614793011791
0.003720171445695092
0.000000000000000000
0.044006902015623864
0.084251698025966826
0.091627608055045315
0.068967011525211452
0.012037393243912732
0.000000000000000000
0.115532385499844154
0.044604264672477599
0.169836434428603633
0.020994572180261715
0.010442812157418472
0.006715742329536368
0.096146278940555566
0.046062268854013322
0.015033575476171752
0.024953349111322479
0.007699426423576863
0.003595945059035652
0.018469256501752782
0.003838491612769298
0.010086527485421801
0.018074427102047843
0.006962144751298421
0.014973231149797341
0.042412420323769726
0.047486927100799881
0.073115177858813052
0.064390439899585178
0.094156406287861427
0.215359746646734601
0.093233275113790620
0.117780952242005271
0.109876720188299457
0.014510975541782878
0.083145330045617971
0.068385888238802123
0.043549232046636729
0.038923475618771221
0.098809437663283109
0.015501064271918599
0.024847961234214413
0.048202999929806853
0.044967642905314666
0.012154561412477453
0.069230843799446717
0.032975280750525346
0.009541768195345796
0.002349952396459738
0.033888979726530322
0.009699014042001707
0.026919872194788884
0.016875367538914526
0.034818436862672782
0.000000000000000000
0.005472252941418526
0.041867877899587985
0.097092333888033525
0.010093354691936039
0.033576478919062187
0.018340326402860936
0.033751738036149920
0.018243796540890079
0.017322111360449109
0.013349167394989982
0.000011695341550295
0.007374496645859444
0.015890503922587222
0.030645571348425750
0.040476537205967680
0.010503840459209777
0.003417999363772158
0.023649807509971470
0.007317669467116400
0.012951893998107694
0.053225919418455211
0.041648365625049845
0.020690024263142995
0.097955736537660765
0.028080080045265202
0.052417315645146706
0.075428885777195392
0.011586075721723803
0.002739159057996935
0.013746850225746420
0.006000187272975521
0.062300437725671384
0.119974681200714348
0.001111765361223721
0.006001575825803440
0.019027303805285844
0.019348329006830901
0.017553930883998523
0.053254902088228501
0.022002625905422186
0.003365996499606303
0.011320538539914219
0.031480505320402703
0.029424229634750741
0.047658188378110283
0.043401646843609740
0.002697375444685509
0.019516133922584972
0.024642968255465244
0.023301820260131445
0.052985167329838677
0.012580487538453020
0.015257833359494910
0.000000000000000000
0.063171412340890354
0.003008921873923156
0.002817260177426433
0.005857446434257119
0.000000000000000000
0.000000000000000000
0.037149124262551299
0.001469330328730110
0.003577782597583995
0.000635191103313971
0.000000000000000000
0.008693576414672208
0.011177323860488007
0.017321799591066774
0.026198365972449230
0.010903239110230008
0.009044679051008021
0.080541711210063011
0.033111103061660437
0.044286188984395916
0.011007915320735352
0.015176023318538371
0.007752528505566075
0.029186918732512543
0.025897672291176552
0.019682801319786135
0.012261627850470764
0.002819346944862302
0.025702207684099084
0.050905568139301464
0.000577150376220052
0.057531998784469018
0.139337019804745638
0.018494376376874851
0.014830439800251999
0.041563413663400155
0.011749444812130545
0.032386769978548245
0.086193459062903058
0.025711541810928017
0.005173254498493762
0.021092615193364202
0.011667074305773881
0.105772572126551792
0.050145277121998122
0.015297511597136507
0.023734841517663235
0.001076660861208752
0.036572827786825204
0.001803402968732472
0.002138150141269828
0.006227669860928263
0.000320129934125276
0.000000000000000000
0.055639170173241312
0.006966617096595393
0.003180848486265799
0.000000000000000000
0.000000000000000000
0.000000000000000000
0.008859975594441251
0.017523823432248953
0.009351128672885295
0.000000000000000000
0.001358779458135079
0.026393080336718455
0.021420567775149599
0.030359116093723756
0.016575964499541629
0.000000000000000000
0.003472350165689097
0.016027147118136575
0.032901683225154577
0.022700201281155678
0.018050101368217740
0.000000000000000000
0.007566327440690168
0.052057854511250966
0.004030020268082014
0.014941900321519395
0.049302646823233362
0.019868256344442805
0.004072576549310013
0.017697991256273082
0.008935466616456972
0.040625218479745213
0.081697096157908627
0.061021193999696244
0.002814418896854739
0.005279936451665499
0.000379893659285585
0.262503778912084207
0.096387076969659147
0.044690338521127720
0.044255531397341619
0.009111243989205698
0.026860572837987026
0.015429163659907385
0.004285910839784740
0.000000000000000000
0.000000000000000000
0.000738852624871258
0.057253438500765884
0.001442828697064588
0.000238424121393579
0.004223091714157017
0.004503199183656289
0.004345111639795370
0.005460210615124964
0.001791275904144018
0.002830696299170533
0.015671438385568393
0.013577980492653064
0.026774673929846365
0.037334307998230870
0.050882879593880839
0.057323859355545695
0.003533129890388025
0.000184722012910988
0.015772424905861830
0.101566299639024527
0.047694359203514891
0.034195270250379162
0.002001361229589708
0.013235697642213131
0.036552567020322634
0.012059017712172902
0.008506321345592538
0.031848053206703600
0.019545665475500636
0.004578851780500420
0.010616002808262538
0.000869131525614076
0.018992501465425447
0.123238846286606279
0.119633064550471235
0.006690879841882687
0.026942427196277742
0.018294996873845788
0.181349997592822887
0.168515540945669035
0.117185722787006369
0.058961001862733085
0.003042277729374846
0.156261179811698014
0.122995077772401457
0.022478370994703512
0.035642050708857329
0.002878329198674475
0.007719230186439392
0.228055247100004355
0.132508060304031672
0.021956619999036545
0.006915415893589042
0.008683777981166083
0.007255673277690375
0.038991001883483277
0.048034401132352904
0.009519734113546346
0.018216862876322244
0.016897662812383907
0.046905989589998545
0.059520575363968889
0.203260690935881505
0.110314950234193312
0.027485813951801122
0.026669984855617768
0.045556944507729666
0.223588601034669682
0.400000000000000022
0.187040954879070770
0.034999637912568521
0.066754890393637828
0.112231951460897220
0.020668679623264800
0.039938127935009414
0.032726862759065486
0.007091230961708011
0.036532808803929138
0.053169459729978982
0.011257597278841572
0.077490747989584483
0.095588116158971892
0.061200254822086748
0.004194595140763226
0.013928717428939398
0.037999078819281121
0.283935333338951268
0.318246858101239871
0.125846336544113646
0.024469677749099222
0.013403195953376894
0.204196191965417911
0.262472967430361914
0.050921579211747496
0.061006898487571501
0.128666005087071961
0.391496519411983435
0.400000000000000022
0.397702735770999904
0.388008311761233127
0.226913179014805955
0.050745865213862928
0.012785398950122035
0.064997719318663924
0.057638032340446350
0.130989547760121283
0.127795897124356295
0.026228931670690014
0.028341055545534625
0.042616030497920371
0.135380945711986778
0.231219306194587859
0.076471601295402439
0.020597607663090295
0.051800492396175318
0.316827363358371583
0.400000000000000022
0.400000000000000022
0.169418798143868954
0.040677753340245315
0.022615834759560589
0.143249093163701213
0.175477224897385431
0.286580440390217461
0.058320609749745643
0.020765262160267341
0.056904171757535607
0.124119621652607731
0.178157679868184204
0.074693252200751223
0.070287970894302748
0.005745164870087047
0.040991633664133796
0.322275306410623186
0.337240272657111650
0.168604487409208470
0.079556061154403127
0.004298579989688299
0.020237639427701362
0.039320803928092937
0.261358728272266694
0.400000000000000022
0.400000000000000022
0.400000000000000022
0.400000000000000022
0.173996760712467474
0.175578349097179870
0.111098407870331983
0.261953037103883957
0.189275653716519887
0.069955071515693593
0.063432486198480284
0.114321569863386679
0.074412750496523128
0.062514050496456405
0.065933177079550306
0.076479594883231999
0.060318130923993914
0.103201240897344865
0.221449765054349518
0.244632870242059153
0.052696240723729706
0.149095682610687563
0.289723100530035582
0.400000000000000022
0.400000000000000022
0.400000000000000022
0.113557558204200604
0.152121081818215848
0.277261800874699815
0.339075877588752572
0.400000000000000022
0.400000000000000022
0.106113803218785496
0.175452383752191327
0.400000000000000022
0.280158104242233752
0.121877404256475835
0.073951990317209226
0.007489834879829825
0.018191035243254147
0.400000000000000022
0.400000000000000022
0.092687836344941724
0.024570148581302451
0.000813602254166985
0.000000000000000000
0.110705723778164955
0.385246787893672726
0.400000000000000022
0.146358431283596657
0.107724904891916357
0.074883720850388080
0.083739065145499392
0.068808398592796055
0.008924764414124833
0.045950627572973649
0.083259430164703108
0.168743915965318014
0.021852363842590955
0.060768987952914563
0.018637768352743066
0.033772380100102861
0.041054033907351052
0.100323751727406874
0.032368031703197409
0.035900794131116590
0.039368898787904186
0.069007507196895843
0.028849940366412176
0.139435312620164259
0.083173009531138320
0.085738398878738561
0.031738172738673902
0.205104775870441181
0.061724806768936373
0.137826891073799945
0.099218229842712669
0.108004896433372119
0.012082310411555752
0.262497620905526197
0.186540220266524615
0.376213691630038038
0.142364103266586106
0.253818960562267160
0.056513960447384187
0.056196668448797275
0.028356066924572973
0.057804484309147919
0.305739753689606819
0.331000247359548527
0.018185274208034133
0.018335664715904268
0.005204357289861715
0.084254600016749212
0.086159247718460369
0.216016178087320959
0.039622471778215838
0.028072627212476924
0.006173193636197922
0.003686677186613515
0.039821298511069525
0.043612593744446454
0.017486344549164416
0.007482702584401369
0.021886949541967744
0.217820122504560371
0.003508425059059547
0.022455960299419115
0.031153800215051080
0.010011461408575412
0.400000000000000022
0.400000000000000022
0.023563913132548787
0.030640283289391092
0.016938570199315672
0.044868998968564625
0.400000000000000022
0.231979079246568715
0.040083854152582782
0.048002571243520878
0.006066174442537603
0.085447378475148703
0.156712628479055871
0.158259083026661196
0.019833391091711415
0.035036074269339815
0.021738467331822678
0.115853287654012885
0.218121814137210823
0.400000000000000022
0.056234901887250326
0.175012450561663313
0.062096877573469995
0.034327559539135501
0.030076164769769292
0.148436172294157981
0.134957264192965221
0.146246875920469033
0.032324568128370292
0.018496430553311464
0.089935261266813116
0.250335764159556884
0.234894428544915129
0.020097927845235536
0.002779637140754466
0.011383318620580032
0.000000000000000000
0.001402539101150226
0.163699521375457457
0.013991402791523151
0.000000000000000000
0.000000000000000000
0.001619538221110744
0.077735596172151755
0.007794074018287692
0.007594054873333825
0.000000000000000000
0.024460369327486606
0.227540165292860974
0.084346686952332897
0.035405989232714846
0.059971422140197947
0.033452372493642510
0.290018252043962699
0.400000000000000022
0.119494586403277120
0.004376487373106755
0.059389326735100695
0.030561789572886407
0.106918568906785499
0.161655129932552127
0.044451103523173906
0.010521414946632258
0.100108685945535014
0.020720156564014450
0.117523328312412925
0.189067977953608635
0.400000000000000022
0.021491429931534051
0.105626324120197304
0.035515188967283361
0.127462175736632294
0.143402363851097558
0.262571111666246026
0.028015847450835560
0.049195727773494555
0.027688425697616093
0.054373763327939598
0.099174532928849660
0.198100710756904885
0.036611850655053318
0.241483123226309465
0.009233884075117351
0.000000000000000000
0.000000000000000000
0.000000000000000000
0.037898153751532646
0.057227037377730702
0.003880795331839804
0.000000000000000000
0.000000000000000000
0.043904975633359024
0.005771567473966223
0.004998280943032492
0.006281295080089452
0.006589534844906436
0.031983714927452250
0.011725960370244492
0.032371636893354733
0.165531765977690648
0.076308310979243107
0.288450461882837073
0.363783724259102825
0.117165250276726474
0.050335617165524343
0.195887993724650211
0.076752519734000171
0.378026601846449872
0.400000000000000022
0.041762030937291403
0.006771668590435061
0.161407754883508142
0.020589834527832793
0.322644219543873512
0.400000000000000022
0.228997847203335353
0.009607334572528596
0.018442218940217484
0.057064426925507075
0.400000000000000022
0.400000000000000022
0.400000000000000022
0.024466883558422116
0.024374569849424293
0.058947115523065363
0.195692912187677148
0.381828831021693849
0.372615554872773425
0.112939134228430854
0.379095989856370497
0.031461258208608962
0.000484770331080569
0.010937611797450703
0.003267642798724133
0.129512515833034386
0.156537884004923245
0.012957768257853500
0.002061527066467984
0.038700940739579248
0.057601542416114711
0.004596822272839677
0.004586319205205034
0.000739988360601089
0.000221254908325602
0.020777869721762168
0.024033012213621932
0.043219412224060401
0.143927551096506734
0.077133479230268365
0.117744975712613942
0.165844999907603541
0.186661024634826755
0.027011101585410001
0.210837183912500448
0.098430649100192752
0.400000000000000022
0.400000000000000022
0.144139499040403241
0.022635339488019046
0.390067356557532774
0.034200776254582010
0.313776007817328617
0.400000000000000022
0.072239020179922259
0.038357036465658148
0.373655659297119747
0.060036888222299037
0.306090170251549443
0.400000000000000022
0.274301582218681672
0.026250765664759080
0.023951478336089443
0.042927212386660772
0.399427737960941442
0.400000000000000022
0.178038989331265940
0.084433043418537038
0.047712141266859007
0.012929233669280140
0.008788988719979419
0.022840915572729506
0.020493218047210285
0.137827669298317856
0.050238222985864181
0.008693628687125188
0.005025461409197832
0.065395767567986540
0.060458484650930011
0.009116766582664216
0.032894748036520122
0.021558335521044376
0.012703432070272131
0.015964881070168337
0.013987421133807859
0.022039230709453919
0.052656554818550340
0.031387916979352878
0.072559821013466308
0.065832026738010446
0.127587268885127558
0.018531222551100374
0.020990321963857153
0.004196338003282072
0.035594719170750772
0.062346595109778302
0.214610739507361425
0.033120300544170561
0.151274756615482536
0.014961700056099177
0.075281125437332938
0.101080122959511229
0.079056163739293098
0.011996943456603454
0.148497842776245004
0.263678027018774352
0.124144647022026627
0.142199152338669893
0.092080490688712380
0.011923442760296821
0.063599954358810815
0.172582190636156846
0.323280534474027714
0.308258824161399880
0.166457540704609108
0.084450736957536812
0.056030201778798153
0.013983633856782859
0.007992563430741593
0.016615395665159488
0.012882931290417539
0.270076787087788039
0.136909691228219665
0.012609221650538136
0.013357045445035468
0.051305118988708251
0.055275333167512312
0.090774115241462477
0.024827384535673715
0.034410597911523087
0.068195421266422057
0.036819679877164203
0.036091612223847672
0.123098872921162714
0.108709658844228285
0.040709412303139569
0.077614630636012066
0.047004083600856519
0.078791908758053406
0.083341403829774896
0.400000000000000022
0.070084301046354880
0.066876009642620263
0.086349943551554870
0.192259256824613811
0.040598218015729132
0.095443508200159968
0.034791614140144353
0.116117957389164889
0.059889755839180422
0.015222175807397674
0.025598221950814862
0.234039262170857104
0.386987036167022069
0.142950203139629389
0.104256471201414333
0.044432634331190379
0.012324453906711778
0.013504110530624992
0.228988449149526568
0.392550743508857325
0.149898628014029395
0.195614977677120327
0.228268406505881705
0.120737587029462634
0.108909546452285691
0.083938608812778814
0.092679124501234861
0.063805375266288294
0.223276220787397339
0.400000000000000022
0.157557139986308492
0.120525979031305575
0.254574954109211438
0.254646402240816416
0.299369449037623026
0.315498605424326006
0.325009332770447745
0.272243747964638572
0.147781339941908202
0.068809273973658852
0.197800371420850968
0.171121998797201497
0.239742844433039198
0.309168370413104410
0.087032381430101502
0.096111928753656622
0.087930744145048964
0.074968472898086030
0.096333265631653592
0.260546680666972952
0.072726565384644573
0.281368079308515928
0.221209508106093744
0.167293281378994130
0.065371756651410373
0.128162534263160460
0.018424946826022519
0.015515097886225073
0.049594907174687682
0.370442503830402781
0.227578797360825758
0.085607257991196173
0.047465616611105640
0.028823429331583890
0.088258655559353194
0.112199093977195574
0.069496693259199896
0.021938029290055262
0.041527496454872144
0.086267864291743851
0.198470822699080340
0.395987048207363856
0.400000000000000022
0.400000000000000022
0.400000000000000022
0.400000000000000022
0.180468206196700842
0.376207611153977384
0.400000000000000022
0.400000000000000022
0.400000000000000022
0.400000000000000022
0.391709534674484661
0.388171537762049601
0.397670375975510138
0.399246908660252364
0.367888278740476804
0.175133221723931781
0.279848879610701595
0.399084055222057144
0.400000000000000022
0.400000000000000022
0.183621910425464774
0.185189435202935015
0.351078632205272467
0.400000000000000022
0.400000000000000022
0.400000000000000022
0.190431897457673138
0.261085369090541253
0.400000000000000022
0.400000000000000022
0.400000000000000022
0.400000000000000022
0.123742924325680251
0.203814266061633165
0.400000000000000022
0.400000000000000022
0.169196719176414212
0.107463055686272457
0.026945583059760064
0.050856772175398718
0.400000000000000022
0.400000000000000022
0.172333259488284984
0.069362239341706683
0.026210605595564002
0.007937103710992462
0.390394064498266413
0.400000000000000022
0.400000000000000022
0.213534463334177360
0.150317705863788703
0.115533959770079714
0.106198051400301030
0.175580070810448630
0.135024431450395110
0.109634397713207626
0.144229715407561299
0.310375709680820511
0.191847308307286496
0.310549622941481696
0.291306155069765038
0.319723492423264033
0.331009583653629647
0.309981184062440074
0.202272152795196808
0.398157003616296024
0.379939010905120611
0.248699258752402286
0.179065067397185806
0.232844355830595567
0.163735305420493360
0.208767731756104219
0.176688795965545098
0.233895793597656443
0.073236294625553575
0.171021855003440304
0.186082796607243472
0.150585474094517890
0.132558711143315910
0.322972235698537946
0.190260391712219673
0.376213691630038038
0.186371005282209956
0.338070658588233985
0.148141568502429488
0.125163679974008735
0.040393460168485704
0.057804484309147919
0.393223563775117413
0.364732772711556963
0.188021708636637752
0.039330236896165979
0.015647169447280188
0.090970342346285593
0.182305526659015948
0.262078446941334309
0.054656047254387587
0.053025976323799406
0.013872620059774788
0.007282622245649168
0.058290555012822300
0.047451085357215747
0.027572872034586214
0.025557129686449215
0.028849094293266167
0.232793353654357715
0.045920845382829270
0.069942887400219006
0.104268978073864149
0.074401901308160587
0.400000000000000022
0.400000000000000022
0.116797188246339403
0.148421235531396384
0.126815290387615104
0.059379974510347502
0.400000000000000022
0.281355672908214671
0.083633086199219525
0.086926046862292106
0.104875612105820720
0.100948442747067296
0.181560589713270271
0.206462082956468007
0.064801033997026081
0.047190635681817278
0.090969311131269381
0.148828568404538231
0.227663582332556624
0.400000000000000022
0.090123881613780640
0.184711464603665027
0.089016749768258879
0.051202927078050020
0.064894601632442081
0.148436172294157981
0.140429517134383730
0.188114753820057018
0.129416902016403823
0.028589785245247499
0.123511740185875296
0.261313613983500559
0.268646166581065049
0.038341724386125618
0.020101748501203574
0.024732486015570015
0.000011695341550295
0.008777035747009670
0.179590025298044687
0.044636974139948910
0.040476537205967680
0.010503840459209777
0.005037537584882902
0.101385403682123232
0.015111743485404092
0.020545948871441518
0.053225919418455211
0.066108734952536455
0.248230189556003983
0.182302423489993676
0.063486069277980048
0.112388737785344653
0.108881258270837902
0.301604327765686464
0.400000000000000022
0.133241436629023519
0.010376674646082277
0.121689764460772065
0.150536470773600717
0.108030334268009204
0.167656705758355562
0.063478407328459746
0.029869743953463163
0.117662616829533537
0.073975058652242950
0.139525954217835091
0.192433974453214945
0.400000000000000022
0.052971935251936747
0.135050553754948038
0.083173377345393651
0.170863822580242020
0.146099739295783071
0.282087245588831026
0.052658815706300800
0.072497548033625986
0.080673593027454776
0.066954250866392617
0.114432366288344564
0.198100710756904885
0.099783262995943686
0.244492045100232591
0.012051144252543784
0.005857446434257119
0.000000000000000000
0.000000000000000000
0.075047278014083951
0.058696367706460813
0.007458577929423798
0.000635191103313971
0.000000000000000000
0.052598552048031239
0.016948891334454225
0.022320080534099264
0.032479661052538689
0.017492773955136442
0.041028393978460281
0.092267671580307506
0.065482739955015176
0.209817954962086550
0.087316226299978456
0.303626485201375473
0.369065504485582674
0.146352169009239003
0.076233289456700895
0.215570795044436325
0.089014147584470946
0.380048899268511653
0.400000000000000022
0.092667599076592874
0.007348818966655112
0.218939753667977161
0.159926854332578472
0.336374845162000446
0.400000000000000022
0.270561260866735542
0.021356779384659144
0.050828988918765729
0.143257885988410133
0.400000000000000022
0.400000000000000022
0.400000000000000022
0.036133957864196001
0.130147141975976099
0.109092392645063513
0.210990423784813697
0.392169430732863811
0.372999385963349361
0.149511962015256017
0.379846834855982252
0.033599408349878790
0.006712440192008833
0.011257741731575980
0.003267642798724133
0.185151686006275740
0.163504501101518651
0.016138616744119302
0.002061527066467984
0.038700940739579248
0.057601542416114711
0.013456797867280925
0.022110142637453988
0.010091117033486384
0.000221254908325602
0.022136649179897251
0.050426092550340383
0.064639979999209993
0.174286667190230504
0.093709443729809980
0.117744975712613942
0.169317350073292600
0.202688171752963303
0.059912784810564571
0.233537385193656105
0.116480750468410499
0.400000000000000022
0.400000000000000022
0.196197353551654186
0.026665359756101063
0.396568890877941560
0.083503423077815372
0.331182024618374871
0.400000000000000022
0.089937011436195341
0.047292503082115120
0.390854029717659479
0.141733984380207650
0.367111364251245686
0.400000000000000022
0.279581518670347196
0.026630659324044667
0.286455257248173722
0.139314289356319926
0.400000000000000022
0.400000000000000022
0.187150233320471648
0.111293616256524064
0.063141304926766395
0.017215144509064875
0.008788988719979419
0.022840915572729506
0.021232070672081538
0.195081107799083747
0.051681051682928775
0.008932052808518769
0.009248553123354847
0.069898966751642838
0.064803596290725393
0.014576977197789179
0.034686023940664140
0.024389031820214908
0.028374870455840528
0.029542861562821401
0.040762095063654226
0.059373538707684789
0.103539434412431186
0.088711776334898573
0.076092950903854331
0.066016748750921436
0.143359693790989395
0.120097522190124900
0.068684681167372058
0.038391608253661239
0.037596080400340480
0.075582292751991423
0.251163306527684038
0.045179318256343463
0.159781077961075074
0.046809753262802782
0.094826790912833553
0.105658974740011652
0.089672166547555637
0.012866074982217529
0.167490344241670447
0.373428534407346857
0.243777711572497835
0.148890032180552606
0.119022917884990115
0.030218439634142610
0.244949951951633715
0.327453052110585618
0.381787501299554299
0.357105817971770378
0.169499818433983956
0.240711916769234868
0.179025279551199595
0.036462004851486367
0.043634614139598918
0.019493724863833967
0.020602161476856930
0.399780823401543084
0.269417751532251282
0.034565841649574679
0.020272461338624512
0.059988896969874334
0.062531006445202680
0.129765117124945734
0.072861785668026618
0.043930332025069435
0.086412284142744308
0.053717342689548114
0.082997601813846217
0.182619448285131575
0.311970349780109846
0.151024362537332868
0.105100444587813188
0.073674068456474284
0.124348853265783071
0.306930004864444606
0.400000000000000022
0.257125255925425678
0.101875647555188797
0.153104833945192698
0.304491208285511017
0.061266897638993935
0.135381636135169375
0.067518476899209839
0.123209188350872897
0.096422564643109582
0.068391635537376663
0.036855819229656431
0.311530010160441684
0.400000000000000022
0.204150457961716131
0.108451066342177549
0.058361351760129770
0.050323532725992895
0.297439443869576214
0.400000000000000022
0.400000000000000022
0.174368305763128617
0.209018173630497184
0.384809073179202876
0.353062714234982034
0.159831125664033180
0.144945507300350329
0.221345129588306821
0.400000000000000022
0.400000000000000022
0.400000000000000022
0.400000000000000022
0.332520800250431736
0.305320819323074422
0.267431801190938512
0.340344697216711622
0.334799642340993853
0.371710782561510744
0.359953331131630638
0.174010271612598216
0.097150329519193487
0.240416401918771394
0.306502944509188247
0.400000000000000022
0.375162315697457616
0.107629989093191811
0.147912421149831941
0.381788425689470967
0.400000000000000022
0.400000000000000022
0.399408580674587121
0.113404318724889888
0.303983914068076511
0.356569087891795922
0.336161259636516885
0.335686613940798462
0.186483144012906110
0.039190208986289859
0.072419269643760678
0.173714528827295406
0.400000000000000022
0.302272049561576939
0.155895228885498949
0.053210781481192682
0.069815062995717672
0.389633369890441339
0.399196702343935894
0.238101180668408408
0.101494090444458396
0.045826076444560444
0.106505503719445213
0.198213314833556309
0.250344700061179426
0.191611142791157985
0.151306150622118107
0.147664665285539981
0.172199579750760973
0.242499027830651998
0.245827796508746255
0.173087786451906450
0.165241150965340922
0.170715401276151868
0.238037352283431036
0.191158887912141418
0.199776793446087148
0.207294594793702047
0.182489488432084374
0.217486134260303388
0.229507408413973713
0.153072043482122666
0.218399242597672461
0.229731303484539795
0.247985967261968809
0.272570551979296916
0.301886406664829576
0.191279065826931716
0.319190914045300422
0.252556292519681480
0.298650372611784010
0.249010000660169484
0.267110504199501830
0.195469338222697714
0.314130751640409434
0.212048453149269900
0.281181178101512830
0.225249766234803334
0.254186495386520550
0.155913632498816790
0.328057973183530527
0.242808242422258708
0.201141653877882381
0.165902605926340013
0.208496147824480171
0.223292110058240373
0.281746944834302238
0.186568252219741132
0.212755634869228771
0.192423500282707410
0.139920272343246943
0.258868358767424034
0.321940808585047034
0.194868286377843591
0.149328789361399733
0.142723588255435463
0.166217467921932871
0.283303527359929308
0.266912811784993209
0.167974230149044335
0.158615385913961127
0.166779136924068261
0.207955429161832461
0.142441584920550007
0.222716503978068470
0.213343257853608942
0.212700861750049597
0.233773387287217471
0.187540575043653818
0.121430978080556695
0.261396505048382799
0.221917244039004952
0.243688341467762637
0.236135589768669746
0.182328963219989093
0.160780359428163572
0.323926222767006777
0.239107835594279700
0.279599855071244463
0.200000968203875362
0.200715673666831740
0.154704516142748022
0.264060603092645785
0.183404646622461670
0.300867544704021828
0.211234989468877643
0.216266312707432268
0.138591893418210071
0.264406017052419673
0.197766141484080560
0.220262615118554744
0.156738367592945377
0.144436105598701181
0.201344528482774732
0.310012121742282376
0.183006253601383645
0.191153071694636800
0.180952375299763685
0.149798229088191487
0.275864615587864126
0.309833526723583386
0.198926552903825854
0.155413581861471750
0.147529280357821591
0.170591488147893933
0.207781052597728305
0.200841181832633497
0.139215858497610340
0.119168368629788829
0.127548681295996558
0.167568122722903251
0.112048760076759360
0.113637767132494460
0.139675877447867636
0.146635295523448311
0.194026241580520203
0.190850967610971950
0.200668062784489121
0.276014409647789838
0.271776687477636281
0.240239468358923181
0.219711509754260431
0.156908684391607822
0.219395738428271148
0.315682140393245325
0.240180371490729655
0.268122050061687378
0.211703279270620354
0.252202193997455915
0.180346320116150094
0.231991137545788151
0.150547096560316784
0.226473766711720204
0.225440162077510581
0.248681597211442784
0.167915577352599099
0.354167563438041788
0.257050328240705672
0.218453633416488435
0.172085351459600938
0.195231865407857641
0.215812557920424863
0.360905218045754372
0.302679448595958911
0.241587447148483486
0.226474543011790125
0.281359652700048424
0.277797472036220017
0.411128348444572023
0.208228913779127917
0.157352206402532530
0.146212841967566315
0.166035032594432641
0.256938648852449769
0.236233596442373711
0.145191101843671289
0.116670810855898852
0.120106366428092720
0.151780215264655377
0.135452303944573776
0.129448317408683788
0.130612807722933683
0.138408694779623698
0.189347453807435118
0.168204753676138768
0.125833934045280399
0.315531579931750183
0.281433338820928913
0.293863344949656047
0.231704354474726482
0.120800474764200777
0.174045099928142016
0.343824102079443583
0.235217729662377834
0.265109347017593144
0.182264665528483583
0.152321414738015470
0.159107088158803478
0.240400706329776115
0.141760778270106941
0.206241781710800404
0.183896617756411002
0.216443648954372264
0.134723256929851321
0.293580242117541801
0.219853735323861571
0.232863674499011214
0.163759577784890586
0.152835088776061667
0.188952169320385166
0.298850372164037092
0.244754037888903708
0.259451576680359342
0.209560018849123370
0.188606606478655209
