0.074037023268738941
0.235035991308500003
0.040215164897722797
0.001744811636762326
0.007831500618799832
0.008198846335607463
0.139665746659721979
0.152913688333848830
0.040905466172394413
0.002003586495271876
0.006402432878688617
0.011938174174345572
0.104331958691388463
0.028924691759130625
0.013745987967325148
0.005360293940333379
0.017189619312718063
0.007309001698178650
0.006133082926136076
0.031784662527743403
0.343409692742074668
0.309271503303510886
0.008745708383897776
0.003786410768743235
0.001898620794142241
0.025256691539812054
0.135061136700453527
0.186171609842171237
0.020253840842214849
0.005169393991667563
0.030183737394598415
0.068657954582470274
0.010967684796568780
0.017918839384374177
0.017261842159096090
0.002846854253220879
0.066136058524300559
0.127250567974137502
0.039349752487691354
0.012885159312362709
0.025062316827519616
0.006068590646446284
0.231384271698918675
0.400000000000000022
0.400000000000000022
0.182327466677495720
0.008237347094674972
0.003855077179398593
0.059351801371849901
0.056871668726200406
0.016813926588818858
0.000908076673535479
0.001059717154177165
0.003100222084885295
0.055415505145396574
0.036700828585479871
0.031996474856413368
0.004467942393247951
0.006622370326973201
0.006828620193783032
0.046367305370026160
0.033098315871569077
0.014643608176258557
0.001634266587624465
0.014311955655373984
0.005560706304921352
0.008186594756836538
0.034314761989492723
0.324841596300224578
0.113910582677007780
0.011055663903861980
0.001581759250291946
0.006014343149967316
0.035095085230588852
0.205281172336961720
0.118267112472683594
0.017513448579422289
0.008217953727818273
0.018489465128640272
0.107543751880439770
0.068794743758035029
0.069665103809481863
0.032095957416567296
0.007812450970708720
0.019761232198402652
0.120659585147612464
0.084262714076016904
0.057090922650365084
0.015140771268983149
0.007579444364265353
0.010522041626172870
0.149514959822690363
0.309287336956877046
0.184264748513087245
0.017869161667095717
0.012838784877475279
0.098262449656961001
0.131619263187490010
0.014852023296472495
0.004245425721350515
0.013139467803146213
0.005123679003374501
0.066395717853822936
0.342236866586539845
0.172850534516566373
0.005152483278306675
0.018455132487648428
0.009280581072954458
0.002374782198977608
0.052969951822975606
0.023998511775409868
0.004282061639418510
0.020880763134785714
0.012073975053176009
0.000385859012708577
0.000176650039427260
0.017517225850122140
0.055438088826739673
0.025255722373826582
0.003570078332093860
0.006779096591376923
0.017476489683231598
0.021727104100917424
0.122246016539690527
0.038056056384553047
0.009977652441740597
0.005869262789768681
0.255568713910998890
0.305622519525096392
0.115643565563697481
0.036340902776757389
0.006232231944984745
0.014342601934974497
0.181376329593572139
0.246035306169600232
0.208110041591283601
0.050706198620636397
0.002891465688474551
0.008943734132903865
0.037888121830002772
0.193424404675153594
0.396981377913734557
0.049933585784198209
0.004827384427122097
0.131598579878950961
0.078603513173611431
0.034431114971513584
0.026986761166758338
0.042643875460138647
0.006879062857664152
0.322661564327153427
0.326415535939738433
0.228403769718775018
0.012906009536942001
0.036277297604089542
0.019600291173917147
0.004277868382923019
0.050197610280537715
0.013379183939342627
0.058684394553579079
0.056816593285928418
0.019442737541353446
0.000113977850921954
0.035588546697351960
0.101037256628916647
0.186843694998731880
0.063866138044461701
0.006445504386959507
0.000743169847223518
0.041363051763804670
0.200225389308096302
0.282530852363629292
0.113792359255956349
0.024341563136994648
0.004232680827927289
0.218205740943352378
0.400000000000000022
0.168485662090401944
0.119414970354100536
0.018956491423797243
0.008211402528761480
0.191063265255987408
0.212131557761348066
0.104636432322957815
0.076160802967411872
0.018722165068402602
0.009624557879176108
0.019384811431162080
0.074160635672786426
0.188560552692994460
0.067828394387380572
0.011510891102979180
0.021083033011033731
0.070171533584316631
0.157383322344981674
0.208098953285278970
0.227224627097973308
0.016064417968234740
0.122305300494723962
0.159662937049004194
0.186697344992446862
0.400000000000000022
0.372397128825279311
0.030101810212516442
0.001343928331559780
0.077576005768499975
0.015901684297123034
0.400000000000000022
0.359498518778526011
0.031932814164328166
0.000000000000000000
0.032501620542848428
0.082358410903596829
0.400000000000000022
0.282260028387281314
0.013077516638916776
0.000000000000000000
0.108156912942692640
0.391089001471391362
0.292278972202753229
0.099925966123799045
0.007525570365587837
0.000446070940100968
0.133948317177799564
0.400000000000000022
0.237432579812518363
0.182943439562451904
0.014716110240168619
0.018362259554051439
0.004398841094913436
0.061092033685262795
0.286288375284924235
0.167628340874149906
0.028507460599172803
0.011374584808551969
0.008676761827117983
0.019468032157135620
0.355702020083215664
0.181434818255026054
0.021699027725763265
0.028792529892998353
0.098349977704454500
0.216764985159836554
0.256528077963025514
0.289439355292867850
0.025382133732644040
0.176418236640744186
0.145616288256970983
0.105321319698469029
0.139726481350543330
0.152835156888842610
0.014801953076873500
0.017129899141768223
0.138008280332380107
0.059535201826076627
0.079400016871060880
0.086140318653365688
0.015087329065048645
0.005218838290971074
0.050899404671281949
0.148482349627980570
0.070381750423936323
0.082566328161473412
0.008810427047209501
0.000000000000000000
0.198034427825147574
0.400000000000000022
0.102348563987735106
0.076470511222944543
0.009887491139075517
0.019152123868311745
0.059519803503304707
0.243443014369728539
0.267203185936252696
0.172829038025480053
0.017023827056238238
0.043651146727623491
0.141067685521445135
0.122850634783709917
0.189397540409837556
0.104464668994244808
0.011091158859863302
0.025418065377335694
0.023017268301956186
0.050318850803252241
0.356768983637584358
0.185546326305328718
0.023480956348407397
0.038662325393141510
0.058777618433190369
0.050069404844781243
0.008531352016553306
0.023207457455125875
0.013615370053318534
0.082629973963672929
0.303988841746178018
0.093085769505998422
0.003821535137300811
0.008939895054637645
0.009205750070340725
0.011308642944189011
0.400000000000000022
0.318893745198689960
0.010674752041796578
0.015000202452968722
0.001656818853426132
0.009766115040278755
0.029116419933185086
0.025521409855869297
0.014090140400457989
0.027442526694359620
0.004472568826998899
0.004771936059353481
0.028787548568886580
0.300299438109990047
0.111465258667549333
0.060061134857872817
0.003902847103523779
0.008675640704602293
0.012181446294565013
0.228465599755150933
0.247930169967182562
0.115778451797886969
0.023908549905050622
0.022513610218768257
0.135135944735525981
0.368207800515267136
0.152561878871547318
0.079670956579311725
0.034068186927267222
0.244797282259954257
0.031994432810941331
0.102707109496861126
0.094272494038585897
0.076304562011520027
0.014084852453760632
0.135505774576828331
0.400000000000000022
0.082291378467631904
0.003797960582337113
0.009562522075980436
0.005954338951313759
0.193431693463659682
0.139588430448883999
0.031019929106695213
0.001159420454108438
0.012360336514284857
0.006430165372081399
0.044819349549647308
0.246005486811546881
0.400000000000000022
0.079904568506545731
0.014343150454293520
0.007731541397223366
0.024615014553092590
0.111585809229535871
0.400000000000000022
0.146912661540757106
0.018142814406596174
0.003770929412273679
0.013763855551586230
0.021108034088175458
0.027958370609784153
0.024980576901551584
0.031545550430366130
0.013132762373016343
0.000422307016920020
0.019672450973360497
0.051968147042538645
0.079013155514785799
0.026199495737127914
0.005690961646358126
0.025693186075550656
0.321157098463801915
0.400000000000000022
0.090392734206496364
0.038257728342465630
0.007941532612215104
0.368009847900760079
0.092510321824101446
0.266328241980126501
0.376444533582878216
0.078749945562350793
0.001757102628541901
0.172722571394998747
0.357033983521913401
0.122499459868405020
0.000712422751114698
0.006503437043742956
0.012853850230832329
0.202100629488887296
0.219028871460978214
0.019062387269231564
0.000471190740456441
0.001967184595480434
0.007084368953226356
0.040845059319369437
0.104208319521463977
0.253349868755640695
0.067536091031166728
0.003369750125504860
0.009363905753017038
0.120612195185561946
0.054574315735468670
0.239073771641334420
0.221180607790973482
0.013600995901449951
0.012791754608673872
0.092711218777336235
0.116194499083369387
0.060601574879383564
0.038155171626192655
0.017757370424511906
0.007155147314291834
0.030781536868938388
0.017858767598754897
0.036583250428869979
0.029294462503404610
0.006113523810656539
0.001672409070038139
0.020399255564731395
0.144849968947686092
0.314279721060887640
0.159780704297293741
0.052194166887149729
0.000000000000000000
0.193246817427178474
0.069942071289090857
0.399088352447877659
0.253944663328195652
0.037453024663880424
0.007379093449815796
0.359670350577143916
0.313628991667022794
0.140183279072905759
0.001891321510522230
0.008966445719894351
0.013291158768007211
0.370553933128723756
0.242998858684018937
0.029803108323541071
0.002880937171931659
0.002187348630191869
0.001447193547316409
0.107489459722155165
0.077114304722915000
0.101156835164059600
0.028146503130251542
0.008171457963762355
0.006177995019052611
0.192798522485814944
0.049817520663023612
0.086934350386740702
0.112059714607146338
0.015150887601765813
0.015679904053339244
0.316967497247720165
0.106416083690927643
0.016584621388247449
0.022095524257985909
0.042008198179422911
0.006849392133216748
0.043310282652687104
0.021361833927748260
0.028227478944191833
0.036467753862670260
0.025131259343641032
0.002697718154878475
0.030359434918993771
0.079198761770858758
0.285481899071278578
0.395653379032263053
0.015926963310267325
0.001580273687930539
0.209868915533789085
0.066289272536061788
0.228535169011888667
0.398976662124933379
0.024205804420440284
0.007022755902426733
0.172789701596973960
0.070490977718943415
0.022507595338798876
0.005933098820719322
0.019226418238835506
0.016079255843050557
0.195942180180300130
0.363822769628937170
0.074159059121064561
0.001965403343681664
0.012104022682226309
0.002170126409438960
0.068830961846400376
0.082312072521785351
0.040068318243955778
0.031477460644320041
0.010348423542763066
0.005204477190249494
0.229905444081387467
0.098413850546492973
0.047968956299895706
0.104339785529934753
0.018586046656078697
0.013953398615978725
0.304375008965636074
0.127144236209283168
0.034597923723401376
0.020733265360430436
0.021521561377851016
0.000000000000000000
0.329911494654026693
0.114317453752548204
0.042663047126553305
0.046880415852171793
0.011387178073396557
0.000837149630754909
0.057830229428624681
0.096232186802527930
0.056704835108218908
0.032290889804262479
0.010882559949180675
0.003577023753360729
0.100142045721395234
0.060407208240963496
0.036689066986584203
0.056402490064684188
0.023874197101797306
0.013118227787225149
0.112596743561197518
0.100380665954739573
0.024063017909736605
0.006081544290068299
0.017532377407562395
0.003614837573460310
0.054939227986401391
0.121591191104835697
0.041727269253285744
0.010539208145439953
0.014209850688181137
0.003857398169923378
0.051817958370346098
0.071224571824321584
0.038571895713664331
0.078251025087136383
0.040306270886635284
0.014154686637002329
0.159608770974661446
0.079620645742712173
0.019175543728257555
0.139759481767277288
0.033716856283785103
0.012577434013828357
0.246294483835290456
0.103846783318331484
0.058135659377874425
0.132465390733397415
0.030171249052481107
0.003036823894479099
0.350268248467398291
0.158622932027433189
0.033271700150975102
0.085963366089380780
0.046580087254267821
0.016094345981505487
0.209008332884657089
0.057790446930847512
0.041655477736469361
0.058039205867804318
0.075385520146588295
0.028602317511145753
0.086762234038999644
0.110753238593132311
0.087546617249716047
0.103858157296152553
0.013021635322614713
0.002239436409536655
0.200212477841355152
0.129043928540204828
0.014042743732199856
0.081538164760227516
0.059526579153776071
0.007786782046989764
0.101725509742199044
0.113597446518300449
0.039397402798597304
0.080618834740957629
0.050794663167213899
0.005541712148638072
0.154350536831303703
0.059699840639317076
0.060459428194362716
0.225169211537962821
0.050583606729352373
0.010394591385112823
0.165383594628015773
0.106241735418760377
0.037234451295048168
0.177192763664537567
0.066341656308280969
0.032780855111253754
0.250750256608084421
0.114929852195793797
0.071420582950148942
0.171300256893689357
0.054010282192473995
0.006275042083816349
0.162397457681029755
0.091638335615042296
0.024438394619061107
0.175873110657628728
0.095662486862881119
0.006264770535349175
0.183132456731937121
0.062813094391634447
0.010882968301695779
0.083027095566886810
0.062413400393377928
0.021413018014353379
0.036219887484616714
0.030793343651681026
0.018608402418532032
0.032625781247246688
0.103411661437872671
0.026312929083289041
0.234965209401986258
0.025128469530470092
0.035387954219791420
0.400000000000000022
0.258723432658486463
0.400000000000000022
0.149600907150174628
0.134704587148677862
0.036724519581112024
0.400000000000000022
0.242865976458738753
0.400000000000000022
0.123999531465967178
0.098275876758118011
0.071728024041472188
0.400000000000000022
0.178612507755422062
0.400000000000000022
0.119981115515384568
0.203064396986846418
0.019095760218577180
0.151214011398799808
0.138358152933679035
0.400000000000000022
0.257537183920221902
0.150526279211378705
0.045884247667287478
0.145248909561139727
0.163119311275967127
0.400000000000000022
0.279208029256591828
0.072715491016829004
0.077196157389937708
0.199942141987353911
0.200696410962398541
0.400000000000000022
0.130636674037296174
0.092008916920432476
0.130345030379002136
0.149099286134646791
0.185479021306786951
0.400000000000000022
0.129537978734044656
0.117957497579284365
0.061865218609229743
0.124759803554053417
0.167793097051491424
0.400000000000000022
0.133482311670620579
0.082767492617906294
0.030207899651866592
0.139752324649381365
0.111199506477878310
0.137291290053965481
0.145778963197470579
0.127939821363031392
0.030807835035154288
0.259992709409402112
0.108101146902510215
0.376756310616088830
0.321394944138304994
0.116893695711847989
0.014003648028798044
0.130081213246805161
0.076653999610081652
0.371232952687076900
0.328313477856235936
0.253786718615776841
0.018627937172235640
0.021076045446497799
0.086023506772657951
0.397880874087724323
0.383603037046347961
0.106119166055383352
0.058837392117086842
0.078106324496675178
0.133569934471201468
0.400000000000000022
0.343459241418329730
0.072890178447370516
0.051272261132756250
0.093197230204317916
0.155815608171576053
0.400000000000000022
0.221772414144092489
0.035804058499235090
0.076686846716932738
0.064874295203427287
0.089361521628337409
0.391368247713902329
0.090999439610260704
0.043697943051720083
0.043194089101494679
0.045050979312528390
0.116177700233639741
0.400000000000000022
0.086570124885768346
0.117260238568698161
0.013559808498685553
0.032742531855888941
0.012038692283908891
0.003351848872266211
0.108162787518888484
0.156357603204672763
0.019787642071375858
0.021116366154322760
0.039640984338696915
0.004183331509717575
0.257066797243364842
0.106173000484385910
0.031650062129117640
0.015770888234896342
0.029200416604965595
0.012255510233217939
0.400000000000000022
0.230726813882059845
0.066229107959576303
0.069253988976932968
0.035192341724436069
0.026359316764424517
0.397136026580355961
0.238739975545432748
0.080743114109384173
0.115959847903934543
0.044534055301235664
0.008269130895803042
0.366499644368625421
0.155225031305760874
0.124456712231672484
0.140021693333582359
0.056048131792056366
0.012818586817041722
0.400000000000000022
0.060870848996065534
0.078572338712388917
0.079150937121416007
0.044800825252930380
0.010981680299619483
0.290828197070418681
0.071064126444511683
0.328555921882973723
0.202205473663010116
0.049302093791956214
0.019210456971927112
0.079835372791334749
0.228422543713639681
0.067498107468120017
0.014176600651523520
0.036668845683367798
0.007995426990775031
0.110543039370577162
0.214769415553481335
0.052091474801923048
0.004263350724961699
0.026139571376876117
0.008636327371792343
0.400000000000000022
0.124361115289279150
0.022864595264315779
0.001625628994676826
0.024159749314551095
0.015553905383107362
0.400000000000000022
0.184018274905461465
0.058428809340527743
0.009949309129931937
0.018246792334060485
0.018592477519982765
0.387426548700074092
0.132548213658623959
0.043894537206587807
0.031220491542363595
0.050237583122207316
0.009810640029714698
0.210873415108798423
0.111121814865162566
0.099217945772909141
0.079923543567962912
0.036115162569654739
0.004624423453596102
0.400000000000000022
0.169902428722016774
0.109935884521584926
0.056372658550748529
0.049850206237658318
0.003153575906116416
0.400000000000000022
0.323553116621518921
0.400000000000000022
0.185273363314371220
0.022259664263080889
0.009245419272143379
0.083516252244391853
0.166263328167452484
0.034746779701151281
0.007694071601652058
0.003859069509319242
0.000000000000000000
0.168281631787950026
0.138672707895969777
0.038992306007667538
0.010338078415060733
0.010267591639323850
0.000960033939883303
0.253061919158752535
0.078662055913002876
0.061423408693975182
0.000547336297419126
0.008144710929113529
0.005302908083575922
0.051915825493442889
0.116597823254172311
0.247164269734661934
0.196442798775400052
0.009293331885327770
0.010517397438637364
0.016654097059589278
0.094067762078522799
0.121084610053869696
0.160406879846928835
0.030150898775228217
0.014490708157751577
0.064288395431067097
0.045400451872745384
0.087104774865799733
0.054207345411578303
0.015887025804604944
0.000000000000000000
0.287394099086512422
0.148596319794221582
0.070390208585879729
0.065277140740228473
0.048453044718050245
0.001766123851820121
0.386906874570958403
0.400000000000000022
0.178822646810789215
0.106246872027955741
0.026291097116804135
0.002328728144760331
0.396288739681033175
0.400000000000000022
0.180398443970628569
0.003636133147284556
0.016797946338694181
0.021490005103614672
0.400000000000000022
0.383053960836483354
0.070708574495935483
0.004884523667203534
0.008589781508880486
0.013385367721661982
0.211821418413543627
0.106038996482045636
0.114902823131384751
0.033506797070584918
0.025361077276480414
0.013486996717231260
0.198931605411951012
0.081602183190767008
0.379728500093640009
0.376930206583845795
0.023896595985663592
0.019466314822082477
0.318866118041862379
0.131672775230739697
0.151645758088700983
0.208267134100157125
0.062262039021637759
0.012018786124884310
0.073494020047285502
0.090019788510218524
0.039195163740760618
0.054386593247044437
0.042393101502737118
0.005544572408099353
0.096495493443294306
0.206449329744996274
0.324831651558969980
0.397972455976022710
0.040989280137786938
0.007648864334376823
0.392562694038287030
0.400000000000000022
0.400000000000000022
0.400000000000000022
0.032443151515115252
0.010877833081825326
0.232141502968823882
0.127362646445143807
0.039321521927617731
0.006841175494254802
0.020286135393012668
0.019179477927935850
0.251357685325696689
0.385113437426426508
0.106155533977477928
0.006433345736929614
0.018726393009199510
0.008998746603221992
0.115198267216426564
0.115410388393354421
0.054711926420214330
0.033111727231944506
0.024660379198137055
0.010765183495170845
0.238092038838224024
0.132728612535985724
0.354091063444077370
0.218250368206942491
0.029641710559940675
0.015535157866270671
0.310389352115603423
0.162239321439872020
0.239879096060363090
0.139000377833114031
0.039035009957273298
0.008217953727818273
0.341169051942964152
0.221861205632987973
0.111457790884588334
0.116545519661653663
0.043483135489963853
0.008649600601463629
0.077591461627027319
0.216891771950140394
0.140967549184235819
0.089381812454627563
0.026023331218163824
0.011156468117626082
0.110664087347568121
0.209922168063653825
0.345976403943461241
0.240667238577771447
0.041743358768893027
0.025957012664700432
0.210859193218158492
0.231999929142229611
0.038915041206209096
0.010326970011418815
0.030671845210708610
0.008738516576834813
0.121334945840224348
0.398049610819867172
0.214577803769852138
0.015691691423746629
0.032664983175829561
0.013137979242877837
0.054192740569323702
0.124194523647297189
0.062570407489074192
0.082533086726554877
0.061187034021420991
0.026228661690178338
0.159994629987370018
0.079797295782139427
0.036692769578379698
0.195197570594016989
0.058972578657611678
0.016147512345922217
0.253073580426667388
0.121323273001563078
0.079862763478791843
0.254711407273087942
0.068227305437034161
0.013014476336219695
0.352574611796336201
0.395732375254367330
0.338894219676071473
0.201606931653078247
0.082920990031025210
0.022326577926490232
0.223350934819631530
0.239166776524419644
0.287690783906069614
0.266149247459087968
0.126091718767224692
0.031493783199620304
0.095705968171903522
0.148641360423135083
0.280971021924869668
0.400000000000000022
0.062955221106812925
0.007066820836658753
0.331811057720306113
0.207647441713816272
0.048473858703713436
0.108524925926985857
0.102170454613914719
0.014665844904653917
0.397773446574294032
0.393015290839534681
0.267801172517372288
0.093524844277899630
0.087071960771303442
0.025142003322555222
0.158628405214226720
0.109897450919854783
0.073838612133705350
0.283853606091541866
0.107400200015280792
0.029837328926466268
0.165497572478937705
0.141830282116112316
0.138271707923964815
0.346874068847912498
0.130207794352742656
0.039226359498213258
0.251493426455307867
0.156292903959598467
0.271645972258245272
0.380487600921159852
0.167802641448430351
0.030616605220811000
0.166630138508957054
0.309844076558394632
0.400000000000000022
0.335140027336529478
0.215077457216981627
0.025221261959146417
0.191343859260698634
0.253876359647621841
0.223014526063043811
0.187663527889844611
0.138574203360789794
0.040135183082755974
0.045844445363792827
0.050178155082843109
0.092769038091318465
0.221186333940241148
0.171240055825253257
0.037823820186268224
0.256048242413020044
0.095300003114786730
0.192771276564773081
0.400000000000000022
0.397324325476242080
0.400000000000000022
0.271906207644898645
0.294367524197682084
0.223421864573558893
0.400000000000000022
0.400000000000000022
0.400000000000000022
0.125343459797526952
0.175851882526617986
0.087629708338595208
0.400000000000000022
0.400000000000000022
0.400000000000000022
0.119981115515384568
0.235566017529694860
0.101454171122174031
0.400000000000000022
0.362925167523483916
0.400000000000000022
0.257537183920221902
0.258683192154071318
0.400000000000000022
0.376779312285070833
0.241866630898520479
0.400000000000000022
0.279654100196692734
0.206663808194628595
0.400000000000000022
0.371643171418753249
0.287136578242653651
0.400000000000000022
0.148998933591347582
0.096407758015345915
0.191437064064264917
0.378361273052077229
0.289909554903426070
0.400000000000000022
0.140912563542596625
0.126634259406402355
0.081333250766365370
0.400000000000000022
0.303574780074962858
0.400000000000000022
0.162274841563618960
0.181117470322360780
0.246972884811703153
0.385696880064737235
0.363582610026901287
0.162673423786609511
0.322197199838214765
0.273556109620002319
0.136129154733623331
0.386227379883468891
0.260936303791352797
0.387571834898821965
0.335513094008275836
0.254901976044228096
0.073538849854874674
0.209481230117866069
0.162794318263447341
0.384700210873986204
0.333532316147206964
0.304686123287058797
0.167110286800216223
0.091457795870434122
0.168589834934131377
0.399965428491238673
0.383603037046347961
0.304153593880530926
0.400000000000000022
0.180454888484410297
0.210040445694146038
0.400000000000000022
0.350985187647582075
0.132409981950675215
0.294715275502484830
0.341435403839619012
0.274645451686526543
0.400000000000000022
0.265423560871715980
0.176871744020680205
0.199537481500642683
0.254271835613264829
0.193826190622582217
0.399022428490513892
0.116417504987596371
0.066715211353676279
0.093512939904746933
0.376317124356788213
0.289485972691148952
0.400000000000000022
0.125232450278909863
0.176037857001888509
0.063629213343466801
0.041273883872442241
0.035246149739034768
0.016967218925584747
0.190792761482561413
0.397313625213621069
0.112873411577374266
0.024937901291623571
0.048580879393334553
0.013389081580058299
0.268375440187553882
0.400000000000000022
0.340983105666303077
0.026445640276692925
0.044200619057934321
0.013912329086644073
0.400000000000000022
0.259843233815244934
0.091750517815445604
0.083344129377390955
0.062634868418795689
0.030831885591423417
0.398029100473301312
0.267527524114319293
0.375022006250904205
0.227425106571483848
0.104595190159108467
0.012171977999326820
0.369908791359115641
0.167406477600325898
0.352922311986823445
0.352247683406877177
0.171826583589943349
0.036727136722092338
0.400000000000000022
0.196006793731591522
0.400000000000000022
0.231712815992963339
0.124471781832242084
0.045049867226886704
0.400000000000000022
0.103058559255453028
0.400000000000000022
0.296477967701596012
0.125606655803476241
0.033295309425687744
0.215341147368163094
0.400000000000000022
0.149789485935751920
0.017974561233860632
0.046231367759348233
0.013949765942088792
0.303974732834236816
0.354357846002365307
0.083111403908618264
0.005422771179070136
0.038499907891160964
0.015066492743873741
0.400000000000000022
0.361005713980679821
0.400000000000000022
0.081530197501222562
0.038502899768844613
0.023285446780330728
0.400000000000000022
0.295604084134997391
0.400000000000000022
0.156861970670689077
0.036389606740656666
0.022363406932256448
0.390002471743992163
0.153656247746799396
0.071852907816371950
0.056201068443915175
0.081783133552573439
0.022943402402731045
0.211295722125718455
0.130794265838523077
0.151186092815447815
0.158936699082748711
0.062314658306782664
0.010315385099954229
0.400000000000000022
0.400000000000000022
0.400000000000000022
0.146765392757244872
0.088107934580123948
0.011095108518331519
0.400000000000000022
0.393123621062982487
0.400000000000000022
0.400000000000000022
0.101009609825431695
0.011002521900685281
0.256238823639390545
0.400000000000000022
0.157246239569556301
0.008406494352766756
0.010362506553062197
0.012853850230832329
0.365994151337200646
0.357701579356948018
0.058054693276899112
0.010809269155517175
0.012234776234804285
0.008044402893109658
0.293906978478121972
0.182870375434466825
0.314773277449615918
0.068083427328585855
0.011514461054618388
0.014666813836592959
0.172528020679004856
0.171172138989641009
0.388308194066593670
0.375373180189335520
0.022894327786777725
0.023309152047311238
0.109365315836925520
0.210262261161892172
0.181686184933253281
0.198562051473121504
0.047908269199740124
0.021645855472043413
0.095069932300005489
0.063259219471500275
0.123688025294669712
0.083501807914982906
0.022000549615261489
0.001672409070038139
0.307793354651243800
0.293446288741907702
0.368113482911014311
0.225057845037522214
0.100647211605199960
0.001766123851820121
0.400000000000000022
0.400000000000000022
0.400000000000000022
0.356291271054567815
0.063744121780684573
0.009707821594576126
0.277892846974699015
0.373865991910429130
0.138268352003783151
0.138493425016166183
0.112612136249925998
0.082670201371853838
0.365469580038501218
0.451856998791125508
0.122111836376165475
0.155059180063808311
0.119608314832023166
0.112316419828283359
0.278202971988657233
0.232596101247355025
0.157855978497753568
0.198011071938112626
0.108151741976832680
0.115394026928589383
0.291398123747887539
0.192775014204662698
0.253450181576751588
0.365641092893439879
0.089321070446571560
0.117430796322160400
0.358958973941233217
0.192412199416303081
0.279082710205043716
0.376726654921365645
0.067579715043990296
0.110470096398822118
0.303334178963992840
0.196813437637834654
0.278707565689961467
0.304612785548001141
0.070797606473149144
0.110796030372151660
0.243785105321404960
0.224954995126768253
0.286220617147793177
0.259401274862775533
0.072045111857887090
0.116627580960549718
0.345289388651266627
0.251993511516979740
0.381909510066415547
0.470433541257012311
0.088782605391262731
0.116197595498618980
0.286449695251885128
0.326830055424803423
0.151448141213424009
0.152556103685372424
0.162969605141810775
0.079801875710506467
0.327148207173458716
0.419683324119303869
0.175665131916431155
0.157893688583198466
0.145298937533748895
0.107862552234252701
0.255477177612133677
0.262292529501753358
0.216896144503949617
0.191122009865947295
0.140574859015347747
0.111860468138905975
0.244970938743582667
0.234209206750035204
0.318159496715015366
0.302685238962019265
0.164115805267469134
0.116856922886904788
0.260764779434637328
0.234280238925606399
0.287106810431848325
0.239342565821169168
0.226869688694490618
0.110226036962036117
0.216937390517093293
0.200382936508458898
0.277325133239557486
0.206861908358527274
0.244285509410151452
0.110542517466661550
0.244661571793901328
0.216598386786503061
0.287161677806926197
0.201988679439265240
0.173755224045660794
0.115309956735661495
0.383581136933433042
0.254185499823455507
0.394504948430754065
0.399939550613162276
0.207131619953454027
0.115726021705354259
0.232721019138926954
0.300075241280511718
0.121718153823579922
0.135335029935141515
0.108416819117078581
0.082597852036075572
0.301131339198325299
0.407294125677003238
0.144243716827425844
0.159398980873540236
0.111963589809272665
0.108973240482288958
0.216591529142172778
0.217393295708847856
0.155470837646726256
0.184813612762628809
0.101195365116640124
0.113083354034518829
0.264113915193770032
0.173938811079330902
0.209130649251178302
0.262062632004987750
0.083295738298954855
0.116483438804786663
0.348058024792925191
0.183170531239551015
0.227658209111293863
0.222078454416311161
0.068917863084145950
0.110955136499998233
0.323247401840914272
0.190010471536169817
0.263644308624093660
0.309741847901391310
0.073992779922466417
0.111536599229099032
0.296759891196763381
0.288121126119121274
0.352757081770070702
0.346461093031416256
0.071010945305534715
0.115378848434283102
0.302927070596388737
0.234453742929493059
0.365169680256722695
0.470574378149166195
0.085935685086842753
0.115439557139379881
0.251167232638360494
0.281366089120636431
0.115363322147367095
0.139938195233480084
0.157335197902614826
0.078585071453680100
0.310403744764275458
0.343067544847368122
0.157993079968375055
0.169423206053151476
0.152307755950584434
0.103981490828426573
0.197624580792853971
0.204923502952036207
0.202980346444450260
0.189035754232741243
0.127951305851798258
0.107697613628076561
0.247410197581053537
0.201791016475276919
0.295513436568865362
0.247789036592044765
0.112910154101186364
0.114334995268121645
0.299071017709356124
0.222540379512316200
0.277845228250476362
0.178181780120670458
0.129103988792754254
0.110541784936041457
0.225837331578239597
0.231355905732083145
0.270998076248688324
0.189966309855759241
0.248398782618760333
0.111276462674939791
0.232642383283173937
0.293346623151380326
0.350819588835173057
0.250408330989612793
0.245021630134318102
0.114331415828259036
0.304426609966591710
0.229246581076560318
0.366235946623674091
0.377148281817133391
0.207255896072941898
0.115038329399266406
