0.030422024925856113
0.012372184369849560
0.062447851606384969
0.053773626199530647
0.144020852886518114
0.145837382777691066
0.087898317525548539
0.080950177040481144
0.088400666180872237
0.068019063007763975
0.197026176614059689
0.151231016122202938
0.129612128838855173
0.054685016370013294
0.018348316893540113
0.112142537972260536
0.225833983580447067
0.226066438067789310
0.040261332462809912
0.018941104599310140
0.019258441122669542
0.109266452096487027
0.279921644635577282
0.061120465449245952
0.033325201167063674
0.102008432852583236
0.323476393974187926
0.307771063507090381
0.120823630446336372
0.037010676931880107
0.200869600495991174
0.192976372464945117
0.367018977966883098
0.400000000000000022
0.059391869354115237
0.091863463809494963
0.210150986242532589
0.230832494532178634
0.400000000000000022
0.359712693936252825
0.093237243781778459
0.261952558758856258
0.078194624148644698
0.290462243657582719
0.348294598004880052
0.340006446571521959
0.144255924096012234
0.107487454001732805
0.016773558621110914
0.012658136275470872
0.020276382718220461
0.136407606203057280
0.193797209444909718
0.052274693523499546
0.289542744139340114
0.155169590057152723
0.016161357019883169
0.118585052434181798
0.269195119691765461
0.059624609966207387
0.308586492101574184
0.067458385927011588
0.024806023903263093
0.130840717872101386
0.176208473511255820
0.140834707899595596
0.055089103082766863
0.006883805656665934
0.043549929691777060
0.128975671267000741
0.321067163204221462
0.053093207365088449
0.024249417862129627
0.117101556207353991
0.304420178788631035
0.280078122552311737
0.247628719575115563
0.046165931694399580
0.120617450666369752
0.321767232246447821
0.399887060543521078
0.381741499547121832
0.238093242103182307
0.063801875650611892
0.035746875877650373
0.166306465318496521
0.220606636962865393
0.283933692884457356
0.259912798836380465
0.101182481619684267
0.055656646911735386
0.142493759575087781
0.205992532471821227
0.185932572836424004
0.157619169219571503
0.048169343230903022
0.023878952444522282
0.007205817956929097
0.012496067385084075
0.145500001629459863
0.219469717895656391
0.114905528389048509
0.068158679319005946
0.088444662117616882
0.010510268678611131
0.063414145959122120
0.100324187799635242
0.072572396613793416
0.057995503705342580
0.017747829739516975
0.148658472367276140
0.298396584094593742
0.134880239153687492
0.037614434767489956
0.008565536615428535
0.000413348971802990
0.254525891844489260
0.241320656893625890
0.120125010900036619
0.070802279104456953
0.089946920691861221
0.094759553616008435
0.144887459061144863
0.132982464946995199
0.343215193013444941
0.062991625727428446
0.185545038671487306
0.313394095796662164
0.349783401427267548
0.174074273995815210
0.206716245613346949
0.018830142266853589
0.051666809921373541
0.028542341205477651
0.032323108428024966
0.077891725992491390
0.115009441977843518
0.090466593649185453
0.104286921533968971
0.115241214395762057
0.177691815502349276
0.091219707493867569
0.262528320898716971
0.151072699821428069
0.013312422665025763
0.224536341194572553
0.160690698280867350
0.197702765833402072
0.114395400715669171
0.058575132412298392
0.028198716341191501
0.400000000000000022
0.265687595921995368
0.239252230408435435
0.107457253983797574
0.051726423844251253
0.030314788714867875
0.005409825965570990
0.169041249562446094
0.400000000000000022
0.138725827668557289
0.030367275167380053
0.007305786383890216
0.007736779723241945
0.332821815084117234
0.255297864633315219
0.075494541456460590
0.062045003075543975
0.034989705284316719
0.008214850273163715
0.012101392880783017
0.118694217628413395
0.368589815384140151
0.069821735102361296
0.116185055995849926
0.062449419255220989
0.033680056884444920
0.089372798097510392
0.161734123842861344
0.022249475219360403
0.070758247330330648
0.029082100781896231
0.022987048948982569
0.077065035621313560
0.015417538908870335
0.053234134771253529
0.059154296712783570
0.007226794230115480
0.073268231146539214
0.053385475250924380
0.072362648622928849
0.046334733483462488
0.035538231860389000
0.375235964209117701
0.347099206113275605
0.162743986386591794
0.161679234128586563
0.204880975838994950
0.077166247665254595
0.296158035262016062
0.147746975448604434
0.291745814747862875
0.204604738387182350
0.071141816891135537
0.028625953983929614
0.006989045997058315
0.064263935538176470
0.216485575880429715
0.145534318722782940
0.034076441460796483
0.025752429587108251
0.002420723903141055
0.400000000000000022
0.384164904839212451
0.155085548535849715
0.063852739458324648
0.063034622049438313
0.004016149022435594
0.367882098016723003
0.199525443800162405
0.287050213137284460
0.060573983808773935
0.098867711990643620
0.022590270246092791
0.209214395507523465
0.093314082971195617
0.151928886049301881
0.025735569833906645
0.041265512416767833
0.015826866686093531
0.128802440057139478
0.055607863733832801
0.036122002366411887
0.047154836210106049
0.168168764082513189
0.028908080865466847
0.033830431815590332
0.099728542653782615
0.165848459224052891
0.036184102948202714
0.022248419799945688
0.400000000000000022
0.400000000000000022
0.287879464169141674
0.217259409393671693
0.305621987777327131
0.032454945330687476
0.119306794641184016
0.085777661306973493
0.149378623651593045
0.158566515778885864
0.092969666613043830
0.007412577848116299
0.004955692789986853
0.031809530365390831
0.122163636028943992
0.101604882829378726
0.068872374332401745
0.003552187611576745
0.000000000000000000
0.335452359497898311
0.148767800380522008
0.138479669296450725
0.071711392940661894
0.022764295144119356
0.001479092093342005
0.300131775046005744
0.133854896718040101
0.191790332427238308
0.089955558361896754
0.053080574436553375
0.085966612856302096
0.210255657267530344
0.050714775607820020
0.096472544399199361
0.043415269529126832
0.069671985036564785
0.069694056848685779
0.125080436698920355
0.056087912714318865
0.132235139957784908
0.042251195489510951
0.167037372819323154
0.025198676248940427
0.051400041427133808
0.103614289979465216
0.201807883951071299
0.096106551632656190
0.012875170737957171
0.214833429878907745
0.161631358242487810
0.240711895323721559
0.147105502991776216
0.049389119111650920
0.007493224642738791
0.155072676130819292
0.149058230747662085
0.185724034935775550
0.363285754469617750
0.081514388999849141
0.010892660859718687
0.019088826739194223
0.086631629989004352
0.400000000000000022
0.361854176423510754
0.072347009220057629
0.012983581323149475
0.007830704403418678
0.055513325719077383
0.140462570687120508
0.352801609491604884
0.102793584604292845
0.027125821915860122
0.004320578888368686
0.253979202405718085
0.135311728740579562
0.127349242481564512
0.126207326281986776
0.017406667260370573
0.059451649646644122
0.288479037833881624
0.173172609192428634
0.143448398152734413
0.110190741445724105
0.140466104693073579
0.018724104169841532
0.165198421553371722
0.249300756769747250
0.144656247461132981
0.073457010222505587
0.208273140068625878
0.045289210023251911
0.052028530341600612
0.175798629666720413
0.124764310291638703
0.081577911418129340
0.090286211103489278
0.290261557413590943
0.174324391446648186
0.227602268192322238
0.063119107357606286
0.117329125919463761
0.027416136629546343
0.279731026552504813
0.400000000000000022
0.222532724350995081
0.239581970081481216
0.093183030628125649
0.002086325979792356
0.123677764074158897
0.400000000000000022
0.400000000000000022
0.352453312884295600
0.088979586633312832
0.005222799989002184
0.002400478762451311
0.030195496821808030
0.176891394545268227
0.400000000000000022
0.176837021434883085
0.024995814422572538
0.000930796672331055
0.067203735984388252
0.096561860766128743
0.202852316958313239
0.218187223417512927
0.021104663269903186
0.040109695489942435
0.326467810834525363
0.129435856322956760
0.091084542184182535
0.241417620026790236
0.182396710505601883
0.028911081186328420
0.400000000000000022
0.391439046759481213
0.192898541294899972
0.125095058557156802
0.245171989228650189
0.096795529313836712
0.176847764394427370
0.200136080335589384
0.133006696500924476
0.183116603695429703
0.258112504001456244
0.251495941429889569
0.062761760155188639
0.136232561115204431
0.164043048301479255
0.171337186521400120
0.062082321428797667
0.361058346427642118
0.400000000000000022
0.143753740565240595
0.125131056223422965
0.089451208811807514
0.015788379908426135
0.073016475246640233
0.400000000000000022
0.327892659163808275
0.179959847808965345
0.100298705568782148
0.009107840926582990
0.026345780170925724
0.044140018824495059
0.156364389748299137
0.204490575828610244
0.136206685897054647
0.147061290080253371
0.012230893765523373
0.150109807533228279
0.400000000000000022
0.201551160964347137
0.084738836460838629
0.085671622267708622
0.056530776300375445
0.083996027478858135
0.043829712049880232
0.090991075341751299
0.115596455800800746
0.065735509100830203
0.024153511562025241
0.143702699496046860
0.344881069987128752
0.395120458441409639
0.197838537162431771
0.112671394757531226
0.101665786563226959
0.085462852712616125
0.127047777061384759
0.158542046060711844
0.059488628885166150
0.365004786413874460
0.283428585369352948
0.086102257044306879
0.033014591320811457
0.094040104159985691
0.111109461895566003
0.224195581149655765
0.071232888306275388
0.155510165143276535
0.137738536863209970
0.132419376752009932
0.075736152989701641
0.023589433244440239
0.038478070543226599
0.201905100245907076
0.148224592948814737
0.044855883474007180
0.142718448594200464
0.027518484192353664
0.130383432868351329
0.056450545370960149
0.114912980700214246
0.101132047652402177
0.129397448660295206
0.047579935199968275
0.020712948723370806
0.144212678542535139
0.400000000000000022
0.178251863010720962
0.103388834435838059
0.171101256107120847
0.025200522785093930
0.026212939427181798
0.102308702161590229
0.122403533485226909
0.148183204264849877
0.067340193670626519
0.009407190809363669
0.042008672640192118
0.246040276351559672
0.300513195421406087
0.258320078501355466
0.110497863293460383
0.046499940527679418
0.087992440420753285
0.115291404144651818
0.236762824507701003
0.147501275464942017
0.228081822414134328
0.102052532086999215
0.032862902764102281
0.082511639398686415
0.197885249329367657
0.073380499400987925
0.271945254184334129
0.052278349161588099
0.137241118217716757
0.168038697224952210
0.138311392835819391
0.126467137673725444
0.024457000306345528
0.057202564458592224
0.158882861722030450
0.187318975660121789
0.083534722177181123
0.035419526181212253
0.023397919827040044
0.093361644582421299
0.019193054780767028
0.030212510871518699
0.070875080398936058
0.051028158300447789
0.061734007414379399
0.003557330665980225
0.041666882272203810
0.140733678513234983
0.140044790286314752
0.054976404193198464
0.400000000000000022
0.140479765927141287
0.120180315683034278
0.087475623974358846
0.066615206878935726
0.039166642933749302
0.201351471553918832
0.028129239221287509
0.015109886891379907
0.019026169574270366
0.077354321716731123
0.181432466304233375
0.083407019473053859
0.156308630089646267
0.043352542665260903
0.125302313232914020
0.286735542274642763
0.132371142684509779
0.182976307998579002
0.086377547922560027
0.092584966924456169
0.144356268098598112
0.125720542695065968
0.193136683233101403
0.130664288622505176
0.143468062615577568
0.129742634643792654
0.346584849040853626
0.377268679044475364
0.142358838015834210
0.151467764395875421
0.316313537689884905
0.064246736150658290
0.079974037585679475
0.145248119041649748
0.075973986323127907
0.168718936721190399
0.226224071786161746
0.055191680280967222
0.056325394291664589
0.154775895600648805
0.042002224203678815
0.008576777424323568
0.021209671032668156
0.012523499249885203
0.099457341037681127
0.288743887013844680
0.048382927912498201
0.067887588858188130
0.315055168514500883
0.129419074356254354
0.036397397861275799
0.112059905275866234
0.086335345964061214
0.018009838745950486
0.151389421124401652
0.089561731546527468
0.037187070746686091
0.056953100670764860
0.159815077149391305
0.088332972296664036
0.154767131507361377
0.044607192501033725
0.076453052986685199
0.143367304274702595
0.137123314327920159
0.180400314618662738
0.100663255747599267
0.076009023209755180
0.086213357891755577
0.169952464190742308
0.072214654883737225
0.041707446923746588
0.153754019283156851
0.160873723765162902
0.173787414565265058
0.042390146438604052
0.098166772366894084
0.176244157422313252
0.306437857760449850
0.061518617228770570
0.049187499957373371
0.068976232882873106
0.084993199088574056
0.400000000000000022
0.259279954073914354
0.079063057170875667
0.063643867442338437
0.052489731770118231
0.050286029069371102
0.095531717958598147
0.106121541944391884
0.024239679832811299
0.030928370044075542
0.035817819248990655
0.068365167747586914
0.240335557492809271
0.384011467530334882
0.045661628803862424
0.026198601601860768
0.125075574163948905
0.108764405086490976
0.024656244675601464
0.148609038148203920
0.038625055960642835
0.029364787083353751
0.125689719901413449
0.177807333781953292
0.123162163515455364
0.114256865109333985
0.087764910732739607
0.076194261631146815
0.084197903362927123
0.189595794045381849
0.400000000000000022
0.189957366630867874
0.145407106574137052
0.217830702524496544
0.163221325959191421
0.163543278809951093
0.138518524519687103
0.074986113542602081
0.094373775732337462
0.121158522317644568
0.093179119090307447
0.084357258876471386
0.168105929468797072
0.274454606051104499
0.062701211312364877
0.027599316292602552
0.059057466842990937
0.063156797072927123
0.310466790647771385
0.140424589886887857
0.073629983146949948
0.045669573684556909
0.020401867234922121
0.071008535719261121
0.184034022405957509
0.080274643833837325
0.021495181368836644
0.031196128885561773
0.041279624241349372
0.089804501467620368
0.013072202765383290
0.056511931105387721
0.012887113083010313
0.014091574420118989
0.068638643338425703
0.187645167646457056
0.012601218185556266
0.003682181178284134
0.019461861763764073
0.043009701013614517
0.011207440964878506
0.217936450362879841
0.158397117290249162
0.078952870912843851
0.141261189854585550
0.105482414592395560
0.080233282700942543
0.223576873199066523
0.235963528714251747
0.094095955876125612
0.130244324558939750
0.255656931165640255
0.215477797433997337
0.227468209689442202
0.047934403765577893
0.044738603161626166
0.059233518304778326
0.100886526472099863
0.034034667093191820
0.039874499153466678
0.079475145203907221
0.028794444759743132
0.008116814667100897
0.011216263351984264
0.035787394206611506
0.055183730665744737
0.291893426003874468
0.100626491864045944
0.014435394477575865
0.043653080873971510
0.104826289726830529
0.156190679834415147
0.386562757319480421
0.097194063951058160
0.006337169905656737
0.019160192572707672
0.048289147011245745
0.143923311039193036
0.050941941845098496
0.057659766911458070
0.023520964093846387
0.034537045674151563
0.090473975186303179
0.199405165331414114
0.063113001730704249
0.071775834892965018
0.030547055369831794
0.081310180224240650
0.055292104462991008
0.153482803588571970
0.128837694924688245
0.102262901455220143
0.062606318614593051
0.072415598663769010
0.059904504336667545
0.204591467040741826
0.269774466448480243
0.052767355649653694
0.103869421549108110
0.164317697264925122
0.106829025064645949
0.120581737887052440
0.091744768611590644
0.081117348682337553
0.057396470955959955
0.053965588297448824
0.083662317160131255
0.044991109064625501
0.078975486773815690
0.122465801924604267
0.080803962860611200
0.030527714727858025
0.094977519093876375
0.058277533816688348
0.238952660806507233
0.118917993585401088
0.071377633769739490
0.261009373891864682
0.264474277744932595
0.176200967258082208
0.382714015482485848
0.139488952653719966
0.046822112872072330
0.056575670194106829
0.104898818479173941
0.131704005091140830
0.156118165209990778
0.055667491400830243
0.038167622309304518
0.048573154546165551
0.099551221640698004
0.127982547501135330
0.166879826622266303
0.169295200660907363
0.026257341231052295
0.060997255668149022
0.160284668074379355
0.149864662364036005
0.063978365255805469
0.079746805601053489
0.054448376218354147
0.081002620029900010
0.112905597181675074
0.371082080086508226
0.061936006770852543
0.049145244417859064
0.058350568776965490
0.016745974065325128
0.122258439035896185
0.213086005899942865
0.135325113244125939
0.154268914991110534
0.094843495786739312
0.075593630097553613
0.115251327031711898
0.089728286533071605
0.068298952034409804
0.141012974117939865
0.066977013017468542
0.123890208908480765
0.108764477331761505
0.106222471989361356
0.161076998719005493
0.072656229204331055
0.048747725046137946
0.171979182059239705
0.128705178308927193
0.140242159290489138
0.386527095810155430
0.260310273770005374
0.120844051522710799
0.088160500858871407
0.039517458273023873
0.110443141979842036
0.303616203714973054
0.140572787032959196
0.045803403467154662
0.049464305591260700
0.066069629629338253
0.108999425553974988
0.400000000000000022
0.400000000000000022
0.203744969152007321
0.072570448887233616
0.302514268771615746
0.102978047725470478
0.151297346864759236
0.152794989409684112
0.089532993028700381
0.129365125900933714
0.202304701808634080
0.041462366289716765
0.012586101846218781
0.019235793935977505
0.059497388670282141
0.035326251143906216
0.038778276209033430
0.241437156196866676
0.061474719381845656
0.089003196844323951
0.078363184484975049
0.046725498698557522
0.112625493839449364
0.125561529508063346
0.070696861271788078
0.038939353629922943
0.028588909606615080
0.313200264422235142
0.144444415958445621
0.129864428739791898
0.079573434800526865
0.039750778752964684
0.061921193336217616
0.372531419324612478
0.158274274062351228
0.080391060581670559
0.351522979081878795
0.325314314030696217
0.070398646262190154
0.104542482432101680
0.048273306015136866
0.099039565968797372
0.400000000000000022
0.334784476689571786
0.056807805675206269
0.109675078064847706
0.040683087056148329
0.112800589897257206
0.400000000000000022
0.400000000000000022
0.400000000000000022
0.158286415734925107
0.153848018723815927
0.142381237995694354
0.088098535093180969
0.195920544497796945
0.226378824573279430
0.220419996373868526
0.223573546246136123
0.188181864029327545
0.388873832184210455
0.295800769739202551
0.148550108650691848
0.086788217520342090
0.238060957046503791
0.256946844673257069
0.312093898675204318
0.152183065346756546
0.243910831324148814
0.205757599870973917
0.329445553366069621
0.226967169111904565
0.153201562083295412
0.093163086913239906
0.220253417139447183
0.260367130921075274
0.270689867054454192
0.349757542683572176
0.067779816655163583
0.149324537467661445
0.075708986493629699
0.224179432796701272
0.356895296497484416
0.190517914109541192
0.080905136367031949
0.122721381575954053
0.395540109422431119
0.400000000000000022
0.297526027218921130
0.140399511367718194
0.371970856603111966
0.218176895250039082
0.385405408666200766
0.400000000000000022
0.181795402839342146
0.240046668074344854
0.277491179913159081
0.240239685341542303
0.400000000000000022
0.400000000000000022
0.379317169807660282
0.400000000000000022
0.188692487442105067
0.312282882465008127
0.377067238486119283
0.378485640328507289
0.367306175321208350
0.254988729466674835
0.244855381035245290
0.114710668362470083
0.053139285482322746
0.218919245601743695
0.382548423227514589
0.125655192924487458
0.400000000000000022
0.207447939218740829
0.153402475237599922
0.286623749659134008
0.375189399582118832
0.186091747639932831
0.323732404857469458
0.124660950385603791
0.183688885625293508
0.318159693532223120
0.259743195688436956
0.176254234080807870
0.078487022909806900
0.100245450239087250
0.062742984472544089
0.159188182138519457
0.361378555737843221
0.104121365665536245
0.085983425276509040
0.120658886873334231
0.332244736715333611
0.396341306237055213
0.355490076922189979
0.101142335887598037
0.400000000000000022
0.397967169121012376
0.400000000000000022
0.400000000000000022
0.304708448982118019
0.102968518584361207
0.237098347431569212
0.194435704539784066
0.235716523854245297
0.302959862458727747
0.337267120553111588
0.282614947923917614
0.139063666384789231
0.297961181894846050
0.249345075137082123
0.311234886069338024
0.392914141135828898
0.180540485915412829
0.206855260443101291
0.093583365879489122
0.105081034309540230
0.289856269728057947
0.345190260590722331
0.308042211622149897
0.198822967941511164
0.231912724733194464
0.140252903322403782
0.384404283558545612
0.395779586753484458
0.214931234629627599
0.209463268101218042
0.327073750431640886
0.212905208517934430
0.373904791766846600
0.280128358195337268
0.113588421090617855
0.177284473336618897
0.226637420757964725
0.309717572125456531
0.297646051185290472
0.274900906500685438
0.112804503308135767
0.098523698116184777
0.115969224648676594
0.157410958311030108
0.232439805984676284
0.400000000000000022
0.111374553639926654
0.253432627529675436
0.400000000000000022
0.400000000000000022
0.210471671857091036
0.318776150889213183
0.105165488230914803
0.069676648667324037
0.179931762329879286
0.121884839974552420
0.115078796739177480
0.171962542648608385
0.250281670798576716
0.192619893830633021
0.270008345903123448
0.222299008003383008
0.167672760480552796
0.378229666850346202
0.288196014149348256
0.193712737283688458
0.325199596942171820
0.236699721490622517
0.283916123725157621
0.284347864906411507
0.130789787296035603
0.069906163264938093
0.400000000000000022
0.394537006948207480
0.380372738061903415
0.149847400422401633
0.149893196211145330
0.206558946137181121
0.309717744886919666
0.230559866791216650
0.400000000000000022
0.207702060551430367
0.115360474255954082
0.400000000000000022
0.267016733797156292
0.362831275223879257
0.318941732075653628
0.127984273226578849
0.112331032144915077
0.130521423242914880
0.114336392217555621
0.036341072713594311
0.149622587672488927
0.382955809780304468
0.138186902849948196
0.356520613488659266
0.400000000000000022
0.079341685688307351
0.115571399699371150
0.286809698006810221
0.131013880305851371
0.095414492005932092
0.177691138930100162
0.061612104909625404
0.106429822704667290
0.141107258810283798
0.231041468553206786
0.182316460228238941
0.121483659339449476
0.161033141879278807
0.129579736882071195
0.156560551985855972
0.235930527528844386
0.400000000000000022
0.400000000000000022
0.400000000000000022
0.364848704932966728
0.324900560087778012
0.342238579405160781
0.215684772184941670
0.346153552677614718
0.242120751180941868
0.380313649647076368
0.297783857477489755
0.155499075767606937
0.196731883452726686
0.278691947906081761
0.126965146850541361
0.244084892173032281
0.204591785565773870
0.097233238533723620
0.326798460982556938
0.142845313790028905
0.400000000000000022
0.400000000000000022
0.175487415770771815
0.134861275177585782
0.247068644455395808
0.084290792856272917
0.376659449520389433
0.230721572685724158
0.316847216885551952
0.150378485276394303
0.111939914756026923
0.079102201351480494
0.222101508590533792
0.107405657391314607
0.220567529387727557
0.213380737480363708
0.053866730602324095
0.019509047864377668
0.148264301820903527
0.098617564747447317
0.047329443331290397
0.265091286572985863
0.315374354446892879
0.107860951778310704
0.175091621670175890
0.205210957246178188
0.246081741924995434
0.259760976147269229
0.258211948514197431
0.400000000000000022
0.400000000000000022
0.400000000000000022
0.396379834996820501
0.396339686502306554
0.080389349096265383
0.164045397802810189
0.145011179611751806
0.250265150123692937
0.192601182872077670
0.132844165766510508
0.086887723052023497
0.033750137549729983
0.039926345032491727
0.133379899380928257
0.137392277035990246
0.124056104998146483
0.294146151590147786
0.100626491864045944
0.340931510073119615
0.192420881254493498
0.243305959023281254
0.227902072775077014
0.395825319014123655
0.098673156044400148
0.304655650879634032
0.153015089290747780
0.240079479438484011
0.233878869401089845
0.104022516281651878
0.143626379767760159
0.233776621361376724
0.085251821281971576
0.186946519585502569
0.242820434860540918
0.132784986767269048
0.141469891741650783
0.155627492068752121
0.137398092938559507
0.187527244420775924
0.195733999078082921
0.295133372305843467
0.127461577704160556
0.114006360041726859
0.176029888643234211
0.261712388287738851
0.300698018673398015
0.282649637186437430
0.267600785528561425
0.265500779791595920
0.375441524996856346
0.253934528056422137
0.169970856998703373
0.099237993254329443
0.236190024813156846
0.206454701703622040
0.239689623233224319
0.384638916471297665
0.126505498064474642
0.089868147633534373
0.141554628663798504
0.167435592849615567
0.400000000000000022
0.391760109456604777
0.130624543036745977
0.251936242129656707
0.126748697988819770
0.126890959488816873
0.395884030245671648
0.400000000000000022
0.278994551862375095
0.393751238353779676
0.143809531542088642
0.300801315277790360
0.191887398934686371
0.232248060960738439
0.257911331373127550
0.173524832470361351
0.115119141047474366
0.326646660143186107
0.221745763738594198
0.242999619793432403
0.238173288946859463
0.307345931315339882
0.188019304830748885
0.191455762784424027
0.310298012437896231
0.304940915535512280
0.223321672586541620
0.272251505324431320
0.125036015624305441
0.106476906559954759
0.256801249696620382
0.237669907473313791
0.394431514629457469
0.152222217874341814
0.339406801831449945
0.232674960223613642
0.244348242257647369
0.185377546393502485
0.327564291359544901
0.162741249873672278
0.386177997303882137
0.400000000000000022
0.298126354448548736
0.354036249919971568
0.182911317161197268
0.070385278014202163
0.260477573625682912
0.400000000000000022
0.400000000000000022
0.389984306234674616
0.195202058622674146
0.166299798708007707
0.075056707966782377
0.078943221867945973
0.348870576604507987
0.400000000000000022
0.317079180725372167
0.396697640153002684
0.261241070442336465
0.188047787507099051
0.184722361625000164
0.242369775231337126
0.323631568184886920
0.324720866984876178
0.180682482522901672
0.361120615721980842
0.178900161914217426
0.157154171813520815
0.340682658939105654
0.400000000000000022
0.400000000000000022
0.400000000000000022
0.400000000000000022
0.400000000000000022
0.228073106282627280
0.349177036451741030
0.249590518723520810
0.266380757423127779
0.325542491275642831
0.335311398309558584
0.224578969985146454
0.270698605847674967
0.270731735365867032
0.122259148825470759
0.171558812259110655
0.202821324510512713
0.359360941583744320
0.123557040810643323
0.397255132653847931
0.400000000000000022
0.190479239263798089
0.237756550062872357
0.215012738319870861
0.086485241180214195
0.111955828876563190
0.400000000000000022
0.400000000000000022
0.315983049565180862
0.230163134308574047
0.088681275727109848
0.066096558923890408
0.106061212160712681
0.400000000000000022
0.349365036566799014
0.216597746478725206
0.400000000000000022
0.333263198234447833
0.220508453795418419
0.400000000000000022
0.249824466979484017
0.183778402429635973
0.400000000000000022
0.373903263985024936
0.140803833154064389
0.153504790114727951
0.131674162397899613
0.228397045698057966
0.400000000000000022
0.400000000000000022
0.400000000000000022
0.397666349686502274
0.400000000000000022
0.333270731577039125
0.200769929850712181
0.297155524354041356
0.299594796311171807
0.333008398553674922
0.367787801817461180
0.247670492914493667
0.298741619018191129
0.306261315654140220
0.245603663403446248
0.297642701201075222
0.312251800269141955
0.255184916795834216
0.267353169334451857
0.308057357328623771
0.275116945415249337
0.294973497587896871
0.382690124070708682
0.155526639048350568
0.248868936363113274
0.174265742454399769
0.217624175169802148
0.381940053215388375
0.329821243190764168
0.144775263273473759
0.238662042945863712
0.113119284526533651
0.192261068110066102
0.326659739386393144
0.411133172982574846
0.180742634286985226
0.253442444961794522
0.132646733150793589
0.242567505831280839
0.349188008485406431
0.463087264907247775
0.179395259444144223
0.293231309813550445
0.269272283500154475
0.310176205712017428
0.282333456181806108
0.292913749304896887
0.169990956816263250
0.279923959444817017
0.238777868945822619
0.308245493874472754
0.364166443149867014
0.323778414623419108
0.235410391160781995
0.352249700730796145
0.300336532705246850
0.297204909039068710
0.337102610123128810
0.367763180334420292
0.251807721910651428
0.297905796948258916
0.347543722660510701
0.223985597934204195
0.238260509531113329
0.279176247219071971
0.381120771798804436
0.221136218683014835
0.418087150195844193
0.314798905551552599
0.264788053802284151
0.256377193568872119
0.224351985976270485
0.136591883447596457
0.289883979533224700
0.292597276649966043
0.389918887828865413
0.231879114201495234
0.186855932882119713
0.169602163904721104
0.156144056380125545
0.278262412602487519
0.347414432899455339
0.305535327429036219
0.214986318497405460
0.250059459192816691
0.132729078214184004
0.298804819916897169
0.330681202065197466
0.318422059690805226
0.247863058151611415
0.319672653787166527
0.295360578670785023
0.303539606448557153
0.219489733745472315
0.225039510873129400
0.273142858311397785
0.288659631634898550
0.268581202139138331
0.311541995866704391
0.291146557049451360
0.298635766359554744
0.350531303730421961
0.293034062254526051
0.307806528934467583
0.334656527681544302
0.350365651239297193
0.385987938055557311
0.366941255549813550
0.265345609006090666
0.341869372665005278
0.312912773360972452
0.372356885177168306
0.312794411376137726
0.224572950254932485
0.185962472066899365
0.278288807958061601
0.313520742998238844
0.395243597701265714
0.379137901552358658
0.148367940845252511
0.158652437569643673
0.135405235207269797
0.220644568624444648
0.425026208343741885
0.391795679077766690
0.163615579706162056
0.290945739844471030
0.111048437805797734
0.194382648012906223
0.341175511724716940
0.429266243453824192
0.176103183313624123
0.336071757949377214
0.169851120434255154
0.232666539240896642
0.307485666230364552
0.373888708385882951
0.159178714782402780
0.332095919198052925
0.345773683971028090
0.317096815469122550
0.237871832514964326
0.267559275056266976
0.180579838926488795
0.230347048057364917
0.210749348436001543
0.282063181142899300
0.342117403547821997
0.343796080370082635
0.233939492747205047
0.190157029384288412
0.137752864547568327
0.163928558547775827
0.248956761240312435
0.309085106045329461
0.217919736763822730
0.288303504942256816
0.308370256106557106
0.248287450977304175
0.328942209039231381
0.349254987306805209
0.381783058977634482
0.185344703632263713
0.315834957108682812
0.289639491113724390
0.321020295489768237
0.346175009605610151
0.221588739785834737
0.131226423147821930
0.200471216787175416
0.248373381247783270
0.396004010318443678
0.273417353329373669
0.236020532999009325
0.182043715613799839
0.211105677379312101
0.275757272452586910
0.352493416181448915
0.317017635451726953
0.227289689257345079
0.278717431307388241
0.224377464780876723
0.363322974128917731
0.321031927750598245
0.266328970133983711
0.189336876765226397
0.328921518515465305
0.345959071195070467
0.373760140522349738
0.224024338575878362
0.172104369887796954
0.249499742944884889
0.248430847679146999
0.222033416372119707
0.278543115778656758
0.248815481929052590
0.272754449714590508
0.375895888332201111
0.199105068837382576
0.166165010348723136
0.167167816572949213
0.184939557651223996
0.280993497309515616
0.315915696618567388
