0.090972134381099606
0.219649036429070771
0.392538179932424347
0.400000000000000022
0.400000000000000022
0.400000000000000022
0.110112632529444865
0.107367071986341420
0.271088927442828642
0.374033062582377784
0.400000000000000022
0.373318909814697064
0.192679055170768471
0.161281892645549624
0.237559651643095227
0.176967805314832138
0.060669298319904752
0.029934742287481303
0.062788829908260888
0.108624381551089846
0.154138228153479523
0.205974355825109756
0.120764068810423328
0.065691517211982048
0.165024427942597446
0.247755072485920963
0.118626885166879720
0.105020710348079568
0.055378960660908486
0.198408257738220156
0.230198516553217714
0.215567676993651536
0.032227831873505204
0.085010734700245241
0.021067712115468696
0.103816966339467964
0.113388120821304353
0.311577920795095720
0.105601454588683571
0.265796930147023103
0.022417611455386489
0.015841117758126088
0.102501979126829637
0.037924830870566140
0.161955030492321295
0.351933677179450122
0.054553808285039945
0.059488365813507804
0.182754136779015114
0.283920551242337060
0.295262841896530737
0.340190753835887705
0.055400783782608432
0.031816907279160249
0.201553054193273018
0.273340227524596413
0.207914972813310617
0.214702052040921354
0.025604320306119636
0.010304440422713553
0.373237925859796205
0.263414049990708443
0.241184007292438052
0.130984180376189419
0.035436249450889613
0.324914965717475912
0.146692814974599184
0.136001237431981364
0.042716536545633628
0.063191430545022395
0.040434175088338423
0.282580539816125853
0.193097371050620720
0.400000000000000022
0.225891847497241283
0.043058103921823368
0.021055954499561488
0.313375755167992431
0.126179095771002447
0.170700513623886330
0.052152877316204369
0.065337409961080797
0.036145608215991686
0.137967321319988456
0.234201909791138252
0.334231996591299096
0.035423625387164114
0.107656358059872698
0.005617040009641409
0.008763757993105636
0.067105067401984880
0.220413723384028953
0.174227193147207332
0.146626059440855216
0.009183049145991329
0.055954660698299526
0.139190418218984202
0.089017875123321183
0.177981066191179815
0.100703722782406774
0.032953972095800560
0.014938894632089601
0.393529591943879486
0.333265602915436554
0.165531447303277734
0.083644500364716878
0.018469996600230056
0.004485737614653154
0.350224491484049327
0.112568381089095018
0.174705162868322494
0.041219217403217455
0.034866398203909341
0.313515648345953357
0.091894238244246640
0.028824310912686554
0.028609989516006989
0.042698401221588897
0.114178912193693055
0.238744969433750953
0.181775129799718244
0.322829050364880299
0.136727201593172726
0.064225346056680302
0.041688406477692980
0.142232298068721036
0.172730703627977933
0.238397117498533928
0.035424801164829156
0.037808579170136671
0.018924637317356635
0.094770111618304217
0.257893294836697928
0.151340038116874742
0.027849137175290806
0.027096357142322332
0.173641841848435230
0.239201881448509623
0.143209873820872496
0.087431663612255378
0.030961373002907654
0.055636190573686073
0.179136548834261167
0.351359731468500192
0.140105265250607264
0.095329023948632963
0.108583314467353781
0.140677806904428992
0.015878233081703681
0.045004246329167441
0.192649465920030127
0.241136300831149009
0.100649032326592558
0.268118094689560382
0.012222099198412474
0.011586029445024456
0.176310308163397544
0.287346276050309490
0.148084335710398779
0.012604937170707698
0.008625504781187409
0.064690792808485331
0.088563159750537815
0.178002376175389138
0.127386900208972975
0.011470355113646247
0.018338000035902649
0.112805983637638801
0.103901805835540886
0.278021335006849335
0.099355245262248607
0.026680144432360935
0.014470611128632613
0.075497684421014469
0.184200127166017025
0.202145192487978076
0.061813797297444448
0.001903992999070418
0.003612941915754366
0.094169152689957403
0.255498328241253958
0.207834776438995367
0.041367943587981709
0.054793024884625403
0.088808870483983171
0.400000000000000022
0.146049279502023066
0.115997628662394769
0.048762566178419453
0.031527600300285348
0.107016086990417938
0.208112527919246559
0.184808050801290841
0.141535047756601057
0.169941606572534293
0.043427494484670807
0.016267774317353014
0.028262540224130869
0.147162732577823085
0.125126954313738714
0.244609886774665747
0.187893318900658968
0.017953372834413572
0.025021180411239404
0.365988571743875890
0.099697321892082899
0.125277250648010208
0.114015315690948887
0.020434719173514217
0.167942922153695551
0.169522148099389425
0.175618029816152210
0.206816656400190230
0.010648972565018226
0.158506549061552787
0.400000000000000022
0.158408022227316758
0.270708953609014702
0.096092731838533119
0.032563027673294428
0.035797496810013499
0.105775656858170253
0.195346139656197570
0.394559623517692915
0.096141379700836915
0.006339099958673527
0.023667197895382852
0.399439053247500953
0.332284631043027190
0.250703605493911019
0.035966485711158014
0.002307566012994779
0.065684079893675765
0.400000000000000022
0.202009563943979426
0.236470204933826589
0.130603873959880296
0.023022803634714688
0.086974468702700911
0.185248173965095186
0.391623206327409379
0.099428002792857503
0.101895665390823634
0.037714816607437147
0.013856546204549174
0.040241284935246584
0.078192204031081486
0.149949450445477722
0.199961569404042860
0.121012801428882377
0.005055751936338410
0.053220843697782995
0.154630015930454140
0.137322274508752701
0.086701444570160671
0.018903418119434096
0.008515399752553388
0.003805093777758214
0.317726525221493639
0.183046215722149491
0.189191318037980533
0.011854774600715117
0.043315900358503905
0.031428967399420353
0.204311481133596873
0.087821353736445618
0.013870119001583586
0.015970777979076457
0.039189276848666424
0.116006323456315147
0.187716207020447889
0.151824428005653128
0.022347553753652084
0.004194789142245428
0.011278369193241537
0.400000000000000022
0.134162660966974323
0.039512094019459362
0.016064264436557410
0.004287866017469754
0.025391908279198711
0.229363239403421126
0.139372458781759384
0.093093326125193693
0.052986305812511250
0.001069879762485592
0.035585067221758269
0.075183100874241293
0.198997512265624565
0.069077206106515882
0.036024989671457362
0.018164158248571795
0.049352246206775127
0.035700893874507811
0.148436387635588113
0.192623334199414298
0.131518420386767476
0.021176748922608551
0.020432888624688787
0.053213045981190268
0.215663046497816147
0.183424260713729026
0.076509466245264612
0.037947560799639943
0.046101816737558400
0.024506408074886032
0.227415621614040719
0.059926469156694223
0.059360047554993148
0.007957632982080987
0.075005603997248760
0.022230669739255540
0.220555858306884012
0.238429043740132102
0.042252705350378984
0.038848060772218029
0.059031350282243183
0.031198585959518396
0.192417033469678311
0.299626265456309049
0.061045873975511450
0.015704917067584978
0.011252798103994328
0.000181910413899106
0.221295600493336270
0.062204767575960981
0.014950934012333876
0.011381452639223091
0.026631734086814945
0.002498108477603020
0.353713287742035531
0.400000000000000022
0.198815083955312055
0.001289218340513415
0.047025178266688429
0.033842937417557499
0.112815606040268482
0.068197250617898983
0.091433850798211591
0.027954869930450134
0.031418634577004022
0.069576522663452198
0.045319122038159881
0.155070007258645115
0.224676812033475948
0.154909363082589652
0.007610353179699241
0.071195655176558251
0.118900734552306431
0.159794418374348934
0.074257260258629498
0.042401262914084817
0.025617993214090258
0.036469037707944560
0.182180890106222099
0.127575948555373186
0.083634034237273558
0.021243700147857442
0.030786085257855582
0.398306239498191661
0.127807821760776930
0.078686224283980200
0.028304229386157204
0.077022378196819591
0.074125259931717202
0.083124971451309565
0.060371914087825690
0.156878271622655052
0.032156666653706652
0.034834074608908895
0.007058595496757816
0.000559273698182305
0.204346046069861759
0.160298832478828202
0.044521566271207999
0.052272378587324309
0.044483992867891620
0.016155982683829662
0.303853926290303278
0.367953142356587548
0.077253153611930303
0.001817199990956707
0.338422343798876812
0.389757733243305093
0.235101793201783593
0.055033079853072674
0.077700491800938937
0.120053956314029958
0.087123031785026631
0.054387603654561661
0.054029764865367889
0.171029211821226101
0.234755124877835536
0.400000000000000022
0.167370812694467852
0.147757961160800949
0.097718802290981260
0.340041467682559440
0.068936546950542146
0.341427250357239864
0.198087292353576638
0.095840380954548582
0.031665286174244280
0.201924349509118861
0.041546885847091840
0.018905577002585439
0.093015616228242753
0.400000000000000022
0.114069113568750144
0.019529288485157351
0.008591102886847772
0.104210577982762495
0.362919570403708813
0.320370995235857214
0.134975426450977154
0.181344142769102129
0.035482163806105249
0.026554116946632480
0.098791339886512591
0.003593959553153197
0.215735010807068445
0.107054672269001880
0.035302405446710101
0.031794283358649145
0.029602287186454204
0.007408830610521964
0.373290342345582560
0.398969222425877901
0.018735574101169838
0.000000000000000000
0.072824068395180019
0.368609786549021212
0.279221757916569779
0.048850250612714724
0.032022215269740709
0.112894210800912498
0.040736123202500391
0.075999200744690271
0.130746909992432159
0.036461985707739598
0.066824675725816407
0.374053290206275424
0.400000000000000022
0.247787009852065421
0.130183775543385838
0.116815400897035987
0.119232860148879988
0.330292844266049879
0.400000000000000022
0.186680712749245470
0.075337828042626759
0.202262630688386597
0.127141875624879219
0.010728447868426466
0.071555907568987470
0.115581589625934067
0.133904538647557719
0.074087076761682205
0.044954947922179786
0.070769238623018108
0.303259232173127113
0.276605987922030061
0.159540333591333128
0.043634364503744152
0.026791729697819823
0.042115706255312760
0.069096376096600728
0.007324378973780554
0.152345951766628629
0.098843432006115853
0.037473680069553469
0.100058768674984047
0.021545814476004396
0.011575704261068378
0.171260271293520894
0.250267580665116118
0.038666644994221525
0.000000000000000000
0.005965647054231491
0.386016546967032803
0.080584498557556949
0.026491940490036496
0.014683847248661220
0.020541530092514096
0.025487288304556547
0.060911500578789281
0.031481574575379569
0.044729487936794807
0.072763885240877429
0.056740607991006914
0.232964392576085005
0.400000000000000022
0.011951230201205622
0.113929842008404669
0.101187319544931639
0.197993748652239510
0.192772405361518323
0.227615675374927134
0.082243350630375855
0.255445415993978409
0.109955830951347325
0.041853443466852519
0.024096751301673623
0.014329412486345621
0.104089051682961509
0.036364734693592582
0.033997815802704855
0.120791611854812922
0.159177992073100377
0.112881431404360966
0.113211460255812399
0.108264890908006367
0.067769163046365599
0.040017669485678038
0.035149121736732916
0.000996074761519331
0.221799990237802724
0.105388321573771093
0.018274841278978673
0.326237725365403741
0.299847512096023672
0.024061329394649951
0.147808918991092053
0.078486034066871407
0.004536147454742566
0.082432371380874322
0.096976760464486500
0.274062936820008152
0.093864793724194359
0.038228808084225033
0.006229815805873232
0.008548651557336607
0.015028284597533231
0.058520173650363216
0.076206027088938921
0.024680098041188286
0.054369212372642403
0.088312140690175192
0.095572308178368245
0.200684030803989388
0.140014255302267632
0.171395303081796263
0.391683299094172321
0.393800354837376188
0.137792926158829793
0.069428405330352674
0.203749498678123669
0.190046247680791563
0.309747395780577861
0.138309678800673380
0.005263444842031657
0.024084827351246861
0.374149684016428674
0.215937514364032773
0.045884920223771906
0.065216453124778098
0.029836181064540522
0.025808408075812497
0.055826524450199755
0.132167245792793042
0.094207234751525148
0.067116413420174201
0.057271328343544009
0.006698056973138466
0.026769398315172749
0.129312629740487073
0.113564087341610012
0.193880366782604507
0.151234134166663065
0.027454632823088153
0.012202507535486615
0.095893799936146565
0.045681709736666118
0.073519948200559695
0.014513967474639341
0.082522211605931012
0.306030361281278529
0.199439336638843501
0.000665021268169033
0.004123539805975896
0.021402488717364814
0.025913155222644618
0.125406053648273924
0.097146261852788185
0.122300923902726663
0.084825986828925865
0.145500984656318860
0.240060680792966774
0.254142166576735440
0.231652626911485193
0.400000000000000022
0.236966785774101574
0.065518258765239701
0.058381300527763379
0.193076360890991505
0.128200761454681927
0.333098916737759487
0.075746247428165950
0.095282009790351146
0.029912231897537223
0.217260915195198301
0.227283031215202685
0.117758430825972815
0.086337563029729295
0.063803620899299432
0.005157643379132878
0.133354733813890958
0.262244486055735249
0.308688749361576198
0.080152926487596754
0.067860705766023141
0.007890118018036903
0.094224917376215495
0.191491189592584599
0.144469495104813411
0.100374117744031099
0.091794907584364788
0.020473198836977836
0.010108339749730163
0.076399885893820241
0.029521789880428539
0.022354999908580812
0.013154670340355305
0.040553754110765061
0.280275754047411008
0.327990334463525768
0.005085371472169106
0.001707267091107128
0.022387750572289103
0.057067166637306405
0.112725093743453020
0.130145981692066592
0.024576339073773063
0.045138597188236512
0.113950178191984219
0.170210693768165500
0.128977557422751132
0.073450283126898566
0.053117839687659582
0.099510941258319829
0.071759338446350074
0.057249751596318482
0.188294533453726931
0.141126848166689550
0.254304655893190734
0.033270771378518672
0.155906563604603005
0.055684971888628781
0.247130993636540675
0.258309136876863077
0.397630268008070886
0.098057436834392969
0.093182511315672567
0.012947332055691294
0.218428612610752776
0.284105700564326991
0.400000000000000022
0.117793010891538402
0.074317139638036836
0.114234428056194465
0.068969854752081894
0.093402369754322215
0.201593468167594991
0.069433728495744210
0.078595594253708656
0.089876186579702144
0.132323978381340912
0.129330118074367201
0.166598099912701858
0.039471059147518799
0.037249671686695220
0.063937038831529361
0.269699430265413154
0.361703239213097882
0.010807284140091978
0.003252116336533040
0.003770160671937161
0.046431585320897563
0.144582633798041010
0.261896818525092723
0.098108675021376407
0.072994793878930000
0.010493372218884894
0.069868886808906516
0.205694294893622454
0.149863140356625429
0.086080568505036786
0.091950635447937940
0.010406602506986429
0.006893827649643981
0.047590841001821607
0.123440920138694649
0.309684184278411045
0.027801816878381645
0.025612034530406946
0.005198452515264519
0.054976831688344427
0.184924057190916591
0.345876090856257923
0.072882019523019453
0.022985793609988817
0.021560250677671009
0.137188476004103721
0.200147103350220790
0.317601557518789046
0.113750748651680944
0.159365776255836977
0.131468347145669767
0.128628232167607354
0.321533697003299646
0.343958660395075944
0.060886594250263784
0.108586186956468184
0.183207034374117339
0.046287150016853212
0.302305617691935591
0.400000000000000022
0.037243330694137954
0.078606548652202998
0.044427363509182589
0.065598744803368469
0.093068456853224554
0.018663508813001564
0.003537441052663052
0.004055425581702587
0.055553255566834520
0.128637200332502172
0.117947921902809588
0.063101625732244621
0.020280103588521562
0.006665485809338024
0.041622810639750735
0.124085523764660199
0.100598059587451688
0.048335020726053161
0.024815796875861551
0.008167657538299400
0.002200272659344120
0.219845498959612307
0.134874942978974149
0.153330981618695766
0.075095367546989797
0.068214791052910020
0.074310355621757085
0.155511563533858310
0.108777900626053525
0.291235636500542183
0.156279615481853512
0.301172032281385560
0.070929879855415739
0.147767755402994416
0.066441128577015118
0.131821873925999755
0.221544558870670150
0.205476996495202152
0.043031781769499115
0.017343468462352671
0.223112495591309190
0.284578149970051431
0.195518955883863116
0.124359392850490982
0.023887754433272377
0.180057108231854279
0.159395886133960885
0.203736151979513641
0.218469666191598716
0.285967229498262920
0.019460109224129156
0.053715358087639477
0.064518213740919206
0.022213353371041071
0.021120053577593376
0.021665537646375865
0.051325198930099118
0.071325627381875381
0.205441062875468095
0.113165949768534141
0.085765686086792040
0.012674363459270081
0.030501253397940485
0.088056787881799048
0.220228586055055964
0.069393104260204161
0.133814439103648763
0.021287650731659419
0.013051097045394016
0.253899219784742947
0.186939421849404763
0.075583492655485196
0.135128032469493814
0.227745744860351235
0.143430896458978135
0.116781269262155374
0.145102209395902654
0.142306293581810517
0.215814591590603760
0.362668475313822070
0.119260145638418885
0.143314960536233049
0.118934440910061084
0.185185324080197694
0.266654817840692226
0.303170325838995502
0.046034240524548298
0.201242027701207721
0.245556538317387468
0.212459822198797416
0.149241558609567809
0.171942395453263980
0.026252234859395793
0.165935308462871800
0.171986067102426587
0.298458750196938405
0.390283724364924089
0.400000000000000022
0.112344865216268630
0.048490638728380858
0.072820572803818082
0.047090486338859670
0.037437521311266111
0.026652715736862037
0.120634020491698066
0.043410986768074512
0.303035131328013574
0.218721186895680264
0.061088382304548119
0.007245587423085214
0.060041516366555379
0.086596148364834327
0.164323519415697117
0.111629493812279629
0.095373458259727248
0.080407608584127016
0.029444683897847941
0.244163025590477756
0.156026450520591026
0.050632683596440860
0.177272568574044720
0.225170359012809185
0.131655454580928949
0.134064774382680246
0.129194431377356894
0.096073124430952922
0.121818303581397683
0.175793465380691322
0.078971992322403428
0.159189902687560114
0.099033156670930295
0.061814953387125268
0.222583680505060694
0.193862686480074931
0.036378162300226127
0.188500761408609052
0.249123946902632371
0.171093666500464148
0.125702730870917434
0.126779200911254858
0.017194270010011083
0.106640046490075260
0.121559210254967714
0.233876339730206884
0.376284404530193850
0.258468449938784428
0.130043709721449935
0.365706808934887495
0.268499287041785495
0.397423531817603926
0.400000000000000022
0.400000000000000022
0.400000000000000022
0.240859542521877051
0.143829057694080997
0.327099256155832574
0.400000000000000022
0.400000000000000022
0.400000000000000022
0.322862830714154336
0.278097293542585666
0.355988281584650734
0.387427821699805275
0.400000000000000022
0.216615455036726745
0.138126657950887660
0.310887012239476457
0.280913911340484990
0.216702803693536256
0.192319976379410812
0.181273106837916115
0.298928966590155165
0.321842149247603238
0.163581833089059520
0.175789948971097676
0.319725478702752308
0.386793941623286841
0.375722503058016799
0.259202041497395730
0.059019561571325034
0.127126440955558001
0.090164088212069421
0.111141345313248541
0.265734072587933023
0.391142371793913868
0.143075134658237041
0.337869587205282151
0.043963425931390888
0.027416822019194466
0.273762250420350517
0.288192411535682258
0.200621675486542805
0.351933677179450122
0.060519455339271437
0.398099300810381806
0.263338635336572091
0.302197978510323206
0.306601159867533557
0.347444142407875967
0.080888072087164975
0.092728407857949530
0.233034628768652552
0.318069715461391178
0.280678858054188018
0.271442660031928296
0.258568712882204621
0.400000000000000022
0.381731105524332759
0.376700330795484151
0.342371326837369649
0.314612118787084283
0.228208654812407929
0.400000000000000022
0.228936165604974984
0.388939579402622249
0.152672367496980960
0.105044874011874942
0.064530926390012039
0.296909952302471525
0.297186422733582201
0.400000000000000022
0.259889663299946116
0.163849715776636290
0.180233946572661868
0.371762218669286826
0.239390556026814860
0.278965404531892669
0.119922040362569968
0.105355079446758856
0.071294729952724595
0.138963396081507762
0.395532001842211267
0.398001590740451938
0.053698466666142794
0.373368093018712544
0.301304188756298941
0.032825087387755580
0.214913986393076933
0.298899757450900361
0.178763340601949927
0.229058430821729553
0.106159809610477829
0.330017597518307726
0.233055211943178575
0.127246683207546202
0.184210881997053044
0.109252374339743372
0.047982256693333787
0.073459068282452827
0.400000000000000022
0.357479317829576038
0.219900659675920152
0.171956641054892057
0.114042304778598280
0.205169768418642540
0.400000000000000022
0.283963684170891240
0.400000000000000022
0.400000000000000022
0.172659324362739147
0.359838321912932746
0.295643736922370282
0.218870558593478093
0.328148786555197303
0.181008080022262291
0.119442357035724714
0.262829796784997849
0.400000000000000022
0.400000000000000022
0.182612121816944611
0.129441799181458400
0.071524587542233509
0.168040706144533536
0.228557228078177688
0.370564363291327026
0.129632035916354277
0.104924992590310878
0.076195965660900644
0.101468168591442698
0.284662693151870649
0.280652667857361870
0.141413224516900804
0.220976723924926843
0.269057518806928742
0.266656514271597755
0.155412381356359125
0.183325463548401957
0.076643082739573778
0.129156138774245755
0.193650516308900511
0.388795374557676432
0.394641420251699793
0.292007629290177206
0.109248335735522825
0.144801346710404899
0.037280721799068495
0.070917401551812059
0.318055519568304079
0.338282562683937138
0.222949956229319207
0.347464787405075803
0.157723083854731327
0.251646710237991234
0.395863060076413031
0.400000000000000022
0.400000000000000022
0.249571722944809310
0.074143763546427113
0.123072093336248717
0.281639520641529306
0.306203137630071065
0.400000000000000022
0.087216602541812197
0.113620009826253782
0.142718215535175996
0.321162721030739173
0.400000000000000022
0.217113676088221436
0.113017707462090222
0.078274232027932059
0.080655327800147336
0.317554860979907927
0.400000000000000022
0.329657189188975741
0.082056919486667171
0.071473647681777511
0.102059270707994296
0.349723245617469425
0.384663337276166417
0.185837438692795176
0.155167142628656468
0.180603778068347931
0.400000000000000022
0.156157619251753255
0.192397514556215038
0.078284356058847981
0.053882600208866156
0.120170757330773231
0.248666282030011621
0.398661010709037478
0.393808188308623186
0.175026978044703380
0.045134761575777935
0.038655524889642114
0.085329706861437274
0.259887826321276105
0.255272936005805307
0.269186225848438820
0.233031916088895480
0.131903551026397781
0.195231874179404907
0.400000000000000022
0.173147605018981493
0.178395090335669804
0.213526256949268717
0.092194057619864295
0.225192673750014005
0.357816681553116356
0.316744877982841677
0.394385074765034316
0.043919743943536899
0.292226859405316119
0.400000000000000022
0.387688089598880681
0.400000000000000022
0.400000000000000022
0.130620464507687412
0.128980008125686052
0.118722988913861557
0.386559628693911250
0.400000000000000022
0.400000000000000022
0.124132110850211919
0.097984337533419702
0.400000000000000022
0.377255838156472567
0.344105975248233220
0.237559953878753005
0.071741294508738992
0.144279674147384407
0.400000000000000022
0.334333542325320310
0.365800323008193817
0.297201973872582126
0.062493862782233484
0.124224140389396123
0.249185212796624533
0.400000000000000022
0.395649584915355124
0.112702949530915600
0.040966932943970191
0.017626706876486334
0.086672870256144147
0.222774837829122496
0.389459826104387119
0.298070244425419240
0.194007595307812364
0.015549124155223304
0.123089730506689490
0.356065614820176291
0.287185414865378130
0.172782013075197471
0.110854053567372046
0.018922002259539817
0.010698921427402194
0.363947143114998317
0.306487135860844195
0.400000000000000022
0.039656591479096760
0.068927934888910844
0.036627419914684864
0.259288312821941258
0.272745410927362208
0.350870920613805204
0.088852797502095918
0.062175070458655245
0.137566574133986125
0.324904683024551610
0.351971531355873890
0.325182281510201343
0.117945537793926386
0.170644145449078521
0.400000000000000022
0.262790893134581705
0.357374948099227874
0.349646516243357353
0.065174460267733547
0.133978095235666894
0.375111264714481196
0.185659608798612596
0.391723888967619949
0.400000000000000022
0.038313210456623545
0.114191615873961275
0.119610464383423890
0.264596257068993035
0.162145662959740450
0.054688498484458926
0.021701599301234852
0.053407671788477717
0.091254149441342330
0.277073587968090285
0.310571256102223914
0.194620046119012097
0.041456852511130113
0.027098374434026816
0.094835856620941003
0.339748570262476290
0.284022320301180742
0.124844486971317781
0.062763357675501494
0.054269474275857793
0.026706680734230152
0.400000000000000022
0.194801412135668373
0.212691029173688873
0.083053000529070775
0.143220395050158766
0.096541025361012611
0.373975106210217012
0.347206944366185599
0.320093958349019103
0.195127676254071541
0.318724271527547842
0.102128465814934122
0.340184788872672728
0.366067394033324112
0.192867747901511205
0.237249475938255128
0.216729794599196501
0.043213692183398218
0.238639068955688927
0.285317263167270185
0.293864948330925524
0.206900408523086166
0.150991126937305931
0.026385862910875395
0.400000000000000022
0.400000000000000022
0.358926500075438804
0.219758884532112148
0.316295646721274082
0.053303046641686648
0.166530964127907938
0.132715464358818203
0.113647204169252683
0.049074923508043503
0.053084172223379897
0.120901721593551337
0.116644749420035262
0.359324652203017125
0.327051646288940567
0.240675049169381705
0.020284716638969323
0.101696908574498743
0.206957522434105479
0.378664881730104153
0.143650364518833673
0.176215702017733566
0.046905643945749670
0.049520134753338572
0.398507464348215268
0.314515370404777894
0.159217526892758726
0.156371732617351267
0.258061988377373097
0.400000000000000022
0.244589091022932303
0.223788433679882853
0.170610522967967720
0.292836969787423351
0.383889363952729101
0.202385117089728450
0.203686874624058739
0.275812712532716109
0.217341990733904339
0.301488892449601087
0.304894149326212283
0.046593514222730600
0.379170218670827452
0.389015892203983804
0.256981388470005456
0.201513937196892118
0.212623003592666449
0.042408217543225463
0.400000000000000022
0.400000000000000022
0.348429781149705242
0.391090949262605903
0.400000000000000022
0.400000000000000022
0.283592431930164479
0.127853652656890748
0.124790978139798600
0.157491477625296084
0.113775747521888682
0.175021624146259713
0.097440751633442402
0.400000000000000022
0.389675579096805280
0.400000000000000022
0.174616400117553083
0.207799477527356335
0.184314950655815601
0.400000000000000022
0.180566040762821789
0.376463256284997827
0.275824917479621401
0.125285064852396516
0.275828311764722056
0.357950800029709859
0.092179569443532700
0.196178145576630159
0.294533523773065353
0.400000000000000022
0.248133887951430376
0.148723719862514259
0.104664227317800687
0.226028881564160178
0.397732897650044159
0.362384193319517101
0.294165329138537268
0.280377299440032424
0.097297117193230531
0.249137797451693177
0.271470859112270757
0.039972121853379325
0.378572833833705102
0.353905338056067720
0.206396071947174270
0.157497014229566579
0.156381488097709076
0.024603100620533051
0.400000000000000022
0.400000000000000022
0.252611913831376711
0.376284404530193850
0.313663787979981290
0.400000000000000022
0.402102915924722804
0.272939689214468650
0.131094549232242064
0.121676337920755648
0.090140928086969219
0.136588798170910269
0.242394756565036007
0.304156002500278855
0.246464827349187149
0.296160283131006341
0.208688316046668348
0.249876923870361922
0.339773257264603556
0.354293422622098508
0.336967038076665060
0.379938537080335093
0.177107509223476484
0.176931826245356388
0.300998565749196145
0.335310863467593756
0.428099625225252189
0.173773388558960046
0.136377984326386814
0.268075467108209675
0.310450930810614700
0.392794024973056211
0.333353316917465559
0.194351522082292644
0.169846169268721786
0.182760639681515846
0.286312065080323863
0.414092252482207157
0.298144127779056134
0.201426104526809202
0.079324535470784066
0.169566458531688752
0.303051445510354733
0.375702737353052207
0.242683704102590547
0.170573206253928494
0.105101082833363627
0.189656469738873762
0.299832741389586432
0.388048932058604745
0.290583991784510498
0.199298012333542218
0.204192366271393366
0.331178978496919074
0.411436338283297010
0.251653303999982592
0.178540037594373591
0.155517787934189411
0.087067530579174005
0.124609616962371675
0.290165090726444974
0.340711728099837241
0.312810174867019120
0.343581963714624072
0.200208156038761020
0.265146681987872446
0.384456951545762871
0.366340001557532824
0.318502403411466406
0.336963821951580089
0.225526040075217482
0.262792074662384856
0.334968939787612163
0.301673371815224911
0.277842539495910923
0.146748361327222160
0.291863330465926996
0.333520289386929736
0.376898918878062761
0.355068852097554344
0.203141880501044370
0.169682960074881928
0.336887598390393506
0.272988387920768738
0.349865941725901852
0.360724963038171142
0.179640066626261197
0.155269539920772387
0.256106508888701290
0.199194531247890744
0.396986310349068339
0.344947314152491247
0.149861822363565128
0.170313811444480517
0.214141478647813049
0.220570637085278853
0.371493613933446487
0.398637383577491400
0.219574199437358980
0.200999770522135773
0.278708037035438116
0.378741163153850091
0.353769082410833213
0.367836477430572240
0.210450225973224631
0.179071815191771150
0.120989288434575015
0.158370923982583983
0.257797782009359933
0.393013161680138057
0.269070072337686095
0.277838556421381666
0.199968307896928099
0.278654967811620302
0.359998278742871158
0.346501310904873794
0.263140066297701203
0.214385666961154658
0.138279231351365856
0.177119633096455842
0.326770712099004379
0.316733808345403156
0.284061984210832674
0.111182192472729507
0.136052156200997199
0.265516506577245237
0.346015714645303341
0.428613071737757423
0.320315593801279219
0.189973912491301578
0.204123352691409549
0.216399985732626893
0.298592551101772574
0.416869444502865949
0.295061245964281127
0.174344374824362519
0.095278039655966276
0.178644437573148074
0.335969040704153510
0.444315784605558428
0.318583754652840279
0.303157388157138274
0.107873194225274138
0.187622931450313751
0.283655173856076914
0.407887967274045471
0.350090793517987775
0.236707293790477391
0.192163080452325302
0.286150459984784944
0.319416299144706928
0.217386713454690572
0.238314307185847563
0.223516386873190170
0.118254453323709416
0.180185409540914498
0.263460400227348956
0.362362326039620930
0.404195593115382945
0.362123841540665847
0.192414466699906472
0.248530581783612509
0.431348294088077455
0.388146409923803115
0.313570993722976865
0.257106637672731897
0.131523819755743704
0.190459945771686623
0.369744437332764075
0.327503296515731068
0.262449372337150544
0.091150109820400130
0.186737481801389382
0.333061332045047065
0.384049691806777282
0.390344710452103949
0.220540720398394230
0.160429399370092179
0.333546640159834762
0.322558537558037872
0.362502407067844756
0.376197164200686107
0.180642862290498363
0.152215270946405912
0.228010972196065087
0.220294615899078033
0.410545482195205091
0.382415658945691794
0.177230471236398429
0.241584562071025966
0.353977311884423163
0.223901637150338145
0.366696513803093482
0.381729779038386341
0.231219161792675820
0.236490701152370031
0.325069864664263242
0.361997704498866313
