0.033635057006443370
0.003207358364941564
0.004157781142358545
0.087376431977705865
0.038288251694688788
0.038938792324713686
0.076524322031275335
0.147491473253371141
0.129480221266558448
0.071842308120768889
0.087379957901784447
0.096800941765002785
0.400000000000000022
0.372884025471411529
0.400000000000000022
0.170579871406137340
0.089213902366719000
0.073131507405627030
0.395402598771916747
0.235946832969866321
0.129584303018050434
0.066827263721777858
0.029831532728766357
0.034855946528821735
0.123687769949920673
0.121518704740976452
0.050008636660796586
0.083806448370614448
0.062557325943734171
0.052349970517363648
0.051224959760495729
0.093891061259138375
0.083100683990214474
0.075003877202900512
0.048707075197899873
0.050459812550127693
0.132564559602962873
0.048206020865995847
0.036017553683563658
0.058962399521582567
0.022494261714568864
0.017914695527170121
0.033715248868816355
0.011594664702321567
0.029967353124838357
0.069884625107740753
0.066982770334795563
0.038838150533511778
0.041213160556355800
0.021738712290792273
0.135163393481856881
0.098733861594129196
0.063091684967280931
0.132719063280505423
0.084966225625990377
0.061844839458106683
0.117708084464528073
0.125323665724399819
0.030351663438336243
0.105669409361703118
0.120791849556407579
0.400000000000000022
0.400000000000000022
0.377502019602848404
0.056952023497004012
0.092830663856900905
0.091909966719809555
0.252003470155724441
0.128916667840217714
0.136973975795899205
0.094204298372017589
0.129811384508779992
0.102099822957440134
0.023050220884590775
0.072334205911422436
0.295912036201766371
0.206036964158337277
0.087963723631673735
0.052085648838164682
0.034248042813563521
0.052487974445121877
0.103412899800176414
0.036272643685667301
0.070656907484480391
0.022931406030147160
0.083650064764637072
0.032943493816330216
0.108579322728692487
0.040721451361552113
0.057327606150304626
0.043034153497249351
0.036581769027785600
0.028467963012225782
0.072823019508681169
0.119271194554055687
0.093125887141315380
0.031038102507126041
0.246344184628520757
0.143197741053643690
0.277075231100071595
0.141945538252844061
0.194703817978423788
0.000157888593337557
0.315378141721341820
0.142878155028041021
0.167568070982235057
0.101339158603543686
0.134952343944329978
0.103601847922076509
0.400000000000000022
0.191787160887237712
0.027799317006366869
0.106294804572764495
0.181011559200376704
0.124074991319207600
0.341149268156232033
0.100053044592647092
0.046732367534542074
0.113169487600373680
0.326695854008781428
0.083266410301526830
0.107342946349970922
0.195760493645355083
0.400000000000000022
0.151062528761731735
0.026427734844953768
0.039549866888857581
0.062742338124195912
0.146914565188870527
0.227547676509885111
0.020917083660778928
0.033019189027866963
0.117997730295515579
0.140447872651971062
0.096097511682947320
0.220071956608556274
0.067624245915545875
0.078461191602699362
0.081534053454435484
0.148285485695185210
0.090001950003739173
0.152098401887382773
0.042087976008876461
0.035955332358500222
0.013388503968400155
0.400000000000000022
0.400000000000000022
0.355280509433731684
0.170163068847553833
0.179551160520169450
0.005046811402814957
0.298873803443641672
0.183415604768381868
0.221450105331829766
0.139458260307005644
0.107107867552753699
0.003363313566787320
0.188891632479078725
0.170244994713991460
0.256923124200347464
0.119887794113335333
0.097139137459163222
0.119913146607817447
0.152474585290007458
0.088154290934943147
0.245826392221004414
0.150689559167844211
0.064930716399459326
0.131092973579257810
0.079658175155203778
0.146206880084614660
0.400000000000000022
0.250134044170481018
0.105439287204492860
0.055078016128544231
0.086689148671139582
0.353899071457115744
0.399194035672719438
0.110868648933659497
0.020656377760343920
0.037227033271330770
0.161699981605823051
0.223428344322695094
0.318534646966729340
0.131068986780567970
0.027426545901493796
0.063213266279559782
0.261558437139875477
0.218192079090398866
0.165206071329498522
0.082814931655908294
0.019528154960024378
0.010944423806657586
0.378128249930132831
0.400000000000000022
0.294449565900599119
0.219430030733494180
0.116726909724576139
0.001176602126995546
0.122921071747493296
0.052008347462656208
0.319119974459918965
0.138032984500725819
0.110160334051493003
0.003466483575774179
0.044503969284411034
0.043689164333008824
0.400000000000000022
0.249585248052559328
0.123773834649427206
0.131145140786437686
0.160910105611837828
0.079803461999341921
0.400000000000000022
0.378622975522535210
0.063248622635458523
0.103898473756626947
0.099419633241199026
0.218329602588204191
0.299981883141021533
0.222152514919318395
0.047752647031195375
0.065004774608224986
0.070093347401434039
0.400000000000000022
0.258324372506546052
0.191215083153178561
0.073064029803181302
0.105036840537392928
0.077238344725019378
0.385893533234142772
0.371600094101185774
0.274851749236342258
0.164535342418651143
0.071980649404962155
0.160424983834454804
0.230716825149830301
0.154884908069442190
0.115225867961112116
0.068730204397850714
0.002443635297217187
0.063774260798618615
0.128705976390797394
0.202203877309774988
0.124486997229903945
0.111216220509715441
0.000000000000000000
0.085603980574033248
0.028627877485301760
0.144846441874497051
0.120053241719613707
0.095798641283876856
0.000000000000000000
0.018345555394086045
0.029995810645419806
0.388514715361603646
0.224089139565006895
0.184287256861577098
0.012789360744113886
0.064418027160270133
0.063606886262968912
0.365198243426660407
0.271741201157677914
0.028270366834301033
0.073760544283656887
0.109377835076227767
0.196659190715412019
0.163440710520057375
0.138591280276600337
0.015867727245683614
0.078794301172172065
0.061127689349800160
0.079775869048150302
0.318378497148059103
0.363298221196534821
0.069992463809248021
0.070045433490741466
0.127300996936381139
0.273073998384932071
0.350891448576138520
0.285080711949716958
0.070688690683178526
0.046485974772125752
0.160025740044236586
0.151955247729534698
0.183706586423557916
0.072068185096723858
0.000219775771932375
0.020115818977911790
0.055643984147858760
0.063772591238622570
0.119002947698824912
0.054763035795273113
0.095695360099288029
0.019729753690720307
0.213325203346234504
0.111397432998205037
0.266771927803700737
0.169489400588835049
0.137762353800409687
0.020120330412851131
0.014767554233266627
0.044616706074720389
0.215629329171674794
0.183272894413658016
0.128443177931967523
0.114797283564752217
0.126423127109249467
0.065132796202204510
0.110548400088842563
0.202684450749708367
0.029216169584799029
0.023606099704066685
0.158407850789212268
0.291057763314393037
0.071839365725190327
0.064746674291254996
0.064203480560496559
0.032622255932177401
0.110436108227637608
0.164233867400608136
0.230338659615248798
0.242838657385422652
0.129410668223596315
0.090971298805010731
0.117592875680710404
0.120254632903464026
0.262456167433521959
0.166900265995271052
0.113288011980153785
0.028468377029992446
0.041797518338233808
0.185743820852168090
0.103044019760074990
0.081435532081232803
0.041020251052682123
0.043026307026704652
0.019044233552443043
0.026978747911026241
0.150104444715104757
0.105683817463719881
0.176527001758481877
0.002773326597533746
0.364381714191421291
0.291958185449788021
0.337591355159323925
0.112495236266671503
0.110019984576877991
0.006367060759109850
0.027222157269636990
0.064508332625013112
0.174886620857205410
0.093509884192516657
0.055055675926266742
0.055797787294904144
0.095606553617093956
0.073641971620525659
0.128796842299972070
0.089691062525588172
0.020322809274486171
0.017004048490486211
0.030108127783424060
0.092976816571163731
0.039029564788243390
0.027382229021019468
0.107126224216732527
0.098191456486830225
0.001827033899351521
0.071409756240181477
0.193833950063328514
0.096334597027596058
0.060772960393951574
0.058969671673782642
0.059026038615659346
0.047910842475818310
0.111894863811302245
0.055035122121864385
0.015541625943280152
0.022602239292492551
0.090330682494919101
0.037571629722889452
0.042003536196962385
0.081423992587189506
0.019123931894696002
0.074045837972064363
0.019019724612488985
0.050699138226610575
0.086401979294161865
0.030399087341778167
0.090425201917200812
0.017935697844081267
0.167804475900329375
0.178444254372031236
0.305051284574315129
0.121629100517073138
0.100161315272021684
0.024848208263560104
0.034724921613499507
0.061892777264385093
0.034170673853144942
0.039016673799737771
0.203815492092822403
0.062987880676835070
0.077568558245932534
0.077738517040074895
0.032470972275414040
0.012756252706138508
0.049067908264639165
0.002668978216338795
0.091036337627565647
0.204541398878997277
0.109840518490546352
0.063484378872010055
0.021751159837794198
0.069015499738125180
0.045747912090117734
0.047581406648309212
0.123298377054221045
0.055538662510236217
0.022577713100459522
0.034140229267104423
0.029479807714062254
0.083681568053784058
0.113229948143287421
0.113538044326213020
0.059234243936926820
0.022112239011456595
0.057958379061225931
0.048457254995370194
0.091851783545242621
0.106157677271598028
0.046427600914817305
0.019072019196761450
0.005743976898703648
0.027633765201753271
0.073148460106038593
0.043404798584733943
0.026204704811088587
0.012448190994107237
0.130781204696608921
0.400000000000000022
0.356883797293402749
0.058602246530886359
0.040248240239729241
0.050820269021800341
0.044344705853615801
0.296254668709791613
0.071141923645235194
0.022676422807119727
0.092301164604902161
0.056558259049395133
0.032333894936244355
0.046925719356265001
0.001347897794955112
0.008870589258702955
0.025872739221005227
0.023215989962057676
0.062218409213750742
0.131952599258046449
0.118620757844911023
0.156961625434707264
0.091243785194394328
0.106554400829347834
0.091434106283283550
0.130388232061445619
0.206453992843384615
0.106284396314325402
0.102008718758514028
0.057730991176134991
0.073383087897234453
0.082819181624968499
0.154798969935666830
0.088501197938609694
0.083160301118789387
0.305253255711225080
0.288751843737093838
0.294489443478584745
0.307233733468457115
0.311822854503761682
0.323354193088912223
0.073472775286065356
0.045526425656149457
0.023547409394069834
0.017477125934842179
0.086324661732381625
0.087703579693725539
0.065238512863558529
0.093000448321770804
0.280411663943156420
0.237606245110990072
0.093349638236697952
0.059050446287429954
0.131616004636211065
0.075379063728688744
0.129847753854943820
0.109206723383357907
0.023826967490911705
0.069266417783035286
0.034777026621837237
0.099520777635829949
0.080488677555068777
0.054580242633192125
0.007283519197307361
0.121851250468471284
0.020352230288994910
0.177270574187866237
0.207966157303379834
0.148798761977992439
0.127817454649589157
0.197896532510787648
0.125805518501529878
0.109984002039466150
0.127879902241653243
0.240082738584262767
0.087770348858953379
0.215219862870332734
0.124908067291171987
0.130397119915967752
0.056466202148157889
0.058143674213344196
0.067138339633888960
0.077033413808802673
0.075477102227463080
0.144418098779890258
0.029632239774256601
0.054333743436571283
0.068856240143223849
0.093923162737241606
0.127595478500971138
0.112350416957757049
0.160488488009085190
0.089555848024927470
0.148453303686268578
0.135808110560332929
0.112012493283509248
0.108268433746110004
0.087726728478235455
0.065622268677180323
0.166534568443171854
0.092137405072599418
0.176884837515831839
0.114156771384932104
0.035785831961467937
0.033732767920438805
0.102870894618990238
0.113817093278161557
0.086072910138109276
0.025882244678382522
0.071478757054917436
0.070049814068448901
0.029189740490976904
0.073703256326007965
0.061619278119130518
0.200656399675646580
0.110988530297408280
0.120402359386164878
0.092875788592455710
0.138329516924252660
0.292738843654339498
0.196761272890944527
0.061904983519222301
0.144218805385190663
0.169872388199698271
0.144369222970615246
0.131120853972715001
0.118706762546183203
0.090163009576418207
0.099263134064945524
0.200331862775476488
0.106981586205213558
0.161746772038883380
0.144811716175121535
0.030408965072948511
0.019506610334505368
0.055222117829700754
0.165919299245075064
0.288979723943215028
0.238012228147351623
0.102978907615047410
0.142716753720439460
0.167475208175125290
0.202577937822448095
0.245833329419449520
0.146633327127249191
0.030642684358461583
0.059982319666779707
0.202152935694966562
0.189875679530015828
0.149930520152389751
0.099286218309421956
0.064527982686021140
0.053314255250358808
0.158583031484860998
0.105262254764990265
0.085101493204711304
0.147858377104000849
0.171291179298545149
0.166371092298921386
0.054935359469900559
0.149462858161597600
0.137416793295352446
0.264228201323624678
0.190099819984191981
0.040007059050130002
0.138420220331983646
0.261168358114155452
0.400000000000000022
0.400000000000000022
0.058061497380815556
0.062485439244892374
0.087825586741467454
0.152687187688771459
0.268325508518698352
0.356866915412923924
0.131100593123086528
0.126104908897551105
0.149555456369984352
0.098097634430270378
0.255862366355422810
0.250566091227011511
0.078748682180365182
0.025798607624311375
0.026848109425449587
0.134513284572768566
0.202028814548729535
0.252574910482357584
0.124600645924733772
0.088503675360687067
0.202939463682169779
0.174915882135210005
0.362833631256743727
0.120944175566934972
0.068527288139338435
0.027799205409458808
0.232818077359652043
0.070197521073438962
0.195498317354726614
0.047056220582765290
0.052572805288025659
0.181152358676978043
0.226971465893945845
0.101103701445206265
0.312229898449657317
0.189890350235356276
0.132581730848342544
0.182163828093978297
0.070520355501134183
0.118474811917772718
0.383271255731796490
0.390826010623026576
0.116944816122073511
0.039058030578513328
0.184008454515483810
0.287298220355260148
0.389649359009887342
0.400000000000000022
0.086832998820867369
0.029329310507776003
0.151956312741820088
0.351061330712873598
0.306019299037437242
0.367711702924295114
0.252840227812355434
0.071618162007806324
0.265553921165350870
0.381593774250649331
0.283966713017798078
0.247097831800448586
0.165914189082807945
0.063730069872469153
0.085769530239759806
0.132868325584259706
0.159309985104394536
0.066112952163734751
0.107692763438074074
0.188017031620443198
0.310025439772944389
0.106146856248324317
0.221140356071462624
0.036152264169485200
0.027697928946768906
0.028684958839838091
0.199425395166095115
0.051564447821527047
0.118263383222577054
0.021879694799624275
0.026754232812377460
0.033196685712836099
0.332957235158532372
0.201401547832252392
0.345548458376631229
0.191827195434551845
0.181470268958458858
0.309487205586107650
0.283808539619566702
0.259837466487713720
0.400000000000000022
0.294347744022584290
0.136939495364164165
0.149491063246542460
0.120267907405874966
0.207661113937173986
0.267518942093996293
0.154290612748456457
0.140658420280794672
0.055226306893933971
0.215251407515042986
0.281762108286497059
0.169978655561461189
0.151175256205402619
0.154721114157727158
0.049878014700770454
0.191158628770672578
0.313244779973726462
0.174981381474789255
0.190917714643317638
0.184494365069076627
0.086702417358142755
0.072964182264519534
0.070535941456000631
0.181889402917826237
0.023371197282081140
0.046842807996089003
0.126364213485697485
0.246239551898945502
0.089201518798143545
0.169122664471877016
0.004785082248766722
0.008510303649563893
0.045722563797538716
0.222051095327999187
0.179239853210477473
0.072732732074342929
0.009233873515175121
0.036332033693430243
0.166057075324333864
0.224496678285156043
0.142948603470425178
0.108533054453490665
0.064287097226695289
0.079986361489113394
0.119114669913200216
0.220182992829497409
0.278827063866516567
0.209603216727353159
0.159218853210247202
0.064755028319255295
0.034219883802331728
0.108144470766753445
0.223154974994831778
0.116213799424483955
0.265871926962341354
0.093166964616150122
0.009899771064746111
0.320871799028126625
0.238653336299850305
0.218361376930084616
0.185191974933172132
0.128745308938461839
0.075005365772488175
0.167443213874019003
0.159408157505348841
0.068265164239101922
0.113129424339835222
0.090277561410051638
0.042549770695134603
0.112134760679591994
0.138331653575717639
0.099320933467173189
0.012122104541961285
0.026335534591363233
0.051388123336356444
0.135446041096253578
0.114475105646369160
0.090639248591385765
0.070699617375286780
0.016305669503283382
0.020226525419129691
0.088368897568615545
0.093211819834219140
0.209969392991425446
0.032057099560631450
0.125925816311006827
0.036489542412198789
0.089205933812305932
0.085226043795256431
0.131433900620670063
0.054850795785265284
0.115051849049129948
0.066913860962350358
0.169214168135180920
0.200953132675253637
0.124147373425113547
0.153190375952339697
0.114725649978289101
0.145578814994405586
0.113064702957583058
0.150485588302455647
0.072847563527500436
0.134055307877167268
0.069598217458232803
0.022676247881475362
0.128891258739900566
0.155658811358991150
0.239413877387245011
0.224565689375828964
0.051130453966219166
0.005423830713495886
0.027799516602902075
0.115064757894755620
0.051101805924969448
0.055516814276423569
0.045286939663436152
0.009887223950883893
0.108767824271273725
0.125645989623935028
0.106861214831222434
0.002507314314445497
0.037752128848801192
0.032833824693268621
0.264767250479425842
0.110171207042966207
0.053716349879982736
0.034991785842576284
0.055074726892470061
0.027580586249077832
0.097830950483875551
0.145817683660358743
0.400000000000000022
0.202644934202528854
0.338863967033553704
0.176386267100966498
0.094527695810076251
0.077593210174864480
0.400000000000000022
0.204226789804101638
0.046673917003264620
0.019067036639368110
0.078021972483264770
0.068461397925621406
0.102015753842902318
0.102069468104572736
0.047715371743063645
0.058102182044664448
0.044932785856958500
0.144396627695272534
0.075749167879879897
0.228685662630233627
0.079664165301780304
0.060954335596826809
0.050040412585971139
0.118393894501354777
0.184036828755297949
0.205710972566300609
0.078199647086158841
0.039185644663915609
0.018539609329172601
0.104550297395484035
0.085277121535567699
0.047139645399195934
0.036551996528296805
0.048519600129228201
0.076193307684681771
0.084936684395503559
0.052707076203204827
0.008951335263645211
0.031791546344111812
0.160524892083744486
0.081693050279422724
0.065143497135802267
0.088972513025382574
0.278272677949980063
0.400000000000000022
0.386169267905024427
0.145982204432670792
0.137049182004732012
0.400000000000000022
0.387108104512238982
0.400000000000000022
0.241721795051372479
0.111890325173838706
0.165432672010529219
0.400000000000000022
0.268280727906110683
0.176510022374315456
0.068175161516732974
0.038702121987469307
0.060728685749826955
0.146903759911978349
0.183737113954727194
0.181961235918843056
0.202427206215525457
0.219518951378441435
0.143593755711757975
0.157779360589843598
0.185325167542421926
0.213488916051660094
0.281457870046285141
0.154991471512225282
0.152468531308641742
0.190295550779097877
0.121589108763230314
0.118836735308532157
0.213761369457249439
0.110995459653178544
0.101074996645959508
0.313940125894823341
0.292143054464538310
0.302979309761428062
0.324726727318394137
0.327950401402727576
0.334996298760242173
0.114685935842421163
0.067265137946941736
0.158710802875926704
0.116210987528971368
0.149416346699662556
0.220422642974230948
0.150204738489548906
0.154845287779877494
0.388897719565169719
0.347943092529563403
0.123701301675034181
0.164719855649133107
0.252407854192618630
0.400000000000000022
0.400000000000000022
0.400000000000000022
0.080778990987915716
0.162097081639936191
0.126686993341646820
0.331488651861587380
0.209405345395286518
0.191554218429091316
0.101487817569324956
0.251662634977251276
0.122452053246435044
0.200320795072457009
0.280300363214802284
0.399129135247360822
0.333854418807926379
0.285860256142461355
0.177891167339694539
0.144232044853029651
0.180367876686775119
0.343495638384439139
0.124042992544620659
0.285876770354813181
0.147839473321319165
0.214047184680604824
0.089409695964488112
0.166722996942036655
0.107859790995441060
0.134361019959107320
0.118511255724712439
0.180999867807675852
0.058100202786482383
0.127156762945252466
0.188127434697279522
0.187049049878556972
0.158633581008097185
0.337595300655588071
0.303686229062728907
0.353964514979557610
0.290398841939112695
0.321385885576435160
0.112170381876846803
0.374533453873330813
0.230604883506276448
0.233190339659415408
0.267873727046715526
0.227089749016929354
0.280486685437908390
0.400000000000000022
0.227572992848705635
0.061532084926805682
0.209165699191754706
0.294828652478538233
0.210147901457316849
0.350830595920370525
0.171531801647564514
0.116782181602990975
0.142359228091350598
0.363819710560002063
0.144885688420657327
0.307999346025617515
0.306749023942763377
0.400000000000000022
0.243938317354187445
0.164757251769206414
0.332288710543197086
0.259503611015140412
0.208819548708092828
0.371766481895075829
0.190789471860477178
0.177388411998482209
0.249118584268230581
0.259154635198154293
0.186260521259365541
0.319335090673501854
0.267956108691022377
0.185442777807912906
0.243280825493318836
0.285725150376061943
0.120410915076687705
0.171605012221888148
0.097310093838577222
0.201874631603575300
0.302368227911615162
0.400000000000000022
0.400000000000000022
0.400000000000000022
0.329181289716136249
0.355960470822113961
0.250880140822264452
0.380301145272987529
0.214058289126843437
0.281432424998609543
0.334837114803486657
0.296983547082769528
0.153293833719177042
0.288177850788500667
0.234772977400012628
0.310237379450706285
0.278470825598196303
0.202401392224153487
0.205014639812528709
0.298208939433207143
0.259445470233488296
0.373986370768451148
0.205624918637744791
0.214393574561056927
0.268509766874610201
0.343886376478828470
0.336306700068806586
0.400000000000000022
0.369018218381622243
0.343172223433017454
0.400000000000000022
0.400000000000000022
0.394841537577781176
0.400000000000000022
0.198694235675126979
0.173343565449115389
0.305552541790029109
0.400000000000000022
0.354528937445781622
0.400000000000000022
0.280624443150552350
0.125524180331764157
0.283276632927816685
0.349786323190309556
0.283696004944374858
0.191004678953809903
0.109663041081357882
0.154041439532792979
0.212973238355387118
0.400000000000000022
0.400000000000000022
0.361204601047138696
0.381070349211583115
0.291642791859786199
0.363666859279753618
0.243865247314428268
0.120535635601994651
0.338173811615492759
0.346378361682191604
0.180357855124931937
0.198964800930500785
0.091560189867176345
0.096261969621034477
0.400000000000000022
0.379945101362645865
0.224877536094633457
0.381623541578794967
0.331217915411427477
0.212385192847684479
0.400000000000000022
0.392911566998396133
0.181723434553231256
0.400000000000000022
0.400000000000000022
0.335274418710277688
0.339039913719534902
0.376677004222115142
0.330848274059274750
0.400000000000000022
0.400000000000000022
0.400000000000000022
0.287653683014322092
0.343171395894998565
0.379376129039477927
0.381961481231911426
0.398972889589266910
0.400000000000000022
0.400000000000000022
0.400000000000000022
0.400000000000000022
0.302512818358587621
0.319192385423852310
0.312367090294425664
0.218614977941911370
0.200995398200871922
0.201598529982110419
0.161753620401611731
0.129887212962353366
0.236398739828871496
0.364263933991428868
0.386276044423448595
0.217363076758039730
0.221140356071462624
0.121756244743518441
0.056325806432070670
0.173531400714335149
0.319478636885708822
0.147363089105403910
0.118263383222577054
0.040225250193710323
0.056750043457797265
0.395131177460986638
0.400000000000000022
0.360823380811010619
0.350787474530713572
0.256245222594821964
0.245077155221427784
0.400000000000000022
0.398879616843197282
0.288107833322014728
0.400000000000000022
0.385909164513608904
0.333598686079576212
0.312931773766599808
0.258859187682475289
0.223528841182857596
0.346313243266168302
0.215418302098256603
0.220434289328944988
0.373592533641238123
0.400000000000000022
0.336316868863950347
0.240024089052202655
0.278476253141783758
0.390728755325238097
0.389020722094415627
0.400000000000000022
0.352170537618387347
0.221467356246915048
0.302644038341578936
0.295317468035143693
0.265482780650523109
0.145032367361243392
0.070755717227933002
0.202005221895738052
0.079015181429939907
0.110615399234711573
0.245367161184522370
0.301002587694218615
0.184896878897431560
0.188852418162597319
0.218110285595001230
0.119907736647768937
0.312494491601239432
0.354544673640753538
0.317002207010887160
0.092853062487194049
0.024001427748441752
0.080948739768150618
0.363563826899114706
0.353971468546191881
0.271391781402392729
0.223330338018242841
0.190710224335944700
0.145119157691317890
0.229663070002042780
0.367295987642207888
0.308043233451315623
0.233209316431419844
0.317626703999459470
0.355812791633648373
0.106059249527522062
0.172891145058008455
0.287358455555328351
0.148836055356661390
0.376308035189978962
0.257400832016758230
0.240238430679994924
0.400000000000000022
0.342637329030953675
0.309332675735095375
0.302784850613882495
0.248999941841925865
0.337461533206010134
0.334343479869290083
0.272696169485502571
0.096733541269094392
0.154926942678069030
0.270754681788397733
0.145593790455209593
0.193570292760824797
0.179351904628399783
0.142347240493877841
0.031166338094404326
0.053314282502389475
0.201492568051461179
0.241129858559973431
0.291002107404850996
0.093412575188919517
0.392139339197437486
0.308263854953071459
0.349548411719652175
0.200864133835287062
0.203231804411097117
0.216336453750535312
0.059279256830268440
0.190434148936019926
0.211376163269404199
0.182715818004822589
0.140281719721523174
0.187231687915574180
0.150457349402359247
0.188693820669655565
0.195710703262322483
0.258905230660769092
0.221275941949739791
0.141151421915599762
0.183298503735763757
0.207702466549452847
0.184608379782648963
0.140446931978602529
0.257611812519188188
0.171039020014330689
0.135882341776518784
0.141007973698414280
0.216510197944803889
0.225225855767496624
0.216431771752942703
0.298383549061027653
0.283591727991488296
0.099041296442037449
0.117318694524798137
0.082834638724766457
0.130606383838035772
0.073704045217462003
0.145847496771342677
0.082858569386325603
0.051890760147846271
0.190191816858463231
0.144769921518631051
0.180907052803286839
0.021527038926934482
0.088451267075411774
0.119235803987430500
0.295166337821203939
0.200596408960167005
0.071652047724064000
0.202796261742905659
0.233518981264501296
0.327989016451034621
0.219460051000948675
0.245978998932380399
0.400000000000000022
0.237369855816028374
0.383618164777118187
0.210556940954111455
0.133544369609814029
0.281408702267686883
0.400000000000000022
0.281795348050034200
0.124412434043339529
0.051538008914782149
0.090778225189403289
0.117529306190260599
0.104684732059241115
0.193105805732138369
0.252256770622060922
0.167942700535210820
0.108417164728968562
0.166147787533066721
0.144764667618005050
0.274433574720351348
0.127245571950089509
0.184252712651047867
0.105579075096207356
0.140971607601814292
0.218177058022402365
0.235190780280362888
0.161881215139942913
0.152415592807203015
0.132077653655385624
0.163784541332410855
0.107389360547024276
0.105098024460421852
0.085009251523667007
0.140371383674470829
0.182350984956279827
0.131364285310320850
0.165143586517394608
0.190935037096782445
0.234674803374729374
0.355023563643011741
0.386635668184989234
0.228586765956322546
0.153819337381072868
0.234379988746005130
0.247864012097534225
0.372193627442032826
0.347245595200571133
0.192798697689912618
0.249414616770123193
0.252690858187104905
0.305227753293113191
0.373987528018129622
0.349124229936276842
0.207932519363345503
0.347248679410121996
0.395942130145878146
0.223046230661520156
0.330661700476813702
0.327436245941701121
0.194594463824063008
0.268999889411752735
0.321888354816910527
0.297100272487416828
0.345216657447787012
0.304730415214722938
0.202602081322418609
0.277705972917321853
0.288243549580009306
0.268424048174499053
0.345137055708071350
0.292121786838034081
0.206539070133912012
0.227703219380254229
0.269277985060095704
0.267172692845904003
0.298697694026426097
0.258131470343491154
0.193925093626513251
0.128022242801485553
0.176065549414148231
0.130616572065549941
0.102640778393838034
0.105698528118429391
0.133032349503882624
0.180069380508590338
0.257108094210169447
0.233829172171649863
0.247429640719044774
0.273842851352249672
0.339879912841931087
0.167973760201174493
0.314917023341406865
0.251436196778965781
0.259792107755871193
0.207775813515439639
0.273888745975185699
0.263792248918134797
0.266425127855663801
0.321010727361578541
0.327122315601290570
0.216913956515862483
0.286024367602210783
0.360862126529431559
0.340421902569724266
0.295143392749125766
0.336622316161352242
0.239895707844649531
0.297072590117605229
0.269743645530914011
0.334671942255579946
0.341843469444876535
0.339359434442976560
0.258438340223587248
0.322616608352275958
0.283964413159610074
0.305038564909094867
0.265583596568784275
0.334801919244050616
0.297869893546541309
0.316751712747576852
0.266807682370189314
0.277785495121529780
0.234914172031558594
0.278399893104003204
0.264609935399949980
0.271583268595421368
0.117856209766047992
0.163879626493893343
0.138607854014453552
0.111516121863122944
0.102988825993080776
0.110178160049136969
0.184696509761720501
0.201975765913243344
0.234724367848238330
0.319400626215236794
0.301001423566023274
0.196332079354878786
0.195511169818036290
0.256551036405663957
0.272116571743979685
0.410740808098136068
0.332238270209162190
0.176243327662473775
0.251919884456601462
0.224714355958451545
0.277704135121040474
0.377772830845278351
0.362761632441109427
0.210433772129457020
0.265907999283111374
0.214470393014965954
0.143891455906620419
0.283508881318233930
0.304398141134663347
0.198609860761423784
0.225070843108977625
0.313548884720396381
0.250497106968830763
0.295833865684644204
0.300575113987679887
0.208029458878631834
0.281669108569754134
0.299129908324462790
0.247647550577118986
0.314022585781026264
0.314552929390462421
0.218960996235079364
0.307133231471847457
0.342134626273217890
0.298688370217140231
0.328948452684984849
0.285785021611661694
0.202194547802185237
0.302142760674119770
0.402098907168283504
0.349597458452184429
0.300759156019517138
0.290009895184757505
0.221707297449253077
0.190569418495338594
0.276386864250542541
0.244543899172080359
0.247516992384334306
0.242158513795095648
0.264601396159778957
0.209262386396427080
0.383909475050205284
0.270761484486791493
0.291181593862613053
0.235314749075052898
0.262051770995085753
0.266425873208736508
0.268443834666439229
0.280968442559085541
0.291327819430977297
0.220444479542204752
0.298941033575147952
0.284182281175834661
0.235763307584672760
0.154657321301225004
0.238299509707775081
0.196187977392113966
0.273200459446091892
0.236839135703090758
0.266818900364413802
0.331467453206220841
0.300916260517475609
0.207579263400468367
0.318217411154956220
0.282667463480620107
0.308661236425096075
0.277843917452917755
0.307413230258377190
0.266768700875680387
0.337454375249769456
0.315469999257945222
0.363948783733286318
0.295459438995063384
0.317539859603252150
0.291408439220111615
0.295627812356940134
0.335890501340203707
0.413313401637468825
0.313078643168314130
0.283524636831894383
0.296105332239086971
0.304877366903583802
