0.400000000000000022
0.400000000000000022
0.400000000000000022
0.400000000000000022
0.400000000000000022
0.400000000000000022
0.030699667543930123
0.079202917299996831
0.070966638840289281
0.096621840813753593
0.073025903415122759
0.045833159058193552
0.006168315385225996
0.039447416362322817
0.141699553604420825
0.317563147151323277
0.080823531573568030
0.011362332631083855
0.009988546281766382
0.023420446933314590
0.070991351691995094
0.129291058188574559
0.342002969970013559
0.129892231389124702
0.000934488253106657
0.007374536401285378
0.082928130124732907
0.174146647035976931
0.400000000000000022
0.224693265448659363
0.027934621583610410
0.116721353256254823
0.043464442956102592
0.085240362264527636
0.042281936833873088
0.042584561616573077
0.049375024936544325
0.052437866016543065
0.027861124855652720
0.032610078696466982
0.143788638868347807
0.112803999767177754
0.056579418377144322
0.048261737367879788
0.053626741112781942
0.041099716723072555
0.203401380861723324
0.145900349853739369
0.011931641819335766
0.031136630530967210
0.064831875980805490
0.094037693659207305
0.023858989729714765
0.062254167510536904
0.004138578854020304
0.031594929628147111
0.052314973198792608
0.062283972297527614
0.074842444734223662
0.035443079652067215
0.005949780885737257
0.111301345709845484
0.212281532118230726
0.221204687735212291
0.042471181019019991
0.058566845278882992
0.036848202027489042
0.318709457630684312
0.123945222531040664
0.083419830457397967
0.012357139411169546
0.034788748548418250
0.007218781694645137
0.055785359027656758
0.095512940394105683
0.125608215105635856
0.022249043389255801
0.033756100072195927
0.011303941093348986
0.044264755345620861
0.075819533315664461
0.055314412943033457
0.011166869121788995
0.060645815512868642
0.037807667882406124
0.076326823550072156
0.042473002318546831
0.028279570608332701
0.260380150108634467
0.189172983437029485
0.020035753523775096
0.104587007965373763
0.071567693260289431
0.075990756520871741
0.337480970337267427
0.231883594702749468
0.072555516594982786
0.014513453671340912
0.044064613670819153
0.021442453490117825
0.020249950095754921
0.044066459699611357
0.004994107551868461
0.004748474758718497
0.025262713493893824
0.092881450690438044
0.116465423433039089
0.052510492580903782
0.030047079883359844
0.047440309655296470
0.073137852917672330
0.266077274114259299
0.122924926585948724
0.030364463622768432
0.016305066492142278
0.081782350193979697
0.071100773103476775
0.059857304542001319
0.005046957663703618
0.062084097699425973
0.005740582417374397
0.065879475655273925
0.044007064059127375
0.052324693628884152
0.030190407989768395
0.090549233396023193
0.002706809719742352
0.063346985845266199
0.046474248580534783
0.016912670339926220
0.011206689881355803
0.116402603868149851
0.019000301002740048
0.044302240372900717
0.049981451727753520
0.036825542553242809
0.031730105491028879
0.127780701520418399
0.019339164662176681
0.090082436388922826
0.178494378281511712
0.061419544569838100
0.065380862785907962
0.067656539820647316
0.046790557884684052
0.072267828685099511
0.069854221691855331
0.050043765536650409
0.048289432336494444
0.051585549110752617
0.029823225216908757
0.102764381253061143
0.096864105640050380
0.060257117932117424
0.172534432970039175
0.087753372422092954
0.004765736336622841
0.124728607145154324
0.129920684031027467
0.130775287999884138
0.222808509772080610
0.125949143843684941
0.013619109190212163
0.134936854554110697
0.060114107828745107
0.027463417074979953
0.046963442714442666
0.150149645845103263
0.001458492677880639
0.046661325542315897
0.039931631470691162
0.037117090478729187
0.056843170157112842
0.207238075242689557
0.002565628370861951
0.036170413333590466
0.079084141300140701
0.027997116800649556
0.080177391871264866
0.275236696592733310
0.028974896107206931
0.032154034247105834
0.110147841720093884
0.034191149066316845
0.065010765676518506
0.306358967525668269
0.018597985901332457
0.024625859581075021
0.032827352676349682
0.028272217407712769
0.050279803639539586
0.175868883864379655
0.400000000000000022
0.092859186295632182
0.049199464550047811
0.066052690203428938
0.046882993705856080
0.108066245367022085
0.400000000000000022
0.166205703896556478
0.151749214368984253
0.094295418694504890
0.073691556434859265
0.248188037726566002
0.400000000000000022
0.236846053218245756
0.125706917169067511
0.363131297947336285
0.073400771604336043
0.233109462968702386
0.400000000000000022
0.136074620017831854
0.053990329694147826
0.007745126970876901
0.023091169373943364
0.323834016803293934
0.400000000000000022
0.070077269929363917
0.058987102023332356
0.029453568535049865
0.057740590789730414
0.215665727744470848
0.400000000000000022
0.172127468043110909
0.312290296118097943
0.121637156561583332
0.066476515181572327
0.344100042854039723
0.400000000000000022
0.237691763156903796
0.400000000000000022
0.105344115522114451
0.043492486280450285
0.174869836230150399
0.400000000000000022
0.130347764303867797
0.090808784233038620
0.021828725174580815
0.045381554181625129
0.116876294035579198
0.079230726542578594
0.030686067967112624
0.087081648318536320
0.055703792483516812
0.046605971297170298
0.039450868133834673
0.167047411212901287
0.092521189960138195
0.126677612189363908
0.084465410736687271
0.068419045367031375
0.204655435652946971
0.116943685160306871
0.173952044708655273
0.046896207918894157
0.017988366819830976
0.072088551465944020
0.258895506894937233
0.167039346497522723
0.099058923693309889
0.028234964497339983
0.013209283133209954
0.059028262285411734
0.400000000000000022
0.207292470208261720
0.148043694955389049
0.062921795752007653
0.054482732404971965
0.078848107078630464
0.257276801423009460
0.314940733505198467
0.212391918168636951
0.097128999176944911
0.025600131463727256
0.165388274809492503
0.380360297633405509
0.311038489187334288
0.157698401623330486
0.247264652399602158
0.143154403065837321
0.160436730652022491
0.285214015967045043
0.180618336764751669
0.063107086774447041
0.121842571708680000
0.073635866230683383
0.113339319911054087
0.077294717851569231
0.000000000000000000
0.012455784175489374
0.032852170656161889
0.045885105697631247
0.050251549206887167
0.231591181638451105
0.007427174321509702
0.034420275730659339
0.089522693794164304
0.125147600083159116
0.097261478346604369
0.221718750660386849
0.026480433525427335
0.107743781841906416
0.166139090864860367
0.139419586841757009
0.039492915700041500
0.133932106251443361
0.050163614333614812
0.093111886490345228
0.060169646479850888
0.037710944855297003
0.004942524557427860
0.370102890732264322
0.009703543155327897
0.064081286498515896
0.096027292708385947
0.078680128714533212
0.079126113043295893
0.268293810015664991
0.023627413771454529
0.074108670688101702
0.088343954864135252
0.102615874261204526
0.135476849220692974
0.340103766565659216
0.154328552617290893
0.099421008615059217
0.037839082869638808
0.025221168314532656
0.109556923757513316
0.265669670852166140
0.045287489691470312
0.200604179144874495
0.047559491093963881
0.065253542694104633
0.143358633298625110
0.279629894301623549
0.000000000000000000
0.010900694913796402
0.031812403005564510
0.051244302347182850
0.072573526290246243
0.095369603927521279
0.016958172670965516
0.032730073474193599
0.035685736144781315
0.107360738562065558
0.123616370508958295
0.061225844861121967
0.044730233821466722
0.073114134777770012
0.083641881607430496
0.039978269154526520
0.079134374439402841
0.031111491119842682
0.058160427677290967
0.060001726890089292
0.014577944599979457
0.054775736285636686
0.093344762437993237
0.060647426981134317
0.023339940769437798
0.094395042281060951
0.028828046794434514
0.060303636935167493
0.070909067611717683
0.118985617024681467
0.052803000224017377
0.075511689477309657
0.082682395871219672
0.060452565943952805
0.068904290251254469
0.116087232498592957
0.065702260959545802
0.059021909154836405
0.089240753136626966
0.002987883512965350
0.055832390214483892
0.279131630524708685
0.039076231424022223
0.280071862911811076
0.369996601739248143
0.076615890477299095
0.127149164229942574
0.171437037646815865
0.007862839839038478
0.018845473259055202
0.008950010535998145
0.054597074386186106
0.055244993098065659
0.064138469665614734
0.029766789048146138
0.058091474332766839
0.104117385932983558
0.137856022979526982
0.078128604005677865
0.048891244094651856
0.034389938274057168
0.048289487729703699
0.130127470580834959
0.180078303339767598
0.093053942913320850
0.075516597808004543
0.042242106878386254
0.074885541994802282
0.027970012965912699
0.099262343080005214
0.221392723626104404
0.068232712028821946
0.019823297046383873
0.077706361598797652
0.035631075146967180
0.121319574231846472
0.091335139073445704
0.070594920386201215
0.067814777230879100
0.199518437820002892
0.047425680740100042
0.130141208060455399
0.020249365737765271
0.078289109504341189
0.138103897352140181
0.330541264127915291
0.042933132638121249
0.037870565807950909
0.022495235741531245
0.084777257807496814
0.044380418127221641
0.177512358749186111
0.239611455192399403
0.126045046425745294
0.102783288219727167
0.194144478648486218
0.032979343998906951
0.073546402662354057
0.041664054576670675
0.043835915577128119
0.044144181860109495
0.075331498361343424
0.067669059412825555
0.096720276997422971
0.065854293591611185
0.218256087599401793
0.114119566811261702
0.067338392395114813
0.091789768734878513
0.138825731242717576
0.063233798865484456
0.321092818293219673
0.281657298057382766
0.141653548338759594
0.023698711944407175
0.094920011706875695
0.013198027770879453
0.120104273560581246
0.213149044265858290
0.049334821626444043
0.041979480409344676
0.210187931624562618
0.044423110668854009
0.101715357617270769
0.242801215405172882
0.104179777791133743
0.075893213295132406
0.107868588729649731
0.087528389032185849
0.097624243516095610
0.083121726828046971
0.024529842554661216
0.178644981783730145
0.050618265064119469
0.036748238842486923
0.101766563397730825
0.054415199911352505
0.011077870347294523
0.042888403714449901
0.063085586750646294
0.121451201208994178
0.147345566866335875
0.152625212692952067
0.146947734292029675
0.036442554047362671
0.073410583694921761
0.046835966097721025
0.050396544495453686
0.042084080158906759
0.116014692055030497
0.063373777917262009
0.193604544605508300
0.038395879317808107
0.148447409852897588
0.164532897650119497
0.075941639495377466
0.052696594807447400
0.130666791018390155
0.175566847368885393
0.221916931529012762
0.335788918870430886
0.187641576909701124
0.020985044939448548
0.103291730315509228
0.168885986458235660
0.253212350628667648
0.292945007480235609
0.112862761576752152
0.026235963401555335
0.188348121251308120
0.075667071932632793
0.163133963704278295
0.351237040493397878
0.121261619457630837
0.052730208570239009
0.134377506879784697
0.072793240719236152
0.159456138262708186
0.188438417240056943
0.048327387427361007
0.062719609875097129
0.096426726067735918
0.109196402191647390
0.216539303343910694
0.065733164700480101
0.061168555339803518
0.082010903933196003
0.130673809251266843
0.121314709586622174
0.265298133030384520
0.278033465284395320
0.181820448179636995
0.001579318820430015
0.017211381396760844
0.049269261455094637
0.026884899793107483
0.055757601993623077
0.014505640634042066
0.053139286058345170
0.115019463488239188
0.071073472049366662
0.146944939294670340
0.135316988047571307
0.017935377539889684
0.093149530313146101
0.166989592260715414
0.374624752270884209
0.286257443662005562
0.325827141208589632
0.331026649913248650
0.007364212418006319
0.064781673243956658
0.264812359813884346
0.144376289917490352
0.330471255082751103
0.152619326503785235
0.029729785967159226
0.047416961603367377
0.096650544945550976
0.106722615737680895
0.184522484726165004
0.043187892533634684
0.051495707693380292
0.037874752071606933
0.066868992711442504
0.058198886332499165
0.058437190451155363
0.044790481567667836
0.066726624485385355
0.044649786795245304
0.033097292565400283
0.115284211328238725
0.029560663757409525
0.004234859340676580
0.142359992802713053
0.142617830139711993
0.008041379210320155
0.120088630031190913
0.112610766761958678
0.155475830191358910
0.009951553303058417
0.102222179544478445
0.036464558356078786
0.036257958659882808
0.034837699977114389
0.150837788460195910
0.060878923743001460
0.146365912713203539
0.064079684166652259
0.107301695568143465
0.086982302895722924
0.152367224033769066
0.120238350085667078
0.185705159816392962
0.254346735189039774
0.268086471657158820
0.125270254834233236
0.150069350912220789
0.038532250536904587
0.173119158107004845
0.172809950999040313
0.180393743104839327
0.283946832258683890
0.064435534860403987
0.069084763314518460
0.177315742957139505
0.133728644626679494
0.076664329708666476
0.156601215209918404
0.063510441241056176
0.079608314638449806
0.250381299004296898
0.243239348931912597
0.045100011338728270
0.117978185017382331
0.047982568908812161
0.155658581488028191
0.180072189419155149
0.183289619674240734
0.206852291081814021
0.316707305890578050
0.038270308936104808
0.286660048868097539
0.102377879395427390
0.042636113050619692
0.121175855477129890
0.186274351702947261
0.079435902062543015
0.022979130878484310
0.257290415558218299
0.078787816588705331
0.046838868706076522
0.067874288417849232
0.087760057760342819
0.090007344496456851
0.343152366759101324
0.133661399288232258
0.132661035018785428
0.179999750757154603
0.187531896079112137
0.154279899240155172
0.086656447274673698
0.256773673663147017
0.225032435055881275
0.077581250900107437
0.104914511686185236
0.120472053560835693
0.343157688012991846
0.175463008650106056
0.095499907389258870
0.384677142082027634
0.156997255460897267
0.261267382885202570
0.348984344610480279
0.201150282476566356
0.110104821809169251
0.111256394255612470
0.104237558290796145
0.301195957598105246
0.325672609385777578
0.232488981020529145
0.201448894129911404
0.356532223480884314
0.113070347674817079
0.226344089759074718
0.329631887648965005
0.216825388022726467
0.241575149812784717
0.397760289857241434
0.088382199136084999
0.190865525497633748
0.179125960336253387
0.156536814608933955
0.093614523345489850
0.162502006648388070
0.073072851715797832
0.040607460408649050
0.370784479538248835
0.072336630659269457
0.058651258298659290
0.086284595315453405
0.130757903169592238
0.111923710717247354
0.292423346883471935
0.108068492638113911
0.146720656365382673
0.172759384036400898
0.211666326581921693
0.324885627001385069
0.246016909897258579
0.113708881886239635
0.067203753727874807
0.076202342281046068
0.062912996825094922
0.187150336658727851
0.294325121807338774
0.099409536500477694
0.162195437394228065
0.344547097373696265
0.057114330662186422
0.134265896656473788
0.310086444889922874
0.142079353787268325
0.211378559953797229
0.175982775197315477
0.127290097458916396
0.104817359485186598
0.190605333294495305
0.114791733382621705
0.248456976084910575
0.400000000000000022
0.173317392129696546
0.125658111175606935
0.278806645144917487
0.192434069435948762
0.147508568038136612
0.313629574564418978
0.071763813631336229
0.082833554618487140
0.130126688391338813
0.136839792931757659
0.080665915757724554
0.015016363295758100
0.009971925382795383
0.057307668627985538
0.016697640203893371
0.050883997899108704
0.107681681265589108
0.225312140037445541
0.123012199884155932
0.052699991499101921
0.068455293490066585
0.108505406163712223
0.229147990371303512
0.177507035163667837
0.399975567300852486
0.107254898913686975
0.121511090759110207
0.089979775242963467
0.107765639089492271
0.029178024227029298
0.165584864586270114
0.106070224825021681
0.157453285875919918
0.101034901949706588
0.155888818357452802
0.123506256133173453
0.036270500975430289
0.042903929178802445
0.179359270374209845
0.155999773266345565
0.242684988664133960
0.068052304298483385
0.004517262107455833
0.109417970999224998
0.293682203611542958
0.083168567578238067
0.208117910087579655
0.159656846323842444
0.017454449228452774
0.150113121723232101
0.234606376628352126
0.066203993044417098
0.041773030281059526
0.231550956200703956
0.150066799903031844
0.225016403113418667
0.173833124803174033
0.137069795266583000
0.181614594449102690
0.125132379318601800
0.228426599471699132
0.017059285798952360
0.083285606264283385
0.088723047182444809
0.094565695959836438
0.122269660896098933
0.129112619300862902
0.036858185984120925
0.037380761195468022
0.106946500777847980
0.107956383080867344
0.095307128293567356
0.283667756324049836
0.124169136804664196
0.087594903979023711
0.060699910027921085
0.092339421701010754
0.047367550803023101
0.082573809566789141
0.147379674459141408
0.238931170399008297
0.036010003421258034
0.124152671276386378
0.042615081150334626
0.035134126453954459
0.028864958897450679
0.154357457512975471
0.060402534899262929
0.170114393229855082
0.084623588449977832
0.104768544703736005
0.086337447402938375
0.147232193173464143
0.061810062562939860
0.156353372921810813
0.256642314026699014
0.042311543336131109
0.149675920886267189
0.067055812523140135
0.018563040472000889
0.044324955742025621
0.187493391769480183
0.109374040788641172
0.144669969345212313
0.111629200109762600
0.104086082274084030
0.082958683333748826
0.094135562091655620
0.099471661898281688
0.026022872145051765
0.113740807728623355
0.047617398759137793
0.026245387341362888
0.096725263979658388
0.074451872346287362
0.030922286644604280
0.038512362964957858
0.081581895835064991
0.090188837540693984
0.075893741283965935
0.176595305131017233
0.045843566692633932
0.060483635031417182
0.069239683246003617
0.147361856449731404
0.040614006318959048
0.055156827703929934
0.050784861352372181
0.144099772641598317
0.040567542874304530
0.057290771759064843
0.263973865769857596
0.223601567138228596
0.010746873844415555
0.165508089978864154
0.096521275102355197
0.144052012179831213
0.369990440699990986
0.376560759999801986
0.038179422487806161
0.066007182421580546
0.135223393609393838
0.315362248984207005
0.115284464513532470
0.050885295074579083
0.132768870561582708
0.139904968754457459
0.046486732611496495
0.123595449746147765
0.130657892781193608
0.056426956625016206
0.107446125193134595
0.089519159372913631
0.246227444992616451
0.219909868827261962
0.281967596562121170
0.050037661629319219
0.400000000000000022
0.400000000000000022
0.400000000000000022
0.400000000000000022
0.400000000000000022
0.400000000000000022
0.098368726956755678
0.175923194297419816
0.136820932431900466
0.314512987372906005
0.187145470226384475
0.113171551453308372
0.097958084120104510
0.178273147605040400
0.204933352469905294
0.400000000000000022
0.353003714276029390
0.153015880969843476
0.033687258226173557
0.118340458640190285
0.084189379462874539
0.242692178440799849
0.400000000000000022
0.179227053015568738
0.042913968662451341
0.217562468025847999
0.127351240793586923
0.271754003767113006
0.400000000000000022
0.328873043239793106
0.103827834878742822
0.224589941985904540
0.130992831988288427
0.182864605780623246
0.125403663661920073
0.067114404171234293
0.228020006720274448
0.103056131080662527
0.064609363698139646
0.134376642094197779
0.198203838779700270
0.123881870114472270
0.099467822091594216
0.111347324118526075
0.175077942321776092
0.188445283589408430
0.342435185678093057
0.292848084145769072
0.048374195866698444
0.104547214225888960
0.111667842078526508
0.144434238154661027
0.065943069888621531
0.178268859565567400
0.067512356771282298
0.225199474233655411
0.090710852516600715
0.210731382150425195
0.239375342384343159
0.111384719147444688
0.058646375693184656
0.241968136728235639
0.376837048152512732
0.394941384456858890
0.360314363236491464
0.246208422188584131
0.057833246966937590
0.351477516418519653
0.272129929707927931
0.300941220490196615
0.305302146891405113
0.147651510125170388
0.033454745096200472
0.244133480278964865
0.171180012326738490
0.279773308503935558
0.360124223213267869
0.155017719529826764
0.064034149663588003
0.178642262225405579
0.148612774034900613
0.214770551205741650
0.199605286361845935
0.108973202940229663
0.100527277757503253
0.172753549617808061
0.151669404510194228
0.244818873952243388
0.322237717936117274
0.250341538776833017
0.102046657456971099
0.235260817216640578
0.192882402846911605
0.337640263306762722
0.400000000000000022
0.362761103082913094
0.074134835415412798
0.031724835068101753
0.093333875125913804
0.048327353283225315
0.076007552089377997
0.058572100333653426
0.058133393610213635
0.119767938246957681
0.096336185543260483
0.239826389985108412
0.251782411480610424
0.070445870120793466
0.123196610196505935
0.214429901916011911
0.400000000000000022
0.400000000000000022
0.389418936255243708
0.342709624085698272
0.023669278910148594
0.146564023437936369
0.306606303562991234
0.204233594459491657
0.335518212746454658
0.214703424203211146
0.035470368384533622
0.113296437258641303
0.140657609004678358
0.159047309366565054
0.214712892715933384
0.133737125929657891
0.054202517413122646
0.101221737916873111
0.113343241291977287
0.075111556672425389
0.069643880332511177
0.161193085435817729
0.085726925488125411
0.088952027168146028
0.083078744293153803
0.152109753881481541
0.061290769248438390
0.132015560861095005
0.161699157464889720
0.232700266528634792
0.186535757491831822
0.181508174601029026
0.177991629547866681
0.223132370012006198
0.056742111187742472
0.174490008229577970
0.106318780047934103
0.086301724196533203
0.083127132313608826
0.202423337570948519
0.090702148959910203
0.249075670583429110
0.160943789806702625
0.167558813500260889
0.259516735865762127
0.240120596455861979
0.125004086422289912
0.299859962701420901
0.374281042965145028
0.378363428253219447
0.343302663026106680
0.276018494755905730
0.052151359727116750
0.297727063938146741
0.232924058827785385
0.207857160179819311
0.330910274973126528
0.214585180705507250
0.070543255992399093
0.223977068499455395
0.173660276097370642
0.113781420187395677
0.213444385367031253
0.270748516483745705
0.082173943009311745
0.283831349993777349
0.303943014006693935
0.073097128139377812
0.198155576888647211
0.322538459972084912
0.184633477595235129
0.212226223666261010
0.293437461394334576
0.241043440148130839
0.355257419348268155
0.332108890156287473
0.305258034769429976
0.127003738976502412
0.075463465726969367
0.149448072884842659
0.236554155342486860
0.255304785926922684
0.400000000000000022
0.345103636837436833
0.127987281138753128
0.112891558909505474
0.114757282123705312
0.195826303127364931
0.400000000000000022
0.398020243096829318
0.285410613657216483
0.226956453713290318
0.253691307192013826
0.374894248473583436
0.400000000000000022
0.304063897266178773
0.373005646901604926
0.400000000000000022
0.150982022504443480
0.330057471609694952
0.400000000000000022
0.386325724163192441
0.229453338344253854
0.103245034360135768
0.391608682140674347
0.395690020344003912
0.400000000000000022
0.371058040215491880
0.260137384499898761
0.139558390344219130
0.168996985045342885
0.319903286035266965
0.400000000000000022
0.382873586616456263
0.393127993951001953
0.304429406651057055
0.383475157564483915
0.389995435728062279
0.400000000000000022
0.400000000000000022
0.400000000000000022
0.343378685931055472
0.400000000000000022
0.263252035366235426
0.400000000000000022
0.308079061744562177
0.247345598841972575
0.115443248520070679
0.207883560830013192
0.189949145751377030
0.119838186951227638
0.385126982974722476
0.159418278977805805
0.114355050782176115
0.132890566612623717
0.170208771303426931
0.278971121930148613
0.347786579579500932
0.234746104827477819
0.231186067102069986
0.241178429403432315
0.367107988595577917
0.399945809467584845
0.335095110796681028
0.160605089805133772
0.085192120547705794
0.148290893746990088
0.319326346069863209
0.354189683156250601
0.325750373617208933
0.127644500997817656
0.175404720527438052
0.368705633615444395
0.400000000000000022
0.341558366864735452
0.356718847407606177
0.205001149539275979
0.265527476198524015
0.254830882275945914
0.359645895180599529
0.395592139746521965
0.333923056366547788
0.211920732559566616
0.273406842433348785
0.400000000000000022
0.400000000000000022
0.400000000000000022
0.354328993650767143
0.367887259313615878
0.290662971103973933
0.389419146313531916
0.338554217033279758
0.263451891383238768
0.193233775165785854
0.258682364640437645
0.154301781988407938
0.128355683206812204
0.087266643234364616
0.057307668627985538
0.029153424379382745
0.083736168555270607
0.153566786963220347
0.275563689244332666
0.354603381522606953
0.060127165820611624
0.102875569220725938
0.198028099957876541
0.339705849568230078
0.274768513510272205
0.400000000000000022
0.133735332439114313
0.229254872601016624
0.256118866107823806
0.247185225931249308
0.068670939927070795
0.299516970837713448
0.156233839158636506
0.250565172366265132
0.161204548429557476
0.193599763212749826
0.128448780690601339
0.384784539092976718
0.052607472334130337
0.243440556872725755
0.252027065974731568
0.296191452328420868
0.147178417341779277
0.272811072123120835
0.133045384770679537
0.324956595990078201
0.171512522442373333
0.296613635979956991
0.295133695544535390
0.348635311778922485
0.304441674340522994
0.318097397952381733
0.104043075914055899
0.066994198595592178
0.332456122977725532
0.361360276245924816
0.270303892804889034
0.332256841951264259
0.184629286360546874
0.246868137143207322
0.268491012617226910
0.395404395752377624
0.017059285798952360
0.094186301178079787
0.120535450188009347
0.145809998307019267
0.194843187186345163
0.224482223228384181
0.053816358655086438
0.070110834669661615
0.142632236922629302
0.215317121642932874
0.218923498802525651
0.331403570604756836
0.168899370626130918
0.160709038756793765
0.144341791635351574
0.132317690855537295
0.126501925242425928
0.113685300686631824
0.205540102136432368
0.294832865342331385
0.050587948021237485
0.178928407562023051
0.135959843588327856
0.095781553435088762
0.052204899666888474
0.248752499794036408
0.089230581693697436
0.230418030165022547
0.155532656061695529
0.223754161728417500
0.139140447626955738
0.222743882650773800
0.144492458434159532
0.216805938865763603
0.324278349130025512
0.158398775834724059
0.215378181845813005
0.126077721677976540
0.107803793608627838
0.047312839254990968
0.243325781983964068
0.350791154628203317
0.183746200769234508
0.338354659212518560
0.400000000000000022
0.159574573811047948
0.221284726321598180
0.270908699545097498
0.033885711984090246
0.132586280987678579
0.056567409295135936
0.080842461727548998
0.151970257077724047
0.138590342011902096
0.060689075692750422
0.096603837297724690
0.185699281768048535
0.228044860520220938
0.154022345289643814
0.225486549225669131
0.080233504966691099
0.108773122761120875
0.199367153826838589
0.327440159789498975
0.133667949232279926
0.130673425511934505
0.093026968230758456
0.218985314636400641
0.068537555840217229
0.156553114839070057
0.393741018320627689
0.291834279167050514
0.030570170890799428
0.243214451577661833
0.132152350249322370
0.265222581158022663
0.400000000000000022
0.400000000000000022
0.105994199718685261
0.265525620241583438
0.182649074349493873
0.366583873074994959
0.135533830251297754
0.129174404578920293
0.270872767913722889
0.380005510176096517
0.089419865249617730
0.161466015554098674
0.153153128522724863
0.141204214432513020
0.151826543320356222
0.267031518122099798
0.400000000000000022
0.340889228070362815
0.361994901169014116
0.244182140277805437
0.146472778163228817
0.238681229462351735
0.172069325529011746
0.167984960934425526
0.177608080563668169
0.198308545665739550
0.159660962568241055
0.340083453040417982
0.235478870197279228
0.296061560406555901
0.236683349774668345
0.250685078832000197
0.222495697636438866
0.350885110521299448
0.343045775105042583
0.345712435734308987
0.208020731365108069
0.204687748621100368
0.186678359582832964
0.413192094162563250
0.303326024386430859
0.146594836691837233
0.288440394317493409
0.249356377826045056
0.162909204515924499
0.377001053194376823
0.228307020206993755
0.144341986142932449
0.268394447609524689
0.255507009474837232
0.223591113563585048
0.372250881776584219
0.261947127332497032
0.186914519371360888
0.244193232492040335
0.233394722231299090
0.303588399014115218
0.378472170180235601
0.263582872044753336
0.181813973487613662
0.274345612697284635
0.227376853357212277
0.262698014592917140
0.346300574967183861
0.277769418977277638
0.178329125765683161
0.259040606538256779
0.240927949954171383
0.145396659883600815
0.192725005589326759
0.154765344516778730
0.167990934478196935
0.197911877732576291
0.247624733306633787
0.141721032009378051
0.184395167445988467
0.215243707876148133
0.328877681814645106
0.326084851649666663
0.385182936948912313
0.194699610756533442
0.164151248876281991
0.281620048554958258
0.469972897959987923
0.282874960631029737
0.314261645639104026
0.166905037979339671
0.209249114412108195
0.137954911075064940
0.360287127023298737
0.423607677803693849
0.322103232346886814
0.148291833637400505
0.190328461356090273
0.118156226243895893
0.313939972331123474
0.353856766200267348
0.349378704170066889
0.209156096891211729
0.206680169545277376
0.154102828576673456
0.281274066802614020
0.326099867768235074
0.325248979975964803
0.279648047390863130
0.218533844712292313
0.187740686584118577
0.218056840935602292
0.380436595386945464
0.372576284912793820
0.240107434999171643
0.187724797594882947
0.233475216702677568
0.214935907651910119
0.311245156688195079
0.350009311279644075
0.147585855831912555
0.217444239160272695
0.147369025443857077
0.147061216858175969
0.178274612115433329
0.247419590666981437
0.146925536264926659
0.223643496391561558
0.145660471197834374
0.203424240093522724
0.193880991522071333
0.255934723279654053
0.226106805229137814
0.348531574600313254
0.306028755604305480
0.375836500868836298
0.223210974641811388
0.203380266017030742
0.187097465110991984
0.410320547829008064
0.168582651966185076
0.145158644808640491
0.322792770076992475
0.253427672843622942
0.163938149541748984
0.377463896953614042
0.266515955000400817
0.146325256824822142
0.261843630202376554
0.250422072157658104
0.219566869278543686
0.420165232596021565
0.334251283338813820
0.170424788668241817
0.225917920418241686
0.225826582216939437
0.296676222670160306
0.374209248169097453
0.282550939460706640
0.157603701905312116
0.243812739017099850
0.214828098016439595
0.260272098748557501
0.337330652574108825
0.336373455857017112
0.224750330892036776
0.266917341377962747
0.220005700624339634
0.156064548013716414
0.195829791813004722
0.139195721098819419
0.144096990165741401
0.171806426920408234
0.248648963906323600
0.144868143587316200
0.163524824604124791
0.125485015858047777
0.203434295652256542
0.224053278182254983
0.324050479148976334
0.197572992641060236
0.167531622762947113
0.279731102913009344
0.417495053992607779
0.306797474561653183
0.333767599469299514
0.164912443967384303
0.209877597224108259
0.136497278273160771
0.199236755256085890
0.420843080758221133
0.348003997561109557
0.147387235653364451
0.192020081544758442
0.118349660271231713
0.366480239910142280
0.356775664723273989
0.340430135742256723
0.197795729810097631
0.201966504245430778
0.178652046877052467
0.358883252150029863
0.305648555564200008
0.307518121021979507
0.276262299165467906
0.212643597482904512
0.185631656763766917
0.237166349233575241
0.336582354636375480
0.324377825777836026
0.240375474687506863
0.185612120125085989
0.227427711367961277
0.269552148349519516
0.386953249607508709
0.360652162117667874
