0.115204113379617099
0.090141372775225201
0.132494979193631679
0.064820846572916133
0.087522262172485960
0.109036705429985503
0.071131998729302273
0.032501097935437345
0.083687607913955728
0.040247452880710383
0.050301593337200995
0.061123922202784765
0.023103125613410446
0.030080128433331577
0.160267284263004517
0.084801167455329410
0.063877164244436804
0.132527578531849599
0.013982921362472069
0.030429746742041838
0.121665213990725288
0.190132584049954950
0.122468619373124005
0.084960086414185371
0.127205461400712344
0.044126374264265765
0.024108439203335233
0.073663659582755420
0.093898203566109242
0.115769792856044135
0.063943393024376335
0.367552635330885780
0.102936796282903267
0.100215598570438269
0.055220908122807652
0.100278658147966618
0.017780903208505325
0.307674046923785638
0.113853820951025198
0.041423722772597128
0.015478147169758406
0.033343216953838080
0.003207358364941564
0.004157781142358545
0.087376431977705865
0.038288251694688788
0.038938792324713686
0.022450554308457910
0.124114112031456197
0.105341717918767508
0.117012156676758586
0.076599755177382281
0.061739158766588885
0.068777482710150620
0.076533438011820720
0.095338591996293687
0.148624728363690062
0.087008139132607937
0.057576537597859898
0.032886013879250164
0.039883759624504668
0.027247564047844584
0.067493120713586000
0.128635595173514194
0.129167425252357637
0.120084570213737876
0.012974257020149758
0.028008595811199168
0.045766109877333566
0.164776221674187540
0.151019365562252372
0.034232680048944669
0.071783958114494034
0.059277613695375694
0.028347125371436098
0.138423382683788898
0.104634282005600293
0.057941972467762039
0.050151816884263713
0.244074843314009665
0.095177111281284518
0.182733425959118401
0.061440527729816452
0.096257903885158216
0.041534269654218720
0.283266630096694672
0.120914101839071891
0.083767435045379118
0.033287646111894900
0.046422871618324563
0.021738712290792273
0.135163393481856881
0.098733861594129196
0.063091684967280931
0.132719063280505423
0.069152522417243942
0.203137902321403663
0.263210379041672327
0.276582071519649197
0.161920076790477457
0.069169186039450006
0.118311805069622994
0.040056899731234365
0.112566088515276594
0.364104001198951588
0.233726429087346921
0.035945628797292371
0.076632052731392078
0.098137975594349725
0.112096980775767449
0.127272646732702138
0.324295825840209218
0.133335543303333637
0.087748157808473740
0.400000000000000022
0.267013849629322120
0.116677120037230492
0.248239494200145738
0.123052269013173801
0.058346526857929820
0.015019022650070175
0.091446248529133134
0.144785989080779387
0.162076777459204513
0.110739860815371155
0.074277884216076770
0.023783761340314104
0.087603471132194355
0.064798955681091952
0.093984147982967475
0.052525099358688952
0.129804034576158217
0.035784046941868333
0.118613764215350276
0.083780984017565452
0.108406873970134279
0.155926732920123046
0.046376869078305342
0.246344184628520757
0.143197741053643690
0.277075231100071595
0.141945538252844061
0.194703817978423788
0.097666473522984229
0.156062504442493338
0.139332278721489400
0.173384692515176658
0.231581407125925509
0.055920394132061020
0.087564208209799627
0.027005665741194305
0.230665939845856094
0.256995243688807884
0.287854896775914249
0.023178983978229463
0.059336439020909543
0.193079717260534856
0.379855766900975222
0.261555480257188000
0.132613652474216026
0.070538780660697659
0.103433395113107521
0.400000000000000022
0.388500521336212601
0.197246600200676775
0.164347156940684191
0.054088924371112942
0.033494077633651760
0.049601556897459542
0.146257823429205597
0.070308032896393854
0.176595206764421558
0.024538519846079403
0.057967950041834151
0.005614839108865842
0.055882516699317403
0.164802889618092141
0.192603583018404134
0.078762407989358407
0.020659582985977337
0.032148629743994822
0.078871932641954912
0.368615854210796123
0.184720859151134870
0.395306435373406595
0.071661074437109382
0.400000000000000022
0.400000000000000022
0.355280509433731684
0.170163068847553833
0.179551160520169450
0.102127498574568071
0.078861009541177710
0.238002101054365534
0.245576237602430913
0.256950599905470423
0.045142597761920457
0.059353856816160788
0.075583745329055041
0.340542050663391105
0.204135960999151933
0.259363777503594906
0.054026278522669745
0.040257672364325245
0.362340134283341664
0.400000000000000022
0.330104804730336432
0.247926942593881677
0.040759146023972202
0.059414123465363712
0.280814164465616134
0.399270918863311675
0.370444358149126463
0.145289206297664647
0.093959385493637804
0.053044233814755981
0.064799170441329629
0.265042445760240997
0.150230344516149139
0.146454013431509850
0.031020017631349893
0.042816658286003825
0.043341450527697459
0.201530467636354654
0.400000000000000022
0.216532117919293554
0.287378611372157367
0.077760526864774041
0.276535512528775951
0.400000000000000022
0.365332655987821553
0.182418016243286990
0.234561646073657315
0.119651657411128154
0.378128249930132831
0.400000000000000022
0.294449565900599119
0.219430030733494180
0.116726909724576139
0.152020501382220508
0.118226874394086218
0.194654593537634646
0.315301664499724688
0.386325976693032536
0.030330914135644031
0.057795377566379882
0.115182632684411201
0.327681831417369063
0.134056164151355878
0.213742138089330735
0.049839412783757621
0.062889106932538796
0.115319312313229574
0.372270507914486348
0.206257283619697390
0.116977177905510529
0.036452239786172805
0.013728056027878379
0.400000000000000022
0.200694360542792966
0.181828476242522907
0.059676108324545604
0.072865940937799384
0.042619853303737278
0.383090350703336968
0.163236389280582317
0.136472521517746831
0.204876147646553652
0.058086105687321948
0.064285951463984303
0.077479097947570019
0.130706178632302633
0.354367372086203114
0.149085396610975196
0.342472329331904246
0.050396929241294595
0.389934032079641169
0.400000000000000022
0.343515257113585049
0.139045649786411929
0.291671372205183632
0.050002354379949689
0.063774260798618615
0.128705976390797394
0.202203877309774988
0.124486997229903945
0.111216220509715441
0.046708666754111040
0.058882800641545108
0.164181128850058450
0.217227445264007918
0.235614171440620523
0.011169426076300563
0.010690580952023005
0.082710320055468634
0.343242844450145967
0.088931999796936445
0.127842955472810049
0.044551444460508856
0.044274820654592761
0.097773016034933144
0.331239992696956642
0.171000881438229224
0.132276666730078402
0.059620955498651117
0.011332139822196271
0.194238401893670809
0.169307698768254800
0.096070663057997496
0.026073709185827066
0.049031605771851630
0.076330241128481330
0.400000000000000022
0.331167732124815983
0.163934136753464771
0.219708544252993382
0.043581484769602871
0.070407246926075931
0.039444446758148774
0.210286808187127305
0.347959716191899859
0.083664600957248203
0.178728500844258564
0.052487109623101491
0.029253783190450043
0.126326092111220589
0.338645286552290425
0.060208738435247870
0.060962201204383400
0.040762780326603271
0.055643984147858760
0.063772591238622570
0.119002947698824912
0.054763035795273113
0.095695360099288029
0.032200546539441627
0.116755603727719412
0.221131455624775985
0.108555042103083310
0.055646333266200110
0.013684301224625977
0.016004435970856913
0.169537384299943195
0.146857688539398984
0.092437885783820367
0.128091843644017933
0.042255339485733595
0.079480991328470668
0.084249816711669687
0.158363938578651053
0.167628181591581715
0.098392755776933821
0.025650107697534223
0.032864075117042084
0.035015712833163938
0.118356071504924332
0.197206275018832089
0.064623640936224080
0.017357975982009173
0.059120163552031965
0.272726012731328793
0.400000000000000022
0.156722368184848748
0.073165742231431921
0.107692399876335970
0.114369879608702971
0.167304942839240717
0.400000000000000022
0.272373203897005034
0.046043218834335771
0.145932536110828737
0.049885824991679734
0.019568120839329548
0.027107485126347065
0.166428447181458578
0.150378133563298710
0.137712452704262328
0.069841710570170648
0.019044233552443043
0.026978747911026241
0.150104444715104757
0.105683817463719881
0.176527001758481877
0.049441387226385761
0.027685960667227658
0.113948912793042548
0.083287153131333599
0.086998249234305769
0.066215661464882655
0.069748974405433151
0.400000000000000022
0.099497340068118084
0.069775086655836788
0.046007442817736874
0.045627253426499634
0.079135414606058940
0.247230541058938047
0.033987411472508722
0.018091759088630803
0.103005160087758285
0.058428973128357903
0.021681097238262868
0.063073578628682472
0.042761188261310305
0.057379218044264789
0.257236473325342441
0.201383804913888104
0.052617109079834107
0.105960870523916756
0.358923437709409265
0.215070192439455493
0.176201264946488134
0.081312091368694314
0.061732900564088505
0.104331316368810795
0.377937532651792585
0.175368785341983024
0.055703875336112998
0.076218667519715955
0.033031615868704026
0.026829936815023429
0.091201504962988206
0.139585783911397310
0.033648169498954425
0.054170637491653906
0.089711196193884651
0.019019724612488985
0.050699138226610575
0.086401979294161865
0.030399087341778167
0.090425201917200812
0.039304531183114472
0.089894270985251240
0.146832888860759764
0.156721846796891773
0.115815537137867103
0.066169707811497808
0.025602840221547091
0.400000000000000022
0.198085691624752647
0.086155935859171612
0.129174704080691094
0.107193397309686314
0.042168092870694424
0.275746736433868600
0.115407296370767132
0.124106520464958986
0.061959279053081635
0.033747926424748664
0.035116928363022916
0.066372733097449108
0.024413721055242886
0.096010455034134745
0.141910131764115099
0.130107304082747677
0.036692691907951755
0.015730286939584892
0.105955919879741164
0.126113210347420485
0.064905909638494713
0.047399473827271485
0.032091055073836403
0.070859805654198332
0.123734731421367553
0.168898087344379194
0.062614117054617807
0.063939011024708059
0.032701057818332317
0.004578220575000241
0.011338383481541569
0.051570935320116147
0.089891021366371116
0.084579182349862517
0.065748905479766112
0.005743976898703648
0.027633765201753271
0.073148460106038593
0.043404798584733943
0.026204704811088587
0.031783633013546378
0.213417266354579777
0.194789316203946877
0.160374815579469532
0.179381541361381097
0.077358398578934839
0.027421538427206335
0.224050008128752642
0.213316790366155612
0.152517679734332584
0.155436946038225277
0.102392876816589123
0.105133779996063270
0.186296899686380524
0.088277509097705167
0.048149005941176701
0.254665231879520004
0.051242159644488333
0.024530569491163091
0.170118366173798718
0.074261628375000596
0.100148195348710181
0.381757731422425750
0.157931025674439618
0.096867074003725476
0.017915896827953050
0.032979533701392082
0.143420967150340195
0.161059340996722006
0.104278838479731323
0.045391247747241140
0.137326555954386864
0.068820666481212350
0.087783730938232801
0.197589957784364390
0.159990199050988408
0.044170472036527152
0.029272421560432173
0.021681525730618514
0.010499117628969485
0.154188875366289335
0.067745661241955163
0.089296653699839676
0.045526425656149457
0.023547409394069834
0.017477125934842179
0.086324661732381625
0.087703579693725539
0.039939063681994916
0.264057531263533207
0.218924944241200625
0.082306065044810514
0.075742210719685010
0.142197663938119168
0.085827594866229318
0.222319802063077498
0.206456220565260501
0.165999223818177000
0.134836012866416971
0.325578001895878599
0.186160713246584841
0.233369751923120650
0.071453199154568756
0.194981146695839602
0.392711227081916858
0.169741845706722821
0.078404757697060706
0.205761896842196784
0.156611220886582164
0.207405734586747381
0.289837582537216809
0.154511406142408853
0.066015350991659449
0.018508688384709801
0.137727045790832392
0.321351932109537997
0.151437957609893870
0.219176978005800882
0.051617138769498389
0.360074477378268365
0.104571547016560060
0.139731509269798382
0.222985738168196251
0.230557915759127041
0.027118794730105197
0.230727956688875052
0.059347259250749164
0.017211080996738952
0.150644795001667414
0.158207487481826226
0.056944702948183587
0.112350416957757049
0.160488488009085190
0.089555848024927470
0.148453303686268578
0.135808110560332929
0.073603877500782788
0.194688079179408197
0.224450747764366160
0.171872742031523584
0.092457493690395631
0.191757445097950951
0.067901747112695587
0.164793740377805503
0.196193522362038131
0.182486079753926833
0.184514128456948617
0.224921745057852396
0.099708356097078038
0.293601946713557493
0.059808138840643406
0.104131407241104451
0.162426432170869439
0.315556775061599293
0.036279538410407486
0.087547414079281891
0.034589605082699051
0.161518564856200170
0.246590876055037933
0.162751377436588046
0.059637043842437107
0.024990325719984385
0.033503740577610290
0.081513368566055844
0.052612414043520045
0.145595241179950874
0.095462792245543354
0.333061687024196640
0.026520989689151064
0.004177101578488700
0.212516325251780491
0.223136778600803692
0.057128779561663956
0.189234612061749741
0.046632552793892154
0.065652489969508898
0.288443130665712200
0.217603548295819238
0.102404125965371448
0.238012228147351623
0.102978907615047410
0.142716753720439460
0.167475208175125290
0.202577937822448095
0.040119523365431849
0.199802009407412134
0.077936343689944482
0.114553339479652655
0.163483453989356153
0.319805229278580350
0.400000000000000022
0.134419042436657088
0.031458312396683188
0.127121266791329735
0.163208768632117862
0.322962539393772063
0.400000000000000022
0.100581191522423161
0.053017829213043800
0.149008921584012077
0.190659068395534148
0.368855494348073742
0.400000000000000022
0.061047770189711484
0.084650532937019587
0.198828611636351127
0.143114484483091747
0.113367478143952288
0.400000000000000022
0.043146841731306021
0.039186546747219067
0.059838619871967015
0.074233120054712692
0.156854196200719970
0.400000000000000022
0.108100896984414288
0.027397759902571851
0.004915496266182502
0.136933225490460719
0.112731305341029070
0.400000000000000022
0.186663216525453979
0.065487516722737754
0.039236731627638348
0.297880790901949299
0.163967294486820070
0.400000000000000022
0.252574910482357584
0.124600645924733772
0.088503675360687067
0.202939463682169779
0.174915882135210005
0.400000000000000022
0.093681470869357075
0.040107159026357725
0.063939405293846771
0.091784494394569413
0.201491976297620667
0.328280579593513644
0.078138386865158865
0.020759890499261073
0.053158431617272559
0.097237528699965575
0.236484982474393118
0.259778400553375977
0.067771035204215194
0.019516196679985345
0.083917992668409505
0.104348485380707942
0.277997609537339208
0.326378665233565679
0.031032700887935357
0.025797709119240560
0.121163150227035860
0.090632689841608854
0.124726633513016327
0.374147462101941386
0.049692015701824965
0.045788908814069454
0.096197538054240347
0.061139807932657823
0.185773140349992594
0.343134799370451771
0.050348402328984118
0.029320613757065191
0.036207414582449270
0.112958962086126380
0.100292388220670797
0.355192558008264436
0.158522425750682372
0.078726425754038820
0.245467126811278025
0.363886745872635586
0.116918729688082174
0.222582590842447636
0.066112952163734751
0.107692763438074074
0.188017031620443198
0.310025439772944389
0.106146856248324317
0.345442374095775939
0.142873022943664774
0.235337646510354492
0.161713498698363212
0.132387935175001775
0.299701888178351306
0.069822637999741130
0.188140887732263701
0.029872329838770136
0.126705264032653253
0.087035589134254798
0.155931452635723833
0.030026660096475668
0.161595598781399924
0.088305678484382089
0.053063569607855451
0.069638607400122995
0.144685099254676319
0.112482939926290104
0.041582665850863801
0.068804827594751122
0.069025544244131071
0.027929004723521552
0.166721726915684820
0.063574067174241300
0.288812706202559943
0.070832391230014113
0.025267716254423801
0.093575916442763807
0.152531847459235370
0.033014606752293479
0.138216480961506100
0.041217654700214976
0.066010398925550204
0.219906811705280258
0.126449704923850187
0.047036042318590196
0.132138568263938438
0.102282945439057305
0.294119748070672427
0.213334787368705703
0.072284603295398028
0.020198419612798637
0.023371197282081140
0.046842807996089003
0.126364213485697485
0.246239551898945502
0.089201518798143545
0.042269618352630801
0.052309284805519517
0.179308467501989116
0.108067480612415820
0.174486899682479824
0.208087731921595187
0.070609706990597570
0.064915089957479508
0.022853490920551747
0.028187159104465811
0.120186816430429610
0.225209164671034467
0.024837020912108397
0.096706948128313708
0.081861037779103391
0.043008400283357007
0.096151723518804258
0.157949192602535010
0.130987223015909982
0.043257672474986512
0.043509969045032369
0.054348459452479313
0.062424207166294904
0.101465735742284471
0.080729369701259018
0.204807209106173144
0.039747800628901382
0.038654281677815892
0.089676918983089118
0.172149909484946045
0.052584572326376894
0.163420493128270311
0.048441978995789531
0.084016848516810017
0.112116073630997695
0.129995018104892668
0.070719821872434363
0.119471865052043935
0.076221325568409951
0.165153579543005469
0.097623811925270074
0.060048436348623176
0.034190816735639902
0.012122104541961285
0.026335534591363233
0.051388123336356444
0.135446041096253578
0.114475105646369160
0.048646777367469661
0.042845105466811015
0.082905368184653508
0.114509865793653909
0.120100787339137011
0.083314875321539389
0.047836075540383216
0.069294507623253510
0.061041796986681524
0.036816883275848117
0.072571833837987224
0.035157262551854723
0.006085986676562261
0.047232015519878975
0.049030043653314981
0.012618441297398897
0.075353095779409046
0.046370664858686322
0.031941423700333781
0.062758381979029346
0.072308015144260995
0.088859442375732872
0.128906438944578566
0.106816995658768732
0.026698327101480186
0.140010891716997987
0.046242843478508197
0.056079392546904389
0.107051722898725915
0.115119537365116667
0.052167673890546856
0.138605631916304400
0.102972208577563049
0.089954235963659410
0.079128376485634158
0.051452768740354954
0.034615175940551086
0.076854425218431971
0.079621332520905738
0.081177924806760629
0.132025316254863578
0.123949495973276591
0.034738802513481576
0.002507314314445497
0.037752128848801192
0.032833824693268621
0.264767250479425842
0.110171207042966207
0.030915847110795695
0.205098384364868352
0.236974261635984951
0.289216825990523452
0.180636383710783222
0.153691969983983795
0.134639545651532605
0.400000000000000022
0.230586789560190020
0.169843543773127326
0.169422156961401477
0.157494990646887323
0.103292015073479182
0.298849862047279036
0.145487424804098708
0.284373804727963531
0.146760446508411052
0.097625090669185469
0.167644506894872536
0.080355654459921155
0.054843467797284724
0.217675669024860019
0.332042715814070077
0.252575923455871654
0.121652778322137139
0.142935748340297236
0.150082294144006922
0.150221649550755731
0.138569569221250133
0.141297677393380727
0.147860847929880523
0.134803198678574654
0.400000000000000022
0.271834883627282475
0.162829715625056076
0.119159919147515697
0.132979715966298928
0.022359123783505568
0.319012430405327285
0.165424756271141365
0.131314744138968237
0.100057329519620930
0.099092122433604185
0.008951335263645211
0.031791546344111812
0.160524892083744486
0.081693050279422724
0.065143497135802267
0.054234187322004294
0.336445723710298406
0.300131034122714413
0.277386972256228104
0.255981296538763392
0.139097557345523731
0.096199021137356941
0.300583446140573418
0.308655382362449326
0.301142408098022674
0.242445085170833213
0.159969414414449007
0.138019793875313407
0.226180659310885213
0.115525073145549745
0.115642126654762700
0.383300827053034199
0.180409584896845943
0.144615139704900975
0.183092623193948451
0.102270224186199771
0.145914305226043761
0.400000000000000022
0.307565185342568825
0.131099754052670159
0.089699854942447088
0.092257147396767769
0.171768092521776328
0.299482723680510876
0.208913120485331644
0.103333220215003185
0.187478372838650598
0.312895509795221960
0.182960842219517278
0.357638566966899552
0.221430726780804832
0.140428375921685361
0.070806691214650885
0.304948155827313161
0.131413219468041381
0.237956310411668426
0.101033307353850077
0.135719525318164225
0.067265137946941736
0.158710802875926704
0.116210987528971368
0.149416346699662556
0.220422642974230948
0.109091586099238844
0.391899996730265432
0.396636591945259465
0.358888136564459614
0.237662287510162440
0.211366849977569160
0.204139399935852284
0.262376701794311884
0.318426701813108559
0.400000000000000022
0.368562441953763864
0.338393141097138972
0.262792765977976905
0.331507727517470319
0.183550179930336205
0.322253793428541713
0.400000000000000022
0.303077389010056486
0.166152915505534460
0.400000000000000022
0.377497756345662516
0.324082854623977956
0.400000000000000022
0.277563675155582668
0.124361877849589270
0.033527711034779979
0.229173294319965526
0.387006443714189685
0.313514735069098438
0.316597528201589262
0.125895022985575145
0.372077260054216041
0.192175018148754401
0.204530464950890334
0.314721657227174101
0.283083015117816028
0.156922829306263389
0.266512003630743344
0.177961023466099405
0.100992065014304397
0.259051668971801652
0.314134220401949327
0.103321572026488936
0.337595300655588071
0.303686229062728907
0.353964514979557610
0.290398841939112695
0.321385885576435160
0.171270351023767031
0.345705972531652195
0.363120901718956168
0.345257434546700215
0.324038900816321140
0.247677839230011992
0.155465955322495186
0.191799406118999816
0.380804700616339753
0.384015113050541257
0.400000000000000022
0.248100729036081824
0.159044795117987581
0.400000000000000022
0.396028346462261815
0.353074999139110002
0.295040084645085465
0.348716005277640073
0.139712933523514993
0.400000000000000022
0.395296071493135170
0.346927396778352881
0.394249383972039569
0.216840301807701002
0.093131121476088874
0.074591882617443928
0.179761564006815922
0.151821401462449712
0.229207620807941603
0.170133761026030284
0.153430742287377520
0.336612614975289604
0.082403506388468467
0.168979991196580803
0.368187110764201853
0.296343805941989724
0.077788362547641293
0.221383241805744591
0.125504485435847080
0.396612964711149485
0.400000000000000022
0.400000000000000022
0.174065200402480857
0.400000000000000022
0.400000000000000022
0.400000000000000022
0.329181289716136249
0.355960470822113961
0.142247021939999913
0.278663018948589858
0.315938444744310043
0.360129577082083541
0.400000000000000022
0.335338621563971206
0.400000000000000022
0.210002787765712101
0.362080780795518753
0.331257227790481723
0.399260773155434401
0.342223693057224776
0.400000000000000022
0.400000000000000022
0.400000000000000022
0.395072293288207921
0.400000000000000022
0.384555072562263178
0.400000000000000022
0.341861934655327659
0.400000000000000022
0.400000000000000022
0.288403690780756394
0.207326863637590064
0.400000000000000022
0.107946012172635636
0.304228992507460050
0.210068964388116175
0.220687133486222542
0.187874213832069870
0.400000000000000022
0.151442347512111775
0.228928227538926499
0.400000000000000022
0.339444400321106066
0.360694786183565319
0.400000000000000022
0.370627926289991860
0.400000000000000022
0.382650245085555674
0.400000000000000022
0.370233643395979306
0.400000000000000022
0.400000000000000022
0.400000000000000022
0.361204601047138696
0.381070349211583115
0.291642791859786199
0.400000000000000022
0.211908345263443293
0.234761752563992399
0.377036023476059912
0.400000000000000022
0.231822890433264650
0.351969395994594758
0.193321019549570094
0.341895616104790856
0.187214595768628395
0.310979666789296338
0.286324395258150732
0.322540430309384840
0.183090347517444796
0.380755506700815094
0.290175276288106909
0.221325663286218444
0.314449849323512054
0.333385715325181020
0.400000000000000022
0.226492069662033557
0.302991626469558795
0.150308798166154445
0.197592574450815739
0.390497641689429686
0.400000000000000022
0.209025298094651757
0.232670059571987164
0.266015955579211427
0.243859246037314598
0.367922850958066872
0.127827500276554124
0.160026792389367845
0.378417493287704965
0.262044358697101576
0.388340959500283356
0.375406726728774842
0.400000000000000022
0.400000000000000022
0.400000000000000022
0.400000000000000022
0.374531319113247330
0.272584945222397346
0.129887212962353366
0.236398739828871496
0.364263933991428868
0.386276044423448595
0.217363076758039730
0.365882070039606933
0.201755823585209909
0.380077378703742585
0.376895919758582609
0.368002106615622326
0.307109587174673238
0.080513218951764151
0.270851207787732307
0.363695691465646231
0.215637263829589698
0.214878544607064847
0.200482897096232682
0.074301480751068419
0.259368614816333054
0.382404623664911292
0.224064451046084717
0.201915274130201411
0.204306054753327443
0.123815079748486379
0.235821067744534596
0.238112526363005950
0.165096207302128539
0.054002713909348618
0.215753332687536464
0.139904308302722630
0.400000000000000022
0.376669087205427078
0.189201853007888582
0.313284460695757216
0.196113332228838255
0.103421853678369410
0.177660927719654860
0.251504462887342295
0.383917553441300852
0.303571412662528461
0.298476355924738868
0.099523151941691701
0.161392351454388489
0.228609037550277922
0.400000000000000022
0.273543525803953580
0.133246804499781435
0.060961199939401897
0.079015181429939907
0.110615399234711573
0.245367161184522370
0.301002587694218615
0.184896878897431560
0.074470164892072421
0.169064888533238949
0.380262008571166876
0.216622522715499144
0.230133232948679933
0.221772033146221126
0.086614142961454477
0.234452474257422716
0.169711179459950734
0.120625044888286154
0.248278660074447516
0.267464504156768035
0.104318012240579072
0.180956764839983408
0.240224976357754416
0.210636581874938722
0.194544479295738093
0.183599300300069213
0.163851298132952072
0.078273385308150450
0.161866040549956708
0.251554734471311436
0.127047848102518984
0.118823711724293665
0.139849533253290970
0.400000000000000022
0.400000000000000022
0.195376649862664675
0.162842661214521067
0.279842309361282016
0.166954451935079851
0.309156873766888940
0.400000000000000022
0.336725655626252784
0.158159292465333445
0.275927554215721349
0.120605646864114069
0.139039985891373508
0.103328810694757009
0.331582026724464074
0.248001945488568798
0.197760889052885469
0.104032527305810529
0.031166338094404326
0.053314282502389475
0.201492568051461179
0.241129858559973431
0.291002107404850996
0.098088164593855415
0.070531066134038672
0.196854280977696028
0.197797018924987467
0.207099036573442752
0.149530536786422030
0.117585049945816367
0.400000000000000022
0.160539137054799580
0.106591969931684905
0.118579276655724111
0.080784515978354357
0.085221401282621206
0.294462556578817036
0.083017455125823716
0.030710200386029701
0.178358255867167359
0.104799637987044225
0.053622520938596652
0.125831960607711846
0.115069203405571294
0.146238660419997668
0.378506042895477401
0.307061580461252093
0.079315436181314300
0.245971762240914715
0.383507274073879856
0.271149584986359882
0.283252987845214022
0.196431628733811009
0.113900574454635362
0.242936948285115223
0.400000000000000022
0.265323021305642448
0.134832251821747129
0.127671436260070909
0.067646791809255105
0.103684362033455407
0.170822837483893930
0.220763708718157897
0.165673485753818017
0.178120133464930497
0.124449998707366200
0.021527038926934482
0.088451267075411774
0.119235803987430500
0.295166337821203939
0.200596408960167005
0.070220378293910174
0.238511194738185134
0.346573290768831810
0.350393790381529679
0.324722962786272495
0.168222713178655836
0.168686559745741149
0.287800108408219513
0.314057037071839018
0.301948267721635855
0.286887053570206330
0.187061589936587030
0.167883339664710890
0.315012326459239989
0.307474476540595620
0.300916171068825344
0.328331857113436598
0.209692819731781666
0.173997460566497453
0.293918141324839066
0.290064286992398779
0.349340057878159305
0.369303980638056639
0.185906067733797364
0.168833169760042590
0.261315892722024268
0.290452158813947481
0.250456446909516739
0.258119830322578014
0.161225555382815466
0.169321235973427714
0.210107483687318825
0.284062961827355187
0.305791657585398946
0.268474256602396266
0.220781813770932811
0.167924536832685767
0.172328348934026709
0.265174134845068132
0.393274022688864966
0.360980467064868249
0.250629132341856298
0.163897387089729701
0.190935037096782445
0.234674803374729374
0.355023563643011741
0.386635668184989234
0.228586765956322546
0.175179533696932815
0.212576682464380912
0.276891366981375064
0.293359034657332651
0.318930235473098400
0.318336030022859873
0.237125603240040478
0.263998984712401907
0.244203453295120110
0.217434822354744761
0.284364746231982879
0.307128262349496195
0.235829235680354521
0.293863495224526927
0.250739945793432673
0.216607277566385120
0.303455905361167733
0.304876407340819999
0.246852240566410946
0.300665230472871969
0.222017800505258767
0.241955192120989260
0.325724145494530437
0.325420022770713357
0.227141689451429402
0.305748218722771470
0.259656880241672494
0.176062963098902930
0.209857889692129540
0.262846063710527156
0.233806823248601331
0.333797466959749545
0.325200090893987326
0.255454605214424368
0.216345190276276134
0.294634753576650199
0.215700112953311290
0.259737006612977717
0.277122640405542742
0.308592642223458724
0.291013152550859633
0.323297622072043933
0.210863193668022003
0.257108094210169447
0.233829172171649863
0.247429640719044774
0.273842851352249672
0.339879912841931087
0.232236255141243103
0.323648868897123076
0.382261379138146951
0.354240453036213987
0.307684202711441368
0.166014118634580848
0.170474562541997998
0.351821175644385586
0.393738047888873288
0.331241159910393934
0.322549276604470747
0.180610960306911289
0.163591086702005173
0.359251404935476581
0.326998796178965323
0.335301505401825906
0.339893801538871054
0.199483660177392330
0.169678220639948113
0.314156461441672918
0.293305608634129911
0.332566409797605100
0.333037919091645374
0.190154610459022433
0.174815306207975113
0.252572354098396901
0.335664025495902629
0.318075876295545901
0.310755193546399300
0.180778923481521192
0.178180448008525782
0.193040969254396372
0.336432444343487180
0.387887764659839207
0.376711343396167520
0.253584337422659456
0.174231358279111459
0.196242972385655079
0.272897684587363354
0.394866568458848988
0.362134232964977432
0.254041928649607562
0.163501262463399688
0.201975765913243344
0.234724367848238330
0.319400626215236794
0.301001423566023274
0.196332079354878786
0.164786485369039309
0.305947245930165701
0.375729021144150910
0.323567430490614205
0.322431487663978222
0.304736273062510943
0.234797584583949032
0.323817438595099205
0.324991779796733216
0.281629808450432728
0.316795325641473891
0.333586905602652861
0.229322478334321234
0.315975576243920808
0.280002361839334801
0.242075484213432640
0.337319913826877871
0.315473919120414281
0.238634149974552318
0.302559536609640523
0.245499695049815059
0.245960899691287954
0.307644790294448689
0.290169337763594937
0.230178000052050913
0.261661451151977698
0.250981069313794103
0.216314099318081821
0.271007875797404485
0.316445192526261354
0.250728578166083627
0.241402116574131159
0.302841628519921691
0.304544681325636168
0.306275761336930463
0.398762808507763800
0.233740032360254202
0.312998723140973489
0.304098041144639508
0.322539467399641622
0.292563189441018001
0.324312855226588370
0.213092598947538070
0.276386864250542541
0.244543899172080359
0.247516992384334306
0.242158513795095648
0.264601396159778957
0.212109932854309513
