0.041409148572743866
0.104474469453108995
0.096321445430020719
0.195428718399164175
0.100969673122134021
0.112408434439423027
0.065534446671445146
0.149130552272014744
0.287181311273230988
0.171564118365505142
0.035401036486512188
0.173187800092104160
0.070917409569137849
0.124995805441156571
0.198275833431036996
0.101363698083178772
0.061006443516528265
0.231991984695074149
0.074839334188783885
0.069384233551929589
0.061819686690005968
0.056222964938810273
0.095775638410156377
0.019096697233811889
0.024698601298553533
0.020274658475026481
0.133244675633930054
0.164877108595186617
0.100544032147552420
0.026857453149674075
0.027798723934962279
0.017725361985992779
0.155573124473613211
0.105956364357328525
0.092401453968179753
0.008336627694244239
0.066440973169380343
0.059334919491829792
0.064593938695728534
0.020906732875731866
0.051965066503465100
0.045827999813649926
0.033588029996946323
0.137024127642301180
0.088222866553585466
0.061432057738562557
0.052178035467188903
0.057776974208601894
0.029228744479450161
0.092765056969759369
0.103280840336073765
0.110570379130051272
0.119708781347497698
0.175872856501596703
0.023541116761446438
0.066139913981524620
0.150304184258337636
0.258288088122933301
0.160121840277870658
0.387332135101304931
0.046946786448852813
0.201660221790476102
0.145797839157732201
0.144123714999109420
0.139228351086908897
0.165263421413788358
0.047247678296979186
0.233512697660483437
0.268646313276431070
0.155700568285302043
0.171915633317243993
0.044132198032033464
0.031984122661666455
0.098261627036622209
0.100697145651703207
0.324307213936468330
0.305991803700832565
0.276079839618170619
0.002964193230596962
0.060718617785553160
0.092039201117082692
0.137058549097458848
0.098372309110658696
0.110579790783758791
0.006579294677071860
0.026841415226458151
0.073320634474942692
0.127768154559112557
0.105238318730252592
0.097738870789812138
0.044080083831636453
0.129282784976083420
0.041446993457412803
0.197167489236444060
0.192605625305278028
0.069120317018150287
0.061847592052088972
0.120557560009614623
0.084056080533842753
0.115552751911390000
0.120905600222966286
0.101513211454659483
0.041384143905389879
0.132581569525717119
0.191646117201973831
0.109999965447119707
0.169845660273308746
0.396560586866586462
0.046583072162485868
0.069130270777820677
0.106890763810335743
0.049961004876912046
0.101675479485585696
0.182774152592523775
0.040520361475117984
0.063188155118083816
0.154518823137421518
0.185916339211475962
0.224663939273313962
0.023084425852051938
0.031929263601524184
0.120434927280305637
0.211320534628739842
0.208284340323240502
0.182877534871110081
0.112408132615556378
0.006917224052340352
0.015923796228430466
0.073968386059097183
0.114985727635171217
0.088387119915759815
0.116455332827459249
0.004959869668975769
0.093550124253171801
0.145289122523634073
0.194368319653681676
0.172483107126261720
0.024693674311584632
0.017157394601372018
0.167056836852177176
0.097836367888459203
0.286234562995684561
0.151546807560950847
0.032681465532134316
0.004573592981424154
0.100607284264702251
0.124471996228560811
0.074777756454164054
0.303898614605284279
0.070415225669032910
0.022550684463247019
0.151152648302641107
0.346582405708628638
0.147899890415120860
0.312648347434611451
0.217516023386320978
0.043706620288545314
0.054691145216421475
0.191517237410991331
0.154877803264214575
0.341901277310975749
0.259797860833673289
0.019172915033987978
0.068748152675427970
0.307624980122086722
0.102790598760822707
0.268085314216868986
0.207843923275162268
0.033054997314524916
0.063557512557687684
0.162882342876952912
0.158483046229142138
0.112009151171491003
0.147329289760194770
0.001312262093569991
0.023171095051488476
0.079402559056579697
0.126757970754246913
0.151774494820179767
0.118031238390307922
0.002042257788808430
0.097316952709796969
0.194605303983849981
0.203419398539031959
0.136831004630428660
0.083247871961646652
0.116350996834895748
0.156481174069051598
0.122067783299813687
0.136992394257480471
0.061450384673840924
0.056355401124903358
0.400000000000000022
0.177521764369031304
0.156266368290912810
0.183122927825640602
0.230006335736262391
0.035722304332900197
0.400000000000000022
0.200552350445178745
0.232091512262761701
0.272321143535532384
0.304583790760777406
0.206317886356372326
0.400000000000000022
0.030658838171019043
0.130734684608558138
0.094973465779394028
0.335109553738248411
0.400000000000000022
0.400000000000000022
0.035907537062752029
0.198121652484873650
0.171704037604286125
0.400000000000000022
0.400000000000000022
0.400000000000000022
0.081531660475652953
0.148148315076489484
0.093191815823316343
0.277754634961269342
0.164653233888280459
0.400000000000000022
0.059224627620855799
0.203251803685548321
0.067198739629493090
0.208950058125181470
0.121729440061080760
0.400000000000000022
0.396169737845250391
0.325360739747681815
0.171437627235296125
0.063090607166180326
0.011977176053405406
0.400000000000000022
0.388465575517418338
0.165720668340740285
0.331035556167177614
0.143304189251106773
0.013105345434356970
0.310147719549177470
0.118438596074097444
0.179244626550759262
0.093238682007232190
0.180421625513193157
0.023554886010234508
0.378829294196393662
0.167497974541221090
0.185736324642451767
0.021068184156858766
0.103328684565324888
0.030483614242337247
0.400000000000000022
0.138369534022485946
0.102036650183616559
0.047025619096293603
0.263344186192660090
0.210151157776179875
0.391620219391332292
0.084901807612749014
0.095323689730212560
0.055287141899759459
0.325215648753707343
0.262047525918280289
0.318977961512170449
0.072802430117773403
0.249359753011104385
0.088563945734529900
0.227397150024933825
0.136082994926776835
0.400000000000000022
0.033208983147068841
0.129177959677103382
0.092598449155036316
0.070510589512381885
0.055927214555770245
0.314201443875488595
0.128634934961678382
0.148822402795961206
0.142515125494018208
0.058982534848989895
0.022600005707909196
0.351711955779237306
0.262524035430933167
0.125665648344390507
0.199858925689982869
0.091451846585022201
0.014761966026676634
0.012676683439523870
0.088821414962121079
0.191233608711058212
0.187674162508288056
0.148537111706768449
0.051698852529457745
0.009043865964655928
0.093813395376073125
0.118621748087176362
0.040878865270536371
0.188507046412502322
0.071197091639159646
0.047496300403140394
0.128821199963331773
0.383355128758259722
0.127205734111891344
0.232025757971842606
0.075491632078268311
0.033598206280975658
0.082994752089653123
0.145196678981754312
0.132380101995656529
0.210623157533833538
0.055635172084217074
0.039149097903985186
0.104071378743515408
0.247776340166770026
0.122360512085125994
0.296626961720505733
0.136327017107201409
0.108665551680686423
0.118398988174464065
0.304853064713744959
0.314382642849320271
0.236398013501419924
0.251933615845723213
0.065060040883474751
0.127154809830312771
0.228716808727855797
0.297292751551350098
0.085376749100943353
0.115160737705480271
0.035793363918611376
0.137813456712311294
0.037065062936581100
0.126621069250624024
0.022829698825248785
0.016777603910548743
0.027933845294482808
0.303102439231336673
0.334944235990748296
0.176648387688186498
0.122239313552908180
0.036429470857592454
0.029531385417591351
0.115926719942705730
0.102119577261618771
0.083444370102701060
0.094153959128521536
0.018140903418120261
0.054566227286690375
0.091628951485613230
0.258171000141331708
0.098277277758016257
0.063464746068959563
0.021134180874701095
0.073735417273642842
0.128020365115016743
0.175772461412015635
0.078645856782376108
0.190662930104528783
0.118014636881079882
0.103903467511613029
0.145605243803609091
0.256352758256780167
0.064516890300005639
0.258441686516731606
0.116678302255013910
0.098335071942500726
0.361032513339770822
0.400000000000000022
0.165392642043558469
0.179927090203979873
0.179116841514751296
0.045411339865175690
0.219954420031172965
0.369135721064931976
0.310420128334143564
0.296405899174117304
0.363585172425894720
0.049912387621869218
0.149274845927088146
0.228066473180316198
0.126828694847269413
0.087014575536795535
0.105045743280979070
0.045696752010522410
0.271796465290677802
0.224647161999301459
0.170664673503971687
0.127574614186563878
0.050604514138046917
0.035078952416854291
0.016872318941204310
0.152182817644542390
0.144297465074342768
0.181778794537041211
0.106240424344677314
0.050983210035739891
0.096217521085484398
0.156392473318051450
0.085653240868584987
0.103223958322594594
0.108737895056465708
0.053699975797800670
0.196775991489917756
0.139428596874042604
0.069546480814399736
0.095799898708158471
0.079789849924755435
0.057228771026569397
0.127534131796950861
0.187536161318072381
0.115910019249900756
0.207718359935955860
0.042129023535931100
0.196172931296850095
0.393604275053602404
0.400000000000000022
0.180053516957122212
0.164691829571428361
0.219431580457905673
0.082667751123895628
0.104431786749676236
0.186383829421199548
0.175785510996447014
0.116909689518667897
0.232215312898714943
0.052732792937111500
0.151137424509003221
0.179320659518017483
0.163908536496350565
0.068094330039303944
0.056715470213322738
0.032663851054145217
0.038562621430882016
0.163389952896076412
0.107352756564069132
0.023498538834032912
0.093179384969679035
0.034340993359415893
0.006405468754890068
0.081912323376303178
0.153581553260928316
0.183149924190957436
0.063578768558977497
0.033554046108240330
0.041905503723090549
0.129765556324364845
0.169462997362238077
0.180024483000727098
0.064500099807809352
0.087330502671759486
0.133486119894664440
0.129603227900064344
0.209695586218283325
0.205810500382360262
0.126040038514969782
0.106781940928737426
0.162272561979338592
0.158839192098449850
0.082582302118991827
0.126189085328159339
0.240347489867688835
0.160442412613533536
0.217961815759369043
0.202991914351099451
0.237165873699598795
0.111392887516682790
0.108867945188260970
0.226978868045003196
0.100709771699625777
0.184495957121238008
0.400000000000000022
0.179605066010917358
0.234203238444969347
0.146101790060896020
0.147121367881159038
0.283866856496338471
0.352472892343574151
0.370117718281027130
0.341589854986198649
0.042960990464933881
0.073280585704321943
0.107936446938017100
0.039352524513701304
0.031381649967974615
0.126820435463972758
0.021705501220360704
0.054391500185296281
0.102478343092136784
0.154657740006112238
0.068584000109139787
0.231520556843607561
0.050333306521994144
0.071486874710315063
0.095286398626029500
0.220938921338777794
0.181548283704584534
0.158608496302173024
0.056048607126440692
0.169466042381433535
0.068195129946222482
0.251369425010313619
0.215829509132788394
0.132806052520751561
0.096800400856520419
0.251906668835607528
0.123451790240502401
0.151040277066504025
0.174473933191810870
0.383892773260935294
0.205894289576411149
0.327340582606671593
0.097254283547030335
0.218347705005000392
0.170944954428334323
0.346433522557564155
0.075512967802240372
0.094991722210275090
0.137899751357197953
0.214726137564479669
0.177536885638092279
0.340165035330386389
0.060004179221296840
0.094820029877546799
0.173817833544963551
0.237720200584024377
0.214538728137809415
0.227501297458942764
0.144420046101276511
0.153685716424417584
0.279479423959478890
0.068914580213251309
0.058455752914983422
0.113004987127694440
0.080230034197877956
0.098279757428854905
0.086481508867670531
0.165450596648216264
0.159274701873390795
0.122559416975986268
0.049396232223958905
0.054389370890362165
0.140922751967675619
0.195941652825240009
0.083911875412930353
0.100243553257762671
0.081542607071988210
0.161609620461456271
0.189235933670912571
0.341918625804082277
0.043646151125450831
0.128115697293881226
0.134883462035796819
0.273461648121411993
0.225937834968372220
0.241882020086042177
0.150281580786061075
0.400000000000000022
0.259184193421361841
0.165078883020925604
0.079603635506837023
0.216759883844993506
0.149038095219143157
0.218543114609883571
0.155346782290394891
0.071165891778811080
0.115744918063457713
0.138044740300815760
0.158646181894772337
0.077166513411176418
0.196757040989800541
0.103860859575255871
0.134878349176846879
0.121134183143126267
0.132845617513035585
0.169329898213955027
0.101469882937115286
0.049414033322589666
0.109676634016192640
0.073573127502012156
0.175014735543081168
0.400000000000000022
0.039504302665900125
0.046329306895303478
0.079341014386069830
0.073752875590235287
0.298254903143000349
0.278734116226607431
0.034189312670335745
0.114963611099489521
0.204072302695044061
0.074529444178704121
0.058755318807263389
0.211496885583632582
0.017415453720222532
0.082162579271333358
0.154403888335696543
0.240048983363000679
0.057785870863202943
0.149027124195847044
0.088825821278217809
0.118677624717958979
0.114128282960478417
0.128675404189452613
0.109478616369300119
0.111431473172410672
0.147851724879174445
0.081170158360293287
0.065628062220542127
0.085411505117267916
0.229430779156033604
0.174463588453919460
0.116149129770723530
0.056723244528881035
0.117103046815855441
0.148766598119377091
0.164246119066292856
0.149874389187415163
0.074020294184693317
0.104541094529059228
0.183470771513448511
0.131598542785833356
0.179318412152038115
0.159436176835416388
0.178187651713925393
0.120531039700439560
0.174991964940742678
0.178728900909167043
0.226322099392220227
0.397944768638360036
0.092606937347926049
0.169378373130287807
0.142290898705082103
0.177135153082238928
0.225992176077871115
0.216968359634962138
0.098672023578118329
0.120102182648998676
0.246759497646993065
0.273319528002358647
0.099033991010647360
0.346328612586702889
0.058686513027061328
0.084610201974426272
0.215821983847457433
0.272518136711841941
0.066564777876471387
0.203505516798762692
0.063764903242018833
0.103324485800215624
0.190988003678601886
0.245589217510426394
0.082790718365568450
0.045846391216664922
0.108732285075398255
0.105077030753106190
0.040404387377813274
0.070535456199638302
0.209770174656791875
0.112714547837680784
0.220220359022292339
0.187979682881253579
0.111297402442220333
0.040419803476590577
0.234014755980278155
0.219357592157550102
0.159671841360660066
0.144197379245195018
0.149692284253864882
0.062756774382075373
0.133281930202689941
0.177786608763571413
0.097767372125136934
0.050717748885484963
0.215239446165259196
0.299212230145864733
0.082493610747962173
0.091319385631827843
0.145194060531567831
0.151760194148933547
0.235585976871037550
0.187320106349240151
0.095679185443238071
0.100002326210816977
0.029047682568688563
0.185137484717852713
0.158933926675933507
0.108476645717324016
0.116005195745200393
0.099378289310878692
0.064624174129879572
0.154238805379884714
0.119858251252574419
0.131070032348843568
0.060103761373936804
0.126318470638571739
0.031372382924917668
0.079939056471265924
0.144421864687593965
0.168248082220855522
0.159906200915682667
0.061435159312804945
0.015924413775996606
0.035026267733539951
0.062876662441385567
0.039963195942379036
0.234893466826026770
0.062569979443502885
0.022179674171382231
0.034397272252920157
0.118094050686182325
0.046957081608803512
0.172268807556838932
0.205164390100830513
0.038557136593087835
0.048487290398881604
0.142891836299287506
0.085478909750977716
0.070980858215113019
0.191342866741455092
0.131176587248929472
0.093981675777806958
0.158341425570033278
0.215953192289651735
0.134695605488722725
0.257202265562118892
0.094742121885485614
0.084887400813469654
0.130590515521172013
0.150540250718931845
0.110482754027662777
0.217241727032865983
0.061810774230663924
0.052101571324598542
0.167424780719887450
0.256586844845920203
0.294669227753479923
0.226259212920276953
0.071045090630778837
0.099387761209643127
0.192655492230567355
0.206608187958832623
0.113117678170736147
0.241135713779149219
0.053886965626688946
0.030129357182834868
0.067957732276661714
0.170335942129457935
0.061375223529415823
0.093783724339077321
0.059900081877075087
0.022698259002501955
0.020026759969946559
0.135176376387389496
0.230240624519883280
0.098383704036268310
0.027222815886894684
0.034047700293035069
0.052638624992044768
0.049669055855715238
0.143963452793208269
0.269059571257004582
0.017517294770641598
0.045088359663330697
0.137846500492542268
0.042966768892709707
0.030291477721028963
0.211327282125714666
0.109066502893561665
0.154646833008216605
0.080066797260475400
0.198990857042690095
0.144658643849379376
0.269710300093742805
0.120742433076138925
0.201280496013714894
0.081605294762558747
0.097999373509806392
0.046196779960986978
0.097691451135529739
0.090366452907426092
0.128548137692706843
0.084356644436268960
0.137583585147271814
0.074288964079747721
0.174417886986171611
0.032730582102364639
0.092927401454176675
0.115439444201966598
0.138127592601532401
0.065589774069701220
0.132374640875110638
0.036923190694078060
0.110843975154110014
0.137778315993445560
0.334429273350166145
0.071612891721658190
0.062455167373603016
0.016969556817748851
0.034822686103784015
0.044126823574926005
0.132952989588241810
0.087279717049540129
0.047542775356960547
0.020593222950112657
0.021617263448821887
0.035917134303397137
0.018439984705183224
0.080691221473834479
0.224335997688329930
0.004579391528237492
0.021582592934360521
0.116984198483174456
0.013841584653203660
0.015295219266952650
0.093905583157538330
0.032415124656708698
0.037519669791290733
0.153125700999275222
0.134503391458749677
0.084668105173928240
0.216527437783346821
0.009478831886310818
0.081431977469965944
0.171285423083752469
0.161910405811744845
0.084839859651894167
0.079410094639057252
0.022078783399363894
0.107200289329990178
0.167222462371653835
0.118613219421824651
0.121655772418743965
0.099838346962562968
0.019256039588034742
0.039265171155841376
0.151357379596766817
0.067360902365605865
0.185152927869980832
0.038889786921197662
0.021981338213280167
0.015970390794161952
0.069286561864798826
0.068996147918291756
0.223891304454634010
0.146728475911523715
0.040004553397598813
0.013562644254898384
0.117205396888724722
0.122342802759016531
0.043661577621261632
0.055974369938439072
0.054948852091044650
0.072014354196416872
0.177067080132206428
0.030468173353560803
0.065390395847430421
0.046962243692642076
0.008339558168471071
0.042903361601757242
0.098078416497332052
0.014017192022602532
0.059662600728644946
0.098104868592561900
0.074072999626889083
0.143037090883990997
0.259711398326097187
0.302781474963233266
0.124468211956166946
0.205587819409102063
0.099875440030861046
0.155536021026904808
0.369093634649534152
0.325145671626433486
0.218550960677469597
0.236766568651081644
0.104471455677378186
0.166901309164247114
0.328041389755401869
0.270826695445416821
0.241030926517255384
0.296492084502883557
0.162169836860543370
0.202870353446594043
0.191422914590070298
0.265918551157093563
0.301586138792516611
0.145136735748781665
0.131480542227290942
0.182547220454365056
0.292083867732379876
0.247459410714178429
0.226733117475711787
0.267204943017362917
0.188241136548495780
0.235687177745361826
0.358565038824712690
0.343122238056927376
0.203794341484862529
0.117204572882505215
0.293419841214383470
0.160044691191455563
0.249089895816966528
0.400000000000000022
0.231570132514382437
0.280031238258619253
0.179689820057842314
0.284145495523460245
0.351794622174154470
0.376095934595511605
0.388949899115850650
0.364190041354513827
0.072189734944384049
0.166045642674081284
0.211217287274090865
0.149922903643752548
0.151090431315472284
0.302693291965569489
0.045246617981807138
0.120531414166820908
0.252782527350474406
0.384244066633955939
0.228705840387010417
0.400000000000000022
0.097280092970846971
0.273147096500791220
0.241084237783761673
0.359286463111252563
0.320776634791493431
0.323871917715961355
0.103296285423419870
0.343807933422682233
0.336841443222653525
0.382289526022940973
0.377956738130675318
0.176938250552785031
0.128784523518186866
0.335324730669286475
0.224148935892205581
0.400000000000000022
0.400000000000000022
0.400000000000000022
0.208858482807008111
0.367961794469522541
0.189293484664112999
0.355406254102459296
0.269317263538992990
0.395738254740298445
0.082092262479312228
0.121833137436733241
0.211220385832140645
0.342494292123592170
0.282775204368344912
0.396664827442707368
0.104084263052933293
0.224102814853630233
0.215264827002376369
0.367231420363566152
0.346947197633360571
0.296621614477093010
0.206267638153365490
0.274243276434032235
0.363535504493321726
0.184467332124641337
0.179361353137949681
0.214518198582353908
0.121614178103267828
0.230861326954572038
0.278127626069644363
0.275450562095336027
0.329120362146699541
0.400000000000000022
0.095979304386444780
0.123519641668182842
0.247813515778011417
0.245902657702152055
0.185587354898516049
0.283017705850286405
0.122062968547106201
0.224797775579540060
0.343754756808334117
0.400000000000000022
0.268310090398764856
0.151200123145933174
0.166812725637320969
0.352223798116895803
0.400000000000000022
0.399025169688385084
0.333159115657171156
0.400000000000000022
0.266101417473702195
0.181002679249356063
0.153572021565934191
0.331745611480164737
0.237425215134902973
0.333587233624036417
0.160306651959370661
0.164716016031982854
0.261034040587091787
0.332413059954497381
0.331129289021034057
0.101860187722761064
0.213914435591172569
0.270917696427433019
0.232714717065306081
0.356649304229884834
0.284392425073986432
0.202011363746089356
0.106043475918539465
0.150021317587291925
0.234148630244753436
0.148350883956176238
0.392758523210517185
0.400000000000000022
0.062054987129147136
0.197481955197944592
0.400000000000000022
0.221652766005356161
0.400000000000000022
0.400000000000000022
0.077895932958881073
0.169654756315911037
0.386202095872050122
0.229407247442918710
0.374832287126427355
0.400000000000000022
0.036588368754210510
0.150910731946761328
0.400000000000000022
0.342839582123823372
0.325871185080071957
0.356871047471009284
0.121880818592742704
0.182235137275646664
0.277010625837431301
0.287158450418594779
0.221487767540791136
0.258760762932605415
0.149163986972744467
0.104341253411781770
0.145030621277121796
0.212169475871514829
0.372817758310732661
0.292494826844227340
0.118191387559531985
0.154040197238678039
0.311708350799705380
0.352185996658409051
0.301077123696721460
0.233122261149061816
0.190371291019589051
0.261022268598110840
0.305538554813262198
0.268590937043313827
0.240768796825879067
0.215791577960319725
0.400000000000000022
0.296055751358378638
0.331258333231655544
0.360488532266597939
0.388384154938197446
0.400000000000000022
0.400000000000000022
0.324396674641721561
0.374382410967843748
0.398451883976729038
0.400000000000000022
0.400000000000000022
0.400000000000000022
0.150761020820017688
0.377325636463585301
0.361580830906892414
0.389444800372696465
0.400000000000000022
0.400000000000000022
0.120517739037178287
0.389091188047608783
0.397451536630934021
0.400000000000000022
0.400000000000000022
0.400000000000000022
0.184856146275868605
0.339136318755091426
0.338781033333742765
0.359145936180915448
0.210499625104945354
0.400000000000000022
0.164301658373961990
0.243656191063361616
0.137734195829131434
0.389049860704543726
0.234443987898761586
0.400000000000000022
0.400000000000000022
0.400000000000000022
0.211857430711886674
0.297105363146458468
0.231334768210955499
0.400000000000000022
0.400000000000000022
0.315412952594605167
0.355168004068112331
0.276586119453796742
0.190891954197928371
0.383482640032146382
0.169156344959582400
0.392418406038765988
0.376417518561422471
0.262915236261155316
0.114874271642062362
0.400000000000000022
0.307357004991122784
0.400000000000000022
0.208388290506098917
0.199007870008562959
0.130485940453154231
0.400000000000000022
0.311612487998097487
0.260970576859550052
0.155502264813617619
0.365534576759145913
0.309529447087058596
0.400000000000000022
0.239140612992633728
0.215181940982786979
0.186357174248602986
0.376843441368418630
0.386188219846877012
0.349275012823950348
0.152741486589039327
0.382718709457450568
0.256812027955385436
0.378378541116648537
0.197518154239581745
0.400000000000000022
0.068235250880608792
0.192054622118488949
0.132561645097415387
0.305404056338408669
0.118497193999273109
0.336381118046870820
0.163032207214598546
0.266916453482143545
0.189472207102821699
0.231251342405828814
0.227764395808739722
0.378704735247678226
0.311011325829814778
0.268557484643678013
0.285337835440960585
0.162432704800135219
0.206104832768131740
0.143853270688453327
0.182803090739928065
0.349575034281091546
0.381441638054303311
0.283232717195491146
0.308901118091576665
0.103785987850141537
0.178700796189542765
0.249212263608348417
0.191419115989468230
0.298989800440165099
0.288438818672025643
0.109307074633804319
0.180922771287930301
0.400000000000000022
0.369663339626686183
0.400000000000000022
0.301750844998545265
0.104643296911754502
0.182382513299296223
0.337852171212321695
0.338988289954489153
0.323740835704569685
0.296770885863366307
0.093036063530674132
0.134200735926350290
0.315734072443431713
0.292696454214583957
0.357318006168569846
0.230110741446278744
0.168565633557761524
0.141097247176966034
0.324879824683691476
0.400000000000000022
0.399240739906619679
0.344268754878711003
0.092282856770369431
0.161202510123347797
0.281355433719900516
0.346961807407065392
0.229340201894151607
0.376866613653095373
0.053310658689252971
0.182901816375641985
0.174911563429123396
0.169587838143333725
0.053121176546277744
0.228104886036263388
0.137000348188044491
0.355813449811719529
0.400000000000000022
0.368860209971575204
0.266897957402287611
0.306139770951335266
0.150273818493730282
0.306667330726011877
0.183724872024177560
0.181443743612507424
0.140350739089508514
0.115832354553649985
0.144932680194116453
0.220177089178320073
0.342527644577600654
0.235860862905288043
0.137753710148707270
0.195552067860872703
0.106465999376007467
0.220947766569193405
0.291211905613982247
0.216773449383908523
0.256252704174230073
0.250389277756190520
0.140826658205691069
0.256449218957719105
0.382969604625784332
0.386520555646426955
0.330054578238389851
0.179133469628616926
0.115304628760249564
0.376104648829224009
0.400000000000000022
0.298345631631800279
0.267206807253520029
0.226659616871711822
0.066004562815288353
0.241571683479994831
0.393440523598834635
0.328860113039326774
0.376432647839568646
0.400000000000000022
0.054491779150106709
0.170857438861448635
0.336106901156155380
0.140670279500473089
0.102309794803748175
0.198951326438517428
0.078111876667231128
0.303464642649797889
0.377772862998576653
0.305168064962721419
0.212242719360492160
0.267131951921393718
0.044557784303165107
0.098304296411170250
0.323468240728294831
0.306207870886087585
0.266618654188935322
0.185650518983734553
0.073061993435103792
0.203417810415474576
0.323614935689705285
0.204266460290409624
0.224879730741338546
0.208576242019028663
0.072956015385835404
0.236041162645759139
0.290785976470809393
0.136907383180005615
0.280952826578139303
0.118679636845953090
0.079210109239849585
0.143504522591112793
0.256822723182871249
0.184906167168192526
0.395101793784530475
0.188857499447454807
0.236177484694448908
0.396278954774506365
0.400000000000000022
0.302396319716138728
0.208353407192689993
0.275405950396344745
0.137616603214940264
0.176446140946093122
0.363450909553405976
0.206253684350007821
0.182300085366098319
0.279177556591357012
0.061072351105582574
0.194040786110760477
0.277399076015349522
0.177925728518953080
0.127756930767948917
0.154820338805884639
0.232316798935178981
0.345147172598314456
0.351242587389908989
0.286153126774069289
0.253678389561377504
0.321375717464173205
0.213013588161547140
0.322099496489509030
0.333208507983552837
0.265592436336402449
0.276097367035545660
0.349782802091430534
0.206719191552797721
0.280479498145171091
0.327866585600830152
0.248525749189026313
0.299834729422402857
0.395536884959984181
0.204418195718426038
0.294019336502029716
0.299584262661228340
0.296477904516143032
0.333168924031656266
0.282814882508861942
0.220693270527838825
0.270385148794394736
0.320548161115120467
0.342193669247514043
0.366606878694202054
0.305731213918133793
0.293662801055873945
0.272595413613702764
0.299965073230423263
0.325320011153172162
0.343294336057646143
0.281216352272277537
0.237713752936462075
0.242805899818062193
0.303757885694211860
0.307352357594670500
0.288420451987521309
0.312087810945107236
0.194223919134856926
0.239429267978076593
0.218844221074102147
0.229253861692579802
0.185768985750251275
0.212691556827885181
0.197329753218839832
0.173827369231408652
0.357868555349723561
0.346534432082141186
0.341894832546991212
0.326962793345378866
0.184988890890106200
0.165247569946827877
0.359801359191607495
0.338020019790737869
0.375802932370002896
0.349569890172683528
0.183041964484087855
0.151561930624536795
0.382942503104349796
0.310857924222928406
0.367377696499610384
0.370443349831327595
0.179707875618099255
0.167591050826178589
0.361478562370758427
0.360117720267573937
0.371541317280835948
0.296443958445487266
0.190794232123735696
0.188418546976754697
0.348266787703399028
0.366681389846494787
0.414878359137078268
0.347809761114533156
0.276744736870603580
0.236308779997659091
0.309880753923980456
0.308983776524972831
0.367439365141796426
0.341193816246955772
0.238520572630822214
0.223414166543965981
0.347089585537852185
0.310367282817205381
0.273272525573158287
0.350752554475931566
0.243465320067451502
0.279869035715805403
0.263261354290270144
0.268487004034266452
0.184798154169536516
0.176941614439556860
0.226013875881524218
0.326825040814357648
0.338985707527382052
0.269946758260262210
0.220538586324703273
0.292083429898918723
0.201954401342773038
0.299851534282757848
0.328747649681536191
0.275385519496676057
0.289118909407601099
0.357071984513126439
0.200469159645162265
0.279002158108817011
0.354232715726200242
0.263892309127992275
0.286596068795309800
0.356356694111779171
0.203105156493414402
0.306445437490034389
0.321238822611881747
0.308718724183907889
0.322830877558563212
0.306083895114731608
0.205936748999233393
0.302452740728170355
0.322866659327132988
0.304065130687662666
0.325044464085786189
0.303266245821579905
0.261162410144527957
0.271858366303427301
0.291900810343947770
0.277043955311005619
0.276505268116075786
0.234799421584379470
0.218519537482835730
0.238330114238574198
0.323552210702755805
0.342344390650435981
0.289648858759539607
0.287549688496425870
0.206698187827899310
0.327380530484533749
0.326541923693364433
0.383971361929731136
0.311153111595343757
0.283766585868302723
0.194576452047381138
0.167910750415309978
0.336270203256438582
0.334441846915226881
0.322531515739351793
0.296498058466946990
0.175043154158892406
0.149855937505770587
0.334949264952170200
0.333494746949848098
0.389659762855614378
0.364697022690082306
0.178457264844106595
0.143137226664073136
0.381173766047186391
0.335856264525110748
0.390092974139541138
0.356168474681726299
0.177904559888351077
0.165593073448210060
0.376755683850102996
0.386147761677476276
0.384935023740346993
0.287433275637582641
0.172711297369781136
0.172398092067464842
0.389571117034932968
0.369333565868281644
0.368651012065487393
0.318078023879998284
0.232412599929455316
0.202458380717274955
0.308989591726878954
0.296869497338743460
0.312912982804241235
0.277466817107898223
0.203977611098904332
0.203854591868555229
0.339150038773774809
0.327520438776570000
0.310020823526722999
0.352246438873698164
0.207373698942900003
0.299606914209033681
0.373123814370895479
0.387327842774476017
0.297287065830162345
0.313082393581093354
