0.400000000000000022
0.400000000000000022
0.400000000000000022
0.400000000000000022
0.400000000000000022
0.400000000000000022
0.161584723639590033
0.115770172506296426
0.203448108916972764
0.193520054211162085
0.076622279926532616
0.052801145588750389
0.239328458352801060
0.153141479180184586
0.052637627321801411
0.051018049066993622
0.010918838060614834
0.004559898060751303
0.066179133909285245
0.099277123353024604
0.013802025656435780
0.016072743463303715
0.002671871959220039
0.000108661830911306
0.257102426095089043
0.101993747358394060
0.016466299795151199
0.036336788405264657
0.056042526319051010
0.000594248490504407
0.013233522090678440
0.037828748589029904
0.048159433938953874
0.174556020502067200
0.136734645920006892
0.073369481939890124
0.054140010105539128
0.156227715119592048
0.150136510128516754
0.400000000000000022
0.262391571838490600
0.149088326738095245
0.026486726259817760
0.102321365577568602
0.081717210927909345
0.213782284718709109
0.109473559677933888
0.036537318038130630
0.091517758646206870
0.038649631063488510
0.014180416897056781
0.041656398192361783
0.023956001897262758
0.017496417218919084
0.106683802752545298
0.076338207641552649
0.061012827433932229
0.158386593331916681
0.030278599310381283
0.025575038390541822
0.115418373855476361
0.080340118732676546
0.031524870600572200
0.068086954799272681
0.007326854705875791
0.016569974570507989
0.219960439268194585
0.115004478592003037
0.009036054637038445
0.036224933705689986
0.014368798886771322
0.011851603847046168
0.109100044213598618
0.278251111592762002
0.040696199721477040
0.037034587963128980
0.026464603872252575
0.011121091947300765
0.253033605262095784
0.400000000000000022
0.101768913088038648
0.058031499009654090
0.093999737638411365
0.021768924690344353
0.247569052271901541
0.184292624742140893
0.095614107681073507
0.140562148505156942
0.143123804107350178
0.083540454734211039
0.063616159684288923
0.136014262881244907
0.068602834934604728
0.057225618910117328
0.051680936680959036
0.032846572408355992
0.071983633386182549
0.036690444435762103
0.008345498335160309
0.012869418070535342
0.013191989116129023
0.023443173091406623
0.103516100757919491
0.059124057283001255
0.028588426103624217
0.027107908957807937
0.032006307853517706
0.050302339664607072
0.059920886106179731
0.051196615861995920
0.028747668684755600
0.049552101386521615
0.024855276911535329
0.027211542728331463
0.031555263723798452
0.058934259545981499
0.045118636576070605
0.017052526539570699
0.025632150139877748
0.006128272161133043
0.022622553542980147
0.122035637493125820
0.037231619985199110
0.005216571574284201
0.049551449717695553
0.023455551240085477
0.287422723460703855
0.400000000000000022
0.037634415683191487
0.093354954529615133
0.156719687803587554
0.180358166476996706
0.156817966219654908
0.078677882911591057
0.006081302495011929
0.026949367828311505
0.065697053823062387
0.086156572121988004
0.187943002795979697
0.069583891740165188
0.007793215811924286
0.007644726480237384
0.016821064999770513
0.019844067260059089
0.040980645885777774
0.016856344529581502
0.004119418342183211
0.001778158435061387
0.003315878288831334
0.003848817864235079
0.156204431858682186
0.011169240373114125
0.011070653792667584
0.019424950882061229
0.040675960975861798
0.030464097545849139
0.106039138286285861
0.050042539280236650
0.037178986725890227
0.010862553152756884
0.019061839357193661
0.035868305792630610
0.263905913499741018
0.063587344524289463
0.205380582753342145
0.073532329692630821
0.019554292454497954
0.047828777124161989
0.059512209828487705
0.101236302532578620
0.400000000000000022
0.136015847520723654
0.029316408639723932
0.024840941888419180
0.077342539082534426
0.026945811070090905
0.062462663234310989
0.115676951993379587
0.087426128640099118
0.063956197884783447
0.198308695574234084
0.056595620335036956
0.024628661983898729
0.078321373473591013
0.054725872379930436
0.062792801515589816
0.374281257176532933
0.130499869270042423
0.013953128110158548
0.055060558584428890
0.017465993862150787
0.042397206761169780
0.013087559915486460
0.007009264268856365
0.000235119060697684
0.001825389751386814
0.004526083463508191
0.018436270781572506
0.099468333181088872
0.017632619753835541
0.002161246217670887
0.052646055438681456
0.128125450599842455
0.028686457229473949
0.074847860362586643
0.040168011299480291
0.053878806835381834
0.068426776111375334
0.217946575191407393
0.022192643083900437
0.181920744075100393
0.110097254960405538
0.370696733565911929
0.300626526331315591
0.217419282160541294
0.155011563570872424
0.159653086592116605
0.205945182115215703
0.400000000000000022
0.155972940597743942
0.141742072414224235
0.066494931588749501
0.097073037961311323
0.098979816091056855
0.159160710855500737
0.341166859804984846
0.116588736923514583
0.214739809665404124
0.256591275341269520
0.050885859360617569
0.071100937923221780
0.218589889799613246
0.062586610097699863
0.112973144643786202
0.391245168271302846
0.092030643365625775
0.037102617030934863
0.276241464335747477
0.117860085563729733
0.071906040742981431
0.002606222246781881
0.000000000000000000
0.000000000000000000
0.000000000000000000
0.000000000000000000
0.000000000000000000
0.031190652249303334
0.006567348700393836
0.000524625381687550
0.020148348366679548
0.042197399446825941
0.000000000000000000
0.059118313352117438
0.049967446506664182
0.190242108733263166
0.221024039321714438
0.263149327986651693
0.018132753903196151
0.047396560163472698
0.040442432265736732
0.400000000000000022
0.360957944801699793
0.279193961313588424
0.090604088973256197
0.091059570533979561
0.091036540483997230
0.143177811515125764
0.122544977308285452
0.226693650194549734
0.079681149987119074
0.040556026650211754
0.055860918734693898
0.116157022529845694
0.397285549545555283
0.263163587943824606
0.117274037908305706
0.070706980805932587
0.004904982258121384
0.069212243778633525
0.358031996945637088
0.305139134920037969
0.137320817019312147
0.158832016315053448
0.027918491640749006
0.093937498164090291
0.400000000000000022
0.346458953316266416
0.144997564675670709
0.047913391095114555
0.000000000000000000
0.000000000000000000
0.000000000000000000
0.000000000000000000
0.006677789537700934
0.183763378592583210
0.000394357289451940
0.000000000000000000
0.000000000000000000
0.000000000000000000
0.007333692599136426
0.133070482582290484
0.024563036483894650
0.042126648554244452
0.015444220210763936
0.030066292408386881
0.016651112850175058
0.124609971183144652
0.105547074570961630
0.032755907771784040
0.006846137731682780
0.019631553349415673
0.050263088203603888
0.112680035909714704
0.095670167557165980
0.260561005603209883
0.238347525033370145
0.111774154403682976
0.124796177632451599
0.054197782703803106
0.047805625265369689
0.357834676917063776
0.400000000000000022
0.205773760084935226
0.145409636412363152
0.143166003224651478
0.013124530308119164
0.023244103383935288
0.189224946499347846
0.154450139912961470
0.132115486539471361
0.118583303287365799
0.006292798319638879
0.029260299831716075
0.334147225860072394
0.077254869391420927
0.078669403474061442
0.034987631075352084
0.000875817453392337
0.000000000000000000
0.000000000000000000
0.000000000000000000
0.000000000000000000
0.075206714664771621
0.014530642806195565
0.001115659132546866
0.002268364221013656
0.000876200852747657
0.000000000000000000
0.139695013277102709
0.239957027548444751
0.202136951627592459
0.031408462147345648
0.005206888397387196
0.007470710443874288
0.170650426740425742
0.197521983087168174
0.121114450669381521
0.041443933993161888
0.027078855292822678
0.007490842368834136
0.140052805210883424
0.074707596125339754
0.021099042146536979
0.097228133814695250
0.062971226824388729
0.104792464342133088
0.018749211046814318
0.052971001941519116
0.103578965208522542
0.257433001339627876
0.167286305862055978
0.214616315764579624
0.169496749449544404
0.053435088149619205
0.026038300145078658
0.275398678097209360
0.262677931624542782
0.089226935286506076
0.066204548301871155
0.032089988169849093
0.000000000000000000
0.012629056116443429
0.082584744494165058
0.037689386366789854
0.021802252015667652
0.000818284399414226
0.000000000000000000
0.000000000000000000
0.000000000000000000
0.000000000000000000
0.156144581250001524
0.009662114870847456
0.000241421580009023
0.000025081110144184
0.001491964052096215
0.001332556839556876
0.154103424195456418
0.357286196559169711
0.323033320045713168
0.054331797176271186
0.008300168248038902
0.007710948648357353
0.118234494624276001
0.240570534381464418
0.278770358849550037
0.038728065359710642
0.002633087042022179
0.011907726936198232
0.119472811209129198
0.083413875749519584
0.005297112654362169
0.101894981538554724
0.035788501835159824
0.112664068296288777
0.029026892495874632
0.062504642266923746
0.010659707786768441
0.151703059248774474
0.119597313041089226
0.114623812320981455
0.023180595536378266
0.036585120836984432
0.010573819947459635
0.323119662168349975
0.201305441745609520
0.036239476295965495
0.047256346657344045
0.015833085989357967
0.004044612453176428
0.004626866578228524
0.043665740714823098
0.035219532748251729
0.002444050987121479
0.000844495173238983
0.000000000000000000
0.000202837049260351
0.000528138276703930
0.000575525896976139
0.025369252335599262
0.012219208982016554
0.003053768276580350
0.001918040899387609
0.001363048642250468
0.000054176139584208
0.134256890119036798
0.359701333488752772
0.309441956641883009
0.019261525845084726
0.004293683061512467
0.018970470946472182
0.328709319783021980
0.379905223031262396
0.212311710840090012
0.010748793793314030
0.002908570090603381
0.015554992740784770
0.223765818836336172
0.247135923408836888
0.015657229949935063
0.170250615945054473
0.119550400226880710
0.041249673725021876
0.045407024184582132
0.112614928513005211
0.055827053504224886
0.156382054856734454
0.160152115129719053
0.064212992147279213
0.105276510269859902
0.088253504801055788
0.035787560864939033
0.116370057600289067
0.129234422054030629
0.032236380445426517
0.045788887639047232
0.025890146109006491
0.020583822871365384
0.007710191521920144
0.019364482691430502
0.068225287352178893
0.012211998688204044
0.000377669722806566
0.000000000000000000
0.000554347970613090
0.000749450998299542
0.000000000000000000
0.039560926337797828
0.004739195139288672
0.000000000000000000
0.000877838855046453
0.013150597430619493
0.003358924264998737
0.072324645377344149
0.037694801704279524
0.091029969480635659
0.002164579731625308
0.003498840153788707
0.187031044503633948
0.076074938335651737
0.229940568846296933
0.144745361396584199
0.002160393968405542
0.001724363161995712
0.125709840950881724
0.148936881820947775
0.368565638459579459
0.122082682722505609
0.128819494155737152
0.145141237847168814
0.116391402531006188
0.035532408324309483
0.163486541090153426
0.214518096190857877
0.120920094080266077
0.154767318472161242
0.093161675532127522
0.088524358561840086
0.205329285885059665
0.204964830496381506
0.113040774849759731
0.095132375855492182
0.067732763117820408
0.095552659739827531
0.041688629041482989
0.065204465567259243
0.026929671775053808
0.042649528672770429
0.107747500344477901
0.023511447853590675
0.000299236894322700
0.000000000000000000
0.000000000000000000
0.000793429015496337
0.001798409714317559
0.048553298120184038
0.004072965773285194
0.002915109346332134
0.004124298583661192
0.010809971145730908
0.008014553852805893
0.094709847683849033
0.064063904571316360
0.060254454876928362
0.007352465386237487
0.015996278787380896
0.066375123366342353
0.318970546463769766
0.224971486587106168
0.132588435689011297
0.007707927932269801
0.026684412787183091
0.099171169434445733
0.299824769434616001
0.174006306221358403
0.142987370619962056
0.199170932102237297
0.068398925393520382
0.091810073945429782
0.149051798224032223
0.087106964091310524
0.279446293554453773
0.324414902660983828
0.102029442353017294
0.125849913952005177
0.053427178915838029
0.232342766447961646
0.315682976982686048
0.060604456631845667
0.044961389155832573
0.060197855694354319
0.056807423109469381
0.145790486061757957
0.302460081922984458
0.036588664490062844
0.034882057750890975
0.046826106760946146
0.007365432904158076
0.000000000000000000
0.000000000000000000
0.000000000000000000
0.000000000000000000
0.000000000000000000
0.048164866383278652
0.004676587896985641
0.002295112355360809
0.012978898297639234
0.015719912688119828
0.007324057986772501
0.058645311795287203
0.086501067736307807
0.061456738281027275
0.001611365153039523
0.025415221377898155
0.127105867444950005
0.295163712501233300
0.165760222334808860
0.227448942500538986
0.014183720580952925
0.043864735800738762
0.193841804901415282
0.400000000000000022
0.302327279562177087
0.162876821674502070
0.086639189012439971
0.169701719892970310
0.149960892844630600
0.400000000000000022
0.184995864499796658
0.382444399716219130
0.279228810911441916
0.224186699238181408
0.279770523086317613
0.054382912988736085
0.138954907588151183
0.397245269392786260
0.040573020137541202
0.118580448364497007
0.241332794161324804
0.012080680714560766
0.175829032253301210
0.328233851641664576
0.110099827453206858
0.044591973961640691
0.092440953579987759
0.016171884688564918
0.000093832797026554
0.001429778071810241
0.000788810747123588
0.002177702437944224
0.278041649285205028
0.075317380545407264
0.022256970148596487
0.009788646304416754
0.073158445240336129
0.072223801087800604
0.240415717736734008
0.041371370413145384
0.058781442311686097
0.051817937643078377
0.243334302053698159
0.247312376854407684
0.357172323315972817
0.072675974943541249
0.338629194872532735
0.296934075684146648
0.140294968522406804
0.262831365657747784
0.400000000000000022
0.171061568494516675
0.121871207391333267
0.078751826134697861
0.058679215562422872
0.259711677163557308
0.395637498820421873
0.394581710582676326
0.146825789405726548
0.143790142030419399
0.152101242653838648
0.395543152056031411
0.372390658377246608
0.366376636032013203
0.074878199292065267
0.197072627758446722
0.075473635292166663
0.162960747484060448
0.293647993969730792
0.208870815382336650
0.166447977284267856
0.287552335586833685
0.124274961505863021
0.354209764462324994
0.326102482784582592
0.036507776063258182
0.000207212478801728
0.002554554604881751
0.001400714337323558
0.004093194781576565
0.342962127223046476
0.082469410836781457
0.002921604332653240
0.003182727315571134
0.097736870373829124
0.138601523810172350
0.357690685140065967
0.101047300538370438
0.176976761772680125
0.046061819826777949
0.265295948221478173
0.267124875005054718
0.180115174862448102
0.047784009822248646
0.299761744177147849
0.102415296342277834
0.208243126048080596
0.280444669540203417
0.353535468447386036
0.306840552103804121
0.265583949839406419
0.060524383739309670
0.155800234064754989
0.246536283160410624
0.400000000000000022
0.224562259111929369
0.130685109391704496
0.063351665299468771
0.088413664041195023
0.291708806228335393
0.213836982156894062
0.307436338245492269
0.067824755145539317
0.093149685118438241
0.078144853900770056
0.300553374270793872
0.263717243482398667
0.231700507425076863
0.160593576949886463
0.213918582126962464
0.136769562268456379
0.397558323963249305
0.340401748540847204
0.015636870403123285
0.005286685248559729
0.012898126143724188
0.007076868044804052
0.031147847963756716
0.116256575265323708
0.097093056911542894
0.011085572249300041
0.017128723643028400
0.068188267386075932
0.113913687335660777
0.253639068812115287
0.061698125950723895
0.295643561680663747
0.066445695298645704
0.038371042842746131
0.092372522108464250
0.100818764924956672
0.132374242901623584
0.320864303309651322
0.079932542860683881
0.035677770684742358
0.052414989073896377
0.138408639603612549
0.198806815826466476
0.108882908315921539
0.110447446735003840
0.104927486052533298
0.086276817491540370
0.239600670889275308
0.052061452619638543
0.106428817617184118
0.200166317308274722
0.140271220327138207
0.038390419761220596
0.076480585322168518
0.299820958486954225
0.222230626663601605
0.116397935956786033
0.049501217666693791
0.123572392055548458
0.119811121557752642
0.400000000000000022
0.146962189287473122
0.224321550132588809
0.159961703324585036
0.268856558870958551
0.096358057907783193
0.055688663254541290
0.018246537957955999
0.031208695232235052
0.026278099144622778
0.059174379114655028
0.069115637915049585
0.176631286551742955
0.036873294347694978
0.038102405362215715
0.024885103189657955
0.108447651291970579
0.044711075086933678
0.075486412552983384
0.186005793288825716
0.041827648862047512
0.048582429326065706
0.054472369980532703
0.042861486351801897
0.164495242682294929
0.283741639862913952
0.038955910560788044
0.069846815823700600
0.040795278796522907
0.040309426407506746
0.240357183027885918
0.130127520822166942
0.141202611460397143
0.044490414038176107
0.041042345431334032
0.067542059010997857
0.051640262689698006
0.099075314539046860
0.256888394803544029
0.116411216057643929
0.144745717588347506
0.093963139521326872
0.097707673392460614
0.103925782370437217
0.237489202666771232
0.117347063141395452
0.177264726686381935
0.166790881695107085
0.229047364034174444
0.043938522092613078
0.299566393010804954
0.127771336041434924
0.098696736336787050
0.089777072988629747
0.039826689756260920
0.034746307532855909
0.049066873715763001
0.047662246744889086
0.066523226827482365
0.153586487395737409
0.091228370263105790
0.059193714325855393
0.114058160494306893
0.113848966709187968
0.101711816911475225
0.023704744100893391
0.093500718322230780
0.079544261547123310
0.044082930840026929
0.029111974094153024
0.038858074190879652
0.028145726189659308
0.093961751760660378
0.132480177214048617
0.039988146590271598
0.037653697321571700
0.014842495619212028
0.023485795443809923
0.367124343655002017
0.189067415495966229
0.149928857760940060
0.083492526986028215
0.081673753273098781
0.026089162704023963
0.045885998064639472
0.119648258319069459
0.170599415887937811
0.224989365859588841
0.076949020946527391
0.000000000000000000
0.011458984565847052
0.191638497040185707
0.334999508417057557
0.134537574918667413
0.119688811212286625
0.084369647008530335
0.062589604792968989
0.126789549649149014
0.254630283264320578
0.041310764436576011
0.050135555529315187
0.027692000734056373
0.400000000000000022
0.400000000000000022
0.400000000000000022
0.400000000000000022
0.400000000000000022
0.400000000000000022
0.186953975975189340
0.127989381488312959
0.205000531492728649
0.195438095110549714
0.077985328568783083
0.052855321728334584
0.350322275711423325
0.391074958569829656
0.321662447024278597
0.070279574912078341
0.015212521122127301
0.023530369007223485
0.358671341216756145
0.397754383413243762
0.226113736496525775
0.026821537256617744
0.005580442049823420
0.015663654571696075
0.380237144457882370
0.349129670767231004
0.032123529745086261
0.206587404350319165
0.175592926545931727
0.041843922215526283
0.058640546275260580
0.150443677102035156
0.103986487443178760
0.330938075358801653
0.296886761049726000
0.137582474087169337
0.159416520375399023
0.244481219920647863
0.185924070993455814
0.400000000000000022
0.365594490940788996
0.181324707183521783
0.072275613898864985
0.128211511686575075
0.102301033799274729
0.221492476240629232
0.128838042369364386
0.104762605390309529
0.103729757334410921
0.039027300786295072
0.014180416897056781
0.042210746162974863
0.024705452895562301
0.017496417218919084
0.146244729090343140
0.081077402780841329
0.061012827433932229
0.159264432186963151
0.043429196741000778
0.028933962655540560
0.187743019232820524
0.118034920436956070
0.122554840081207844
0.070251534530897997
0.010825694859664500
0.203601019074141909
0.279854702158703783
0.330972106021620638
0.153781416033622637
0.038385327674095533
0.016093162048767033
0.137561444797927923
0.258036926034546366
0.400000000000000022
0.162778882443982642
0.165854082118866125
0.171605841719421393
0.127512494478306926
0.288566013586405268
0.400000000000000022
0.316287009278896525
0.178951593089920147
0.248767056110572593
0.114930600222471868
0.323563682357515592
0.341643244370299248
0.285821863740327919
0.253602923354916687
0.238256179962842374
0.151273217852031433
0.159168819424116426
0.177702891922727868
0.133807300501863985
0.084155290685171136
0.094330465353729465
0.140594072752833893
0.095495081239773238
0.036989681330084803
0.008345498335160309
0.012869418070535342
0.013985418131625359
0.025241582805724180
0.152069398878103557
0.063197023056286439
0.031503535449956349
0.031232207541469131
0.042816278999248621
0.058316893517412961
0.154630733790028757
0.115260520433312266
0.089002123561683966
0.056904566772759096
0.040851555698916228
0.093586666094673809
0.338141777296112611
0.283905746133087722
0.177707072265081950
0.024760454471840498
0.052316562927060842
0.105299441595578774
0.316059718412514901
0.296041943714484224
0.180218990605161167
0.204387503676521476
0.117950375111215949
0.115265625185515252
0.370264288216935689
0.400000000000000022
0.317080709237645253
0.393737298030894411
0.258749130156604834
0.306208080429001883
0.210245145135492917
0.294016525758274139
0.319442518387828278
0.087553824460157165
0.110658442978894947
0.146354427816342336
0.244750425905449098
0.215374377801923145
0.307456585035195462
0.044233390970300220
0.051703122750661495
0.066670174021005238
0.048346078789935854
0.016856344529581502
0.004119418342183211
0.001778158435061387
0.003315878288831334
0.003848817864235079
0.204369298241960817
0.015845828270099765
0.013365766148028391
0.032403849179700461
0.056395873663981640
0.037788155532621638
0.164684450081573064
0.136543607016544472
0.098635725006917488
0.012473918305796408
0.044477060735091813
0.162974173237580622
0.385718352849890533
0.229347566859098351
0.371304201855577665
0.087716050273583743
0.063419028255236723
0.241670582025577230
0.400000000000000022
0.381072702758997628
0.400000000000000022
0.222655036533163653
0.199018128532694238
0.174801834733049777
0.400000000000000022
0.211941675569887550
0.400000000000000022
0.377661372107009896
0.311612827878280596
0.343726720971101074
0.252691608562970127
0.195550527923188167
0.400000000000000022
0.118894393611132215
0.173306320744427422
0.304125595676914551
0.381641456866491424
0.306328901523343633
0.332996288748391600
0.165160386037635748
0.062057967823791471
0.134838160341157531
0.029259444604051381
0.007103097065882918
0.001664897132507925
0.002614200498510401
0.006703785901452416
0.296477920066777589
0.174785713726496150
0.039889589902432021
0.011949892522087641
0.125804500679017578
0.191381551620676410
0.255078421415435963
0.116219230775732041
0.098949453611166388
0.105696744478460197
0.285806042129001736
0.360504080162264318
0.363186407909378062
0.254596719018641671
0.383738467879259360
0.400000000000000022
0.353636610070085122
0.382971406702608430
0.400000000000000022
0.321599344020215838
0.327816389506549011
0.400000000000000022
0.214652156160166863
0.351130007539949607
0.400000000000000022
0.400000000000000022
0.245805605496783375
0.302950852885920163
0.400000000000000022
0.400000000000000022
0.400000000000000022
0.400000000000000022
0.125764058652682836
0.265788435088013031
0.294063525091779909
0.225547357581760283
0.398889623824213058
0.400000000000000022
0.258478620649893631
0.310810191164509531
0.388655796801640085
0.399426577238748193
0.394993237782037598
0.039113998310040067
0.000207212478801728
0.002554554604881751
0.001400714337323558
0.004093194781576565
0.342962127223046476
0.113660063086084784
0.009488953033047075
0.003707352697258684
0.117885218740508682
0.180798923256998312
0.357690685140065967
0.160165613890487890
0.226944208279344334
0.222395869187801520
0.336866817040774813
0.375030321391687238
0.198247928765644260
0.095180569985721331
0.327797661377988603
0.400000000000000022
0.388662974980886644
0.398514963470627870
0.386831216596033034
0.349832055088465044
0.355840433257216704
0.203702195254435392
0.257649155415762887
0.378150642437101392
0.400000000000000022
0.265118285762141082
0.186546028126398394
0.179508687829314451
0.400000000000000022
0.400000000000000022
0.331111020065199768
0.346086474810876510
0.072729737403660705
0.162361928897071767
0.400000000000000022
0.400000000000000022
0.396530898862563375
0.368345023213039635
0.188512068590635462
0.303000683609011390
0.400000000000000022
0.400000000000000022
0.400000000000000022
0.063550261498237837
0.005286685248559729
0.012898126143724188
0.007076868044804052
0.031147847963756716
0.122934364803024637
0.270178211967017079
0.011479929538751982
0.017128723643028400
0.068188267386075932
0.113913687335660777
0.257387588909652631
0.194768608533014420
0.302811234205070556
0.108572343852890177
0.053815263053510060
0.122438814516851152
0.117469877775131751
0.256129377704159999
0.375912697784511418
0.112688450632467935
0.042523908416425144
0.072046542423312057
0.188671727807216416
0.308715522442083112
0.204553075873087492
0.362272452550091051
0.297776352547531153
0.198050971895223388
0.349949362360552962
0.106259235323441642
0.154234442882553807
0.400000000000000022
0.400000000000000022
0.244164179846155849
0.221890221734531656
0.367088215746220747
0.235355156971720769
0.139642039340721336
0.238726164166041643
0.278022531968510012
0.251926608097224003
0.400000000000000022
0.153254987607112009
0.253581849964304828
0.400000000000000022
0.343538590861849347
0.175027461381844635
0.090676294329893381
0.019122355411348338
0.031208695232235052
0.026278099144622778
0.059174379114655028
0.069115637915049585
0.251838001216514562
0.051403937153890543
0.039218064494762582
0.027153467410671608
0.109323852144718209
0.044711075086933678
0.215181425830086093
0.324299046224843623
0.226363787136095840
0.079990891473411346
0.059679258377919903
0.050332196795676180
0.303615949693911313
0.386392708739434210
0.160070361230169572
0.111290749816862489
0.067874134089345589
0.047800268776340887
0.342583775755851971
0.204835116947506723
0.162301653606934104
0.141718547852871385
0.104013572255722761
0.172334523353130931
0.070389473736512331
0.152046316480565991
0.350550327674873097
0.362852832516945889
0.312032023450403484
0.308579455285906523
0.267204422842005018
0.157360870520056401
0.262916177747697544
0.386621291661121247
0.386024629831207666
0.256017816981613189
0.295251912336045585
0.076028510262462157
0.299566393010804954
0.140400392157878362
0.181281480830952080
0.127466459355419615
0.061628941771928569
0.035564591932270136
0.049066873715763001
0.047662246744889086
0.066523226827482365
0.153586487395737409
0.247372951513107342
0.068855829196702856
0.114299582074315911
0.113874047819332150
0.103203780963571426
0.025037300940450268
0.247604142517687198
0.380429075473365463
0.333267729531249390
0.083443771270424211
0.047158242438918557
0.035856674838016661
0.212196246384936421
0.349791406341301347
0.309453458504547974
0.076381762681282342
0.017475582661234210
0.035393522380008154
0.400000000000000022
0.272481291245485813
0.155225970415302228
0.185387508524582939
0.117462255108258612
0.138753231000312727
0.074912890560514103
0.182152900585993177
0.181259123674706257
0.364855429934846820
0.196546333987616673
0.114623812320981455
0.034639580102225315
0.228223617877170076
0.341536383360476203
0.400000000000000022
0.320994252957896131
0.120609123304495844
0.109845951450313020
0.142622635638506967
0.258674895717497022
0.045937631014804539
0.093801296244138299
0.062911533482308102
0.120401063539095646
0.069473851865064162
0.064057818344423978
0.066751766149069483
0.076323085687706599
0.157835703576440556
0.326605462006500813
0.083730648298746949
0.115564035377126201
0.189824841104783842
0.110526423606411156
0.095281722796185742
0.130128191016942146
0.171197518573121932
0.130605336740833106
0.108923166811483979
0.083812233082679613
0.092910318491128047
0.196614389356196018
0.296105039750344134
0.296650282057135506
0.186281547408291392
0.109562311486332789
0.178951212200407994
0.314851207369054642
0.322232384970099150
0.263429751281909541
0.188417803330706957
0.190548567257363965
0.225427626885144172
0.250496231388075641
0.279868820718912004
0.305060362871433122
0.397262352693730336
0.356527450143425850
0.281180488526477090
0.360056965028463627
0.240484139862586488
0.242975059734939908
0.320666897536205975
0.385620857468822575
0.269637383627176208
0.316045445283703430
0.161547660263974741
0.197843617314619830
0.244032767323629579
0.291738272675157728
0.205824313926004837
0.114917011895319970
0.068502579658217974
0.064078179200222046
0.066265415076007278
0.074727521473568551
0.186252991195126560
0.257098773948540749
0.076482806996930622
0.068529180396946970
0.152702403228274330
0.237984553240782937
0.206790139101887815
0.239267948633442473
0.213001523676541765
0.099527907362453663
0.051465983121002534
0.142701539238584585
0.162715180757393385
0.337645752643048136
0.370339271673694126
0.248263190311235477
0.093953542823723035
0.152857312711671883
0.228816092622227518
0.464871437223462580
0.388309328145001187
0.259936978737652813
0.151053621958058604
0.156988579123180538
0.244659024254088392
0.332479031482866116
0.323354240356157785
0.385241442570770365
0.403218979871652949
0.275684423974306869
0.277013175891055619
0.414589641490766769
0.347601360840957607
0.386453543179549497
0.352310410867721080
0.277725364274326925
0.263853129032241951
0.379077619240222319
0.245680689158352061
0.366622609320716275
0.269624736129700060
0.228620291863085412
0.201902625737085423
0.102093541599898321
0.063315607164035448
0.059488026970528129
0.061426280807598835
0.069350726239133340
0.178052296337194382
0.127308907151894579
0.031168011924908506
0.025478732513356795
0.034516596472644059
0.045776461178203082
0.104036356221011192
0.271935030470490280
0.382007599044406010
0.344566956492938004
0.228898119225901725
0.142417320720861162
0.097148194030306723
0.289347089186946460
0.429441933882827087
0.413692673497290886
0.241191545942610497
0.137548444692050575
0.164000497431551762
0.328678639282598606
0.326887381844978731
0.302760291308519724
0.399645472018351378
0.240335234855715063
0.224929963313733300
0.206703832056327946
0.234030514292774161
0.309626294718147899
0.484853715352032699
0.407595567345364451
0.283532321323179959
0.198341517527132055
0.150341362126763134
0.224023447698204509
0.320156802193441559
0.371845740082915488
0.258255332758784761
0.286995046730765146
0.150869013136759100
0.186379393513048885
0.234999727640316874
0.285421129186072375
0.197930910838515772
0.102990961604832218
0.063164192841570585
0.059407715147041483
0.061099314160559040
0.067236256276019424
0.153016417483964190
0.117779034286193560
0.029812552781173961
0.025509396561643662
0.033660621360289286
0.043273666097263845
0.129123269104330696
0.214063054849433471
0.361182002055866147
0.242672582214732174
0.188291143094807240
0.260942416091671570
0.243530275976297172
0.474921903174040982
0.510191017949755854
0.338684378660095875
0.147019674582465842
0.229207028305946914
0.263181422798491049
0.507545412869464196
0.405930912621332962
0.262330073765631833
0.186176467126683204
0.335306892047050831
0.283950164576285469
0.280096386270208497
0.262882845614222205
0.303232822584871775
0.408094248425545536
0.344111046117387243
0.320644051238446637
0.301860793980050168
0.185567930168914680
0.282348341813403125
0.324801633611553064
0.277207439287205148
0.254427788689099654
0.326906171451429584
0.218069575419965106
0.348875323941330417
0.256732660853052463
0.219143339121077280
0.193684901753661903
