0.086574173575674873
0.060167843809635545
0.041427170406715674
0.058404259721258636
0.086758911954217199
0.117768756212769374
0.114471210758718134
0.032241570458587256
0.036738514711583944
0.059647118700418007
0.066901349865546897
0.171687890885079492
0.104607729625761370
0.048737192962914497
0.020956525482818719
0.042561915937453829
0.107293801344025663
0.072838474151289800
0.206769343637217828
0.172436514917719247
0.033806150108721039
0.065612637753740530
0.103311072262196407
0.076110943968762695
0.026056966328952567
0.044740223921293731
0.107247578169180652
0.110965427553956553
0.069093792865799517
0.055627852667420964
0.050101183628632091
0.000489847774721958
0.118055226356577031
0.389862726617382416
0.188625523470713208
0.113857682704067209
0.005872868774746062
0.004090456896424721
0.033058880988286680
0.045601239733611784
0.119708845118118357
0.080466633312874153
0.005250806554393712
0.006167834150219898
0.027440194357985098
0.041541230677871681
0.086083088136773789
0.130209973306037841
0.163491648857320815
0.156983015211218324
0.096535795478442391
0.067451538230942062
0.065113959303365970
0.049431069815729159
0.168987503603334477
0.200476688602015063
0.065440184491037820
0.040021493549501741
0.078302737234469774
0.135328592372261552
0.066189419307896166
0.084768093967374003
0.079639181178436325
0.132311963278827799
0.135883019416211726
0.222356938759933953
0.066084098939383329
0.018338331724847987
0.002066763951229124
0.182458011220333283
0.185027871534435256
0.160288763276450752
0.047650709625386575
0.000000000000000000
0.049971670176611062
0.185487711285519885
0.190086127385717729
0.136208909545657342
0.007316395356063878
0.000000000000000000
0.113099835691412604
0.400000000000000022
0.103180907837461033
0.035712631548535462
0.001598124068563971
0.000000000000000000
0.024883901737649011
0.082501071434246925
0.135876728888004117
0.062728149043093248
0.000000000000000000
0.011150271509560876
0.007929750465817408
0.006637489011634437
0.085740035090458175
0.036847122594966572
0.235525040365726357
0.160763053911209874
0.129033526835097251
0.096365479286865577
0.070616934844922707
0.198334990171195685
0.228576894799043917
0.113543758449170584
0.046957305792117723
0.021156138813711853
0.109507967574096310
0.226822227287125672
0.125704021664248267
0.147717534975519427
0.069683694038744651
0.098821972323570498
0.168886805671699364
0.175990060244044455
0.219970719427395128
0.092832482989325560
0.091612103679136109
0.400000000000000022
0.245197453510320518
0.183096920884634501
0.045534323402361382
0.008167050598881976
0.075284607721727820
0.400000000000000022
0.232325567601747052
0.129304095364677407
0.051088257306437346
0.000000000000000000
0.092459445540235746
0.190202688630314171
0.129737102469744708
0.137081875865404101
0.007333941946788390
0.007065249779462500
0.092765022718635876
0.060640295898669760
0.162456427656262836
0.092044172581883840
0.022262807489166037
0.006560635690158472
0.147772059346985646
0.075494849318932231
0.053119588121550182
0.073484151420080621
0.286673666424426876
0.106719870591680532
0.099495211747292450
0.151675317207927346
0.145666304744215658
0.129712354401923580
0.295364733372683652
0.116839780437058213
0.131743042726474524
0.127506712253536020
0.106793968373479709
0.114487581871301425
0.054270823703633883
0.049990216078027713
0.036429456669489949
0.233121208760221021
0.383159879998561714
0.218998125595808502
0.103531525062207974
0.133061912364113855
0.095223086841805027
0.353311353681241502
0.251008324892993129
0.156258212673877628
0.101390482624468148
0.007887582545408237
0.341529838813805942
0.400000000000000022
0.213679704412408578
0.057322233201475205
0.052314064066286969
0.000000000000000000
0.086305612408861476
0.208637196307351391
0.379537421328337732
0.073832869832600859
0.176416712083702409
0.004185084400312538
0.079010771539807956
0.129804381955362036
0.125580434762135928
0.099287826059496459
0.035456291183341815
0.017123246511161774
0.400000000000000022
0.399803759728851293
0.079682419488693840
0.089519233029637588
0.200009360446785661
0.207515992664847881
0.171467498083133302
0.065350395763132466
0.169055358647100862
0.209690813879239102
0.242554794547176766
0.229669189954644803
0.178486581002754802
0.218456029293742748
0.368306073516267873
0.193406742666632464
0.207795014668924971
0.097696816805213166
0.064937625837685947
0.341212462972622310
0.258688372596489191
0.112419651163266521
0.113806612661476583
0.112343505949702549
0.016287070778464877
0.111719199903870359
0.164646086868974223
0.088413891178964615
0.058194765881387514
0.002574463914511937
0.155806254463836003
0.210387814089168068
0.312089175488993065
0.260815470745150546
0.228864018752423987
0.000000000000000000
0.115741646969346301
0.202764275845417896
0.314180053904348999
0.152049091811846671
0.275482882710916088
0.001447570608373390
0.383807634030581601
0.400000000000000022
0.348213718346967016
0.155144178516254283
0.254716176861951193
0.007832550867192947
0.325282149323610381
0.400000000000000022
0.246992936600082258
0.114309580479115269
0.176192243973336632
0.184614968248842770
0.121608532611962042
0.028675495309689138
0.153239516159932559
0.355500331342497478
0.251967107901793719
0.126801337308789730
0.152410802069360807
0.137483655096422686
0.308359769243421566
0.121349217088515343
0.316356311703946291
0.294908391426843997
0.066061594575747423
0.240929124854770554
0.177167074621836229
0.117878604251184960
0.141767003076782194
0.104896567987714295
0.006817319702455560
0.047680825028741436
0.303514368805525292
0.140648843747017110
0.276275651129514632
0.000000000000000000
0.008537965365725261
0.035867703147555052
0.335767517955866346
0.244512206693064005
0.329229620346420171
0.000000000000000000
0.304500045910921002
0.298620978868713749
0.186455044047153268
0.251597753467328378
0.149127057336355562
0.000000000000000000
0.381285463589244311
0.400000000000000022
0.170950988894646827
0.190200223076441050
0.176010070655447937
0.001878283200793421
0.064608524988498228
0.183706891772199038
0.201792767160293651
0.193033584003568986
0.247495085371990303
0.093193599466024193
0.082636712851202221
0.046056808715358277
0.114027176210953915
0.147352073206518608
0.112299286619191488
0.137584859596111664
0.213664893770409758
0.115053811178768658
0.143454823044831870
0.049977417746412449
0.235519197295794736
0.243483363496408978
0.162040896649486565
0.142987222594954583
0.135638477822426079
0.171020818636417354
0.084254588773345448
0.025248430497951928
0.036277795975173902
0.041070711434178689
0.199883871729739149
0.102891341467014730
0.135673168792319054
0.014186384842567531
0.028909562903541602
0.045413161416469915
0.197216585742392869
0.041600202071223127
0.109185001198594409
0.000000000000000000
0.111157346351316799
0.068350890260663127
0.078745210590628376
0.029256461999163461
0.006345668966791956
0.000000000000000000
0.023223922631500152
0.048441748826368716
0.106965040904826961
0.155932441050975784
0.051195203081675432
0.000000000000000000
0.073307847443033994
0.062022297889198566
0.251275027694024045
0.197455719320913381
0.132294033466792943
0.075916418116617118
0.038605949960872632
0.109942854528160897
0.063176692375304738
0.043388084782008965
0.063893146374854604
0.050938344904618772
0.299582232560825557
0.296768928197275628
0.116759687125016581
0.131632840887034724
0.275348242757362249
0.188952019478724004
0.178772843456217717
0.312889976491942723
0.188729231214760568
0.182444296931259520
0.145777769960391074
0.206382959390251558
0.123246894438262145
0.084270984390388617
0.152884019613698019
0.065941634056467094
0.041996462680864641
0.022901850938294360
0.049334723923049932
0.124886023658131673
0.079405804094776516
0.095743056369574475
0.033385506479301413
0.000000000000000000
0.119888288329320580
0.166875139593977789
0.106239524305076605
0.104374129252552530
0.013197208082579039
0.001158286610355114
0.014927740992459918
0.019204973573986685
0.057656429720680726
0.137294058577607347
0.009733251023662574
0.001796969871897904
0.145378798205716059
0.138126828437110327
0.085100425976828167
0.149153594810447737
0.089112232633187377
0.134947119019316303
0.015525447139885346
0.060993180268362937
0.053850886067755406
0.028615242750801351
0.127111788971054435
0.147826260024822659
0.400000000000000022
0.133119929731576908
0.094685995528151379
0.068401136136808316
0.125406324688119963
0.222010302742220306
0.207970378648117210
0.071826299863169463
0.098433145051961768
0.081656561495118032
0.115497735713193370
0.173730665494948117
0.228873971985766783
0.103541657025232603
0.110238175153789544
0.065330008808993076
0.050872827517724969
0.029541316212862139
0.048610289016208987
0.080787911973183413
0.067525941938972073
0.066889726080906875
0.024343097805859842
0.003651940957540224
0.188878907217046393
0.132762626304587156
0.117009708110001956
0.058845986656620317
0.021040808918960974
0.000000000000000000
0.035503525700519095
0.021333903064686500
0.069395878456157717
0.109651693216197943
0.058795052560139387
0.003153594772358185
0.119710350383548797
0.147668884393252098
0.080348175667008914
0.158483489640873360
0.199261891501322230
0.076473481896528972
0.106706091360019031
0.120595891274788494
0.083242071646556962
0.015677526945778775
0.178634267628013543
0.136345292327883838
0.103997895749592242
0.114706566307091029
0.102065001733865360
0.050219661780560414
0.219469171266618635
0.234461842987790742
0.186799259901482551
0.118010896168100482
0.105854983286846213
0.150827073606486783
0.138533800899127091
0.296682736261973945
0.381455306804375116
0.400000000000000022
0.146629421773233043
0.134962007377191329
0.036410153202994656
0.018526114110386793
0.150587135039260189
0.304543532292077535
0.096009621511737836
0.042801276173788608
0.021212108458705570
0.000000000000000000
0.058251406178582835
0.111323991094793670
0.080513611900526236
0.106553547569423868
0.018178793446760672
0.000000000000000000
0.011277299715232138
0.106951763672638145
0.111895690432016692
0.018691507877238715
0.013191404826343452
0.016436750367384002
0.063299240750715524
0.194150412186372162
0.067236094604897809
0.036805794348472455
0.054718219959148391
0.061556267239604549
0.053751629673893950
0.056696593658695449
0.125205900101991313
0.077755811082062254
0.058508835553137434
0.107966743930567682
0.084461316080546869
0.090215045359166482
0.113590290793113766
0.078811090786723353
0.169674987404928646
0.178207977099092085
0.124503929421871440
0.198448235729395017
0.079654256020155065
0.029214844820277804
0.148472500123602358
0.215743474552613002
0.237687379543701782
0.400000000000000022
0.262193221729819959
0.075363435370942075
0.021116100361828788
0.046126189167791307
0.126819728417083999
0.235220761040661835
0.080828797373248495
0.036128928238523414
0.033447838252719020
0.049785460326238831
0.057323646342724868
0.119775958931366278
0.035625550441235977
0.066390629303671816
0.024270239610129994
0.009724679510920625
0.016787275865464572
0.037249018214562779
0.036558784648415055
0.100749262598601716
0.040797574094169328
0.078576441535227012
0.104222586335264794
0.061380308376726742
0.042987005136968445
0.042177325186358278
0.046223488065819149
0.110534146580875695
0.124745153023713140
0.130124666866173078
0.158355843192754198
0.138931764202998215
0.081857384015326232
0.147364187085627707
0.080908874615919571
0.295150484605737340
0.106550667930169957
0.096193287543228145
0.083475575558883117
0.114159259130810903
0.199573356497231347
0.118858257475040599
0.131512524327977443
0.220522729817625468
0.124521984327610219
0.301148876810078292
0.274805423449081709
0.094327626564152819
0.086006179769696295
0.136695426418509625
0.061456262108779316
0.155357947820268960
0.127206534669786597
0.361640450705178862
0.144593926854845900
0.020364996840757314
0.033338382614221396
0.110487649534092444
0.065139926636310061
0.098344088729153747
0.051002809619267703
0.059820083073255190
0.027289830798976459
0.066823266013082000
0.083254852784016287
0.025948060837602267
0.021783315115945744
0.096212682376482353
0.037173623793038270
0.077716397991598504
0.131975637770912091
0.055888465044275602
0.035843249808734851
0.042246863256719121
0.100096459860339826
0.082830681864149158
0.094611149167502712
0.199441635580166005
0.174007150190679138
0.158389987985383618
0.248168465581966924
0.202447524640566479
0.107787296740651822
0.295317717841358740
0.074679506223652409
0.087244644208241656
0.127011335902582900
0.215959591451509281
0.317569244167031695
0.196759880915359620
0.078337456057971988
0.081535964025566843
0.372502805182228447
0.385754175048666270
0.243654351533603042
0.052812848694626449
0.024225300061589961
0.125351663100686683
0.148292687809247786
0.400000000000000022
0.217203004921161069
0.168764623106024581
0.141348876278542895
0.175241320754068924
0.081172738667916647
0.171037181711669345
0.118628057424885136
0.059122509525983406
0.088784362453144625
0.133805547894181587
0.135772971980767876
0.198815193445706528
0.063894962735194558
0.083869635980857324
0.070626888720502434
0.141163920943735532
0.149891472825615324
0.089532073029082657
0.071197786437841915
0.109715343362354556
0.141626084411085595
0.134854057408279493
0.106039180156359769
0.163962199585586083
0.169258836536731017
0.115531427609899304
0.188291184990754812
0.245310029142042973
0.074515407221172961
0.270610930529306293
0.226667930086058789
0.368661942571306467
0.221593514342088072
0.157400990801104923
0.149031613679670466
0.169072945119439766
0.171355878214162399
0.121031151083327515
0.160071262569624451
0.159704249231644863
0.283799544974069673
0.244092589148042216
0.147015843843845972
0.040534498766238616
0.041924085537069070
0.190702191017471878
0.296011866744724794
0.253197593885340744
0.189235142518931754
0.049534296915811266
0.067534532850804074
0.286042480285356282
0.324408286767861209
0.400000000000000022
0.129481957894557020
0.061284655666000686
0.156630600988938939
0.321692273890611058
0.400000000000000022
0.400000000000000022
0.120979390770477258
0.227005940491001257
0.196055228255844038
0.347996838678537423
0.400000000000000022
0.400000000000000022
0.202834067367743620
0.237535583959040897
0.154191870038198703
0.310116231814944243
0.115932584051120863
0.164139221889019887
0.130435346357130638
0.140089550943571561
0.156767231925009298
0.183135410236796026
0.206734785478438932
0.120974556497948318
0.109365384105000116
0.104222935929007263
0.191962013788128494
0.159272540451398686
0.322631774716833575
0.081660611133390584
0.166882402872393948
0.155563011738531098
0.131447185473944295
0.104373572687632254
0.205722305598708521
0.114204759336482567
0.086559448127433547
0.055804234236197722
0.068593258333357290
0.134974941460452469
0.238533078198670617
0.396922925290753459
0.147307373749461568
0.005005660458099677
0.096902402515449182
0.185850530791906443
0.400000000000000022
0.400000000000000022
0.224365498824682263
0.037481209063489576
0.057725867443222313
0.201579969682269766
0.268641022013529129
0.368618221777373689
0.237395622843699416
0.158824829089503156
0.121410248940779383
0.301222598760871541
0.230747881825598189
0.286684397430223503
0.149377496098457158
0.152146352073816327
0.180216958316466225
0.288063996313153270
0.221879074886304650
0.162030893813764065
0.130825251459751130
0.190629577081492502
0.194402175554018147
0.212382167140335643
0.168608267075012697
0.287577715924595911
0.379279340105181717
0.163921938700671788
0.106181392760150345
0.173014440642441425
0.191222144511093373
0.188520799802303823
0.400000000000000022
0.250370226984197197
0.066400078968703827
0.091078736805409455
0.168225339091563203
0.093451166773318384
0.043446640622946613
0.040294940456200593
0.016311574849088923
0.117348866293431664
0.300864371988304014
0.400000000000000022
0.154364616032540869
0.005316363747053765
0.002759821441115851
0.124604426821729231
0.235524010533696732
0.313533126176516019
0.205189498250539587
0.041382204921310707
0.043440758747559712
0.139757733569630005
0.122347771657657922
0.111342426034550357
0.269821526172559834
0.116288487268763077
0.036262480554028954
0.155951433978728710
0.022023461546907833
0.037650126641106896
0.046648187215517847
0.108298573833163991
0.068037214111862629
0.182948789845387150
0.107446537395726530
0.104360923955327228
0.056904860795716078
0.114393696730807570
0.078340305937127916
0.197623793854713320
0.130250799348466034
0.222360808296400037
0.287157780261717066
0.163747014318648632
0.131951951786954458
0.052138776679173424
0.352225981175189828
0.261761649696932386
0.174321837606014135
0.053294411054866320
0.229284175590148048
0.094027355017473807
0.329990134657322187
0.181696731483587559
0.022416837835369331
0.017699622869078356
0.025028970620322243
0.065144906956307480
0.227101265809237507
0.162395128817773848
0.057314584244872402
0.006772437737929645
0.019444028293679499
0.078378307929593716
0.050109838587580134
0.070280248866975259
0.113892950343166877
0.049356692308880186
0.028551584601295796
0.059957126130420688
0.016329211450150146
0.032945535621661616
0.178383322214932527
0.057032473996203759
0.045252918975296291
0.047585042224926100
0.005298039184981382
0.033543282193234346
0.016710875395889266
0.007737042996969373
0.045248240036201551
0.217255513622687746
0.139183238683101895
0.053526048769669037
0.094069150682962607
0.117111427920322211
0.068002049246227186
0.072015373963945944
0.048139853031622347
0.030859644328056088
0.041742359538011538
0.067252513005303549
0.031697161482518194
0.067947924890256473
0.041185366027938000
0.003979299240457898
0.008038861889765022
0.069013502440492397
0.076481093170945702
0.124317353789060753
0.087323347420438138
0.075330490068238817
0.006353246986340802
0.041464616413671961
0.127523940103568462
0.123385516488149161
0.055262024592307377
0.060531764892557523
0.039888164676628583
0.021946500074054614
0.023167951328423177
0.023177141671124977
0.048193072758419567
0.004368865634732356
0.058522460760072365
0.054665969084629167
0.038878376315851552
0.047982975129995074
0.019383416876320551
0.009483668603213155
0.018301546864499453
0.094748402612674365
0.064846321614997676
0.037944131791694639
0.000000000000000000
0.003761212743995521
0.006601626307534522
0.038275551929935051
0.056279629823178759
0.104308403882061307
0.285836065076997103
0.136641325706164496
0.148133261766734692
0.179000150996047130
0.170000983600774175
0.133446283158548146
0.293105478386731622
0.168586862786471059
0.140736410461176187
0.174353685007509029
0.168966351599412257
0.221907552665639912
0.324076900892380060
0.283199035950705280
0.207755785384301311
0.160572812105554297
0.213148784630871835
0.223665547757776584
0.345303144536344919
0.400000000000000022
0.390604347915894268
0.400000000000000022
0.249940494035429422
0.211072951345954052
0.062467119531947224
0.063266338031680525
0.257834713208440869
0.399961418379771949
0.165103414377537339
0.098429128841209565
0.071313292087337665
0.000489847774721958
0.176306632535159880
0.400000000000000022
0.269139135371239457
0.220411230273491077
0.024051662221506735
0.004090456896424721
0.044336180703518822
0.152553003406249915
0.231604535550135077
0.099158141190112861
0.018442211380737164
0.022604584517603898
0.090739435108700611
0.235691642864243850
0.153319182741671611
0.167015767654510289
0.218209868816469227
0.218539282450822908
0.150287425152336312
0.124148131889637511
0.190319859405357311
0.127186880897791399
0.227496339156471911
0.308443432532582773
0.149901500571584717
0.130236538908668209
0.191893028027583540
0.214139683158984906
0.235864406712824770
0.262976071066466033
0.204143110600307764
0.330760199008222844
0.215537275436366776
0.251571783580211761
0.214556599062985687
0.234081806277461002
0.239754143494930905
0.400000000000000022
0.379366140348031844
0.235652198647392785
0.068766809987215363
0.046126189167791307
0.176791398593695082
0.400000000000000022
0.270914924758966225
0.172337837784180742
0.040764233608782896
0.049785460326238831
0.170423482034137486
0.400000000000000022
0.138806458278697004
0.102103260852207278
0.025868363678693964
0.009724679510920625
0.041671177603113584
0.119750089648809718
0.172435513536419172
0.163477411641694964
0.040797574094169328
0.089726713044787895
0.112152336801082192
0.068017797388361168
0.128727040227426648
0.079024447781324850
0.281748528431545520
0.271297200492085555
0.253778679858810419
0.226490146153038613
0.228972778037676905
0.322720908460542300
0.310434278814370135
0.260907945534798347
0.127866180408037294
0.316306623419449207
0.216058635504266239
0.318655997766808863
0.209179597223131397
0.261876794106330302
0.269257050535975984
0.217680229798611097
0.300399329999676834
0.354584298644019635
0.344492703755005347
0.382917685911893735
0.351488073293833914
0.400000000000000022
0.331203633280016840
0.319792347303144098
0.106990585511140684
0.163524998419150941
0.202491142391514445
0.400000000000000022
0.346776234175872888
0.149669092205434728
0.084426639920658728
0.110487649534092444
0.157599372176545793
0.288546777359467932
0.180739912089012383
0.196901958938659277
0.034623772745764850
0.073888515792544504
0.176019875502652134
0.086588356736272035
0.184239742772208559
0.188256854958366193
0.059436431282204306
0.084277033681756972
0.279747697117897764
0.131383314363207826
0.088962837930285033
0.115731014676799748
0.375836122061647349
0.189550552455829691
0.194106360914795162
0.348837913806539390
0.319673454934894796
0.288102342387307253
0.400000000000000022
0.319287305077624706
0.239530339467126374
0.386370842897454603
0.181473474597132090
0.201732226079543053
0.181282159606216797
0.265949807529537008
0.353998700836521629
0.393205038432579479
0.398670634845844862
0.300534089621375400
0.400000000000000022
0.400000000000000022
0.333310955724189673
0.386528806307420925
0.275233624954583145
0.281609875774564311
0.249683170433715962
0.400000000000000022
0.400000000000000022
0.400000000000000022
0.338251692642615454
0.232563553955544122
0.133486802734203630
0.171037181711669345
0.204933669833746612
0.267759705833334749
0.400000000000000022
0.207638417726782487
0.312189684064470285
0.203000277846019039
0.142905734275002527
0.213674017936219346
0.196207323482638363
0.240451747003231991
0.185347764008957167
0.106655319540244417
0.400000000000000022
0.400000000000000022
0.221308503899779407
0.224373290437917094
0.306048540603145458
0.362218538056402639
0.340726334619864402
0.180881823373031769
0.347690352075133768
0.379085500687657340
0.317070201768349769
0.400000000000000022
0.379676731939037948
0.400000000000000022
0.400000000000000022
0.330749312611404167
0.356826628348595520
0.266769761924652904
0.236293504051848346
0.400000000000000022
0.382914079264874752
0.272123900394911356
0.386948671853238779
0.356436095097744765
0.163302914622310835
0.152253698670108989
0.206570172406043251
0.279116082196436466
0.354206632626112294
0.255772057799852681
0.330044221091895962
0.259922111004979306
0.347829282203423351
0.400000000000000022
0.400000000000000022
0.400000000000000022
0.245223604863903294
0.264048931511418561
0.391045281963057823
0.385634933070231334
0.400000000000000022
0.400000000000000022
0.400000000000000022
0.400000000000000022
0.400000000000000022
0.400000000000000022
0.400000000000000022
0.400000000000000022
0.400000000000000022
0.400000000000000022
0.368033013897515249
0.361070095296346816
0.292124828024457550
0.348013990046709520
0.252043878969092694
0.168765046253260720
0.310006748084941886
0.400000000000000022
0.400000000000000022
0.247775893806738035
0.261776186174360936
0.241706591025429962
0.400000000000000022
0.280621757539914030
0.400000000000000022
0.376569002560234567
0.232943997448141399
0.378198763166194496
0.308614260095780524
0.222252176938817214
0.347489308675490660
0.219101327324196848
0.093376767829889101
0.103485059264939158
0.349240520805507493
0.275623785207469607
0.400000000000000022
0.396922925290753459
0.155845339115186832
0.040873363605654731
0.373502286077418644
0.371434792675481296
0.400000000000000022
0.400000000000000022
0.400000000000000022
0.336102187932203311
0.244180911490375574
0.377577096695060788
0.400000000000000022
0.368618221777373689
0.400000000000000022
0.400000000000000022
0.292361237835426224
0.389085837896419817
0.398480173868383081
0.288562680631016977
0.213986021086955386
0.335853243846015337
0.360001686125412002
0.382577097961157464
0.400000000000000022
0.255224493279788245
0.213461964310953378
0.236686385796850779
0.308429351764972104
0.337557766294159511
0.280907553694204171
0.393777138845165742
0.400000000000000022
0.278975749879440404
0.249636215804982214
0.222991858388853853
0.400000000000000022
0.400000000000000022
0.400000000000000022
0.376789914673928861
0.202038556791129892
0.262099555441826837
0.252479927864908638
0.118699597271270288
0.079724436598120507
0.081365651890379281
0.216195446578828082
0.220240207760446449
0.399612291279746623
0.400000000000000022
0.183274178936082444
0.050729525163523678
0.199976407183508703
0.166204628892952344
0.344709011732291126
0.313533126176516019
0.315225749754294238
0.109733095181973855
0.122185969338188094
0.169014195568793490
0.128693440624449873
0.111342426034550357
0.293045448804059971
0.164730236095131766
0.143227521458855894
0.311883875029704494
0.073218664628583272
0.037650126641106896
0.119956034658551841
0.170320871722362571
0.319312241805886687
0.344363958948200044
0.239740570862519486
0.180277342071944346
0.095510810756588710
0.224336551258968453
0.141516998312432640
0.241011878636722271
0.194143945723320610
0.273299153201018830
0.400000000000000022
0.396821046011243683
0.248711638911971011
0.183771617566208134
0.400000000000000022
0.400000000000000022
0.353094681062231852
0.360741405693040473
0.382766326634738530
0.276471651948733299
0.400000000000000022
0.380177658760781634
0.145663732273631469
0.101970607259466967
0.177912990234020241
0.131086541012774560
0.269097728490102162
0.185296979756068264
0.106649308167922341
0.131658461396061327
0.098849832388456016
0.174121364299168163
0.083495345066881541
0.070280248866975259
0.233781238672487457
0.216231831902857968
0.134791108906372387
0.164331255382973218
0.029526419532729189
0.034103822232016731
0.193311063207392442
0.076237447570190450
0.102909348695977038
0.184879100802533419
0.015031290208643956
0.035340252065132249
0.162089673601605339
0.145863871434079695
0.130348666013029746
0.339052687897985039
0.228295471316289300
0.188473167788985319
0.109594597822847944
0.178104608188685148
0.121852935313982599
0.100630616714747281
0.175251642002676761
0.178685904352878733
0.400000000000000022
0.200372442736880485
0.126383157010669572
0.136349061027064788
0.166591690716057950
0.225989601982678173
0.216009240537882230
0.140839802303661860
0.174914238222907470
0.205973915284178799
0.202821083133631480
0.249061155563186920
0.235227218972107577
0.145006273438904570
0.237762115257358020
0.188715525297142250
0.106134852110032346
0.090073081105419672
0.088498453692837570
0.102734412047238016
0.090693893267395242
0.090066867752031848
0.072536170564279412
0.008020806592272578
0.247401367977118758
0.187428595389216329
0.155888084425853501
0.106828961786615384
0.040424225795281529
0.009483668603213155
0.053805072565018555
0.116082305677360859
0.134242200071155393
0.147595825007892589
0.058795052560139387
0.006914807516353707
0.126311976691083322
0.185944436323187134
0.136627805490187659
0.262791893522934694
0.360857295114699772
0.294153555008281109
0.239010524003982455
0.256718288956935936
0.259790149231172551
0.244015087406473541
0.310882886011636994
0.290005299295019503
0.310110525895073985
0.307151286057496198
0.294238116872879429
0.197072649442184500
0.361503407701693369
0.341337000090089770
0.273661538407249272
0.309928866798183100
0.346823221872930465
0.231115478699175314
0.391693985314690574
0.376329871452572906
0.192909721891904279
0.284553629171547862
0.352804021264979006
0.200414086343281700
0.280944304159646718
0.245821246003261495
0.193219564558924306
0.328923503056386290
0.336864499464892053
0.190212827070562224
0.248350434104564338
0.177629864732253145
0.218982147630896240
0.332059859818845171
0.300385078267674077
0.191385757245951249
0.198139846949212411
0.141710759725623830
0.213436806089378428
0.257696239008149364
0.271698674641240812
0.213652340621371312
0.177019151252301415
0.123917644308280367
0.212062060262833668
0.290712213314424484
0.273929718395211741
0.225184465184586069
0.335377419159851087
0.279491040568244031
0.234558297039129782
0.243460755986541211
0.310736034612403622
0.403448319786212317
0.306925871458103183
0.286316908803312231
0.321727624475173890
0.280122285010331096
0.266163045638417195
0.325210592507384655
0.373018515489531521
0.317064449016087158
0.328098205806326482
0.304059047417986283
0.256654255686196153
0.343642260681434220
0.371255065320546529
0.364858057895385335
0.296219115772437480
0.286807521004489752
0.216268513966408199
0.300734295381674011
0.233280813962469080
0.239957258865075324
0.313883631157387322
0.333711923189803028
0.225024771230996345
0.289216217021541988
0.233094826541025202
0.171198090558447480
0.307898752743627047
0.325250914500708532
0.229793326815880411
0.303191626684068238
0.195938844268622958
0.137570865708955548
0.263165826893773158
0.242469176568899714
0.205543186296350627
0.335906598917463051
0.174115281331528510
0.125131986479400603
0.264231886740252719
0.265019181886275601
0.188146371892908865
0.372899748612090132
0.292587683439084312
0.218075645764341880
0.181090530296422858
0.196654974333970334
0.204063008819833080
0.242210105994306590
0.364060565732496788
0.352882427325779457
0.381217960113370002
0.377785909803523889
0.277055126423404630
0.178095758325389486
0.381659349059092823
0.339054877499126661
0.314412616257020550
0.393375738054051516
0.352253552415775273
0.212015352020745618
0.333640788479074302
0.336050976287997627
0.223192741135454537
0.312877773701279172
0.357031423567527206
0.204681380628908394
0.261156033737531934
0.236324078029891665
0.181508142533096634
0.315712630295214347
0.342869652986069862
0.196733165277477029
0.276852365519019761
0.187319544555531792
0.204633824084811872
0.302959147891198322
0.295350519950158097
0.195440035516687094
0.207031831856441362
0.150903082345921674
0.218936197549208428
0.250768531552514107
0.269433937449660377
0.215660690724547827
0.181921496957266671
0.131781042783659319
0.229205779633746998
0.302248105719434224
0.263521150713801056
0.222285483457942773
0.287798644756916966
0.226614889622361593
0.173893706961156858
0.184462326885807520
0.238034411804577989
0.327017231751438764
0.338354509126470471
0.335292486295986569
0.375872953115957309
0.360710581557308674
0.328478012489166804
0.306218863752076353
0.376801469559535807
0.334742657034966917
0.326219765823500651
0.358759072852128824
0.323140788883599928
0.349869139357951664
0.344268377486274368
0.312154315558964279
0.267061718108519197
0.309630492564306192
0.259065029937320557
0.304337782802801937
0.246940807912235910
0.231566268624099098
0.289618508202349190
0.319199478213889498
0.212355451253574523
0.295210835313182540
0.237880608768740259
0.182093719064911730
0.343692935993430371
0.308179703936090565
0.204415973322310901
0.297164121879769372
0.194908966308874138
0.142896102186195945
0.279581609227630201
0.246287404113594954
0.196829590433400592
0.333268136742001009
0.179956896051435417
0.128075828322009005
0.286465963164323600
0.282869717436955159
0.199195660937345587
0.358730594952719306
