0.198668378705152193
0.400000000000000022
0.400000000000000022
0.367286487252903027
0.390579348434011875
0.362729628140128879
0.209993236311277309
0.398255405728767942
0.400000000000000022
0.332775699640031841
0.350957831635906992
0.369454102564384712
0.090214029932720180
0.034361498406755668
0.051163945148644266
0.095973095786057019
0.307672418409894177
0.240858708642804564
0.379439883570234504
0.369599748970821484
0.278916615153839809
0.118299531858447105
0.398321398222918344
0.400000000000000022
0.323891174672469973
0.252213027813301238
0.400000000000000022
0.093432183222388401
0.021624747707694889
0.075498926354700055
0.400000000000000022
0.244413986911469761
0.156835476819154329
0.125076963512397554
0.111541449506509294
0.076683959642404820
0.132533033779927673
0.079812724444045857
0.073768885758703009
0.219797730637447369
0.391944458670565932
0.220865602988099374
0.378715278665578858
0.212047926504808221
0.380870324248935854
0.058629466787162646
0.222747447487182726
0.164772890855080179
0.107265011151839659
0.154987231612442378
0.059286152072344785
0.088736370297164052
0.272598958720651485
0.383177775315281632
0.104471944999172978
0.169002236054961535
0.072887705032751951
0.168279642962161441
0.327468028127626265
0.396488418321586544
0.066390883470985415
0.028335196520101275
0.039491996159514445
0.041987043457923173
0.211818828495100031
0.051286129619130337
0.055116214785795772
0.084540155815763129
0.162506610215738811
0.141757903432112198
0.400000000000000022
0.149445819873909647
0.309879128181060892
0.400000000000000022
0.400000000000000022
0.105545392778760419
0.014619579871613206
0.051330216950530479
0.400000000000000022
0.400000000000000022
0.191480112328793028
0.239976639776225353
0.155514566600057941
0.018846707473807123
0.096578523547730208
0.017040361697527154
0.021434876503834722
0.400000000000000022
0.287284897625685043
0.042964029102806028
0.239772394169639802
0.085100119735748936
0.067386819501772638
0.085251960249814115
0.102974350218204308
0.075984653902502169
0.229534090168243277
0.064080814135120873
0.028848729370094878
0.089113471245190673
0.082998599623011829
0.089493535103662425
0.244657750513430527
0.093143940965595529
0.040501949653742451
0.094563844057103441
0.192545670873441099
0.211368098264792248
0.135365516810257186
0.063810953468329532
0.068455274466419760
0.347589626704340238
0.310118233778536700
0.022600003401929976
0.076285356504266544
0.089941876317476049
0.058477730801408806
0.400000000000000022
0.400000000000000022
0.014858799711281895
0.158210331660647796
0.257141108536780516
0.200579639995282027
0.163055394437315232
0.047717405775688587
0.026114254865366782
0.168861586728261071
0.156536496068275965
0.160012641460053007
0.181386499175473309
0.301232529769052793
0.042184164204293766
0.035046363287378292
0.016357764104000042
0.031359651324530627
0.227400636019560509
0.185151291126721351
0.021401259650097246
0.042999696312430224
0.054999459711828041
0.051854445374545685
0.046886478736924378
0.049197737340076278
0.081659813727169156
0.148593152940036749
0.091474718210190320
0.003594002883596126
0.059129300340746850
0.113499737200278589
0.039876722801974684
0.213401086977919680
0.110936351491647850
0.009975774187740762
0.207248211675967936
0.187204308944583953
0.131389121597749070
0.225304803029023365
0.007758674549314974
0.040841759317665732
0.318327978703134562
0.119024725106154916
0.011765300806365873
0.059721529277603561
0.033622456846554120
0.146302290030151577
0.400000000000000022
0.079238931430391707
0.018854958028725874
0.023762805263286231
0.008320153386734334
0.133751023755717152
0.400000000000000022
0.025816084144502302
0.009211571041719935
0.087512203885608542
0.030316698571742996
0.048970184392378067
0.094093162646393752
0.387677736988226829
0.062553234791726933
0.112052023092603370
0.011461713502696418
0.046415003591650877
0.146572399865779496
0.124574755663183698
0.013221772128572319
0.124224457868024607
0.023483046148234637
0.075817764558647846
0.160269827873849802
0.025758805434709275
0.033883744504394520
0.177466191595259670
0.068178699184168010
0.043972605525614723
0.023479642736433839
0.012105804214886580
0.037530550326457301
0.295838324507890937
0.061879579301303826
0.058919522199892674
0.060540065157459896
0.071272114989019322
0.121551670820163674
0.123606048453709927
0.022081908678295119
0.033618672836673726
0.121453948415617061
0.073057065015487574
0.075269138342263911
0.046143261658864801
0.024030319977087992
0.059801850230366063
0.222694571772426686
0.030094501384700004
0.002715349901640287
0.044638211723848492
0.012367718247536656
0.246816643984028167
0.400000000000000022
0.025201027733134082
0.003806970454466304
0.075154358768042065
0.028632631016432333
0.068921665462673282
0.096858228003604774
0.052270105619449045
0.026113895263097816
0.122087717716203664
0.006954751013982692
0.358257394268036489
0.400000000000000022
0.018092904835036557
0.037082740159457228
0.068921665206158972
0.034430401025504376
0.216731295945128577
0.400000000000000022
0.124834292000972485
0.082084514398138977
0.080961909298937901
0.050666303588204113
0.043069109015062897
0.013052397214865431
0.033433240408526028
0.067316027412931523
0.176648549986768960
0.056285674631089355
0.055059762262917832
0.115776153623899342
0.198610926257503539
0.104919223173467732
0.171678532089137248
0.045321672418251510
0.014768354886843187
0.116962394616881404
0.071473870386876207
0.110905476803439512
0.043739071575765918
0.019226800183073059
0.040746104511253350
0.121986855203490341
0.055405231907755537
0.041922945895018660
0.043409771637104522
0.017334357294860318
0.061066056992831984
0.152496196794249111
0.051746390842740284
0.021759808055482284
0.011827198662867602
0.048890763495218779
0.067491490752585606
0.067005991518462954
0.181617467424038448
0.011442174742777676
0.047055744795557672
0.007255359269911959
0.142610983359014898
0.228113006401213486
0.000916127824181075
0.032238421572475556
0.063677792682164516
0.113914448298981050
0.279583470661407041
0.353980957284070197
0.001554126613290822
0.136850702462290114
0.047070236514015956
0.084077240925495761
0.042097369497402046
0.025858155991550481
0.029132394516204439
0.032870444505103000
0.055644682565788639
0.064860899217986781
0.038816386494770559
0.004980365839547923
0.011994712116265186
0.045739245952421834
0.112970130978252342
0.049318019013086675
0.019755959631120156
0.024617834979275055
0.038904326522031386
0.062337945809090980
0.034323985594136380
0.089950804795152439
0.040253675835748806
0.057703883699257039
0.036226091515523341
0.028000389559278593
0.023887482041039652
0.028698085314644413
0.086649885015144909
0.152027276757075613
0.184160117822997349
0.024862781746523524
0.117583870608215027
0.118859094896557771
0.142804758188574299
0.093636591808508113
0.274102932008156275
0.028476570874663168
0.125959311007992542
0.055272479723780132
0.118010783828693067
0.088775590410327967
0.004135567341401906
0.087876675931946965
0.091688274853358426
0.026825929021755159
0.223187288998080935
0.400000000000000022
0.056849169762424316
0.164409656700648388
0.076946520371562854
0.061657332321681649
0.029498466605406413
0.019358366667367490
0.068032999975599140
0.114571911045689617
0.045575397366591851
0.036102485512323639
0.048652743403429115
0.050689723540551325
0.065583762206138291
0.079172206663166822
0.113983750531727546
0.061886604886181334
0.065865826589943277
0.082668418369981914
0.026393953177282152
0.102275122025604320
0.059337572472923164
0.046162370452014281
0.065480639685817674
0.131233998694302079
0.089326082719353217
0.031722688286419845
0.181316902650383027
0.040159547409597283
0.028798558811016929
0.220346475823066795
0.391772362726228562
0.075948149112540192
0.262355845313781977
0.189166762048319337
0.211413809104183281
0.076521764414748283
0.149476167061003862
0.089959990743991525
0.294512783214312790
0.140811435213160779
0.292507401439006332
0.040295046398849406
0.023669636875083604
0.085189844291815031
0.149479602837523096
0.073719515790121343
0.072962584566718475
0.210577147637902418
0.148712176550615360
0.060619344158615862
0.274785689580626269
0.400000000000000022
0.233126035939140525
0.117007209539233520
0.274366270834618176
0.378336918005383827
0.048837797164159112
0.030841592712774812
0.047897624718066530
0.116632394076458992
0.170725908709498886
0.123809533373075528
0.195074892068265948
0.194728526897105375
0.235023660850677080
0.179691263224814546
0.089409208647441674
0.339521974643166025
0.175125328441152861
0.127121446658486098
0.159796008475818652
0.094034652518188488
0.052707236086296086
0.099667348898505009
0.371060136171447064
0.118937491257017303
0.062893800990848125
0.288853789017206986
0.400000000000000022
0.074925761216123807
0.319593629045811012
0.333999974738622973
0.210542589705499661
0.109361261344631464
0.113732060700361626
0.040681622713162467
0.174236899019636571
0.252275520004334064
0.273251667059341952
0.012238227453469763
0.003326477528135638
0.129213630377764260
0.185369976773173073
0.179819390011005914
0.075782675224114707
0.061694430411777204
0.107002297037168029
0.060010633324755050
0.400000000000000022
0.400000000000000022
0.400000000000000022
0.400000000000000022
0.400000000000000022
0.388850940748125429
0.034038028204174439
0.032106948657832111
0.050196421242445798
0.051514400534817179
0.161268354276353582
0.115085263360373335
0.384238221897174603
0.400000000000000022
0.400000000000000022
0.271416425828446717
0.085229443461774010
0.089757293478280778
0.214845178911178991
0.390620798998824625
0.400000000000000022
0.101857095693401595
0.009532940565236811
0.070899128731138378
0.225638053694046298
0.246001119555793568
0.400000000000000022
0.398931156065725157
0.173876787027498231
0.230918079511441998
0.335105506448124590
0.186212905571527143
0.251829278144682367
0.390488846766043785
0.169003011412892729
0.204398768060878866
0.342604703627680474
0.253728981169414392
0.324777470479622410
0.120923494540371157
0.026832596044986626
0.078613084451828019
0.400000000000000022
0.329566676674629744
0.338650822631396564
0.114940964231532466
0.067949146203028263
0.059378007446584030
0.332998631363864539
0.331018993053859900
0.207115838391286028
0.236746822609347318
0.064573224622218525
0.140980354479576853
0.063033840140794439
0.055959476382340292
0.034699073798410758
0.070231797483353287
0.092144230861487292
0.051674431793449320
0.226440056805966045
0.118320569899416236
0.126346954113351367
0.045965460337726888
0.064892160767423268
0.052321650646128620
0.151435775963878611
0.085185995089423455
0.075985539051178608
0.011880989890890137
0.043935763137629646
0.065011920169728732
0.080691378201726199
0.179644317620778371
0.022804779181300243
0.169929499477695090
0.195215489684382931
0.228502167942496420
0.167267530495176175
0.295948521806916554
0.068450051926626981
0.251990348041307322
0.302042733000655372
0.361813947786320866
0.069782253238090911
0.130192945974818813
0.045812982503386217
0.080293618415600010
0.116181476026716801
0.186637836046188887
0.182083338334481093
0.069842272987678186
0.007820673700912117
0.058908330925878882
0.054177190405272656
0.114700903726143610
0.091513406292926924
0.060340604713704601
0.024558230375159452
0.087743748774408756
0.048009175012242250
0.046151447982050446
0.017182174094736977
0.032781131632804952
0.027168343024689470
0.024884917997874498
0.006829337153923379
0.024335299636722926
0.088722419763291274
0.040438651468074335
0.066505821449228036
0.071587326036635146
0.156417996921204755
0.159443402135417078
0.123867240703943421
0.113345116894070147
0.033002616685032918
0.056527022754861093
0.088748787771779608
0.097652826387185754
0.121013030789202669
0.175805085545050477
0.024844251347760388
0.064426737234238626
0.143351383089010409
0.221491035761868599
0.023438184723649835
0.084884900532525856
0.178725041963447934
0.153931853343579950
0.303220582157577467
0.078814767627254645
0.006489561642830299
0.098674636599417900
0.088128007438394329
0.082728938980636726
0.246436534457620676
0.088346497418559239
0.080243986323782684
0.097140481699446710
0.007288668334343260
0.061795058583080799
0.131259516861243097
0.135858107744106893
0.037838360464454220
0.077540603137298145
0.021880995880394292
0.086899247430697088
0.043721672209795351
0.043956961672877708
0.017748767106207403
0.064274091590038093
0.056516301991535157
0.084935533987668912
0.016228012971358528
0.025417610725206499
0.166724246709933688
0.068590118913559622
0.068006400154150173
0.066192712328639589
0.209333891910237546
0.170776964589408525
0.196366874447080009
0.094775725204051850
0.022787008168192596
0.027370726103847682
0.111230793396006722
0.141597019703036675
0.064173784851911109
0.089830159419357666
0.013498143509784462
0.019536712511768736
0.084679220418257678
0.171453408632568111
0.014997195615146298
0.013974143755444935
0.062367972720349239
0.057351049807495058
0.111405274753000660
0.089531191345622291
0.001556405023060732
0.019459150228056159
0.009539706382464031
0.229624149061222638
0.378645030938423055
0.097940182952086591
0.136123106071509292
0.154260516396022007
0.000593504324435289
0.092573325868355358
0.261936874948745624
0.199551112286992544
0.032386720172066077
0.072812276490404920
0.013738901531767720
0.129556376315636185
0.052439047791795090
0.000000000000000000
0.028225489816707694
0.088512791536279445
0.044838584200561742
0.176833354292295575
0.080627356859470201
0.034022073420903257
0.058949993751378015
0.044188803733656405
0.019002511747275352
0.146267313623263118
0.191005066442283100
0.143603140407128016
0.012039945261948756
0.014920647984933505
0.007923760359962718
0.038739601952878573
0.178164954477005533
0.358407623926497165
0.056063226310016701
0.181719243602830594
0.048180227490748670
0.006200450503732256
0.101127991720166871
0.368404651284348794
0.006156631165545533
0.226154620617218804
0.096956546289680465
0.054319904825452715
0.082412026152841156
0.169337981221408362
0.013438888051723120
0.400000000000000022
0.157576105685565793
0.100675513480609755
0.181557933220790030
0.123328609629867372
0.067519506211048824
0.396924098791458624
0.052721755766662499
0.112380809839438961
0.300826575959385334
0.311692945843621172
0.083385023858355528
0.033773961206631488
0.022310761382134940
0.100022817797394248
0.043193463991175150
0.070039902199943521
0.064568934211909026
0.055898155434078597
0.040665297932767304
0.252230104735790495
0.107610890840843604
0.047962614810267104
0.045926612686046711
0.057340747131141651
0.084979387703538356
0.150771552887401461
0.036082300967514684
0.067575106552369757
0.030112083650568083
0.047757846628845378
0.087868145784439064
0.020576890719888132
0.083989290380924758
0.400000000000000022
0.042394261260197352
0.081570426017497255
0.086069273990313569
0.027789424673079779
0.117274646234320004
0.350778176119881990
0.003758522837604050
0.056206681468797398
0.160161800610651550
0.060375981704672663
0.076640385800902960
0.083617691999636562
0.004799831790979873
0.061577836795246033
0.015438728754508281
0.057644692200774394
0.096250800403952841
0.045347559301299259
0.033114073402821756
0.203189357467585707
0.019855140031551002
0.030533804638257261
0.205364648034933511
0.300927178519535099
0.086171000589715011
0.046871264753706114
0.041169296405900800
0.010161621093157278
0.013707633575401421
0.050458094327129131
0.073777873601254054
0.053479470873748484
0.034662564546288438
0.101106741393373847
0.263077824381053760
0.059361757601539042
0.009989928070829854
0.018396790439641653
0.080651245380672212
0.042991914173717262
0.166597330085977657
0.095078204347695428
0.011606763015866023
0.021796648306629050
0.062664540412903189
0.028138580782388678
0.097367204132484536
0.263743284755525054
0.000000000000000000
0.073304756201304722
0.061883983172794116
0.091198919611685372
0.151326668080729532
0.143779203334379768
0.000000000000000000
0.040974553266931696
0.233149726205569174
0.136653886634704957
0.092902189459468931
0.067264014772841274
0.005364967044688778
0.005652114094879059
0.004963970951467379
0.074600077522557012
0.228206753985805977
0.136166344659561289
0.010851993501800373
0.117089843943814526
0.006258459437939275
0.027108862163617707
0.128859168060589169
0.153701002556111993
0.105042627940496347
0.022427265318981159
0.055257004956069763
0.070369007585919505
0.074897593053157643
0.055815328680689828
0.064577756614730461
0.052946624589175616
0.099882387779259563
0.184426264369977583
0.295378396800610510
0.084947175477795053
0.025116013222424557
0.021360503430655979
0.028103092630472813
0.049989005240758666
0.119267088602531046
0.135145655439741941
0.088408147418822081
0.076179504353929950
0.062610964725274124
0.045478794909858893
0.107224985075191723
0.357308521458679418
0.028798583284617426
0.041184124075328302
0.017964104699386106
0.198808128728258260
0.236405513012770851
0.303356769228305734
0.017677847881928419
0.120045509801246508
0.043712039589931403
0.042315890739664200
0.063146527458940283
0.112624465990032244
0.004049663629791841
0.014365396086061334
0.005131943865189238
0.028810300651578677
0.163836484781246849
0.178877324361850609
0.041003686204621963
0.075577973001289336
0.013527807924409569
0.025831590575472924
0.077547513019755376
0.393608779083233440
0.215263991533033799
0.291791159362739083
0.129829692834340815
0.213397431131688325
0.238224491801554833
0.129194346955381123
0.146815201828209091
0.257169643835894801
0.167799169356375927
0.267216074909943868
0.343725800782102131
0.055829685770636579
0.045121011392054586
0.058327470804322941
0.040660345939050511
0.133355496868739015
0.210741444557369373
0.138608063425634670
0.366662441164180564
0.223220859518942577
0.114431784783518536
0.094798522653486900
0.181813296263932916
0.298207807625459564
0.077683624113193725
0.131547987415540579
0.136922097882469673
0.078327120980202669
0.075350114147631375
0.250203954694020181
0.140429003979216899
0.166751675372755342
0.067522199004263095
0.093237109514166472
0.071587750083770940
0.127645239329121779
0.090602272086676844
0.022186474153497691
0.002749331064997159
0.089891687435457557
0.132617699224324120
0.135830203673042021
0.121870030633668552
0.093486835223276499
0.001774580648322641
0.025029744747439554
0.102596777384492188
0.133300355083033284
0.400000000000000022
0.400000000000000022
0.400000000000000022
0.400000000000000022
0.400000000000000022
0.400000000000000022
0.244031264515451790
0.400000000000000022
0.400000000000000022
0.373069621960322451
0.400000000000000022
0.400000000000000022
0.400000000000000022
0.400000000000000022
0.400000000000000022
0.337135508569683773
0.350347057522261696
0.327452340821057564
0.400000000000000022
0.400000000000000022
0.400000000000000022
0.220156627551848671
0.400000000000000022
0.400000000000000022
0.400000000000000022
0.400000000000000022
0.400000000000000022
0.400000000000000022
0.195501534735193161
0.306417005866142067
0.400000000000000022
0.400000000000000022
0.393856214681852834
0.400000000000000022
0.280544460919402050
0.281082727703283686
0.390055842395371166
0.329232598861624814
0.369755912243323603
0.340721225177818499
0.399960224542993625
0.299478687439927393
0.400000000000000022
0.400000000000000022
0.400000000000000022
0.173570431018695071
0.290696593690211003
0.224150898301664236
0.400000000000000022
0.400000000000000022
0.266401990463630833
0.325483192906511343
0.337172183342870024
0.400000000000000022
0.167505785139967445
0.224961712437301842
0.107586778831162716
0.238511440445514700
0.400000000000000022
0.400000000000000022
0.292830940276951446
0.146655766419517497
0.165838950272865798
0.087952503795650061
0.276710989262523299
0.103607780265258964
0.206551990749674397
0.169726150905186557
0.238492149266917419
0.153638893323002346
0.400000000000000022
0.214457740043638379
0.362660704599479633
0.400000000000000022
0.400000000000000022
0.275474892256455550
0.209835069555996179
0.279832384893026920
0.400000000000000022
0.400000000000000022
0.259930164255420038
0.400000000000000022
0.391792983213951174
0.375125220017271055
0.166360776785821118
0.147233307672345992
0.067247859007220939
0.400000000000000022
0.359275523117401296
0.229601865148994888
0.387663069524907145
0.154942392723427136
0.075207493202684744
0.144160291175693012
0.157151540623476943
0.190685557628645808
0.321047496461170145
0.124421418848825460
0.053406959745254327
0.176857220019599443
0.131007774635254065
0.135644983085712878
0.261839924608167518
0.125925072598400467
0.067670292678431915
0.119448762054977939
0.199375008027364437
0.235703397901515177
0.224087936573548446
0.104249604936403881
0.134961095915647811
0.374311032148991751
0.378523840989441474
0.182043405537347047
0.200152597208209992
0.203286993211546196
0.091480347486441738
0.400000000000000022
0.400000000000000022
0.112511626098467640
0.279223362449850465
0.391502369712262932
0.225423891343042415
0.227482131671553844
0.191068788864698968
0.247605290627235380
0.192299771451910906
0.241421396600801808
0.338737683423500913
0.335318352519053287
0.400000000000000022
0.120998931831548417
0.041535924930208586
0.115032400703417928
0.119487658762924942
0.310129575000197222
0.370376966161424237
0.109747757068656485
0.123243682636212895
0.152139941411274765
0.059143113708888945
0.108681537320005184
0.180457254201319361
0.217517921471276021
0.186431513404490962
0.169015321347488451
0.025474998763990418
0.146028547771443917
0.157221409410073953
0.083833684474852385
0.231149854084127054
0.175210443081685929
0.066492076179275938
0.292183745663636862
0.203432321915942460
0.156806732322955583
0.369637716391086668
0.076348793462874598
0.108848159471815920
0.347874367579058763
0.325421763923560037
0.182542265395774395
0.256088403724683555
0.128398182050605991
0.169089298198344146
0.400000000000000022
0.190469724826398429
0.160451977731762563
0.087936590115197347
0.098150312806092016
0.147249167265501635
0.400000000000000022
0.110495304562759966
0.180664979674288018
0.102509399500754828
0.044290842327187933
0.111338157112727307
0.151444212453888810
0.400000000000000022
0.152084426137349210
0.113608428115664101
0.030920863730752576
0.055954709974114912
0.376196548927002161
0.400000000000000022
0.111161955080658917
0.260347563939533844
0.177743562544256661
0.076411268883083125
0.252843153742205118
0.287695680383454888
0.233434856791387035
0.209852911767325762
0.140990975674572944
0.057711507057382455
0.153036019052070038
0.064544852006681669
0.037530550326457301
0.324063814324598576
0.150392370837583250
0.103758106400454408
0.237373419449755513
0.151899471848489509
0.155573744241066958
0.182556042205087921
0.066270712411951538
0.052621184583949071
0.267721262038880192
0.264062131457770688
0.218872278749391913
0.058183206920813565
0.038950967962021500
0.067725610590328778
0.261434173725305197
0.208259455861705550
0.360689797890246022
0.100701438033865193
0.194086961850367279
0.294996871474776823
0.400000000000000022
0.126329019453300967
0.371174385977684596
0.081310989933587610
0.254787251633651179
0.165878211752353732
0.151178132829057482
0.134682131772290187
0.195451876484506182
0.135526605767926800
0.400000000000000022
0.400000000000000022
0.400000000000000022
0.199650838055826563
0.160411349789324614
0.136441171417207796
0.400000000000000022
0.268303451000966642
0.400000000000000022
0.373690849302209638
0.379556078422886189
0.164346933157293429
0.084440264794835587
0.065379870397197851
0.113075215012259700
0.076626704399701179
0.137355929612875044
0.241217484198677945
0.112183830065167953
0.095725060195685122
0.361498617329955918
0.306221817098347171
0.152881837983734836
0.217605144775183945
0.102662419549393161
0.099747742590381550
0.267733947504282810
0.107556171354390911
0.178480583355809241
0.073851155226334009
0.066984646811918430
0.128614250295692401
0.142563745923378449
0.139394522288680295
0.400000000000000022
0.085804032897301874
0.098904783312357580
0.147135330983145546
0.180285621467328905
0.169021037077060315
0.371037401444860693
0.015585721500471654
0.105097444964016185
0.227653291363237142
0.127381973223135603
0.258257853224941381
0.095059866742414234
0.051855576586537548
0.068833196065157989
0.158049712113523200
0.285757698601987908
0.097166928228133914
0.077585980873774815
0.096791866084986272
0.317103805766566715
0.291985217704865185
0.376873094330124725
0.206918774648224363
0.394346392742805585
0.133241237103730981
0.130948505679201854
0.083266665903302839
0.036019777084707764
0.042840028091605864
0.083328538832232138
0.129422556167042679
0.118340370091735272
0.073478951041058990
0.106087107232921765
0.275072536497318942
0.105101003553960876
0.122960059049082193
0.067714809452728314
0.100407205011792358
0.067609749152992324
0.205501656608009009
0.157416150156786394
0.045930748610002410
0.111747453101781483
0.102918216248651981
0.085842464481645717
0.133593295648007843
0.291743674314803692
0.023887482041039652
0.102002841515949128
0.148533868187939011
0.243226196368760944
0.335486785903726825
0.168641985080903306
0.117583870608215027
0.159833648163489467
0.371419979094137653
0.230290478443213098
0.356467464731721306
0.095740585647504428
0.131324278052681320
0.060924593818659195
0.122974754780160456
0.163375667932884994
0.232342321327207890
0.224043020591508268
0.102540268355158809
0.143915772965569733
0.229445748436020169
0.400000000000000022
0.185708337823013492
0.318110659256760353
0.181989148312059201
0.084084597640662798
0.084755471561476170
0.089727374253286973
0.142930593028756797
0.170387239726379425
0.110153153981322333
0.089049110101499254
0.148535131182688684
0.235115987910528929
0.360962159006748773
0.164119382140961889
0.139099763754152117
0.083247108316837320
0.093968919220416086
0.132657423610740566
0.145661041779813205
0.237420777465346261
0.147745719891745231
0.122341874805944231
0.128091604411091797
0.176712793604160950
0.196551067794544954
0.375610118757754963
0.210115485935000401
0.081343671484925578
0.046762663510403035
0.400000000000000022
0.400000000000000022
0.375960637007055731
0.280033693195710420
0.309212271849565845
0.255125848694114754
0.118837655154412497
0.212622694519944144
0.202584456734023782
0.297174705060406941
0.155176831299222107
0.297639345304195502
0.069105347050428090
0.187506121656330460
0.264067168653665585
0.190483289042145065
0.149297488791410665
0.086490392491128054
0.236408738213375352
0.226259689570370709
0.400000000000000022
0.400000000000000022
0.400000000000000022
0.362955728773481312
0.330404640670921845
0.400000000000000022
0.400000000000000022
0.195652998992368210
0.288011236548669558
0.215696794074442449
0.372755806794071720
0.400000000000000022
0.179639219143712087
0.240195903460320492
0.253055997701428337
0.275684006789727598
0.307132752053708769
0.300150653204811046
0.393055193426235627
0.400000000000000022
0.341839141180837858
0.274227793259337216
0.188833175171675416
0.234520532350229016
0.379602308857725168
0.394794266101887614
0.250485478672557882
0.199815898873317771
0.367180909997409710
0.400000000000000022
0.325129715910144057
0.400000000000000022
0.400000000000000022
0.278064788709762756
0.202598370858797894
0.185319810784132566
0.168326862042284253
0.264839171106313387
0.274461994157831679
0.276000998124339092
0.102129914888927337
0.135944176752459761
0.265043834050806282
0.307240007406841598
0.273306225234282385
0.077557255872437336
0.086724175159216765
0.209599074421660231
0.193310988407788320
0.330044963961632909
0.304232028949421418
0.209237213311866316
0.248015426519387072
0.257652162568095755
0.266061236403979440
0.262558815969207326
0.217959880721518562
0.167052926188358208
0.275022487153793183
0.356759462855495313
0.241107720259910036
0.235686012551152096
0.130719871823967215
0.136156494677424134
0.196950265308869776
0.230656511255293156
0.187687610911581954
0.204801337359409419
0.181962033532585582
0.176824869028419179
0.223337131593750210
0.278880483799389012
0.310847507862372641
0.203129668089055471
0.246130977962767838
0.279397932744487543
0.355572528791065434
0.310693837448727916
0.337912080084064925
0.291039750538575004
0.339652010158847051
0.264809251094679343
0.254449518503866434
0.412676411404708454
0.231308399754031974
0.215820967137282049
0.194373607648529984
0.194883956892830418
0.301933265212545598
0.362469249469417054
0.212535379763406362
0.296632171014728607
0.302411031883488501
0.188245800584440542
0.265825322081431836
0.274455557369548908
0.304393742324364891
0.315082123280190918
0.329451680585777673
0.210467188383857501
0.241141316876158307
0.243757918786350142
0.269546991635384481
0.208111338266254553
0.222790896346810458
0.175362127327415518
0.322642479640758595
0.345793106493239299
0.248892361219246766
0.245888621510893191
0.139680190841045798
0.152056514815971044
0.219590590208155606
0.218040240041352140
0.192982533065153256
0.244007460223559597
0.218509003379963290
0.196194935303368317
0.222827899653332689
0.261296387297994259
0.311811043855642955
0.232753388548628204
0.251780950814104176
0.282368770575539274
0.354520046145478052
0.268412139922657333
0.312568746851320300
0.323908544693925327
0.330316012012424831
0.317373804600717124
0.272942620181480800
0.288633314884045200
0.192563821966788118
0.262545163890697819
0.223025928306163218
0.292760941325829971
0.306862420632615207
0.255128395090212567
0.194566568689785863
0.298743884429145012
0.316370021298047421
0.299543364856854955
0.295709593154679207
0.208898393230277979
0.274679421524130496
0.334766814479281638
0.312020908176155964
0.212485144274877802
0.272035513547234598
0.295486048583940564
0.300070737247645103
0.219486422461831698
0.173458967913166034
0.141565530722219446
0.263067449470385684
0.354135397001263064
0.244294981683199658
0.326997105038570712
0.177513769724480769
0.200190728452363909
0.315214802953957818
0.367590728121950261
0.293164008274619414
0.272500819206435319
0.251427068551143273
0.239336467940571840
0.265149254153904668
0.310425931250993881
0.354393519724948258
0.274272945103785137
0.275270455906881761
0.282009899822201149
0.359768766560021991
0.299124306189693212
0.294548270842752646
0.280394876672763360
0.307600654949074792
0.276641828070677442
0.284686318451047138
0.387913169364803467
0.194213449940631500
0.144434603537341999
0.168729467264191912
0.209546052528479215
0.307368994470420265
0.350789873451385403
0.227578823146806747
0.244944092085532056
0.224370740116856648
0.163841224720575718
0.265530789000288869
0.331114001445209749
0.350975058288957975
0.305091088592527426
0.332590040110740559
0.216025549052017041
0.246622511711994119
0.266353007493003058
0.310459844118696149
0.207877787798632835
0.193975621188575503
0.142575828776616287
0.254065081572242446
0.330761718836282081
0.247408416048322005
0.268962437909406271
0.181200915014635644
0.210796167979311250
0.356145415309409186
0.356291431705868022
0.301553390866539373
0.280215818103339842
0.268274281116659463
0.273666371874518810
0.284791448711379069
0.301181775715028077
0.361731675031767452
0.315851701557553544
0.327903698604003924
0.303008769602049699
0.358907208855228477
0.272582287299479253
0.295858753026871035
0.307537219452079180
0.314995943139371126
0.282598273366938268
0.283729485208054466
0.324753423140528685
0.179518597516594436
0.168562461189040752
0.164848740997989990
0.251140878406273360
0.322856060291148828
0.261806878475903393
0.186093387453916376
0.299364239099006391
0.260592789754612808
0.240573343636042047
0.269595843089026399
0.208539727154995996
0.325287312719188371
