0.400000000000000022
0.400000000000000022
0.400000000000000022
0.400000000000000022
0.400000000000000022
0.400000000000000022
0.095785958123068241
0.055080059608963047
0.047758665862516869
0.019376254817828720
0.007403593071994233
0.072821660848477909
0.091203398849193262
0.073905337970063864
0.011008583603594925
0.058864861714820166
0.108742545175829208
0.034499858098175504
0.097979295564094154
0.084082773472563099
0.102193831575604355
0.318877259380295430
0.144936082261812038
0.050232402038840794
0.022785438050383789
0.032601255977781088
0.157105361605376109
0.174095404920170144
0.120778125247283014
0.212790714941843179
0.070903226624669510
0.083246720773854199
0.227238261027663896
0.338000602466416611
0.313310200568504338
0.228385502040680644
0.094810851499236903
0.073088835144293679
0.142969064225810294
0.116703771139743048
0.114386695380553419
0.384248641602214835
0.073792558093489516
0.139271962917489500
0.167073692400849017
0.278285831836719288
0.134656018456678905
0.078388509877116791
0.066893994785879554
0.061054829723704185
0.249171708039911566
0.030476640025933515
0.274101944412654952
0.129999859857534733
0.079465173486043150
0.088138955047737777
0.184465573168281827
0.067514371566588585
0.035737126914363017
0.076686675420896522
0.158986671489918574
0.146038415742372835
0.098278819941236578
0.062382682010784021
0.118247763558945729
0.059095052384804531
0.276579055023847886
0.134960887756800291
0.105799769132221555
0.306259138091366123
0.260319469205671783
0.087361894938525864
0.053854995856094726
0.048169783252781498
0.053279803054942759
0.150207454792064765
0.398541420315331574
0.400000000000000022
0.056708247855104796
0.100493905865576619
0.225171219374592196
0.272098031652009464
0.126274973852087719
0.093475915917044558
0.029217940228670223
0.061872296261448217
0.071817257014613625
0.012534985462262449
0.020843034258155771
0.216609655614315139
0.032520807991280910
0.094703123140755893
0.056104990849993673
0.044257543218441893
0.024789640944745450
0.045314700195186706
0.095353560233629495
0.040946214753697793
0.142153096432577786
0.090364411349416432
0.152143415918373742
0.106917608139588199
0.088196700783075094
0.101544570765230616
0.234999977873544708
0.188620060543946505
0.078822941295416629
0.066657367217735450
0.080169720259106778
0.187453479197009304
0.106244589795702921
0.038898635850957049
0.048357229229658592
0.083928372618475661
0.064508370382419966
0.071124456425747051
0.267018411186213611
0.058950514496691600
0.035036051031010686
0.234193945195744546
0.033336062649900508
0.131638915624061714
0.331228562065861598
0.105425310861546800
0.174009231546776694
0.400000000000000022
0.126866460097104727
0.227799312965503958
0.125168907758498871
0.196641946566484344
0.060169847230128456
0.092378934346019459
0.059995886991914479
0.070576802556344687
0.073353620770977762
0.024627280513898071
0.033259051570219009
0.217943356886069056
0.016338680442744512
0.030716365722483079
0.101083934842985723
0.062331069315803497
0.020222024729106627
0.107932431372228438
0.028776429962091770
0.059839566094391838
0.137717083577155675
0.033516200135241252
0.159348503843723371
0.076812984042643681
0.010306153145364566
0.047757150056230595
0.143030052910839089
0.035325463298573494
0.114722209274945308
0.056229782675382860
0.026451691355973792
0.143790441861823104
0.171310624499725839
0.054200888828595396
0.045291929176683114
0.033058030356321134
0.050976650303989492
0.131969513944164396
0.067418402332644164
0.030788708495913281
0.010758800515494380
0.219977663764533593
0.012438282465875056
0.106294633799644711
0.212343811187489878
0.070090737771686937
0.034644757632488823
0.164663090209103968
0.133995268353778424
0.120282459479302481
0.076970785592672800
0.278855432936796710
0.123869651018471652
0.099093191991774354
0.066569281238408010
0.021408861307344682
0.040554114752191117
0.018481371594831209
0.046458362424804667
0.197340236358761856
0.012499855880667763
0.027102517969642484
0.084640174210698665
0.067734698244649311
0.055416599361896100
0.248970381697925069
0.400000000000000022
0.044934804918972837
0.138873212212292430
0.043326551679520861
0.145767294951349990
0.045928431321639346
0.400000000000000022
0.127622263042026896
0.186608152509932873
0.051623005797825930
0.241728847824212584
0.061196960088239175
0.400000000000000022
0.185921845731328861
0.129247786423827948
0.068512658004529159
0.074619727719766923
0.083513936538144720
0.400000000000000022
0.069737947759049748
0.115101441726411888
0.114896588524401710
0.003622996498554835
0.261306678724620101
0.400000000000000022
0.102712300698242151
0.114080109816711794
0.118507874863072793
0.106717033483261697
0.082970307694835432
0.400000000000000022
0.150716717266415112
0.081390283077057785
0.025488545445697040
0.032159652024873357
0.038918270847837215
0.400000000000000022
0.078302065153528499
0.085609998306328927
0.015075822900996445
0.011996919129772854
0.068579843401565851
0.400000000000000022
0.064018652060581591
0.121938057615611564
0.065569696686145415
0.062404699687410359
0.400000000000000022
0.274484579755531533
0.068156482906262417
0.066000130505385682
0.008010917179804849
0.083926803652294490
0.030736978555343214
0.336182357578097279
0.146362136399381476
0.105475981244850983
0.027335864925637048
0.134440333880732316
0.035443866652888061
0.399633343083066084
0.082708090753142977
0.188904866812702521
0.094891679009323451
0.065023355498904117
0.107766149252611104
0.144655777328872637
0.093108748560610716
0.070280678036784644
0.025316009608724498
0.033295072544392103
0.251015450173110999
0.289418388651973946
0.135527651092015144
0.089530931386766890
0.064204534963585275
0.231280645013338115
0.176699921193678278
0.266953337714729733
0.061309630391954237
0.046715394757901610
0.027613053044128102
0.182434700743989930
0.108814793126586623
0.351438639616398041
0.042610556791122162
0.032217185734079265
0.004567616063464730
0.184247362252272978
0.400000000000000022
0.173137458312595000
0.050463643692734164
0.099529950455337621
0.020799198065678547
0.162684729406735229
0.400000000000000022
0.059759321987627165
0.102457265373704060
0.051452782584582156
0.018713019390717744
0.094962178945564107
0.024662575984079685
0.060461836171975120
0.196522178617992010
0.198238927101302143
0.055499872378758176
0.163991494227827495
0.065844343760173465
0.064376551274554522
0.162443732623736709
0.194586345484209999
0.098825454405827268
0.191696002154423811
0.394310902987044853
0.018811211925059995
0.070885258274688057
0.199978962916432107
0.227758339229973072
0.014982110379160874
0.195588875398432283
0.007711753119480977
0.038732264921060536
0.080304107819570453
0.072604656074933438
0.139800554908914743
0.069388502234891791
0.000000000000000000
0.073752975006358121
0.073810995703901622
0.024297649172337333
0.214687798623095921
0.139765400201273454
0.000000000000000000
0.042890442625279461
0.053898794380845556
0.019863632127358512
0.086506180245398481
0.268927204464891934
0.006111919966565707
0.068388671145398816
0.071437066696348001
0.053712269793268617
0.073928753742303843
0.315881574655166419
0.069738735612045466
0.058202800086803168
0.057229325765783025
0.018774521334892866
0.018936381560118419
0.005254674631298572
0.048461881223370876
0.182542375416007180
0.142823458319649876
0.046134949645181729
0.193990014102882913
0.087582655636369688
0.017034931285924960
0.122163383560247196
0.147118737537244193
0.079265824719434066
0.358593271175974060
0.400000000000000022
0.014542553196034119
0.165773063945839100
0.304350249527635786
0.400000000000000022
0.057173431642736222
0.210543091052186798
0.032790989585334288
0.067649747260773926
0.133770618798076169
0.334311574817491408
0.077881718905609784
0.102482565226836270
0.042167465018597160
0.071877681251211731
0.017470161626656794
0.028595464889763385
0.190026677287634893
0.236703088591354860
0.042826922026405409
0.127220261433658471
0.041030008871990570
0.033025933817109256
0.041785033511558357
0.134468896700484675
0.014428284915263555
0.056176403029826114
0.051782712799153918
0.056090416589852587
0.011289788320620525
0.044140153829267961
0.022553491210325731
0.005041910777595800
0.054115590246385167
0.054960825276225603
0.005873029726356613
0.030290656710377548
0.056764483328346577
0.036335171723298441
0.121003725278067117
0.110522039204505484
0.181873946524720220
0.091702322996592367
0.034431597063598544
0.054028024112998556
0.128129931007303799
0.159966112736602967
0.184121030804452107
0.143063627721504327
0.029403739389721691
0.086058240505703210
0.128749391594189688
0.262008815223908231
0.121337531799121323
0.161596274880655255
0.021736641998523359
0.090791689138448595
0.045159188421088334
0.131239201110922521
0.123397736499173682
0.099555937702813235
0.023909658383647697
0.065162849032464623
0.228273241103525704
0.096718212236096335
0.161509162698079300
0.400000000000000022
0.039897227049837593
0.101492260543703833
0.260804877217807873
0.208386590624987045
0.131023558208566177
0.299097820262310632
0.004694372812078837
0.049436730219175641
0.058237991154439388
0.071406855842283110
0.021166574156288868
0.050680524310367285
0.006514388004161397
0.013358548574843143
0.073425248217700662
0.047052423024508988
0.001345613225710025
0.010536780752635009
0.106204647332839353
0.056424586448580880
0.214407134345578260
0.114277234115280651
0.060382497755533046
0.075109934177206655
0.108219031560088372
0.085560731667238807
0.139545256306987192
0.089125489302153832
0.085124622140287515
0.119069615056487846
0.012182160699002804
0.065136082042894311
0.154662645156698586
0.363064304527973003
0.266436562572377800
0.256330267609866991
0.047166251487293580
0.063177603533499216
0.129648426875534850
0.286056732089283949
0.251735346488590639
0.071483972742051136
0.047448109769190241
0.106417074168621631
0.364982347295386034
0.359121097694881042
0.248552862755873294
0.335158082677782243
0.110544322141240658
0.131267269631104438
0.314035131678769897
0.400000000000000022
0.346094302592200864
0.159121519592831273
0.043052472088293187
0.193882691938769225
0.075222900221522698
0.041089753231296947
0.026152161694995846
0.133878749123143931
0.015126605408660673
0.013932792043520104
0.012342876269419181
0.055903514038338820
0.036974473683839076
0.137891723168554831
0.099238601077350302
0.022916214966895755
0.018376578178488808
0.122156344012683327
0.054211515485828685
0.187742629126776139
0.185375740742656225
0.113016408208364574
0.176900868993750404
0.132961997234689211
0.045324593237101383
0.114130058809896795
0.021180615271504433
0.106662519616003162
0.082282025854178875
0.097387441805787262
0.189144875717962957
0.272060133228684276
0.159864913406741777
0.184957267337186954
0.126735548654253322
0.226429572221646558
0.162179848048133429
0.067800616296917735
0.138920518914063901
0.083664078989248838
0.183063273269948062
0.199535306594215117
0.223272913143597318
0.182385846075613284
0.065953949483680219
0.093911640098028437
0.128130456059509262
0.227715226712826624
0.358246191648956935
0.078000848141141804
0.128628054910535833
0.239057435946302688
0.083787183242247792
0.090201363806543533
0.050726505876646039
0.014346440762246093
0.035076440758423012
0.053625493307724467
0.029092515986908547
0.031501222164789920
0.033505664070244322
0.140039161791605138
0.082698262409470008
0.085803547685320725
0.119856311990338610
0.222183551790890776
0.144352379623035904
0.247323172309159844
0.241745390992919668
0.113098565902343060
0.152632176278638093
0.107939940186946831
0.092329200662967320
0.102674584590772375
0.060217643835770295
0.045296596037320919
0.030806274537294412
0.040055055419580883
0.400000000000000022
0.371838153089092183
0.285251229035850484
0.148393558138816190
0.305417805603580950
0.263317833334122287
0.191130547801102169
0.078819271528458176
0.099110488282303469
0.124641424495851000
0.206553894995620657
0.194568124449303548
0.071457349157188946
0.018048052379898805
0.040732269372240393
0.070975751365776843
0.068510016917098779
0.100429322695596721
0.265176468848850488
0.019667973561980856
0.059961361170180270
0.161784979244487592
0.166391185780562390
0.172491206062362123
0.183694725194059022
0.029125246178816858
0.004016948921593701
0.049999207601983377
0.039430677142528889
0.070372634673542850
0.073583775196567447
0.056059910395797156
0.091335066770301301
0.098698851821403671
0.049435399112528845
0.193523590006484253
0.128747181029664648
0.104078925498727923
0.093082067601312268
0.141731156417550241
0.116414746072680098
0.069608598781102246
0.104076286748741850
0.202813211344860744
0.107602151660471837
0.084400826867370188
0.152470020164908016
0.116508745216949622
0.250073261629068344
0.110763499884713915
0.120888725219527399
0.175358816481646917
0.271047017381726763
0.225558701688500202
0.187700473520408251
0.132698540974276136
0.185367972342905141
0.181122534304192284
0.251202031425784456
0.164176571364038321
0.129508136582024147
0.085795880333653943
0.098702269950404736
0.176509386204167451
0.070476693261813037
0.078472389028592993
0.234513167100778769
0.010409560973036002
0.106758737416827260
0.094530344131833505
0.133341583871422920
0.147140187401758105
0.227657280183099359
0.021540760733955819
0.043618095138970372
0.093857458992347459
0.030711836467237921
0.035095514043859292
0.084046298563150740
0.032304894731807809
0.059155547105763207
0.089718075817228848
0.082290525278837304
0.100081098281945072
0.090983952215575550
0.203339447748060814
0.071472571818024050
0.136541689496762819
0.168361114306202514
0.087183738856824344
0.204504570854651513
0.221837427774340845
0.134136007063438478
0.248265705948053889
0.239604727572073073
0.071248013917459552
0.181122187911623295
0.085172489331609799
0.076744610030692259
0.113010744316079326
0.124982997766907078
0.182144730127238696
0.151015262428885494
0.067353604821823149
0.099910310515251205
0.141751020595686950
0.171505355321119685
0.128857146559452157
0.262454678631509730
0.055610043055614053
0.106483721745720850
0.190374022028891310
0.092448898360705759
0.109383284769568545
0.057438351702152522
0.025570229796644979
0.105323286012637324
0.099030191248890800
0.142155683178754322
0.180958051789543550
0.137333708117576364
0.038244505427634967
0.096602615204991527
0.052432973542125928
0.040300071319362155
0.091593317646651365
0.059554199688420385
0.010525832021306679
0.139000383105544439
0.134059913469653291
0.103373907066912782
0.215736714385674710
0.139558158032952684
0.033591997872482314
0.026217279871846910
0.097531369038554777
0.097811384891416775
0.147682967280930444
0.345341440303352676
0.163536322270267986
0.050232405689345561
0.207120115903625973
0.210060822712228312
0.104071382758849973
0.144170497776616335
0.074954138504571166
0.041918708247016746
0.138859694850526294
0.281088150183528784
0.382676758746583578
0.083576464992824534
0.091691753291706202
0.053352746578594130
0.266201933998736651
0.133994274765652843
0.151646254600076136
0.149468461098840460
0.036976249114962188
0.055041495119781195
0.306193466428080097
0.321955637491150470
0.111564890792949983
0.029805598738135770
0.037901364933116695
0.141750889262821533
0.147915711942524397
0.255866524251607497
0.145397158016917188
0.298848455696831661
0.089567882607787974
0.070449537320150815
0.112043394751347114
0.049869596615025373
0.109682340780627940
0.138893204547083648
0.019932049130633893
0.165739072970250340
0.161314299327839944
0.045998512252468975
0.128011856358978937
0.159514123537959296
0.033238338631792499
0.125151563555727152
0.086103851581116553
0.074383414142347837
0.146211594142870827
0.334304366510983941
0.192768123386551304
0.096668671638358350
0.228552558867148675
0.307983581281992935
0.126715725765689097
0.132529905316524421
0.086637682711805525
0.074439334835356807
0.134445187131875532
0.161928226634738714
0.143477463051293747
0.084599786627829465
0.103550164057155142
0.164970316022102603
0.180949257888099069
0.094292315325665191
0.081284205178426050
0.269187596581228039
0.036180504625954089
0.182449292440527572
0.166530711075070781
0.207478489640473274
0.146457050271222078
0.083516253981216260
0.047536502199093375
0.072440690703297742
0.080742294240151655
0.275832000221954143
0.148249678470522617
0.347168785081131581
0.130099624132221398
0.077883493447343188
0.038295759401375917
0.020645149126495697
0.072955784956364983
0.090924619320057715
0.004132974962856504
0.173483785900784865
0.088913858984305760
0.061010490770377505
0.030387065358315601
0.037474480602822234
0.072818532814287684
0.155604648108408877
0.112906998892560340
0.062077892283913819
0.121860393113334006
0.117170622975759836
0.075498561820855126
0.096959351363458457
0.098865767526459813
0.141711289778242960
0.099473095791024146
0.078986592152395868
0.035775058200077189
0.033522666330966018
0.071604892489750938
0.096548210728695488
0.140527653589497814
0.056075679238464002
0.119686543375552942
0.059464862166595391
0.052195563466943817
0.060908061932208199
0.135829142197762792
0.152041600596166504
0.159880944874410957
0.073845100968959104
0.184006670035605363
0.343444219911682225
0.321887572643042352
0.123236839315230468
0.108033118294529829
0.063947447503731256
0.240565842396393698
0.247682614945144763
0.307883480501065510
0.189624686589937974
0.093029915584643977
0.068803610195056389
0.045399113151059024
0.076170530545487586
0.307464391513176061
0.216337556392146912
0.016657537809760752
0.042036869993270026
0.075131594005976479
0.080434031763848293
0.086708957212261989
0.045064283929979007
0.052918219781858573
0.035046845876180586
0.053985441020600891
0.047267059544701603
0.111917093719074545
0.227810913374840274
0.084436975121168573
0.091064672542702771
0.188418700502197667
0.224387320073204999
0.169197406446845999
0.193364084652353996
0.067738546138868705
0.054968247705225549
0.141802283659231698
0.152038395048119279
0.128521737416067983
0.080237393112251670
0.025954002763820941
0.145585543367484915
0.103412323576623263
0.046988427746621972
0.126610417953291088
0.238570938384768810
0.174103079389278326
0.058614610308556511
0.077128047641998210
0.143023881297350441
0.300426212992702391
0.170065545704709942
0.246630173717124646
0.026503852231313532
0.138901828463824623
0.124712570540736561
0.390860595626149498
0.321382577605421882
0.063763117078006318
0.400000000000000022
0.400000000000000022
0.400000000000000022
0.400000000000000022
0.400000000000000022
0.400000000000000022
0.201990605455907635
0.111504646057543941
0.262032899928539342
0.133653488933109382
0.067786090827527276
0.147931595025684565
0.199422430409281648
0.159466069637302671
0.150553839910582132
0.147990351016973998
0.193867167316116723
0.153569473154663350
0.110161456263096952
0.149218855515457410
0.256856476732302941
0.400000000000000022
0.381628932215346217
0.306562669648707820
0.069951689537677358
0.095778859511280290
0.286753788480910932
0.400000000000000022
0.370941697427389028
0.284274687683894300
0.118351336393859752
0.189663794942475816
0.400000000000000022
0.400000000000000022
0.400000000000000022
0.400000000000000022
0.205355173640477562
0.204356104775398117
0.386565516216362925
0.400000000000000022
0.395853961662822273
0.400000000000000022
0.116845030181782716
0.293712343159518274
0.242296592622371687
0.318307003809781552
0.160808180151674751
0.212267259000260694
0.082020600194540216
0.074987621767224288
0.261514584309330722
0.086380154064272338
0.311076418096494001
0.267891583026089564
0.178703774563393453
0.111055170014633525
0.202842151346770611
0.189670715579271926
0.089948642400191708
0.264429304547672661
0.344362412232574799
0.259054823950737423
0.275179688934986955
0.195344679245473218
0.163572356796047091
0.173225111194701298
0.297759670295352330
0.241623407372803467
0.188081794986400458
0.371336109749325183
0.396802754508287170
0.353945529358313027
0.213719909262836488
0.233127050589968438
0.180015351709196081
0.375286564488544139
0.400000000000000022
0.400000000000000022
0.195628766769168710
0.184157984854825429
0.377888959539305236
0.400000000000000022
0.349547886995685064
0.275861761992657828
0.095171889712350438
0.155783936359476655
0.199947713074122929
0.240250212175089073
0.372175812439413223
0.294610503755456943
0.161148862901816708
0.293882776633494602
0.139892174092241472
0.134458907024985419
0.075516146821391489
0.059661140957432794
0.130430000992052486
0.094571708061422260
0.171245612419486326
0.121865633514206373
0.185649079988618071
0.246956769931193310
0.170894963192545074
0.187348118450551326
0.306023688782419478
0.330369891544013305
0.223175320918452547
0.309840216464859264
0.321915111252026431
0.287798602302732909
0.258876766074341069
0.146838576037903901
0.140686429892625919
0.186602957209248049
0.124726014218190254
0.116421052463067970
0.297824685723508009
0.099005569916272476
0.400000000000000022
0.400000000000000022
0.318587291685751006
0.280032473762877931
0.400000000000000022
0.368743144195669059
0.365139779347878890
0.400000000000000022
0.225976948379408182
0.324741898261464323
0.331722802754119583
0.375092548149582872
0.131627196387317402
0.110426986725918261
0.100728156364154886
0.141552553922121543
0.141863637688076555
0.125056603209494799
0.298435520419069511
0.237611330448049940
0.076300041612924779
0.192501344966970633
0.267475120623548113
0.234822275378165607
0.203916749923165636
0.137057677551045282
0.032793378883685477
0.109838773696375236
0.177147760719684577
0.103888834808784108
0.232932279040290818
0.132872894438440858
0.101641219915665881
0.146456001877634245
0.192465452023367900
0.228849053305057754
0.243469390304609956
0.160308708174110776
0.119533758957286046
0.278406894773860436
0.287725370572405881
0.123809487609697622
0.149368215925424958
0.235871241701181872
0.158578801964461336
0.216370340811534584
0.219888422497552166
0.147297453712862902
0.260832062144562671
0.330741163649247549
0.133327007685402454
0.281653450281291629
0.400000000000000022
0.295649439460187125
0.222345231152897088
0.297361631183380049
0.319363240696683537
0.297878250825036217
0.328172817018457297
0.394195420089069715
0.253377787600495841
0.184889072325428283
0.165271551188812760
0.197918247511512130
0.111030808014004168
0.096953760623424201
0.280971529525583408
0.207749797331797853
0.119258593297495025
0.121632862101475989
0.217981758082121613
0.214874885646407388
0.283073879544995521
0.270511142431880902
0.400000000000000022
0.138792263911320268
0.169585048679530365
0.078422065723380147
0.229813593514500702
0.078233326053447155
0.400000000000000022
0.217340338859255744
0.266194188999786141
0.151704104079771029
0.317138451121070530
0.264536407836300003
0.400000000000000022
0.301489898993750671
0.297608900730030490
0.155696396861353503
0.279124298574418395
0.305351364312485607
0.400000000000000022
0.302939498375960903
0.343495250240546612
0.186144602441861262
0.184745184410178148
0.344800899355934831
0.400000000000000022
0.215723045014321518
0.239063107583618900
0.300652604990311489
0.257732295912147191
0.150323912516658581
0.400000000000000022
0.292010768184150615
0.252895638398177469
0.154345692005149221
0.294614330656383094
0.094528313903451275
0.400000000000000022
0.265666711332407324
0.178058896667034672
0.124459107670564978
0.069435270831925383
0.094150073198210837
0.400000000000000022
0.163048843309472391
0.264093740794365872
0.246527748475689007
0.199738407804986723
0.400000000000000022
0.361170493982663210
0.120589456448388366
0.106300201824747836
0.099604234826456223
0.143481003340714869
0.041262810576649891
0.400000000000000022
0.259070691202132719
0.208849888311763765
0.243072579311311793
0.273998491913685027
0.069035864525370375
0.400000000000000022
0.180239459791697781
0.286716251704119296
0.242574646290253881
0.371023004924953437
0.271302471522879063
0.194888183018218225
0.291596211056349641
0.280341500749012928
0.129387392367574461
0.177465570321008403
0.325969588677682165
0.331337096898990713
0.274387345942541494
0.358254307587518639
0.400000000000000022
0.314857110006162622
0.268391674485384424
0.320306084293323856
0.315017723074467682
0.180709669523554495
0.179259307644204252
0.331903161842830419
0.145791042241548791
0.380556874541814638
0.319603640899340680
0.345907687930862129
0.116132506856414727
0.214052960990408742
0.400000000000000022
0.314888347575416505
0.198379355635258575
0.355396474706945020
0.166196356082595725
0.380758731856895127
0.400000000000000022
0.130208859307778008
0.214500660125051146
0.101322379199607515
0.128395360171345674
0.233855383492647728
0.044594625114713578
0.226200909142225459
0.302984379833055595
0.244237439353771124
0.183511728737737106
0.311129565085045023
0.099082682391965965
0.189528114830281647
0.248547584204853234
0.268969759626557836
0.245037048548698122
0.400000000000000022
0.400000000000000022
0.115479883563418359
0.291091390608760214
0.392740306038157350
0.343263557540317787
0.147512015695685311
0.282226558110237780
0.082151087954837790
0.173177452052936054
0.242232334454309195
0.216082119126227185
0.224400341536744263
0.172938666292046905
0.164970316022102603
0.254702232894457203
0.168103311029566799
0.105581854350763393
0.400000000000000022
0.175945904827227551
0.182449292440527572
0.209421153700350249
0.261377284021318823
0.166320682398580610
0.170022434226614755
0.316463706663985322
0.078552610669863465
0.149130965385550485
0.347269066918302172
0.201961948263791213
0.376122862936271840
0.400000000000000022
0.147622229059388654
0.096498559488179092
0.077874474892278722
0.091730306291257835
0.109861000880176141
0.009387649594155075
0.221945667124155754
0.253984791343450311
0.203833949090027333
0.076522015003497326
0.231464494705705154
0.160401188450657373
0.172639579394333831
0.235070382452807591
0.209196629821158026
0.201126217832768073
0.400000000000000022
0.400000000000000022
0.111501904559492576
0.264638831472298941
0.381438846504633666
0.400000000000000022
0.136160023795132090
0.246318149252264029
0.066313655916300313
0.139254639750524850
0.230318829526771629
0.400000000000000022
0.133957398144073786
0.222169108602389198
0.101632327185192550
0.124073244718155562
0.078378223558864993
0.164424607087526209
0.342068277883801397
0.384367341285553332
0.116672022995364513
0.291903725989512475
0.368457687694745406
0.344262411975468252
0.165021872826788818
0.242502014995014503
0.078375732418994815
0.283469976264644985
0.299465327744298682
0.348791875941193819
0.200914474910558527
0.137170069413911938
0.091357101405382127
0.050441023928654821
0.130286120791872767
0.356602286204025343
0.222210586118503556
0.046948194520138292
0.098801353321616603
0.111466765729274914
0.201437757041915411
0.197230996416767501
0.226938230454699186
0.144620542778450961
0.069478442939779131
0.108013465133599454
0.175396990552005416
0.271883206455677540
0.362696261412108312
0.227500602842672872
0.120468411932424455
0.274476941007900876
0.342417864190622367
0.383034367687685284
0.314701616451475374
0.229334821019523960
0.076704889703748919
0.232593972797680265
0.197197583469207627
0.259760938526990559
0.203635129611425325
0.125509940466634190
0.169495201751132613
0.168575172609087887
0.275261668850147689
0.223328630189387423
0.386898706811396487
0.400000000000000022
0.098511837358394097
0.178620308185702070
0.373693932650933147
0.394937222416440581
0.301089103913276146
0.400000000000000022
0.031198225043392369
0.188338558683000229
0.182950561695175928
0.400000000000000022
0.335571870958874807
0.114443641388373610
0.210199489940376377
0.173421164505826703
0.214879981008184867
0.201266581205046063
0.254449865872326875
0.154016333658081539
0.279789829141743773
0.366149869885137702
0.385230238324548280
0.252581602894526913
0.269087132751061386
0.253968109493185379
0.279173531407359732
0.297204459962671863
0.186323496572044778
0.134406337785946850
0.261689747301262099
0.294550181977398962
0.216225701221675282
0.294565510183850188
0.250006670503059469
0.288324073088553900
0.272853750529136574
0.362346934257768760
0.220998168006780737
0.281011920870797627
0.286611898063180937
0.340261867140633334
0.285587920667891071
0.286130295842723203
0.270759130883996835
0.355406779837253661
0.292606723547814696
0.320630476989160307
0.349191727196854207
0.305666727271530048
0.241839680651679739
0.356223311381268171
0.311224873470723085
0.274246291414512733
0.260558614197592409
0.362641200742845560
0.187709692164242714
0.346610699049216375
0.298245956193945005
0.264536465436851276
0.221889099374743270
0.272831848276404110
0.210363017180370065
0.151495295568795818
0.214556550929792034
0.188255323066609137
0.279240418514813016
0.173091332272255871
0.238638041353904762
0.167363361084463480
0.322022084792903618
0.331490636889137436
0.329628763043708084
0.239683723794924863
0.245357765834838704
0.151372037146605465
0.228578390799948405
0.161071548373970613
0.265827256599404205
0.262254129480322506
0.184156753620169034
0.171953627947309978
0.340046032708154866
0.316946374383724805
0.262102297065625156
0.293092440230936446
0.189718803170200762
0.163456609686082055
0.379318772302379814
0.399776926975657199
0.305514080162332669
0.254342264821798114
0.229680153554632588
0.184111955062521065
0.365418965341865187
0.392701839788075213
0.419012623459068256
0.281274396209472255
0.199453806869717420
0.152822634301551019
0.356711343435773598
0.326538255907333208
0.349810002386048480
0.357435499519713706
0.156804917308132896
0.128682908268848317
0.289979362449872380
0.338573410385076379
0.355429154396783076
0.271762418449240983
0.205876187034217450
0.146701211684334865
0.178056600454085029
0.169618191369642013
0.210632898793126244
0.129193983805998946
0.243752989271250553
0.171156715154850980
0.150819992595154051
0.141746773657471292
0.165226847022144546
0.124883484856002078
0.301520680348507208
0.371191004329760932
0.341516745646597009
0.224953969062695741
0.358831255798963022
0.345247030524227283
0.233401675407744230
0.371909808250094287
0.349966040393780209
0.362028086498271784
0.323661112460448597
0.415290975927003259
0.228781607676971421
0.292545402221169037
0.290326550192088140
0.363810090453693169
0.337212211415745589
0.334313033842390639
0.268333195556021198
0.313088455507548047
0.247493475158506476
0.284621723810514593
0.344259117178641050
0.323808833998031509
0.239455578608338715
0.290514532526290392
0.223136157924397671
0.210319418164828548
0.223662767808687102
0.342143105415614379
0.192889029816749269
0.323093497504072791
0.233619472162568537
0.226644995436579316
0.218733515575762455
0.272699360998911067
0.238887586967007626
0.147603287824130125
0.179132722206906542
0.157276762010000071
0.231580861878408845
0.146470286734781630
0.244030350563117726
0.141439221505947982
0.150529187017765215
0.129780610209685898
0.184985023179458058
0.147172351053288325
0.264863337722593628
0.169667612085823871
0.285481053883814229
0.295231852283681040
0.410322043072757547
0.331131439914409464
0.199509806669144391
0.189420930347717176
0.429332187402939214
0.415118049201705197
0.328033116659071533
0.359066505414095738
0.194331295458025272
0.170774382988144624
0.394887029950092783
0.404347300782095020
0.323395162721179463
0.288436100061974954
0.228537638393035814
0.182114613894423377
0.327521453963979137
0.336078357849803944
0.371954956706495365
0.277967062219569183
0.204127083848050311
0.150951317648705952
0.283542509423159172
0.249358867100178794
0.268384144899291632
0.314309180901979734
0.161159650698207285
0.133424273365188945
0.270304542459109343
0.275423127032322246
0.311336463430872956
0.269238361855922315
