0.004698831600314179
0.030892738140937143
0.063937588574210669
0.024869162006675532
0.048056372340712590
0.052704581360959485
0.019467780643335698
0.123921743042848670
0.202110733732381642
0.080560795275521971
0.083524162862006812
0.038772738070416687
0.055584092026320045
0.099889637313103699
0.106634181927547311
0.099462560519412602
0.038707125191164302
0.046066715938117536
0.016139147653343192
0.116782358559400348
0.297785384072013437
0.352481668799511594
0.231642469516540966
0.053628681995257985
0.001473704230344057
0.068537881308708623
0.172256610288045287
0.136592966448005143
0.053885937614071136
0.030741878319895208
0.003006238981249614
0.039613177201448017
0.032547328412982218
0.074649951253542846
0.087570189562231365
0.101055580862946942
0.021071185455556550
0.196030727771183744
0.300853251950240375
0.400000000000000022
0.155281807250857717
0.057683154553145169
0.008467490900385099
0.283197117901159867
0.400000000000000022
0.375571875715933867
0.104714709888065471
0.066620767628768826
0.005394703466903160
0.068909020275277622
0.091723897728749823
0.002850974186214711
0.080491662633323607
0.028217542958070184
0.017004049910455697
0.057525951057800624
0.155512519421911438
0.343578262753414299
0.384525596214433163
0.085721073389230379
0.096232241348952807
0.022027626192925122
0.126207663862902331
0.263694976072432419
0.122109071896506938
0.054868773557422743
0.017469342610135538
0.120437585552711862
0.083951558481499142
0.117330505580095196
0.062376656319250760
0.073307496259028895
0.025767079849506627
0.120671203452666576
0.049868086925673280
0.020911211231717883
0.067669853529833582
0.033578443595479832
0.001888303553338236
0.017656217910454856
0.032464027433389227
0.060727344767189662
0.045722213141722777
0.061733678189313704
0.002248385022795730
0.006543917485504448
0.131768893675640486
0.367183177093658109
0.156042753054592476
0.015503990650346598
0.004908053140602644
0.019469935228225883
0.313413577478583116
0.331141350012728874
0.069065966096112319
0.026816271075658968
0.037253789895647253
0.044022300001092939
0.050359464155168773
0.020130131657941631
0.122695003194469340
0.029311311527128757
0.035146898962870037
0.096064607195442631
0.223039700321906231
0.131200982950440165
0.363486191585535801
0.051104428586077326
0.080555626889315196
0.033894693390807869
0.131089546284697239
0.066364549498249700
0.084250005899729780
0.097963040576507870
0.004370501301059828
0.081608677573711763
0.049679360300421221
0.053235160043377583
0.049570509060572171
0.045891627483763721
0.006978159332701588
0.090007829691062996
0.032493145351643229
0.023153192568960049
0.062868979350785212
0.059923302397231273
0.008849797068077907
0.023787488111062231
0.021798575523655044
0.054577250509423636
0.154242340464337546
0.064032485616259627
0.043590169998524469
0.021893315760911403
0.076573340552080454
0.222517252496540086
0.319113661096089851
0.048017336801417648
0.013922060378648791
0.006053859947351662
0.033706611813454676
0.060846983299799845
0.048849684039045355
0.029215824129331894
0.059869527886982785
0.039758263721662218
0.085968204628194281
0.019140193449276012
0.189691358533895738
0.053988924220703824
0.074679817137635621
0.029696637140835595
0.084794310373488252
0.151996320142610442
0.172298751922915189
0.061131594647034979
0.176953072990179539
0.026353514629606920
0.074563093936761971
0.092880770070281074
0.040193050983748792
0.051871250112421913
0.070169637481435412
0.071403204981222754
0.044560263649196158
0.046470144676680453
0.313312813633621068
0.080511489638712921
0.101665153254037161
0.172945790594313531
0.016646629329195934
0.309012045635421395
0.191572705536644267
0.043780796595647015
0.051574192459052613
0.025607395213676717
0.029568135469640891
0.400000000000000022
0.176567539059049372
0.020618272707558873
0.050687269291883594
0.001270099858814399
0.125798097377586321
0.190168147452627556
0.280801922196420972
0.030731359308661929
0.032431112943579830
0.007144972971610911
0.017807660028907688
0.033521710966128278
0.111888795712451583
0.031756805698096767
0.400000000000000022
0.083040812260255531
0.071443577243590503
0.084264234860952192
0.337740188125167040
0.104069399101877291
0.400000000000000022
0.043753917257298082
0.251677178286883185
0.400000000000000022
0.380908293001062104
0.128947842514778671
0.350901049730134973
0.037172728043500407
0.034372154141248591
0.396600366742213883
0.239915810159078813
0.087334522187245384
0.370224452869533704
0.027384081953963441
0.034605049478239266
0.284416546227014511
0.355237748450330626
0.047169512676860981
0.237050613754947931
0.117725190895087192
0.000000000000000000
0.400000000000000022
0.299245354044681333
0.093742906645893020
0.342034948274155814
0.048667030000530277
0.020077169071826342
0.381237403437083011
0.281745235771989289
0.115282527501990584
0.350791871946009914
0.012792049035803627
0.085718146197041156
0.160393809881353239
0.293166260274391410
0.091492348913679050
0.232468408175528829
0.013535282428933076
0.028299844642447169
0.060468081763062148
0.226473115634314603
0.040332542586521108
0.383833529057881484
0.054639667142424950
0.072402608336629370
0.119992676191425535
0.400000000000000022
0.142602596032495421
0.387644651850899247
0.038140932746093523
0.103711005277298263
0.172927032668088454
0.341329562922888630
0.098182954783857732
0.184049130674317940
0.064498767943986568
0.035702676899672957
0.258436208507091703
0.289618314901586515
0.067495248802986796
0.102636155558776032
0.016982341666470974
0.020870851836953294
0.400000000000000022
0.325956853927910517
0.046482239587571181
0.207420514466326755
0.037664638263479704
0.025402217336901130
0.400000000000000022
0.361199633743252257
0.056311260160164606
0.239297337605324706
0.041956976612627359
0.071013750692529756
0.138006616779676572
0.248010531413709989
0.102068964303149171
0.162787666404934583
0.020110472264819983
0.014169168252332442
0.031746294783929097
0.290571918777004223
0.056264377292221252
0.158296661576697278
0.009862784089806736
0.008896612669691904
0.026535036098743369
0.225903902827792269
0.026607526004591625
0.161618780883057922
0.044708413766232864
0.022384242154637413
0.043241602063765927
0.266285018985800204
0.136795825566505630
0.090837048164045614
0.024127008900665464
0.019044741974866476
0.181047403463327095
0.240376393589598364
0.082097127282777516
0.033179054779093740
0.104295858005683556
0.118970006225302682
0.398905453581091751
0.352003361016660354
0.096789677293263696
0.016999442118857060
0.016718447896789144
0.033846898319200958
0.164808508476736254
0.392579231222406011
0.143771570610319699
0.050910476207370617
0.177990445192179381
0.026628845178656178
0.080322699249808616
0.064558124978353934
0.066616457935265133
0.070801337875361151
0.031621891635962684
0.025997029485417517
0.148140400900677260
0.070560300819841548
0.021820542784951717
0.037008548688158227
0.036785400838600012
0.019433831816196550
0.138773642732973046
0.135993805934734924
0.088421284513837961
0.019958799084885050
0.034923037454197572
0.012790546542652196
0.086414945988671971
0.093699750321796435
0.045645357241873977
0.020810087336246556
0.050346042913834113
0.129937349642781586
0.068116125044504386
0.168711583541153176
0.157511171223325142
0.002595630458720550
0.041589552467464319
0.098045169958508191
0.148473654898754887
0.077156122155022586
0.121785911485714965
0.054125529832129760
0.163235952227447578
0.165220321806871601
0.083764469684401432
0.198946446517398012
0.060618969517723512
0.027882367396227584
0.055568626570310836
0.121745201359560129
0.118632019605430961
0.266205313228352169
0.043257866986961782
0.014913406054154589
0.249634524458194257
0.069002236162688663
0.010623459242363477
0.059336033454345766
0.054375961446052633
0.014719339486084946
0.097081195325828262
0.057877514997488042
0.189912721779926408
0.140934964480054131
0.035890833067028567
0.058203853230087824
0.024353341104005558
0.051438697600187003
0.205266040514187592
0.188189661645898676
0.112278159508328146
0.015597002437810412
0.030198683021033450
0.018248065347552592
0.056250788234780649
0.073964833369172589
0.072501284205745753
0.050279808299830336
0.131334155017860138
0.400000000000000022
0.172069144881690672
0.150916441275490337
0.109755550278201164
0.035256840992831266
0.085427063730280847
0.370494597153415095
0.202423450969247326
0.033694420968234572
0.090664860228554078
0.109857374537672872
0.262285022156669601
0.183862926474704619
0.389579946344730144
0.331621331597429958
0.099530516549804798
0.056529816728945033
0.104548716356762050
0.134109219172912159
0.119999137344946133
0.096614817220006727
0.063191058276347925
0.011077783882848642
0.011836287983542726
0.074024731966292515
0.023860864567008994
0.039182858567378763
0.060131888135353508
0.010282887105190828
0.032240076974705281
0.048032299130208317
0.399343118460672719
0.340732333189187497
0.061647699637396774
0.032887866443353425
0.058530246843469289
0.032960628800934713
0.400000000000000022
0.336348732067124567
0.100595386575401013
0.018463811409315856
0.029805697307215648
0.015772450275141937
0.135136345676944242
0.070221376083935833
0.042239296988732855
0.045772953958074257
0.271099849257847580
0.400000000000000022
0.349093181969852340
0.114298665082915710
0.085555102009875539
0.035911015721691392
0.181991319776603655
0.304913794094293034
0.155293081047322618
0.040904572030011695
0.034186100410024692
0.014004829636274155
0.119410120899427666
0.150106688996363313
0.228642240705050737
0.224002602683281760
0.044526300299667594
0.015719864936179113
0.075139066341192967
0.149889588461546153
0.172163670255899515
0.057312344539599699
0.039412050543061995
0.061022143493970532
0.152479677516619172
0.193352710533565175
0.033346739580299149
0.034603990241756442
0.044992520231079573
0.006137608932675921
0.054252792138425252
0.070926458659687441
0.268497872845524788
0.237571640685496244
0.033351456202172974
0.003999936451034753
0.043327766182402250
0.050442099835963539
0.255548685538074527
0.179444285883100574
0.046660561837964999
0.022475066697329051
0.041019802729283864
0.030944640698538729
0.030964261885966859
0.019943933964974681
0.017486746090094291
0.033028235255866317
0.158308072561873459
0.400000000000000022
0.400000000000000022
0.163720618010793517
0.019410539474782548
0.043646259526868195
0.223731541100893327
0.207011799456872592
0.141571133937759247
0.030047389534524287
0.078382322574707716
0.041454954333140510
0.129200095765829914
0.300248704959175661
0.183960236452614889
0.054060007875021715
0.110885732805035109
0.011315704625568381
0.091369955292655708
0.307749285053603161
0.349769224937556189
0.036912284094988583
0.082260925251980921
0.018101305195314325
0.113612608897645101
0.315258961687885031
0.124483617272843766
0.022939861218315497
0.033349465493165628
0.003799171820622347
0.097614430261950047
0.161299505959591277
0.051608182323428148
0.081832372374409990
0.060801890562371556
0.030108670285866123
0.186621127957228045
0.208586806614305786
0.043188830537820445
0.023528698318777828
0.056051900826672697
0.002537997521835417
0.088150581779617099
0.055886995547681464
0.016805495474131082
0.017859935174269266
0.044632464435271350
0.074838915657223837
0.278554070141552312
0.206878173631195816
0.374217657187153052
0.062509668020406639
0.005414963063696079
0.345466542997841408
0.400000000000000022
0.208277942061155241
0.099151936829579068
0.034819348231309312
0.015545700157882498
0.296607723105287768
0.204270467632732017
0.117277671969953798
0.148292764609174677
0.055470759143255596
0.059411844291985261
0.023257206844376439
0.050488145760748893
0.166111067420199016
0.151743818354866333
0.030905659449210570
0.074581851617966960
0.030824344181583349
0.089602765193836781
0.171643565351180444
0.082856009447705672
0.050068257021278567
0.028578893013418254
0.037255161863207424
0.126193744954730958
0.310432917498778105
0.096926927208804331
0.033350321982531760
0.004304139643509319
0.046195798360796979
0.143449022145939797
0.291288475831935234
0.040742823899810370
0.003478216798842435
0.013563236068362440
0.005907337016249962
0.022272673992959614
0.018157405774656927
0.013544264244593918
0.019728126960854485
0.010368453192501750
0.041620497660193302
0.223275133960505551
0.229964516568858468
0.283722027536327470
0.049257746504582499
0.012332237370689132
0.118071123015330889
0.337283046543649379
0.268794514588944766
0.170032454505418318
0.080482071445557482
0.015723326037723792
0.178596296151446038
0.253871000358584453
0.178412657028513860
0.129205199722815550
0.058184641464193783
0.026544556258378094
0.077099328196207961
0.211947333559606182
0.128117772721248163
0.059909581939514275
0.026466728789618629
0.029539893035902296
0.236777018858809279
0.233783095880546077
0.251730096693710326
0.094985962020578921
0.043009389725051798
0.030903107770454206
0.099656613699640850
0.206264324579068459
0.308522954179563880
0.080264502151899730
0.054512092055900428
0.030016567466595905
0.043425171843506319
0.139968154503896797
0.070980054732512912
0.034195168930306018
0.006267699699748032
0.004863349460410248
0.018575873606563237
0.009791107751292029
0.023642648293687535
0.056160730678907075
0.034559005668909480
0.008493928902409673
0.078280231241578985
0.219202845020490644
0.056937183530335639
0.281903936989165216
0.175377712862094692
0.031136132678459445
0.071677696280208258
0.266657998457240419
0.072111378450715510
0.145590450839630819
0.112508944004216044
0.059542205939248083
0.144200283127057266
0.189030808552765522
0.149904523787648736
0.119753580988521249
0.117989815040693474
0.084030369257484305
0.343697373696652320
0.256441389727968760
0.049462537291104225
0.070779801464231767
0.032716135037530444
0.071566990037517167
0.389388217531496217
0.317180337027773818
0.177231846100996765
0.202087103379062133
0.092445126717086143
0.085175398748430886
0.203843878850304139
0.291616172765135018
0.147278513954964496
0.047578915953356074
0.135642769294582938
0.053089534088454834
0.248364903187240471
0.296187118985807685
0.070324307016964849
0.022561512075432652
0.065917607057823471
0.057543611808447526
0.065678508057436788
0.015352718491486256
0.014972169632468998
0.055699783587333671
0.055002864371403129
0.032733272507327930
0.082744189791523801
0.068952752716484406
0.016068225121872590
0.070500778085223981
0.058145085938918421
0.002606667578281684
0.018242402972736910
0.108918988362744024
0.138492683719817322
0.111364782407926910
0.056475798190244106
0.012653433188876528
0.252136416393703156
0.091182938329370133
0.099877976922967002
0.087321346624589402
0.050584377124774614
0.031245913618130859
0.400000000000000022
0.239036672737693912
0.046143334079019667
0.019798616034139807
0.040493340145563432
0.051051625915067969
0.341570792990101624
0.316475566315132628
0.128831309357717250
0.065155380965626522
0.131730449208440709
0.067983652445048004
0.400000000000000022
0.374342911667644496
0.086907040180971909
0.024626305830588009
0.089737587203345737
0.070224058608202397
0.361229988402278213
0.205683228166357673
0.021077562514282867
0.003195042443140786
0.029248241509071089
0.050388497731871380
0.060474689681798685
0.011364038738740763
0.001090367652703313
0.019459505474740749
0.036818291830896840
0.023461520467456268
0.035854608934602183
0.070752682957970173
0.039057191439151387
0.028198289644286386
0.042503993866758447
0.039347350734118720
0.016998389032839758
0.140638283357098881
0.164919760200708615
0.071113092111474513
0.022119716620739988
0.063884428467594456
0.181238476718412506
0.131405503940459911
0.054381232133233967
0.036517828383610326
0.029071284664618197
0.070814167869292066
0.221690376913265041
0.114091777565136873
0.107279221463473948
0.017878728625676091
0.048829942040669545
0.053078574468964801
0.065964734340551126
0.114508632143634298
0.100114127473257722
0.060621760828666701
0.132854309474058851
0.079591012970208486
0.211989578705051446
0.127939649551223333
0.026848207956624886
0.027881925820774069
0.097045478342831282
0.057960878506410879
0.203282629180688679
0.214813490105136395
0.035627574089667449
0.004436068696703099
0.022395963072048403
0.070261992903422624
0.048907646304550800
0.098275362586720594
0.021248164810019121
0.074571042971089185
0.111363505412702526
0.082229489769544584
0.040258053899140861
0.020573174753972176
0.038690507292381916
0.012747410706569902
0.025594955416403609
0.081731702715641730
0.010027084365275317
0.096859683327610718
0.161332629492189794
0.125675452920563896
0.025519520099310029
0.047785357038200360
0.039704519099697036
0.119910296413327719
0.120688459066427944
0.098143085345183248
0.054602803366879532
0.050009637066590222
0.077993657981634198
0.179279306772605534
0.209164027112270556
0.237189001413838613
0.250865631711570836
0.027534459856679037
0.013859051912953117
0.049267918964150781
0.110895851788290770
0.120786887389135150
0.122617190599884712
0.057173512784693320
0.004484949325991558
0.027686988511873647
0.023692138966517381
0.045453072563040167
0.111616721941798308
0.058500185606106425
0.349039895480638684
0.391987477115938177
0.049497356510575484
0.023743234453360934
0.028524542436819282
0.050913579000456580
0.205003495003683395
0.347957810635488418
0.031759507134229467
0.080053916366573261
0.090898498551230084
0.076873331469151901
0.036872953352643366
0.016527227025527391
0.033846161103232145
0.009872052483836791
0.073895131055039670
0.105317553246245255
0.032825051176356396
0.087007118328233463
0.072651765482266761
0.047286215228982027
0.106191750000384735
0.075575077135804664
0.102482365823614280
0.060474860617268734
0.064591390711684793
0.113150903788199461
0.107864929275019145
0.046898233065874151
0.072693216486857393
0.143514401093654487
0.189005399718988443
0.333111873766637701
0.332379493636451584
0.033283737143164481
0.005783516965343250
0.048822082036378750
0.104495115445313536
0.039926789765112186
0.073475887714468946
0.071487216502633330
0.008132696480954884
0.013530764832677768
0.020685639720207823
0.020227112160305875
0.029000409781707967
0.097792809885505830
0.017926425963355641
0.209500338738068614
0.218020403384290351
0.263023607041163565
0.291272737076471500
0.044200893072302135
0.044732185014545657
0.353517872785290121
0.229309417755431399
0.082286029085176945
0.048784904055155315
0.056069267048156887
0.050471785558388424
0.290339440725050912
0.400000000000000022
0.366515941128905398
0.162355037423628307
0.138259683370835024
0.055378796365027086
0.305913062819452297
0.400000000000000022
0.235853876322844574
0.124428734892018514
0.072958838480441379
0.069588921662594200
0.219299758212531393
0.256740870923910625
0.328104801224463283
0.262709727874446020
0.090593016237785123
0.031859012589522312
0.191921424900593302
0.357517973017455248
0.400000000000000022
0.288954814056140652
0.093040732538319973
0.062495847724314581
0.221017558825327753
0.323265490391539623
0.169939706028304272
0.088489927855827571
0.075734398550974774
0.009143847913925534
0.093865969339873276
0.103473787072669660
0.343147824099067633
0.299439471679028013
0.134407037065119916
0.025071121906591307
0.239358493953586021
0.331087207813574258
0.400000000000000022
0.303978731379020317
0.104343716391110161
0.030942557597714151
0.301767277621840968
0.400000000000000022
0.386914596499593033
0.124658643853040124
0.084107513718863117
0.038422938722769473
0.227217092837151052
0.400000000000000022
0.400000000000000022
0.244212280644117125
0.047628082432852735
0.060650309437323885
0.281257492158693945
0.362524318878784002
0.400000000000000022
0.389861285438523386
0.164103395963938081
0.137687195682093311
0.151227721958755001
0.377114810566891778
0.397408125177536653
0.176169079771528625
0.165754506362457837
0.028785047235703919
0.211807540845367598
0.338430204594198369
0.400000000000000022
0.099288940414239343
0.155568421511009830
0.043868385044820948
0.234283812350311704
0.332072029188372253
0.145394828504561646
0.090609714748149078
0.066927909088645460
0.005687475373960584
0.115270648172404899
0.193763533392980497
0.112335527090617809
0.127554585516132746
0.122535568751685253
0.032357055308661849
0.193165045442732497
0.304002197645699912
0.394298441443171388
0.179571451373370300
0.071555891477019296
0.007446050662438060
0.107620517007842975
0.334885889919531221
0.337297480699651708
0.086925901270381620
0.071448735510930311
0.112092705552871097
0.305970580248351165
0.257237637786364548
0.383181093939708339
0.185204671214875966
0.034726274590824835
0.360613486944711736
0.400000000000000022
0.400000000000000022
0.230352919780019205
0.377056273246197393
0.066650128743959827
0.354404723626304041
0.238165161023539879
0.248367218254651079
0.214657314107424363
0.139720765042985390
0.157374884868493159
0.027627708145436268
0.132096823334460656
0.215790427720620237
0.204978978398243944
0.080476168509782744
0.120473479101730674
0.037802503514284935
0.179610594884899777
0.204136710702823659
0.106009202016665707
0.112937236372063779
0.088502195410649520
0.046104958931285335
0.149981233065793196
0.317678476940944698
0.151504177718227939
0.187592662446869340
0.068336625259768941
0.089785968359321441
0.165342337906851183
0.337184959247342930
0.263260076396350406
0.320194128312788429
0.061580572869780095
0.019829397394898751
0.028326533940311278
0.051864017588111613
0.074391247544393774
0.068577810999899846
0.039584277321833644
0.101490025547176094
0.263033397682167769
0.315335455318629165
0.302862220985603448
0.238949105038478216
0.066321161591392952
0.192750940152966510
0.353876761346066548
0.353588824962433046
0.322028774648028704
0.252780823368472685
0.076854920684758785
0.340231039420953563
0.280224514988191342
0.252975750965275858
0.222085969793096638
0.098377692447942575
0.078415806370800006
0.147268965677643388
0.283350538540828922
0.172678036370444321
0.106379726616194728
0.322581490311210972
0.110051382674615214
0.330179721448248475
0.349116386291816405
0.268376726022906242
0.397081714474771919
0.234582095261696100
0.074683904366101214
0.151230806158693470
0.231871719792745179
0.318823283277731018
0.400000000000000022
0.231079631114949779
0.050634840174154774
0.094112441135389899
0.141238254362711174
0.196778152110099247
0.224363316382933609
0.287069621896169025
0.035594708769072170
0.051006986550143060
0.016936080722902942
0.041450308322595227
0.089682441645035346
0.146447801381361070
0.040250734600506440
0.400000000000000022
0.288233379090772068
0.128380760773926156
0.363045394086256135
0.400000000000000022
0.135205531780336730
0.400000000000000022
0.310411915714538522
0.323788556737598709
0.400000000000000022
0.400000000000000022
0.188490048454026782
0.400000000000000022
0.226203536596265936
0.184276677928897320
0.400000000000000022
0.331094629151008679
0.171364891444729689
0.400000000000000022
0.283825471681932173
0.084067586769343505
0.355196347691246250
0.366694973867707552
0.118736502714378148
0.400000000000000022
0.360341163872253956
0.177231846100996765
0.400000000000000022
0.330211727965303514
0.178918305394323907
0.400000000000000022
0.323545751180489616
0.167355683026790852
0.399674908751791680
0.331314968435843960
0.168372061590445377
0.400000000000000022
0.304455712719775839
0.156042453214006005
0.182955321956785877
0.313642791079745242
0.149035960722126576
0.283464241869151423
0.028888000920419328
0.043272014274916157
0.116167865350395833
0.253718106984133107
0.073065815093849032
0.400000000000000022
0.123592419858909383
0.088470833458501957
0.190493454276649515
0.400000000000000022
0.145209263610777101
0.395316355836916156
0.147059921108837532
0.242203688997115557
0.284291815076015419
0.363339773688509227
0.110836387972734263
0.378567479702865473
0.155681706273356674
0.135580653822639952
0.345757555131681049
0.322346438796824397
0.098741162421117662
0.400000000000000022
0.256019014404164857
0.067014185915972968
0.400000000000000022
0.340137664876943080
0.097533865502639136
0.400000000000000022
0.330284309523701580
0.154233526694618345
0.400000000000000022
0.400000000000000022
0.124294912605212610
0.400000000000000022
0.389841382897199662
0.157920790873501637
0.162632922610264574
0.303294905027374384
0.172293022911351540
0.400000000000000022
0.225793700431177691
0.035246730766615317
0.034941337227069880
0.299657541647651904
0.106652875024092653
0.218771351258495950
0.021226822828547501
0.009986980322395218
0.045994541573484121
0.244141390164350186
0.050069046472047893
0.197473389817660078
0.115461096724203044
0.061441433593788793
0.071439891708052303
0.308789012852558664
0.176143176300624343
0.107835437196885375
0.164765292257764345
0.183964502175575084
0.252160495574801580
0.262496110210338363
0.145981555750371972
0.214417531497506225
0.235701361946143439
0.173351238358536663
0.400000000000000022
0.362651668876935784
0.167603845162555776
0.238689819032122080
0.130810225461926000
0.141126119782674919
0.182687237102412359
0.400000000000000022
0.196850145079284528
0.116875210547921743
0.292499077335813706
0.126742972651913893
0.140944460078475331
0.197412434452412772
0.146207470905473619
0.282790916580412555
0.159561541187186018
0.052845237442042406
0.176022326721451322
0.167605779162672830
0.079781421291362606
0.240291177868846850
0.251598890943736386
0.055061405905864003
0.143209711429676173
0.158389769006783337
0.158683277417260599
0.068866445389435857
0.133198400040918152
0.034038711352671308
0.160985988959761156
0.201575557791437182
0.127874847011418546
0.061068141235387417
0.070919217667806289
0.168627856935163467
0.080863535751074286
0.194306538957556785
0.239242873938966871
0.012622714823995868
0.138449235795075037
0.259377799450697943
0.274149107819318782
0.102675642254332622
0.169571268523915325
0.093830048931826809
0.283146248640775311
0.285908780873299517
0.181907555029584694
0.253549249884277628
0.110628606584313754
0.105876025377861796
0.234847933342916343
0.316433024224389348
0.355821021019269601
0.381078796934810005
0.070792326843640813
0.028772457967107704
0.298902443422345010
0.179898087950979446
0.131410346631498615
0.181953224054230478
0.111549474230745974
0.019204288812076507
0.124768183837701926
0.081569653964005437
0.235365794342966561
0.252551686421852439
0.094391018673135013
0.371771608172405899
0.396842235198777260
0.100936054110762480
0.229009274967548526
0.216714204082717965
0.163191738508784712
0.220600497441493792
0.357254439402111434
0.050007572481782059
0.136304704601353910
0.164863331920402673
0.149374615674897654
0.087152761652473709
0.147861382043387529
0.400000000000000022
0.181941197365527468
0.224811572330529980
0.215073103524446418
0.068081892169187655
0.172434182058514296
0.400000000000000022
0.249709666198229402
0.139886170968619300
0.166239937364358714
0.212339740361287166
0.310812566176371374
0.248454317186389467
0.400000000000000022
0.371130386236667886
0.146428749615678949
0.129223033215802446
0.248063117450416565
0.313690429313299046
0.400000000000000022
0.366214105771364817
0.096474795419512413
0.016861300848191894
0.060658370019921470
0.178519847411606036
0.063787654332121177
0.112658746281847688
0.131619104637986817
0.018415583586145708
0.045770841807383056
0.068717938850416146
0.400000000000000022
0.349601648542955390
0.159440509522902590
0.050814292406709059
0.268030585581537861
0.250432862119114252
0.400000000000000022
0.400000000000000022
0.144796279647703169
0.063195996423861506
0.362693521365810123
0.245081868030573302
0.217422374762121173
0.119006280139091147
0.098308564036889756
0.197709164162991224
0.211876826467459922
0.258088394120720321
0.270640999851225972
0.333718635123211704
0.096418368510827815
0.227132038141345916
0.325730282171192265
0.341384157346684092
0.327576635805759797
0.347942014602344030
0.097029314518926602
0.359189093527336911
0.345383757247549605
0.201054942817707860
0.341433354592834026
0.328375941762970469
0.102890344270829534
0.252954508653134014
0.283092222323033660
0.169250532601588788
0.333762626582576771
0.423357255804212906
0.094300061287528145
0.244380898274727976
0.370864122597568513
0.160411287635334326
0.258421683572398031
0.307853746539449802
0.087684295920788968
0.232804972310839436
0.223341254507398057
0.108744993556870062
0.275142837965421050
0.355097002496886804
0.096004475314184101
0.286545326447911308
0.214879415012251967
0.158521068439162610
0.340097771293740136
0.442472690658575252
0.096184822850848728
0.076719592356249519
0.119888441023292908
0.120011899704189393
0.153946871673644903
0.095131562747121937
0.041005979799407205
0.163770281926064881
0.155074776162188954
0.256085270599906878
0.239659543745837866
0.244958593942745606
0.186370933816572076
0.189612916260780640
0.244407968976169343
0.385088330075723961
0.311798664751955279
0.237602888846781657
0.177434800260238584
0.244204989530535377
0.218102795283787482
0.352477265438839005
0.361414852262144370
0.191057011943936983
0.155040896303754866
0.190381889230408857
0.171602356841004250
0.327639083517611895
0.351913875854922897
0.256301321191320541
0.151235362831966202
0.165524075807823412
0.205152946187785845
0.313978630214111321
0.264404962991634851
0.155520034685869252
0.159462819987124804
0.164782660960655414
0.150407677510340260
0.219537863669341887
0.281602055574151022
0.166062378430581720
0.138167880193651865
0.210809437850810910
0.241087405721262527
0.204055126699490996
0.311647799476274689
0.222218751180780966
0.138090673157902910
0.088860765560555138
0.127696914308264881
0.119420272892511337
0.144103156685493450
0.093273540496262047
0.041025463029743359
0.218963743870136535
0.329932475202768694
0.298730268785309339
0.301907117430711525
0.337804091108257376
0.092830099548649583
0.225544304541680368
0.312214999785451919
0.372264397998914309
0.382181731634024580
0.350265465523798891
0.093133470390881282
0.302799874756004284
0.253244121262607536
0.229911943580678652
0.409091019663018862
0.387024294779760802
0.106613982453056338
0.260981493805484799
0.291303699650832582
0.191640570378504627
0.369156361837342684
0.425089768544301194
0.101291465517817536
0.258583067142783396
0.369785618768813551
0.164841541882746856
0.258691624457925429
0.278049044631682674
0.085843461033033974
0.240538241388340540
0.258301919523121648
0.132110154554143600
0.310080330398267767
0.416674704782023675
0.092559438945864561
0.284101619400956296
0.347933590762563083
0.178972113577241437
0.331634203774221814
0.443295279888214822
0.096332543253612346
0.177481781594853505
0.205569119486926494
0.169497846403219410
0.235171451282944727
0.333929739330755371
0.108395098125893069
0.170511009761780186
0.186942472446699204
0.322980983782640174
0.302620142486832389
0.276109394045653211
0.189027831971844806
0.185252631761359865
0.241151053229714030
0.365872850594726795
0.335738625298919624
0.283403791602262145
0.180021422415764770
0.221330277920671198
0.179059349489778086
0.259345387044533193
0.394031269755340363
0.248093622784142653
0.194962015090982294
0.203545519839286482
0.183952342393502111
0.336329249326263735
0.392232204482414137
0.286059830472370491
0.152631616825638750
0.189718293753877998
0.224564001145000552
0.312938127665942978
0.269103490451859384
0.155775796750487250
0.137672943143671955
0.171623380779639040
0.158804308255730137
0.244806872538057108
0.316228323167383640
0.201254536884120455
0.168328763956400618
0.190971217379466485
0.237821603302759088
0.332690660933345594
0.339690751258171220
0.214567703842652752
0.138640029555459898
0.118347102674053836
0.217126045582286598
0.192551248826605625
0.218865234701346195
0.165787159088457647
0.155620727091555194
