0.146475179291605528
0.070587895266256404
0.042938322581251007
0.000149946520242257
0.018145319995802028
0.078672886526114330
0.023608351189635515
0.012443521437154340
0.003113831392212705
0.000104420328733542
0.019515186167656167
0.017415196511053554
0.001761795265794397
0.006339557843723417
0.009123475976710286
0.030945838608679631
0.056428928397005182
0.035823346879622651
0.048481065680546886
0.056325309069706328
0.002025915983147850
0.065892762256309606
0.067727997071656845
0.012890187511975874
0.117729200607064405
0.092514852845784770
0.117404137701736910
0.013245007551358564
0.000668567364798085
0.007197478048306549
0.030966529917778790
0.074204183308852464
0.141540137754432138
0.124292275521960621
0.009063348875379327
0.028663392267457264
0.077191212676188989
0.103194683987644170
0.025793147824854520
0.026142265211543069
0.060144176646871356
0.019462308510818760
0.147255188763443817
0.073884332853638837
0.050839492419345010
0.092202192409429923
0.044987786317192399
0.080988348154998752
0.205421236403666774
0.100964537730543188
0.013110472027185778
0.005767180906220977
0.046950502585357330
0.041344320190255961
0.025250105962722830
0.029108905535570176
0.021392437157730364
0.012033474383665756
0.081718763808378531
0.042601397425879366
0.041923104239862966
0.018124113443971121
0.004819350862644853
0.000772772799239171
0.040541534309045862
0.041875018097940017
0.019828791680763593
0.064024578963354742
0.005886486573206534
0.003748891351027505
0.032557536290658655
0.026486158407281444
0.032777457588985703
0.048785221731414551
0.080756673822779998
0.024954849656431879
0.019244281328842535
0.058228305680105216
0.014256479973674708
0.211015734163849805
0.312501508581929155
0.203567619507680930
0.068979240371063039
0.034049600956378032
0.039697001697680923
0.126060530565814316
0.035217906578712294
0.024082203308767786
0.077310793622565724
0.040904890349985012
0.056433014087821892
0.126320152925007478
0.052778717525139726
0.086499968929156984
0.100805050219721720
0.028158063284760310
0.172480604989188463
0.064133751087454213
0.029936993628524106
0.006135296258478033
0.084797819940612182
0.133510620669068464
0.048732306227246183
0.043147001101640339
0.016492139316551604
0.022096323812080813
0.103721832425524116
0.043406547881589409
0.080399088752048264
0.196998952783303316
0.027325114848464012
0.012917986309197920
0.027800959229105467
0.003910047301000436
0.106726122608976584
0.380157206046197405
0.032880240652593123
0.000742389638424923
0.011814375115700619
0.053917459861164835
0.097484479897457010
0.028301134842060521
0.198780990010962055
0.097890137535307786
0.072551611163138019
0.098521582396827637
0.017856017865526010
0.066726463227034377
0.212331900408206681
0.185406477574727557
0.117684320004561860
0.055625608582618412
0.037370342771173383
0.125465817856689782
0.049166006960546259
0.053649211306344952
0.089948016501960368
0.028009713886065331
0.104297243977740511
0.358194353224583151
0.064217448624521917
0.093476826564391935
0.057266471232566118
0.021758285988518360
0.284312769426007694
0.030632542195362003
0.051486972529868183
0.032243106353049902
0.065032727448468899
0.036387415800594479
0.137496590349874909
0.018246003174709716
0.061790811235502514
0.098159147276793257
0.155792745416352685
0.075986393920736389
0.075270319434768265
0.145775130483441484
0.058968110780263219
0.115662360282864377
0.162748830892099572
0.041674780304076703
0.078925374058343573
0.332725688420408339
0.030808672143590361
0.071561215009371765
0.066957797393485619
0.060489881611308582
0.061070323564345080
0.108851457841907584
0.172709479418945849
0.132645224470513967
0.102411312482224084
0.075658404894691569
0.026602438524222352
0.082970875738830122
0.171266900695538682
0.374781129203471175
0.206070905474761396
0.040989849853360433
0.028916460541168046
0.188948502537862384
0.099780566462461556
0.075575337484013766
0.124955197958205366
0.084925778561702303
0.050810725387739349
0.279060646781275956
0.093529080915915663
0.119838789754856373
0.101484742331513389
0.102398475986192547
0.252867522688498769
0.068531204232419568
0.361219656514528475
0.400000000000000022
0.307590088100437697
0.083709141346552524
0.309858699091806411
0.034151222625738518
0.340861186845004882
0.400000000000000022
0.236248346837605455
0.062198060271496311
0.044287315826367218
0.219238128033784258
0.289624364561341552
0.221434509598702117
0.217277095024702077
0.063557304186147634
0.097404493996391256
0.269129767681660192
0.301726481358168042
0.353649871189060716
0.159321317009984670
0.123909081474866858
0.063310947234388210
0.124127536258637483
0.192450735639738468
0.382311474914326654
0.250788360675475663
0.088280863297288972
0.002386888371194347
0.217717294553827906
0.297325160514573861
0.400000000000000022
0.265771073527327262
0.060166036228452804
0.012749812508398455
0.288510521017012800
0.400000000000000022
0.400000000000000022
0.170460581998574778
0.095880384520930673
0.039846736585531298
0.356215241990215814
0.395202614381786277
0.400000000000000022
0.112854332820698955
0.145972781726486756
0.085950450340613188
0.053573957029584542
0.199127778926839416
0.347704036662223159
0.239712285493591193
0.014015502608644415
0.219928630044547213
0.062758900375570970
0.280052420061837837
0.400000000000000022
0.227258775482426290
0.024213919925617677
0.023202272009206246
0.298821209045854574
0.370200344192185948
0.400000000000000022
0.247299260327184328
0.034326052912969598
0.103008435551526917
0.247323321226052134
0.340146228829911634
0.400000000000000022
0.234508873568274850
0.024275678258669397
0.167704153115034171
0.326122808900258243
0.306139794731361548
0.400000000000000022
0.243092615385896660
0.065255337123379678
0.014484127034323998
0.234851111102216292
0.263429934152337064
0.369084857658047771
0.197713160882767552
0.097922984398687477
0.016808569311777450
0.324961682453560274
0.400000000000000022
0.400000000000000022
0.103675714801847743
0.085314392687118698
0.025222454681363332
0.060939075985670471
0.326345137166222043
0.400000000000000022
0.072664438571832940
0.089241308914926487
0.059731807865859431
0.042986376657211299
0.004184459752982629
0.021395068422893501
0.065259618586483159
0.052481147932174038
0.088132059333961621
0.078125185888637580
0.013709485044849203
0.018558846730160734
0.053176493660586049
0.010236552783519771
0.044526850846740226
0.079295131483209866
0.055015357035959569
0.056023521861694202
0.055484128348087094
0.007045470529723518
0.042829269703227583
0.127464678839716128
0.074370653808252085
0.272766914867408006
0.203635331710109724
0.078925582649414239
0.093195113972907417
0.352375352047959667
0.075567253072156920
0.149996659152028450
0.143224546244454604
0.056908424224705205
0.021329447927958455
0.038371839662035070
0.059519025057361730
0.037311333683411253
0.089230789693782481
0.041902531751005542
0.025102341749243123
0.219790784667302119
0.082317974297699006
0.047688984983389582
0.111577271930661220
0.091546606186184099
0.008252008970528885
0.095861423705153215
0.047224935657648334
0.150624463736002329
0.081961019827522380
0.014790596651179065
0.057389150718895193
0.034956923910802712
0.002862760133200404
0.009460973609309652
0.053951043446262399
0.016382774954535790
0.289389217923871012
0.286433664023996282
0.015633281554145902
0.007484000493761137
0.039101718923353221
0.007954089636156073
0.114017279260230545
0.139351132271360895
0.032204680166562832
0.026007029153543096
0.025947282265144714
0.009073697009045150
0.058846958857239125
0.028576349907196451
0.023990095604633270
0.012337447571918691
0.019330634499330347
0.018658519222548853
0.030179786579221587
0.203732559922926354
0.127842424804705868
0.034245470800445113
0.029478634925850514
0.035476025638047880
0.030602508984177702
0.023010202272422665
0.032177399166815154
0.008443445471802362
0.026977545146894242
0.030142967060167003
0.051915767367914797
0.009551911817625349
0.020529704686325364
0.012491476838457572
0.012384027266299703
0.025492583977541190
0.004236345659855357
0.033075414418893417
0.055669205917096239
0.227989939905623606
0.087864748916337942
0.048962139696719122
0.053659339139345549
0.048402451030058781
0.002906635960893463
0.006365695726172563
0.025574165455056419
0.005064715595795617
0.275941992262703550
0.306954727436029140
0.010045377500130606
0.011761634161164755
0.046331025161232456
0.036131221734742480
0.111243228786517684
0.145156229175018303
0.031547625440564241
0.020850730225213804
0.048355737175134653
0.050855226685980387
0.114791818013118524
0.037367864542075260
0.044111181360659300
0.007857171903176025
0.000522459016484717
0.003271169252689233
0.020449971982221506
0.158990970449480573
0.297277669438544168
0.134080551151696509
0.022181177067787328
0.053620886414001728
0.014983362436178609
0.118631542814059882
0.142706565799056967
0.077291683556916888
0.059265516089163896
0.022421022044199594
0.025348566776809016
0.014613862114186995
0.024797621658321271
0.005223165050374684
0.020410801294678475
0.047612067517169683
0.085201134473927964
0.069175960574701975
0.037677170997582429
0.114262765216237419
0.054490525375414905
0.051105727157875681
0.012250034926447682
0.022192617321189670
0.010199242327140111
0.000270759403646712
0.038809363102443387
0.031320244679678373
0.269621301684010162
0.199686650014165162
0.010077093686974497
0.003439999081831038
0.032990592875545968
0.026829564989719869
0.206150252656524480
0.082493100248521439
0.002318034555248694
0.004638736553051811
0.025325127782528239
0.057027023284160330
0.224611761502809121
0.045461464861891503
0.019951046350563568
0.006741895021413237
0.020231682789818881
0.044788124447361251
0.017313712130091280
0.317304703602543647
0.154024271737493806
0.040313129094594703
0.016392120601609519
0.017273917352440018
0.016112612896496268
0.055742734852809388
0.100267052531743117
0.072281465759146707
0.031947743785548752
0.003118933867269796
0.014997819082498125
0.006034026595995235
0.005073878896025505
0.005229937473301164
0.030358780327600626
0.013143128599589479
0.163113077640920978
0.152323902917551157
0.046131195085949761
0.016996538829048551
0.012458625235990032
0.010534170327412664
0.020515098480007037
0.014312503371505990
0.007404789974718913
0.000013942526691070
0.035518901786995190
0.066658006565150432
0.266912570236026658
0.116425135050038528
0.015836069123656059
0.001053218249989142
0.052407421135198522
0.058163137138420543
0.167427704898488766
0.075324231313124879
0.018429277756942551
0.002614756634699614
0.058923316623464832
0.017105403839646528
0.175032527704067770
0.076975983629074193
0.036598497506800241
0.001505353061574430
0.023559073651870065
0.027213598567191646
0.036847833263123603
0.125512124467935027
0.167179313993627982
0.169345682528106389
0.018436401724186431
0.017349951635080116
0.066288682149752171
0.068712029630659491
0.053089334190188381
0.146760286631295533
0.022483783363012041
0.017530457550554528
0.105443108929513057
0.051017035291035566
0.006945509508235462
0.009282243018100721
0.065320505537966839
0.003116338813607156
0.168199293211005518
0.098851372392531361
0.094241309916223814
0.107923813528173221
0.058908351520592941
0.018155603865580551
0.019912995714112043
0.042994170864292948
0.011074973609760806
0.000030480964750112
0.068708128485687012
0.119377437587355806
0.040226961448181039
0.072592167108808170
0.013428250043278186
0.000436592665120424
0.043550562980342988
0.067689115831741614
0.290082880170415225
0.067061492028297504
0.009678945121376813
0.000885503594202032
0.029978655990037219
0.058232546631839521
0.178581591580210197
0.168905290225330795
0.034136631781412477
0.001281844285858850
0.050153097679810701
0.042491898550268747
0.029976126448851760
0.400000000000000022
0.218661273950842561
0.081943071142288174
0.060310401133580688
0.034858188137416382
0.260990565668643426
0.119663019370750412
0.074140799099174579
0.076099259046795903
0.056723763107137046
0.042253521731773054
0.121090276466314789
0.094404295582908831
0.055921551679188872
0.021577301554150826
0.070433857945134917
0.048436357945375361
0.111388455247363127
0.129107576758039300
0.062246519467023753
0.124454331003108237
0.045086789536934853
0.017455602906832429
0.034080296518001103
0.156394852874603280
0.066314181128401983
0.000068157509201026
0.026645569225913539
0.053569608306392395
0.109709846505997383
0.095239665992542161
0.035836717669178911
0.009439736093449679
0.045593034876683668
0.100807739968525420
0.400000000000000022
0.084604096596249276
0.011919022971679689
0.014424322220758698
0.078137545947527948
0.095548864475032344
0.318503391332645991
0.063277680809335934
0.029084723580775757
0.001378844977008838
0.123516265907831879
0.130085164682765708
0.121313565662675343
0.040798128351400509
0.034794528886717371
0.052648609178907436
0.092592660247609260
0.025933806779724941
0.268131815154975806
0.133345004518017007
0.058449414019620352
0.031730935099914384
0.050451316442754086
0.044252469723116576
0.152514274474075590
0.130771793854035701
0.078392580529828615
0.027673365675499134
0.246248160666646065
0.121568895257135823
0.135576176183126673
0.128463968454275324
0.061941032322617981
0.042050610984889894
0.070679114359289752
0.036215009050657290
0.041427025037488477
0.293472400191881644
0.126426604102282819
0.400000000000000022
0.160953403520309068
0.400000000000000022
0.308656779733833764
0.366784423560315265
0.163207785670986094
0.400000000000000022
0.145284076418667363
0.400000000000000022
0.324328898674455579
0.339965772018670953
0.123052639280650813
0.400000000000000022
0.085201718718082201
0.400000000000000022
0.297602921596066605
0.208837075112226989
0.122586771489166108
0.400000000000000022
0.148747746571491285
0.400000000000000022
0.184168161848529799
0.119808882895740959
0.051074789438534191
0.238181101732354294
0.094817239152822252
0.400000000000000022
0.171504552518579906
0.143559296306886908
0.010462779378235794
0.061579992726456305
0.068333079950847350
0.400000000000000022
0.186901323182167206
0.132384439178150681
0.047380216454214807
0.165719062990657029
0.064685285150409166
0.400000000000000022
0.131618719891723801
0.195971378475869873
0.127659240169620353
0.070208546333330124
0.118661597999051946
0.400000000000000022
0.056927226936756704
0.158648530745268301
0.058613677318275624
0.400000000000000022
0.142252842064893303
0.400000000000000022
0.136518525449349920
0.264020004743083181
0.081506629685970527
0.394096520616943669
0.137864108572610111
0.400000000000000022
0.352047412899896439
0.201589826011195933
0.099817003577705440
0.253988878520291506
0.115203374231760663
0.400000000000000022
0.115047405055918137
0.143238832889405809
0.095492698353756261
0.247092486975732328
0.062016831223329620
0.400000000000000022
0.175158192519212635
0.123566844977893081
0.057624918970110323
0.400000000000000022
0.074604512392372382
0.400000000000000022
0.209213980429766966
0.128219178216698926
0.037663574324482030
0.065319806142594944
0.083175293054194299
0.400000000000000022
0.242743813939258146
0.158445639749812628
0.059211773474672241
0.152313019393411103
0.054075338069219131
0.393027334206630052
0.035691646281529300
0.120036822519522024
0.067414145973594200
0.051765531491840211
0.082059456897948552
0.198344587374584880
0.028991366783686696
0.275313600779556078
0.075342862040626443
0.002208112808377670
0.053430036791494009
0.088406339729079242
0.074593652374686681
0.148974609923330503
0.038157987102132668
0.001373958136893498
0.075831423876235149
0.083271532319660529
0.144369521378496707
0.076719211167561599
0.037701259653736163
0.014743211257587848
0.041925415896276463
0.126022227551389809
0.077136526521698209
0.143649494839964254
0.076795391571689922
0.041327126717338479
0.049996328408361795
0.093175962921300259
0.204872783709659667
0.187373059335705638
0.069837048850728375
0.006570235542623728
0.067103049970011625
0.039889082076583093
0.191674844154792079
0.086741286088262079
0.046227367213322400
0.099151428007890438
0.065618757369335340
0.043221775209095731
0.164047762652603596
0.136878822276647466
0.110539764475984237
0.064817303424762093
0.080206869765572203
0.056632644500029541
0.045606156655415120
0.064876065762768387
0.034768678637244720
0.020540721389936185
0.041855017819862644
0.082242813845207485
0.065282826241744016
0.116680193668271454
0.014611514347903264
0.002436798415463799
0.042997519402527884
0.065974488550956528
0.071411548564220689
0.039123610794980709
0.019068880061889205
0.000427847809532683
0.042103410660001880
0.051199651033136041
0.045541130963896892
0.006966003925114379
0.000430310863543265
0.002766709733861121
0.041055583494963875
0.048563606357349506
0.059381387406781699
0.063906359334416171
0.015078472293226428
0.038772252311224172
0.054876422888796086
0.027523182335607046
0.099968951048337654
0.189511766677338350
0.074742366441352293
0.000716997503178617
0.034292409565402956
0.027535645754221287
0.120756947232708203
0.088831058462760459
0.052306112656799103
0.098255723199916142
0.045188543401683795
0.050607180021893121
0.186079717793071975
0.077091952590125662
0.024109007149482206
0.042711312357298865
0.065623986021893566
0.032723795355863033
0.083077707213922714
0.026309071658032097
0.004996071928570621
0.032358498998768317
0.052797182653210858
0.028998302427400729
0.159950504270708616
0.121972583906368268
0.050693870078757870
0.000188224110329439
0.021250686824428090
0.087729779319044396
0.024864947763905753
0.020815585470207232
0.012276021302180855
0.002053572214619621
0.028163996481194213
0.036798198971943072
0.397045326091563955
0.003244441186231158
0.001426326436879548
0.015883595864531374
0.036253343570616839
0.082031425736474484
0.091333368951658542
0.063309253922230524
0.008329224981175840
0.021284157436042700
0.048975807879200112
0.059225417404189351
0.130096298167398400
0.116623550881923554
0.054329904291417444
0.010707667174535042
0.049526655035609560
0.052735990733157399
0.142154943779368104
0.174558640868712200
0.096676516861381095
0.215486444650784426
0.049076062611376994
0.059403681934950603
0.143404273349894917
0.132838679852797015
0.020433330865619465
0.035983368678483910
0.024450025721520833
0.025864357447865010
0.130637338052338625
0.034953335612611075
0.008772566268886568
0.035196653587364915
0.056722836077279966
0.024821881456289632
0.158725214218053218
0.092780512587446073
0.053137564908391118
0.000420705923888969
0.056954683098245418
0.109993131205792710
0.292266974723585649
0.212130171451319516
0.013190925079187203
0.003544419410564580
0.052505779043202146
0.044244761500773430
0.207912047922318849
0.088832658092244859
0.011441510531958981
0.035584575161731441
0.081754056179533421
0.092850370163782989
0.273092827183355980
0.101786773931597824
0.021976962333711419
0.072634657277722850
0.087959679861475723
0.057678311959337127
0.135042912737155685
0.367678474357400420
0.271027260356207056
0.053558136645953262
0.017060687966407601
0.024471395400746564
0.047079142814275055
0.129946918161661873
0.241807190286175228
0.196573741281107328
0.041011092660928075
0.031782326134727062
0.092189031758687118
0.109228710583639393
0.030867026720880021
0.031372202684844232
0.090502956974471971
0.032605437110408239
0.292710213353948201
0.226208235771189980
0.096970687505294764
0.109198731238478494
0.057446411553182433
0.091522518482411427
0.225936334883673762
0.115277041102049199
0.020515262001904691
0.005781123432912047
0.082469404372352520
0.108002326755406386
0.291567371612602544
0.145534040585608732
0.037228506281386423
0.013086692633654898
0.134126184943577059
0.100764534564299901
0.209350809138351746
0.093448344757095986
0.023248628619587406
0.003387529433938785
0.099464850932510701
0.058980421937586534
0.194861319384831366
0.141000562592428907
0.042484984080006775
0.005254244412601935
0.056116609942528713
0.053699756974473087
0.069625290852109278
0.174297346199349557
0.247935987816407966
0.194300532184538272
0.037680683053028963
0.075578257315185318
0.080545162123426883
0.279727763794509310
0.330387040792875952
0.349447128466751744
0.091463023734075083
0.051580058506932563
0.145140110627193952
0.177077565856849861
0.042163416086947757
0.033364446326868503
0.142631299160532549
0.044021229163592163
0.224632307298827383
0.225171525317538868
0.147020027441363527
0.194423782457330246
0.159713401740314676
0.046313667150340854
0.192393600703300499
0.107127921951747154
0.041011967238284916
0.006165777223228145
0.153505948426299221
0.252888058256424242
0.088959267675427223
0.115739168210448509
0.029920389359829790
0.022532916477201240
0.147272395405867118
0.111095663713331017
0.370481968922463434
0.264060444811600847
0.037004059969840825
0.013803489903399952
0.057779615219142683
0.062142593932839961
0.285307714189186767
0.400000000000000022
0.067016872434005600
0.002024233924283773
0.061967472795511305
0.096409358411433596
0.127460606346308791
0.400000000000000022
0.328400661215847989
0.179833208677595946
0.132862012296718707
0.133379770534244019
0.278846583534169468
0.186389482597784761
0.285998226534324329
0.261505736621523432
0.174408083111698919
0.097879130314391466
0.158460619237488165
0.219870113439598586
0.105087558639735137
0.075226512860495781
0.160381874447095285
0.076446071831440685
0.215685699225103666
0.399117501510151906
0.126463968091545670
0.217931157567500172
0.102353260769500964
0.039213888895350796
0.305458718470703439
0.187027395069965297
0.117801153658270180
0.032311263862250930
0.091678296674382431
0.089957024106986860
0.247206436855872236
0.113485669167251862
0.097627528904681418
0.107598883370242940
0.201385780293036387
0.176794133889261795
0.400000000000000022
0.230379227079690774
0.070887133751942902
0.130086682503623069
0.240886376839627547
0.137223644779109033
0.385333330051933043
0.364748507024838298
0.059893395724366111
0.072940059986380604
0.190474063301317498
0.190575046294074263
0.182383889227020451
0.149649586193308093
0.207504008305663207
0.185293833649421369
0.195003972729833386
0.101592211674416510
0.294734253679198144
0.216315880256847143
0.229716314715159020
0.388369409378293839
0.256522221917515503
0.085242319576477002
0.181430735015243622
0.305672781104559088
0.178173146992290199
0.103248703159512900
0.359846607519540229
0.206494673818838126
0.186386901570866015
0.356400687629026325
0.155470113238533658
0.161889400739746253
0.172163856690803141
0.138613485036849837
0.282602211429072159
0.335461434669252601
0.393217327165562680
0.400000000000000022
0.371477966593980025
0.400000000000000022
0.400000000000000022
0.379468699597778181
0.382035588325841169
0.400000000000000022
0.338976862029621628
0.400000000000000022
0.368616214500822770
0.400000000000000022
0.323309531016439278
0.400000000000000022
0.302478813742784236
0.400000000000000022
0.383594925936780629
0.398847610591879675
0.337239989107756211
0.400000000000000022
0.308069063581475955
0.400000000000000022
0.247479109082918036
0.243936419154378442
0.243525525078272659
0.400000000000000022
0.345605599828297971
0.400000000000000022
0.173891440889774263
0.335685855508124464
0.304118332821457560
0.400000000000000022
0.334104153478174570
0.400000000000000022
0.199651135690565640
0.364941988763286096
0.400000000000000022
0.400000000000000022
0.235145867148983945
0.400000000000000022
0.171465456477255085
0.400000000000000022
0.400000000000000022
0.400000000000000022
0.231515930819750859
0.400000000000000022
0.142877677277369886
0.212222487774852808
0.255366500508870664
0.400000000000000022
0.338686000859866665
0.400000000000000022
0.333717891638914188
0.310780390273067364
0.300615083051490872
0.400000000000000022
0.332999529235527558
0.400000000000000022
0.374725965282507234
0.400000000000000022
0.394692662573267961
0.400000000000000022
0.339663840826163410
0.400000000000000022
0.218055840607445039
0.362484808945139458
0.367810557058956378
0.400000000000000022
0.296525704791604450
0.400000000000000022
0.342862345634246779
0.385485512991660562
0.323864587683684202
0.400000000000000022
0.317697127778269028
0.400000000000000022
0.223698107464090967
0.336856009806351775
0.295491084120715397
0.397057050221420238
0.280888453936961879
0.400000000000000022
0.259552383251035634
0.392299726225760814
0.400000000000000022
0.400000000000000022
0.157751052871066888
0.400000000000000022
0.060914100962892626
0.180975898505192523
0.371287366751348547
0.400000000000000022
0.154723895469781492
0.287585896289511367
0.088723174649546127
0.301651332207643841
0.079527321793609079
0.023603181231271177
0.118689655377977168
0.140887487661253280
0.162725711708648302
0.227099795811968069
0.051867472146981869
0.019932804867054232
0.129007917536821198
0.093508085103180288
0.188896372225236919
0.156014342650771465
0.092716616689695747
0.070766733119282055
0.097409544244363558
0.133067698081113350
0.119965796224925814
0.271114173679680381
0.151166045379941993
0.314094041584746464
0.253631660118471491
0.172101545570714498
0.298067897682567029
0.400000000000000022
0.145404301922885282
0.156566894694652181
0.210327596214466200
0.096797506301288305
0.213004292082750513
0.125113125750297149
0.105746392270684109
0.136462761691301698
0.154849547063117821
0.085124306960101287
0.189150104401846708
0.329441892877874232
0.192857738773683229
0.112506288408151661
0.191784141696233423
0.148179250686213626
0.053858165625944011
0.160737489467921602
0.081993614294893061
0.171165185125938535
0.123816037647384997
0.097033410496386557
0.122671976960639223
0.151637117579074165
0.017474274481103669
0.011897772024773452
0.096948562848790304
0.082357263505492315
0.336572499304864770
0.311669350364469522
0.034702161616035107
0.007911848303293820
0.081205129583355101
0.059153740669292125
0.159558410224127423
0.146317136196475295
0.032634991030106100
0.028773738887404213
0.067002865760108582
0.057637303366394659
0.118228346264020817
0.092482709241612615
0.039068567897859695
0.051109699883142859
0.074207057388126441
0.046181701558155902
0.130148737627559241
0.358502369907891083
0.202584791246058188
0.034962468303623727
0.063771044491253467
0.063011671392269167
0.151359456216885901
0.111841260735183134
0.084483511823614257
0.106699168671718497
0.072166088548578033
0.080750147082060117
0.237995485160986786
0.086643864407751015
0.044638711835807574
0.055202789195756441
0.078008013288193276
0.058216379333404220
0.087314052873778067
0.059384486076925529
0.060665277845666860
0.260348438904391966
0.140661931569548787
0.077960442124119858
0.213609843410054179
0.170375034936427028
0.053600506039651330
0.006553919836502001
0.046824852279484512
0.092794494914840014
0.297235306074917327
0.320381289433902205
0.022321398802311463
0.013815206375784376
0.074495021642426676
0.072929420706685538
0.400000000000000022
0.148400670361249459
0.032973951877443786
0.036734326089745174
0.084609080745751478
0.132886652422454871
0.206125186964777052
0.100677118464305798
0.052440406341835138
0.029141329339218723
0.049498266895684831
0.062496586656878586
0.150546270149619882
0.275614521331404072
0.313988952020726741
0.144788218326231566
0.071707832103396874
0.106356877147159135
0.157138306215546697
0.291268355093892928
0.239383082660438062
0.292778128207701327
0.108341578700540869
0.081824703979150190
0.168752840126703968
0.147452541966984013
0.045230952523940736
0.041206533728858588
0.044860827016199312
0.073476424965034703
0.215838472526266562
0.104129296187313064
0.046449737266468998
0.149459418803602306
0.111213361452694864
0.075927608614165309
0.234031017101020061
0.169565945307562665
0.083019830096536365
0.192226292383881642
0.234056587496329738
0.207496234863790763
0.253340596021079612
0.197886705913672634
0.087910488339834850
0.211940421554237923
0.237848392993608687
0.179327382784540190
0.320355719803466221
0.211277803842039119
0.098951951320981918
0.192110198123147835
0.201275584769657456
0.179667901660679252
0.250850861117135893
0.251209805394030483
0.104460973426787743
0.233619139687825272
0.190527336046829365
0.181907770340515113
0.218613169803988372
0.321876215219549289
0.203022477051667066
0.297285691679709252
0.182165661334417306
0.174075365071783894
0.256468791565565957
0.195669824899432021
0.198163923318436686
0.345441502193574557
0.174309322574853764
0.165115809480964798
0.204928288359147448
0.201237783066449877
0.161507045060972160
0.190960220945563225
0.141958615934049986
0.171127541566452351
0.151233278032124774
0.216367184177683997
0.170245233699573562
0.273494741597188007
0.112356591690644242
0.148151969279583101
0.310728015179913719
0.303867954562039799
0.190797419905152366
0.192842317336220065
0.129232267383622951
0.212559606256364331
0.265082500435719848
0.285073596310686905
0.186601721210583549
0.211960577620733504
0.142060149368792243
0.185840839669008939
0.330617458596471125
0.290824123036883264
0.183514726860681543
0.191687727561462490
0.132122425223984152
0.189062528544189368
0.293583522860825674
0.346156580115045298
0.202961658354673613
0.233206458239159919
0.135661349445775431
0.196808341561781397
0.186699138665865155
0.446746549108573476
0.416478302431960767
0.297592554202518955
0.162641484143823289
0.191083311899196723
0.134363151813721993
0.338704397462525508
0.350920439104167203
0.342496612816552970
0.209440232927488507
0.181424480066696286
0.128688315690979133
0.283157131399518869
0.197442578785716111
0.185519781486024382
0.206643050960343272
0.196392123773836830
0.124256612197100089
0.236839420962223407
0.187080045979324566
0.246716752926176480
0.187033186645994803
0.175502343536764777
0.136656210833673936
0.149290939027861919
0.084516501599138968
0.191636007182127727
0.214939565724883735
0.214405067253583964
0.328679080365460397
0.203721738332621971
0.079445894375140505
0.207786948799760868
0.231658876929949353
0.179640574541978515
0.343689817896695948
0.213287143982669264
0.091119561902745519
0.183900307878083813
0.202645978659901249
0.182919310629794163
0.243479089161661694
0.253501588545039735
0.098615532648116191
0.226001219131578168
0.195367945620217642
0.188992652163755104
0.178931793546101642
0.286680035616729834
0.160791954789226227
0.261369197882090953
0.181800480529297537
0.176848911004501175
0.201171914314333372
0.174272184152839377
0.149652436325150656
0.279663220324609940
0.174255275738017329
0.166091277660757014
0.286016892477699791
0.228307561898900724
0.158331549605144561
0.182483178417930658
0.156901793978610288
0.186019515008929381
0.272784900816104348
0.298596728786958920
0.174545163554345656
0.259885953126009372
0.118730374768439617
0.153589323286803858
0.147129387308611526
0.186551626277979499
0.173620296955025094
0.193769352682659796
0.127730801887001477
0.202087620098621384
0.435508439387238655
0.348055565421541147
0.189323987134156851
0.208591646299871980
0.126953048036722804
0.183458156814604728
0.355249537451362729
0.315594670758648499
0.184363386376062449
0.183977568798326774
0.121034738284669582
0.189707859661559897
0.252972238903834856
0.337369358776847039
0.203953159435016795
0.225432393365097156
0.128244500275136536
0.199413215392513998
0.209412979756687656
0.389208670728118489
0.375201802677253893
0.260874328942948763
0.129447558708494087
0.190889253858188057
0.171804027908862317
0.265676816303007324
0.320468412058055985
0.280121003312204686
0.155578918981300274
0.181397459805095862
0.149843304172334602
0.381400416144842713
0.211319635812290907
0.181210035144551279
0.188524330151700253
0.207140887672531748
0.171300066540512358
0.381263179803808250
0.237291517941726315
0.250566889171567497
0.172830699442811736
0.182784103518532803
