0.146777460003589960
0.080224474389110539
0.054525939993205888
0.255400828678876035
0.048441201294669334
0.008362350826869001
0.087229860896716430
0.021020515669771353
0.122400570596789687
0.254433652041238911
0.066014966278071963
0.026377039185108364
0.019031457605086954
0.002058208313904281
0.010369118979212461
0.001758877279282138
0.001796629543445604
0.005666521685033708
0.006840012919279968
0.084719751284127467
0.118322024240712809
0.063934278967837946
0.000310392306495677
0.000000000000000000
0.043721296708024146
0.195009670114678041
0.195257359820906695
0.088306812641097937
0.001144650243674833
0.000000000000000000
0.107409204547927878
0.231252930043624627
0.163939670816124705
0.052287565681572307
0.014911300574676947
0.000000000000000000
0.025211657258172419
0.078008355423154707
0.062797411720299456
0.024684548040907160
0.031239827109641422
0.033449916161435056
0.300611829228602745
0.186394944904976267
0.036894496751989615
0.026324129295084795
0.001801421140498513
0.002629677328384040
0.034076544163192661
0.079996679794027054
0.029515209209957677
0.100387086043836588
0.060591828633828761
0.011812172558161098
0.009431996825796759
0.000000000000000000
0.018840362385444859
0.089381277856963565
0.055993806356044791
0.026761889097505244
0.022907443309713900
0.000000000000000000
0.000000000000000000
0.007917891331170832
0.027572480218593157
0.037361804162339390
0.006476409476775078
0.097841737841579568
0.053921426643706076
0.012623942422637421
0.029132497464744632
0.024466074387791695
0.066622392498392080
0.260448860571099061
0.162100605432235340
0.059396264630290643
0.032407863584676941
0.072323712344357902
0.060459910662986456
0.065208110561863833
0.083120565324643902
0.023533306774101183
0.024755912258353708
0.046523959686545296
0.118434706828391023
0.066026912456985346
0.087640279560674356
0.021605451763670128
0.028206195154742528
0.022009418881556622
0.340717415587629135
0.081961097663037163
0.024208342349864728
0.041023697341326319
0.040326928852808336
0.021740631736224342
0.187515729430610012
0.137379858715502484
0.040474812009922881
0.026147762374842256
0.021855467831188791
0.001471885923036135
0.073421459939436023
0.000000000000000000
0.009168828880627743
0.031450403542582418
0.071545094478661489
0.040812425640229084
0.028691524346695464
0.000000000000000000
0.019393300614703488
0.023837053264554039
0.024563953059111042
0.020532519656658921
0.009319536445189375
0.017580118828442473
0.057126364743068363
0.063190292196108777
0.042999992245127322
0.026117685737169438
0.056689225042999378
0.093025529222196313
0.045556858934935093
0.090258725419024299
0.053430951855332295
0.048887274446859863
0.202518801543073806
0.057716420087565105
0.072258680715246770
0.023030836774887140
0.031667575223085949
0.008062554792535878
0.102376196301455613
0.025486112155783038
0.006783446341339105
0.021505977843526619
0.055855106321962972
0.013659069644104745
0.141557975386432111
0.095936565215386321
0.038657980071663475
0.036559861788919665
0.008394805776883620
0.014682485240297010
0.057605911484109866
0.025110960278006675
0.054597719473950597
0.047452828297722786
0.054912978018308238
0.018795851946576132
0.072532500778762138
0.012327840035954437
0.033212621006934999
0.051467981087099046
0.030466936663664616
0.038456590007345338
0.036301275101486993
0.000000000000000000
0.061465207858328361
0.226786066042382578
0.055181516814738520
0.085160583546284016
0.019282087878399485
0.007723594542579924
0.063873092025831982
0.123038626151435473
0.014260006236976267
0.050462804858914662
0.041113297686128147
0.034937719707172459
0.135093386499683499
0.074133494591440474
0.272139917436583334
0.078105404533255013
0.378011110421393015
0.017731830603088115
0.136803550741354973
0.044601658541608240
0.299902010198917379
0.090580548903555311
0.069598792051035197
0.030320047319122509
0.023225017842221037
0.015821483741137201
0.063524388685076844
0.089837920528840459
0.107147043854264115
0.058678276512711985
0.023280074587252893
0.023896007301818886
0.015021912524443373
0.017254319758563199
0.344789820320762108
0.006848593930651747
0.026320836761909626
0.140634495392768316
0.400000000000000022
0.085188498368758692
0.323328476843825319
0.000416713609315440
0.048193441853645907
0.211307067022905332
0.400000000000000022
0.061489871969880525
0.281516378115254762
0.001117421590124466
0.117007010302121725
0.400000000000000022
0.400000000000000022
0.106674885602255951
0.114800703943120239
0.015252977102430669
0.152976766392404040
0.273070316653663381
0.400000000000000022
0.089079634624229923
0.029951419794989508
0.023833092039076770
0.187973699426131652
0.107316571618073148
0.400000000000000022
0.239339234757012631
0.062330909601836078
0.036588357177087687
0.224539777097501891
0.153587385216990918
0.400000000000000022
0.263698724811885554
0.042010255778130542
0.028266486748326575
0.083621922734409992
0.060654844106578364
0.126199458171970841
0.237451414714270725
0.087286849024641650
0.041983862199342102
0.076850308514225057
0.087419443841952063
0.252690352433138199
0.342832583420467629
0.245217683254949026
0.011873887046684271
0.078466626950729243
0.319841345845987779
0.285399825130061791
0.066178680526500666
0.182101650315757924
0.002717993462098836
0.125894886868906986
0.400000000000000022
0.327786172127759901
0.101030443781616033
0.146320188682866836
0.001592659515927408
0.068471082065276856
0.400000000000000022
0.395284372599034761
0.122384712299666729
0.178598885672406948
0.010890350695146040
0.105549175653748523
0.400000000000000022
0.360488103075257083
0.162993436078637338
0.103914932936192458
0.051531308954444917
0.049179624047961792
0.090659620820440961
0.400000000000000022
0.139687596832282740
0.080777243582612485
0.126493844086271956
0.116747685095910769
0.039937372538519915
0.281367177634843979
0.327876534313573220
0.097147087407550542
0.114179264718917942
0.079497493022624863
0.152818587117545590
0.231882031554459050
0.312531798963226692
0.077870261331760532
0.050958659748239342
0.026527918218432027
0.190263092406876860
0.390057040259619847
0.373387426447101656
0.066780925408362390
0.028254565030047855
0.085064451770492461
0.400000000000000022
0.396845682674070166
0.026050098635666149
0.085852892518723842
0.000000000000000000
0.160809066999433925
0.400000000000000022
0.167363836052714932
0.052408728871880292
0.038877645848543529
0.003205001932027526
0.021793085704824765
0.140332076167102943
0.082421762570394339
0.135210482617031669
0.103571890608552056
0.007924088374479060
0.030554749783375953
0.369206756506916478
0.116068414843813875
0.065728060075768313
0.186560893142480783
0.011735634897910381
0.033366603998879606
0.033082912299367641
0.116023274364250611
0.057860626287006993
0.173862491273634401
0.162389864968592951
0.399714673811795151
0.201686555502769788
0.254633225421823539
0.081443648770244639
0.249421520576222938
0.113294801826864425
0.074456463962581182
0.354557338951169032
0.400000000000000022
0.159373165775272246
0.113698735467255618
0.234800012266775077
0.034273140911779951
0.250424852489311789
0.320810152536565141
0.129936641532729963
0.028134145265823064
0.072010259247326860
0.138528942602161836
0.131082182772319866
0.138276690992492068
0.070023353993459561
0.008580671620152528
0.014738918499213509
0.045006051381833403
0.147031709461215326
0.062600907355201518
0.040471466502261605
0.000000000000000000
0.003137056622281258
0.008061709065569965
0.004250849249299318
0.014463823727181826
0.006269440840191215
0.028096868241104116
0.000799253091912397
0.028656340573476775
0.252536662520247868
0.183783841444114415
0.043708817902159885
0.146788017271103327
0.003030641581595126
0.076838052634329870
0.133702540116003354
0.072329460674819296
0.020477685778004226
0.211776249001395744
0.062839338321465599
0.374630548324304424
0.400000000000000022
0.106927232708872111
0.014095422309319004
0.205276234403259566
0.125186007946949063
0.105743425766458649
0.400000000000000022
0.389132157675725732
0.029052713883672126
0.077732326436768140
0.038146515658045256
0.035365935700253842
0.057382559680883710
0.183542784136560500
0.030099261296165889
0.006841843221469818
0.075043359992715747
0.285043873011813664
0.223597288239536895
0.122962318827150460
0.009932798409480359
0.005433202210735445
0.027634542014108143
0.043723534156665106
0.060734422777619215
0.118861164425474813
0.027320143942166607
0.003916093714095368
0.000000000000000000
0.001601853518487625
0.007367987257028238
0.009008905522047682
0.044009115354225123
0.024789105002533424
0.003430977969960383
0.026495973188154713
0.240806683026575929
0.241150288023971426
0.059420713273814346
0.155052768759622595
0.034291439452299712
0.021359091375415792
0.135311712936684009
0.083667370517312240
0.002067386877857228
0.192409278908148407
0.097149309995651911
0.300558176300269486
0.284193700095369262
0.041926162011117242
0.011710815953989380
0.238856460987271257
0.140710259917842195
0.125462749456540734
0.190578298956876946
0.144398848168786981
0.046208596641076932
0.185487533299382806
0.151512192510218024
0.027029905618316162
0.048254594429009742
0.285796845192373750
0.052268748084639313
0.018985261883508308
0.180403019174466578
0.116565686978815530
0.145632682836100813
0.049525226580422937
0.014606047481756118
0.033081382934337385
0.129018655599528881
0.057426087856777164
0.030232401402095620
0.057587884177945248
0.034768395620422804
0.016125220489703329
0.002015395421313003
0.002060684581605183
0.000630781204268271
0.001292957594528891
0.003918450389874196
0.035619050654484771
0.015899276851564257
0.070796910898395515
0.226706617368964469
0.181940105023166931
0.009120350741523692
0.150134624163453023
0.101067341484825962
0.087988010070262274
0.164759126763605157
0.093225889605607806
0.009428916177419547
0.281196367999383301
0.060803253060918327
0.187194682324620887
0.115032647825748707
0.042393355590925524
0.021677489029574795
0.188552771060748359
0.120245611755029819
0.211425547488654136
0.058149452418553974
0.054469315637120770
0.026654206939965994
0.400000000000000022
0.400000000000000022
0.391470258024138817
0.343369010573687072
0.363672121193920672
0.373236022294075265
0.078345014554390843
0.226272988126934360
0.107209612510154650
0.050154258517226082
0.062479837195992267
0.071922746285617400
0.121879331419110781
0.400000000000000022
0.268977050453882538
0.004481552663486199
0.032914606274106778
0.047893339614345665
0.010565757957644400
0.000779861227377030
0.001772041305291733
0.001550645642895872
0.018433602524965315
0.018034751734613785
0.113004343345819186
0.090819892720334999
0.041308319269462462
0.051246203288400786
0.063643677088831993
0.022717249619484563
0.139373947419097366
0.135519213733434341
0.062165702885978419
0.122818008881798724
0.056257456446616380
0.027641170638092943
0.214523077418475150
0.118900919853928200
0.088512060601981010
0.014422599013037172
0.016280315834314801
0.027170589243549495
0.282689991303473220
0.208528052516103179
0.124580800889274868
0.017613309480427615
0.016489344963472780
0.029184257136561229
0.309584383400996088
0.129249048177834919
0.102649831065927954
0.050683831096312332
0.006833527232457012
0.095367252028875790
0.181088775571336263
0.289050325867290792
0.231976796618302311
0.089019122652909594
0.104298838807359143
0.067840713949355411
0.148216488201674462
0.256964889113190098
0.213840059291098256
0.019657561929644199
0.025112842040045311
0.026939821977559203
0.049915982245288745
0.048735214185090199
0.039433809097023209
0.010276315950552083
0.033649085762711965
0.055763099479570602
0.266117504647428005
0.340376963846664271
0.212329135564401639
0.016845006975818786
0.035525957124294169
0.074613448490248591
0.096543806383073139
0.251479186929173038
0.122946714883995833
0.020451965815434892
0.021402953687442321
0.024742341815884365
0.253906984925874990
0.358747016502749372
0.071759318417676785
0.012456575267680094
0.005682190325263731
0.031892614422199594
0.176584583551650243
0.220203207809004403
0.136711864511840420
0.011151891245959517
0.003732023547503153
0.018916726813097220
0.163359075406652426
0.164459661122321132
0.076389857142659195
0.009767842621897730
0.043054103009236538
0.046224687778802155
0.193982677226080369
0.053327490722424258
0.099238934291157849
0.026985450713594452
0.212292544968180757
0.123010186621764828
0.150274673142748061
0.123864679939054506
0.138007134464141368
0.014685523466189634
0.062168333723182520
0.069160116233875107
0.139311830996202285
0.182381245573025819
0.282476157749717405
0.051620369015356042
0.048884203303014795
0.067129044323997911
0.400000000000000022
0.400000000000000022
0.223577382451165346
0.042093083590071773
0.111107695455929911
0.175175242517587315
0.248734032681912298
0.266932882513016168
0.144730329666293567
0.026970309965837762
0.049285565412864413
0.150739854927246453
0.160328764961961967
0.178855627680697071
0.113976936699880627
0.013208056205700251
0.049884906300988685
0.159439744876354650
0.154853558810718689
0.244131963747163894
0.165433261019876598
0.059433598541687067
0.085363340694450729
0.185942906794698076
0.187355122664627172
0.211906955543910452
0.117377892003541068
0.026992403393324357
0.073408839031775072
0.168383262494302077
0.208463543887437347
0.307668767415596178
0.400000000000000022
0.095196186956719525
0.386892250022371931
0.220600270046643121
0.346515065680447099
0.309943391037549587
0.216479481873872226
0.121934199256452450
0.258093859730297637
0.248490111208893971
0.400000000000000022
0.400000000000000022
0.321462945837170666
0.101311580379865498
0.220553222062637250
0.250702399364878592
0.400000000000000022
0.397120892513806223
0.203077152356798935
0.144730273651455410
0.123142587821496174
0.215031911679472387
0.355796681123972114
0.258558712482404141
0.174412751540624134
0.051450520336366296
0.054500944973143145
0.195237898988628561
0.264553531261218500
0.304608876806587603
0.037361166613585232
0.029336898999005719
0.065910180348270758
0.279861871306166743
0.181276981645004831
0.289893988188883733
0.091611711512055632
0.034644339278887833
0.070043305697321478
0.282472646222427404
0.157628028836934830
0.279394905488046741
0.170837230369595972
0.035056258783805631
0.133350873329362685
0.309281287027019736
0.189044431985850026
0.111291896106476232
0.259003496204547323
0.078583442268450612
0.337094630182927513
0.275403180998297525
0.220603341959928562
0.162622264313811604
0.079747247476842600
0.169761975228048201
0.390927507791682727
0.285825625684983098
0.274208692706994661
0.342162310661617952
0.088404200198360108
0.196520505943133084
0.391421021376046452
0.297203412333174488
0.144653859881141073
0.101789682684851196
0.072875394492746187
0.122272219643065561
0.224454572800396740
0.230531233945254266
0.377868531703548560
0.220153951362116351
0.092945213313970487
0.069908299876186644
0.117961164689885739
0.264474779815755401
0.271428399108762597
0.191014917562197351
0.163186121322977246
0.049542872310602601
0.040432174852571737
0.110762497830762918
0.122523317903044923
0.316864705293382731
0.168195932616499122
0.021079090959851873
0.008217148653104333
0.164121276537500194
0.100411233673131095
0.305320663522371916
0.215054165262946573
0.027084443501704879
0.025522809782291583
0.274121399042798974
0.148521748551845273
0.110207988814554694
0.214466082118568102
0.061682860623716612
0.102842246092413478
0.133698608386967038
0.132212291389754488
0.276708073758661466
0.077758574349017673
0.032886269534030760
0.072798867967684061
0.095355133880203433
0.039655104003605827
0.091138044785106967
0.055319839449174422
0.032835440709930670
0.071075148803010552
0.113840857581476496
0.023435260129267541
0.019805113845442680
0.034233384595840965
0.019804424547347429
0.105122360345822660
0.127215098133736271
0.215089318069327157
0.125055022402688260
0.115319837353394017
0.107897284076841307
0.060880139959141787
0.262804976347796926
0.327266040253767931
0.230587377102026758
0.346947304978306503
0.400000000000000022
0.043835934356474246
0.109949270637806809
0.138894939673232132
0.174589750749666678
0.078517029803251162
0.047560174330234309
0.085760100499786371
0.047676907859442799
0.118628005157599914
0.056842128609054278
0.084615484448191627
0.009052723043983420
0.048020057576980996
0.054410880831233258
0.139043088305765339
0.083033547531112112
0.107106503405815748
0.082872616327521770
0.040653365192590829
0.059856471500068717
0.266999742220798197
0.377798888333648553
0.151914176015800845
0.011889361566840059
0.033356053942146392
0.022938720661133748
0.025104007023024490
0.074264657277683888
0.088176415954258874
0.025685241744609736
0.049932668114291631
0.043291351015766269
0.023979532230343770
0.012659907949104716
0.069625347801670789
0.042387815919222437
0.050177767135689125
0.054766717912305536
0.217582755183704513
0.103581819504157721
0.248153063566080634
0.208598354867491842
0.027138219037827267
0.048455344302527945
0.094050620742492277
0.194650747681258895
0.339788433761633257
0.400000000000000022
0.149920315048500008
0.047909926794686294
0.079431291803251536
0.161061102095888115
0.044373906293559626
0.301426192995478626
0.400000000000000022
0.016188345684932225
0.221881217395797470
0.096784907831774417
0.038942241303171067
0.009860878591049383
0.108868395572558271
0.032159310075178957
0.159548598537907760
0.113725114637552527
0.047379706945745059
0.127325692008208730
0.035460320080360055
0.041273774231469898
0.320609605627032890
0.130817171855977493
0.106588008529323430
0.096331294490200142
0.038988700432211650
0.027099275037061821
0.012712322600465627
0.021085806379111182
0.024214781183994467
0.002050137292130567
0.007938068208780964
0.021851096110551339
0.003695673668039394
0.035610009759599999
0.086158056138038314
0.016370071155495269
0.013344264608728338
0.019702092247156990
0.082813036082337782
0.074604811264269238
0.262859684086036327
0.124742614141419322
0.026987554773551373
0.022896302782116223
0.162947890145887342
0.122275786269740672
0.252369589810172434
0.187061666507675028
0.065590849885115099
0.036107418250213345
0.078682816649332299
0.126232285300843433
0.050742317549911417
0.094433206123032493
0.130321307949952586
0.042346526598679546
0.233418834600848862
0.279489596729997736
0.112456576815421941
0.020540615967961202
0.021449273053016995
0.002051486290329117
0.165762721887098258
0.260627493563577117
0.171091626972021404
0.381724714737867843
0.097966427875092271
0.022968398308625119
0.120311243831053821
0.150039171269300220
0.179826658453566851
0.284666053443334566
0.123602850456017238
0.061145434805531168
0.035156678094790283
0.004073603735217284
0.012429803560817645
0.002389658483550410
0.003089587137974496
0.009584972074907905
0.042459063573764742
0.100619028135691721
0.189118935139108296
0.290640896336802401
0.182250497329662586
0.009120350741523692
0.193855920871477128
0.296077011599503948
0.283245369891168997
0.253065939404703011
0.094370539849282620
0.009428916177419547
0.385263036387213487
0.292056183104542955
0.351134353140745592
0.167320213507321014
0.057304656165602472
0.021677489029574795
0.213764428318920757
0.198253967178184554
0.274222959208953565
0.082834000459461141
0.085709142746762182
0.060104123101401050
0.400000000000000022
0.400000000000000022
0.400000000000000022
0.355425632297087291
0.364796124984258063
0.373690199436610970
0.112421558717583497
0.306269667920961386
0.136724821720112355
0.150541344561062690
0.123071665829821014
0.083734918843778497
0.131311328244907516
0.400000000000000022
0.287817412839327380
0.093862830520449761
0.088908412630151562
0.074655228711850916
0.033473201267358296
0.000779861227377030
0.001772041305291733
0.009468536974066704
0.046006082743558468
0.055396555896953178
0.119480752822594252
0.188661630561914595
0.095229745913168545
0.063870145711038218
0.092776174553576632
0.047183324007276262
0.205996339917489446
0.366056386656689825
0.224266308318213814
0.182214273512089353
0.088665320031293321
0.099964882982450862
0.274982988081461599
0.184109030415792047
0.171632625926624899
0.037955905787138360
0.041036228092668506
0.073694548930094805
0.393670530250592732
0.274554964973088511
0.212221080449949223
0.039218761244097740
0.044695540118215304
0.051193676018117862
0.400000000000000022
0.211210145840872082
0.126858173415792697
0.091707528437638644
0.047160456085265347
0.117107883765100132
0.351453262417955437
0.395145636464324879
0.272451608628225150
0.115166885027751853
0.126154306638547958
0.069312599872391537
0.221637948141110458
0.256964889113190098
0.223008888171726011
0.051107965472226610
0.096657936518706800
0.067752247617788294
0.078607506591984205
0.048735214185090199
0.058827109711726701
0.034113369215106118
0.058213038821823007
0.076295619136229509
0.275437041092617407
0.347248378013283399
0.269455500307470008
0.080035299171927587
0.078525949369421491
0.100731134227418029
0.153233031426072502
0.331477449606023711
0.168503573818930913
0.110710691234459216
0.074833905542774623
0.073629616262744238
0.400000000000000022
0.400000000000000022
0.144017999132923541
0.035487412042567237
0.037349765548349685
0.039955169214735464
0.278960779853105800
0.245689319964787434
0.143495310853179542
0.032657869089486133
0.059587129869466127
0.032575796457201961
0.304917050793084565
0.260396226337707426
0.115047837214322712
0.046327704410817391
0.051448908786120164
0.060907173019099162
0.251588588710190242
0.078438451000430925
0.153836653765108466
0.074438279011317235
0.267205522986488919
0.141806038568340981
0.222807173921510171
0.136192519975008947
0.171219755471076374
0.066153504553288681
0.092635270386847157
0.107616706241220453
0.175613106097689292
0.182381245573025819
0.343941365608045779
0.278406435057738599
0.104065720117753308
0.152289627870281941
0.400000000000000022
0.400000000000000022
0.287450474476997342
0.165131709741507260
0.125367701692906175
0.225638047376501949
0.289847330368040446
0.301870602220188577
0.279823716165977010
0.101103804557278243
0.321425482849447719
0.228845259460501493
0.400000000000000022
0.196587458283785155
0.250780487441235600
0.057809714747308491
0.349786916499906120
0.250020293779909974
0.224452350861753885
0.274452011066286417
0.188658278862097628
0.075255082282824265
0.148887729379527572
0.275780827323538535
0.294502166518891273
0.270585232056622438
0.140657966590793937
0.050888410695143250
0.088430751556218462
0.185637582252865280
0.400000000000000022
0.314517361346247970
0.400000000000000022
0.235830682349487841
0.400000000000000022
0.305788768415401813
0.400000000000000022
0.310360104646865032
0.264672923727518106
0.333241266279357795
0.400000000000000022
0.309979983178774565
0.400000000000000022
0.400000000000000022
0.395962420051795161
0.400000000000000022
0.400000000000000022
0.344876998941544832
0.400000000000000022
0.399724149300279108
0.356053918749202947
0.376905599000789571
0.400000000000000022
0.304111546303702296
0.375161445526917825
0.282391804521480883
0.335054868226450198
0.158767091954439415
0.400000000000000022
0.363666394146194061
0.326884440863054571
0.341197233983675297
0.261900943711087131
0.182924284215996630
0.400000000000000022
0.397800192171532174
0.223287237423135360
0.312166067130315417
0.175233634246465625
0.095299183385466196
0.196242763869292292
0.397791040963663911
0.244914877861576452
0.321378767687388822
0.247687538883821001
0.122475702625757674
0.340871937843177264
0.400000000000000022
0.378430847168820805
0.123165783153160499
0.334667839872018813
0.380542595283555940
0.400000000000000022
0.341581861524798192
0.373508109561808244
0.165340257775910410
0.205642134345749572
0.400000000000000022
0.400000000000000022
0.376731133096410764
0.387947724026061147
0.342760599493923679
0.156875282263636978
0.400000000000000022
0.400000000000000022
0.370103256341616116
0.321085115398648313
0.112680033379997227
0.178424570146494710
0.400000000000000022
0.400000000000000022
0.349722419906278614
0.400000000000000022
0.271685260316561261
0.142124837361932266
0.160567920696627647
0.400000000000000022
0.352211871493120943
0.352205642691375165
0.317508761648469306
0.279933806418887987
0.089480244849122509
0.321799352487415702
0.369326530211598558
0.219670405310595479
0.392567482281160895
0.247693425639123999
0.173897678077397477
0.240099180207563406
0.386731012200697166
0.178281495004891627
0.344476416409802977
0.241582083481378579
0.217347535908581746
0.394575130014655051
0.400000000000000022
0.215302673960207691
0.138462553844602543
0.299530533889060535
0.400000000000000022
0.400000000000000022
0.159748707022633191
0.218065183908478344
0.276708073758661466
0.238567641348451598
0.400000000000000022
0.240162704020399020
0.147763862752083697
0.078532749852149350
0.094343046717134504
0.077112925153999187
0.173167516877033634
0.153496911373404876
0.249051340198508192
0.127007150737819596
0.027729202219921738
0.064788134379216933
0.377592368372270282
0.221190775189636535
0.192943158209504584
0.382382314843416671
0.136790657300598612
0.148686441352273629
0.140980196376208955
0.176903414323392405
0.314747942863662256
0.400000000000000022
0.389820586867128061
0.400000000000000022
0.400000000000000022
0.298469159778297854
0.191392919408051448
0.387174171158731151
0.287884552576531116
0.152973493765832330
0.372156589190571208
0.400000000000000022
0.207050073634715059
0.232326740624855532
0.291642140875829348
0.118888625359971578
0.259477575533295202
0.350772455917666759
0.184347522363963234
0.167177233571588368
0.155043806778438986
0.245635446007977570
0.213954799099841608
0.178930056185082925
0.129879825493528278
0.275580413840950667
0.381333032759535673
0.196920227397634262
0.158921071028055388
0.095956961297347904
0.063410187163395360
0.025104007023024490
0.077401713899965141
0.096238125019828855
0.029936090993909058
0.064396491841473461
0.049560791855957485
0.052076400471447883
0.013459161041017116
0.098281688375147572
0.294924478439470228
0.233961608579803526
0.098475535814465415
0.364034135071831133
0.106612461085752855
0.321118304109112240
0.318604319882660914
0.099467679712646556
0.068933030080532171
0.305826869743888063
0.257490086002724494
0.400000000000000022
0.400000000000000022
0.256847547757372119
0.062005349104005306
0.284707526206511130
0.286247110042837150
0.150117332060018260
0.400000000000000022
0.400000000000000022
0.045241059568604358
0.299613543832565554
0.134931423489819707
0.074308177003424902
0.067243438271933076
0.282451103154658878
0.062258571371344835
0.166390441759377589
0.188768474630268274
0.331158606580619019
0.349903064148979870
0.158422638907510516
0.051206572640950250
0.324318572763055923
0.158451713870085636
0.150311542685988536
0.157065717267819371
0.157849864857686456
0.054419418979228425
0.016628416314560995
0.021085806379111182
0.025816634702482088
0.009418124549158805
0.016946973730828645
0.065860211464776469
0.028484778670572818
0.039040987729560384
0.112654029326193020
0.257176754182071199
0.254494552632699766
0.079122805520971340
0.237865804841960349
0.108896250716568943
0.284218775461452133
0.260054327078103276
0.110654925290863626
0.024963689659973448
0.355357169054035693
0.219425096265392611
0.400000000000000022
0.400000000000000022
0.107517011896232334
0.047818234204202725
0.317539277636603501
0.266942545218685601
0.176205067006452137
0.275048447361477599
0.274720156118739622
0.088555123239756478
0.398358513900845201
0.374777456642755580
0.139486482433738096
0.068795210396970952
0.299180203292024383
0.054320234374968426
0.341556216028357229
0.279118333724156009
0.264905656448862437
0.253003296471120132
0.346859862628333016
0.151409334280179636
0.309708173985339175
0.299987253105610585
0.210812488634913170
0.236369523229916473
0.294465649482600900
0.130409183549261731
0.196899126586979001
0.158912895402934184
0.140858986265295527
0.185395748226675622
0.231856767741827702
0.129816417162220171
0.258510149711944470
0.220605189524873291
0.213977521155023775
0.273720598319813768
0.272630828425344363
0.128322367416995514
0.350436996420092961
0.230981594819866215
0.174331221118500690
0.155907540523321481
0.222926387715541879
0.135183722215726054
0.438482667544226656
0.301797576498044007
0.359714455569258129
0.279458764956998729
0.228446498072141957
0.142712411113717713
0.308813247750807152
0.403062962928772306
0.258087555629755938
0.227745551705571037
0.269376601909444846
0.168694946473089719
0.396992576617661741
0.389908475374261376
0.255917548695066499
0.157784694819550347
0.267689084406304012
0.279563566369337213
0.244794202779720582
0.217951220708889254
0.330821357172203123
0.318813955753095846
0.308539346576018614
0.160882419110773806
0.252231333929462342
0.209832911489152174
0.252832500813176486
0.284336199958412528
0.259571219452102819
0.170906503982404201
0.167219066130097876
0.119083955227996696
0.155345078689510918
0.212826172702790029
0.218439314461883555
0.212946021817052578
0.220300403469096517
0.185818668326800246
0.208484408604686172
0.354000865588961267
0.280135024309243752
0.207372401613852869
0.316990665596560084
0.242137723400349669
0.215375317359890933
0.152821004786056286
0.207661821652186662
0.230059354835071006
0.412074993273649104
0.323935319867827365
0.453839165817024048
0.284997358793512956
0.207722977542966952
0.233678921775217013
0.286573588653961209
0.275241081641655172
0.260427546963370893
0.292692011562768084
0.299030267843360620
0.248275152583104258
0.403355948526810837
0.282985819618417345
0.170161247688595529
0.217030200939566403
0.359142644895149021
0.334940710936474595
0.333129944352592688
0.230115636094465448
0.243059160224109116
0.268924405566340285
0.366482080319948056
0.127120886996387294
0.380457806990892544
0.297030818194117530
0.191295389808496391
0.224963611110512746
0.274739280692516574
0.144993633410231054
0.195943056835269191
0.156647885222900407
0.124988006299673451
0.172921417815071726
0.221803489858146297
0.144424522986820653
0.221576432333345452
0.212340115338473634
0.169311366104219596
0.241971343079715157
0.282389189061864776
0.131889523074966208
0.345126315949228879
0.347179979584600562
0.332252148592792673
0.205998207824499069
0.239264637617056214
0.160441123621410719
0.421736387764760634
0.296980537743395501
0.375711169011749169
0.295327278826924666
0.250287633178890134
0.154113461020945641
0.313319288726723932
0.260172811243533919
0.126200716437193855
0.182010563202490816
0.273627568320836678
0.155790053609165063
0.395940843701739098
0.394833634236178566
0.171055354049507585
0.091134071495528227
0.212397305593567343
0.200687610547531592
0.228267010760394712
0.211713397865664010
0.281017563980933194
0.291559318150873381
0.326711734515697017
0.176248813004136362
0.277729489809738939
0.252193682066943814
0.249198779488919525
0.266740726079322643
0.242518788242464589
0.154065313143327942
0.168327610373235681
0.118624661420804911
0.149901129714978210
0.199469240483899718
0.201627798976800027
0.189274172579110722
0.196348148129880634
0.163875326489667961
0.186723532433718309
0.299786140651003730
0.247486957566892540
0.216346667641170692
0.266991072427097020
0.237897931730469026
0.323722755236611759
0.291256533766619641
0.244089637056866066
0.259277176634994444
0.377491342933859886
0.311324334562143090
0.448100185218083147
0.292280342708697016
0.226183105081838975
0.256150382183318481
0.294223314374310541
0.279257255174254981
0.166479003367882100
0.187422037800320102
0.253892262615023900
0.255526329693691212
0.370821416626905598
0.282276815803228831
0.172606254266558401
0.144022007179951200
0.255655090282878694
0.287915866926825248
