0.223167262583214315
0.273411739448559510
0.400000000000000022
0.353645438130870238
0.040611156238156955
0.007633883694641333
0.150965234160620271
0.045460609867158198
0.003606769980354902
0.057565924996630810
0.055757377934295235
0.007588631268117178
0.001536231244704137
0.004867835417080588
0.010166396660254002
0.032908898871522485
0.013887469302792591
0.006229998011227192
0.003431570890263328
0.011856302672940543
0.001462888893812335
0.022755154243449222
0.039557640027526771
0.007862627995171283
0.073346633435002029
0.059659161752382409
0.114634776733662347
0.082806436160513128
0.015172360756399425
0.009599037243455335
0.139359326073690337
0.252979201506417228
0.252360700882659716
0.400000000000000022
0.192193767835632856
0.006478294147836530
0.017179329514420395
0.019864549765037834
0.054294063251581988
0.166283347370706824
0.055390810772274396
0.004012751368759940
0.011573339247771328
0.001173353847586810
0.001351998163966073
0.004362272898866539
0.022819850437517671
0.027546693035670592
0.201388379288552161
0.400000000000000022
0.366515898138837226
0.344589471550959703
0.102800504826943348
0.019229606657583012
0.112720982929007257
0.092435134558992688
0.012205401055319852
0.031477164561887136
0.035147394701665342
0.014636004133617070
0.018344920964327150
0.027775452227557812
0.023211843930635395
0.095470576621315251
0.044196358772055341
0.028284731414733394
0.019731830807131902
0.012197331009347822
0.003614836237406183
0.038830387069471957
0.029062281955216158
0.005260018692961719
0.058736842089725641
0.033264503302531626
0.070835904177971101
0.059556333483183857
0.020292862096034186
0.001231803881199481
0.095842660332107241
0.060209234369751459
0.130577140917587237
0.132515709663188180
0.022673347922103036
0.008517793241536436
0.043047585063948582
0.010629144711122040
0.027512929851889620
0.049619734737304862
0.016228090329900646
0.022037039196648421
0.002071160142145102
0.007216527803283275
0.009712499591696859
0.018975420074316678
0.008189522499178531
0.027858595658003742
0.202169711855336637
0.393260845436886997
0.160263132917060624
0.162855222069532179
0.139970311747834752
0.050100119672870522
0.077632398330861066
0.101631776755811296
0.028526594516912456
0.073284685524872120
0.017805181411821358
0.020039306831539948
0.025705852819092413
0.152825654944069383
0.079492621545921502
0.072346751435898110
0.072281144298751460
0.038010142905743727
0.032780490073221105
0.060057291230140371
0.025187790968986497
0.117582526605723825
0.069540461727964450
0.021699684928698487
0.136640921072868626
0.188052236266461670
0.106206072418275760
0.023613603676885420
0.017536288181631391
0.010400628795370882
0.118784696962398906
0.099034707535982314
0.047880558013764896
0.106246788822480856
0.038982390792075654
0.038149598970554623
0.018606571908583960
0.024590396977255055
0.036108953054518417
0.130308551118071769
0.029418958507316399
0.035801409208869733
0.006555115649828944
0.009102539183380054
0.005880501772766446
0.033093754297695920
0.036993683360820845
0.057412863045062310
0.188266803633812818
0.367733044970172229
0.066909925653263036
0.092993652644888070
0.091913827143808802
0.109803999947492209
0.132427959289132813
0.127305863111517842
0.129857747305021115
0.085967491781838934
0.064500583941004622
0.063876865774244618
0.080673078610271592
0.306038966511827160
0.328401340140918541
0.115619936814321825
0.073239750865135567
0.059213032994100065
0.069120045298328450
0.158571684708024574
0.089054164265493826
0.091831756407954782
0.060778625616784231
0.064462395726164218
0.210933386254576055
0.122245055865258384
0.094541088867851258
0.042121353533854919
0.037808802446918317
0.050544735614673084
0.079189016677318327
0.028167225584288927
0.103602700628675493
0.027441688180182042
0.022163832366325489
0.067831747434816847
0.044372845239832592
0.018449837207024259
0.214238426124619241
0.096137789285480196
0.026552084213589518
0.102297918809772320
0.044901197246230887
0.016846237746981189
0.076531007614975000
0.038587172685799163
0.018016726481600343
0.062950309466959953
0.171152506718726227
0.168845124634348920
0.265697771068939215
0.027649642869167726
0.152515044876546713
0.246341665001949761
0.278265912335704690
0.203156873611397643
0.371807032237687518
0.113574906491208813
0.240612902648863092
0.303403572072030725
0.360122639473988981
0.275605257471495946
0.354383286418351706
0.169478756329061786
0.203954428348926853
0.228977945967750340
0.387068404205819616
0.347044098463879680
0.400000000000000022
0.139014448180945133
0.117887751494306650
0.268419611388943324
0.379562571772641633
0.260946069947697146
0.304070059464567166
0.124537576145596129
0.162722475523385174
0.322844854295144257
0.160386396604092624
0.181586074247832185
0.093318864752372443
0.036609605034533449
0.212555906925760651
0.370682501742172044
0.400000000000000022
0.237817140559589080
0.322148709439452952
0.227134329288599196
0.183705867681797474
0.283198125186643224
0.400000000000000022
0.235931869951567924
0.283575914093504133
0.190192515050822131
0.062022421079272819
0.147415545112431240
0.133591943219637466
0.044093234542092151
0.088353495385217140
0.027431873298101022
0.112904761715664964
0.127180334308145682
0.196309734377329126
0.104143761816006125
0.355196937737018659
0.068908523338266067
0.274598514358103452
0.289407963854459604
0.323637582315359329
0.135449284927505187
0.385150693584077941
0.060211298071146654
0.231407174730565046
0.253943371022812614
0.342975952772771486
0.137744901880280241
0.363986700119417916
0.044920575428320231
0.139970402008140982
0.345252321954885422
0.295439142022837775
0.141433510600685208
0.255927240287862123
0.037942909054359091
0.161099743319867789
0.342530926369788491
0.167776563153076569
0.212976912763044673
0.043338476475817851
0.051201339287607887
0.086859381746458603
0.280199173661297485
0.307596077273694424
0.400000000000000022
0.185951985930717822
0.082134320499749183
0.149496388455549328
0.308728421901521166
0.264749978524652985
0.319319076276538050
0.216145337931939907
0.110200363376387875
0.070349312012307610
0.171918359923967035
0.069410271376149718
0.036692742802553434
0.039825371903771167
0.062185742471614333
0.076417335254917992
0.078236342905784864
0.155041496984001881
0.138097446450915096
0.160221362927205291
0.093814317186170754
0.101914828903152538
0.083005364495574885
0.044067253932730574
0.074440370134947559
0.155206417583920508
0.087849810797665059
0.068666121164066840
0.037638325412503740
0.111256810577801499
0.150591817533535260
0.130463961944420115
0.031280142288433933
0.119564472434705471
0.046690823411210794
0.137498986249884519
0.135757669919499890
0.207492931416336457
0.061486216373113182
0.132503583687236137
0.143681498457326751
0.069519561675543698
0.063123621156119469
0.180313457500648699
0.087055530902150874
0.041552138126827363
0.100166895452314095
0.086516377574155812
0.079091905905776416
0.137596589115627499
0.049184838326512423
0.027517270401420706
0.028441270484825754
0.061963355298958731
0.104301781151089457
0.129706007180941135
0.092594089345839570
0.048140980818373064
0.095979988353990131
0.024883895453253577
0.016992815354609482
0.040143481631622381
0.041338742688567943
0.033380706882046925
0.012914806563547508
0.044584286595231094
0.094260372708398071
0.105609075924193385
0.009364551779790056
0.027772288623752826
0.016864261065731065
0.007646666233163855
0.034800816976296667
0.042430242524891214
0.012398924078555709
0.035288820151730328
0.031712432185587114
0.010919429034736996
0.040796079119417281
0.066381291921943475
0.009042534329710134
0.028393148291534727
0.023291544413701546
0.082555502949269832
0.082398170028849749
0.083893013885739429
0.078888840612946987
0.030813631267647780
0.021755281198827324
0.155073895431881353
0.063564236010922412
0.059480256453022178
0.147442356151103848
0.067899157198029539
0.024442174964030922
0.042964440389253726
0.028999350796186665
0.067738821662539764
0.055176827161744914
0.031369780844091401
0.024694725891840193
0.026490211066678510
0.034048536828056544
0.031288782075037172
0.026334052587329508
0.015715428686073646
0.021422688449959631
0.068952524051112685
0.007243550144946971
0.008055172189063511
0.007981859984879755
0.003436681828225014
0.002496646911178426
0.031663911028826014
0.018955777515002530
0.002660865418796449
0.044164040739087036
0.008765141242237942
0.002648896408371217
0.007330529449714828
0.020777782806627301
0.020838381211218598
0.012200075768529110
0.023761323631245508
0.024328636636793022
0.008049278742566590
0.011342108797105777
0.029831457206832505
0.034619428081006189
0.037166246423160146
0.014009698653301771
0.039509408778682205
0.021767042192007830
0.113740565826327245
0.086401234955847422
0.024043488514310783
0.003555086075764311
0.132660196400932351
0.086237535840900562
0.233878531152092506
0.161927954326008927
0.027617076924613064
0.000607239166475447
0.023440274413351506
0.016932674176973240
0.042769173992753540
0.058836380114386980
0.004095858058494863
0.000000000000000000
0.061984986241745192
0.021450988158263674
0.029552169277247062
0.011392982895279827
0.007340045773240399
0.019454526669379558
0.030111462765319716
0.009183873495336402
0.064649712620256997
0.120357394245596244
0.027730950300238887
0.014223131309975191
0.019329290684451581
0.015362393385276202
0.002849006780509166
0.002899223952726576
0.032367378196710081
0.011060342265805706
0.011161161381876099
0.042860673253898661
0.000000000000000000
0.000000000000000000
0.014174440718166623
0.009219763002471576
0.016647910534877138
0.041087264922291415
0.001035495706618827
0.001196907026388612
0.038847242491763197
0.018315561533314866
0.026050350147959801
0.059091457481727616
0.077985009098622465
0.164765012262411636
0.083218493419383338
0.000852887438572174
0.181547271794659071
0.183751591422122523
0.352540507847385665
0.400000000000000022
0.220416261502140498
0.002696233592823314
0.023577235725073906
0.021975579462437587
0.083717937598736941
0.072517031371744936
0.009733589345046506
0.008253713676847914
0.141734282464197225
0.182656726616501619
0.249525725591823816
0.311698920660061995
0.287463873586066065
0.208020084318315535
0.088461612993056452
0.039976023149693861
0.060961523038607385
0.084488052097075078
0.018938055338926452
0.007961227652545179
0.056683325391339835
0.026684692925002279
0.000393592494956711
0.018734588339409840
0.057246456211494878
0.038693721343161243
0.010193259285187444
0.049898265409059311
0.005559374783117538
0.038792330316905321
0.012452676097673442
0.014851613770758368
0.000544101464416896
0.000173182092007815
0.009588628566114492
0.115957195722177692
0.057234509681200627
0.019329584347775722
0.055912013311071693
0.031214259720001580
0.040387695512941593
0.081034575993575234
0.040239966680448089
0.031623051697288372
0.157657512988825715
0.125045602343494267
0.224238870889254205
0.334206939718301344
0.068433334559660830
0.045292078331863980
0.029209027606249129
0.023746778443348417
0.031939653458539108
0.069236433513762546
0.037957571520579152
0.025324616646329151
0.079795796298744406
0.023483939739366147
0.007246048668575360
0.032659412694870368
0.074033852639702108
0.007858173922796727
0.086325681808093441
0.061952272235296757
0.083626901967886941
0.061038557449924535
0.015731152128106884
0.022496690911700819
0.046336303327221662
0.130304291934389083
0.044649861908495972
0.108192335146064217
0.085261513521546137
0.027641644110088952
0.013725803268012076
0.098483125979558092
0.046023535674948227
0.070762687759305609
0.047817449874127727
0.026491625072359894
0.015693334238552195
0.010695692294256071
0.026398332137754478
0.216017078747851865
0.082663413403936570
0.019448536946826040
0.074132859163034318
0.071961763433891934
0.059069691660920215
0.121703729056792040
0.071279938115784897
0.012271607817544657
0.144293663617612283
0.111936230917135754
0.119326261771131620
0.203139419472485983
0.144371213852442531
0.037544290172186634
0.081381435526288987
0.034162011744406105
0.058712054005737827
0.096086133819368591
0.083321380717232718
0.023762222333519538
0.040577293335337203
0.071819351749097815
0.043933722318671306
0.057842993881008872
0.047339297592371848
0.028429149613857847
0.128854144080351951
0.049047308370165722
0.078445397920796661
0.043191604620772671
0.079699187227332186
0.078185979484808682
0.051695539804941820
0.044235049822004276
0.120606700639246972
0.210808940162749092
0.152221619032482408
0.091926471327519563
0.092957360501370434
0.136623564373491158
0.166861149892104155
0.307740099428469194
0.107223094572494210
0.040839927826031783
0.059108037489826099
0.071346533685490834
0.189178854877885161
0.267660266988889728
0.235584123562739750
0.069669283912504279
0.086232949594160335
0.077916660086258083
0.118739797231099342
0.143506209146580133
0.219304280926423623
0.083927237488267956
0.049237421632638778
0.126598641027423187
0.019203596398961641
0.030074097645631872
0.114906494582593943
0.058948899113256417
0.084820125006074346
0.078151828528672584
0.039012974613604950
0.104247682935542069
0.097981012978873003
0.044873864259689915
0.059028129540723236
0.088968681276513251
0.080903670960941421
0.115378488729375367
0.073680292252273419
0.050344224943450346
0.400000000000000022
0.151891739138850346
0.148753921513138571
0.081102188392888130
0.242249848189960648
0.400000000000000022
0.090246409547510092
0.353510730143729135
0.274326963958745562
0.269807312241432895
0.338652836087096565
0.400000000000000022
0.296173059476342038
0.400000000000000022
0.258582036764077094
0.300197490701055669
0.308427585273785443
0.400000000000000022
0.195384962090745490
0.392652825811642958
0.285299748438099077
0.303409076165383262
0.334441934164389498
0.400000000000000022
0.118099168192010218
0.400000000000000022
0.140255672320708874
0.207810122522934099
0.278993443345722625
0.400000000000000022
0.081290064605259199
0.389902831471333089
0.056794121310563557
0.041346915388452525
0.304153060331893765
0.400000000000000022
0.189267274195007329
0.400000000000000022
0.144949251411479851
0.179049011946522785
0.274057988580199918
0.400000000000000022
0.270706167735730641
0.341262516908570346
0.138556068810577360
0.159187759052746958
0.193895148141786849
0.400000000000000022
0.295320126810041828
0.073337412199294794
0.106806035788007320
0.118898393155221591
0.100125851483784695
0.161219790271195290
0.162480262177402857
0.106815464993458689
0.141128656038646938
0.171481285974096176
0.296884857381924383
0.284767330002742569
0.153225256994932668
0.180709729530379587
0.175035018036478973
0.251802370679237830
0.254985530393328386
0.241329875183941667
0.174691837632279606
0.309397364121388740
0.130583250934392714
0.212631890265664703
0.208854868666898508
0.270329627000949535
0.083715361976256314
0.378011513234117913
0.147917260633301018
0.177594445822185976
0.336944797167121335
0.337072716839764752
0.032047051104268323
0.101059638699749835
0.044774034052581548
0.078283384555254631
0.253445754576682170
0.316280628175840794
0.083517617799833174
0.397125544962856236
0.142327211399475712
0.148038190901688294
0.361301810381591593
0.358078190882511860
0.163474060501592550
0.338047080197846073
0.136032294288047667
0.116698623545492236
0.185300193138376396
0.324101189793312261
0.069317567049432718
0.035765118252107764
0.101225578920887682
0.148874665322915017
0.075837255583050434
0.023356396191242738
0.166286295646632026
0.169413364507192354
0.081348450467462530
0.194040349829659564
0.123469954582674957
0.042992041371021507
0.074294287622887076
0.047442340427998414
0.050878610657454845
0.169838457691730060
0.292691147760219761
0.110056943970535934
0.114887427944869391
0.143633578284126484
0.066057515538498188
0.144188897148543577
0.153349754965714513
0.062229908688927180
0.075443373449214660
0.133448884214635577
0.137122055345651778
0.189817478373662835
0.250086891282380708
0.029824090494249667
0.014480872424581579
0.123103554456799769
0.035995934441246026
0.080993367240606490
0.252339197663016990
0.101441585232402820
0.048125839333738506
0.039139245873377970
0.022795133601761032
0.081544172872415971
0.264358430125419042
0.072980754396183387
0.016650869967374277
0.007814106122109716
0.061697558982546453
0.070180574987691008
0.128353340423024292
0.044825604641468043
0.069917232224757139
0.027296299229712495
0.201943128223537549
0.195575817584927175
0.092324184123338024
0.022622862484636123
0.060532083699090938
0.029667884380985093
0.078104753651452197
0.141850206109594701
0.086717267517342128
0.053742914356367646
0.021882814156452143
0.048773886449890891
0.065769068495604294
0.098969485402054649
0.105578280186532800
0.064555551671634487
0.032669780100246383
0.104029036185421087
0.074462667190267007
0.074427081681634907
0.052801509606995825
0.028580787204971855
0.016501593736933072
0.100773073972655419
0.083484826052028921
0.099441880487240272
0.076011694268490360
0.004781195832089736
0.023794221822745362
0.097308853712062104
0.040903809952010914
0.125546224862058770
0.069305882987783979
0.021163950540753821
0.014318625228751268
0.014465085511565617
0.050795228052996251
0.051899360983692737
0.074222491035567509
0.030569263222814939
0.026202304894552792
0.045962343423970639
0.027145230893234115
0.033381005693351090
0.077189415875231038
0.019965322693732166
0.166997040562847976
0.088117322299530773
0.204372053886645533
0.204225868171628772
0.039686606146555739
0.006053648570950254
0.085045322653459238
0.027201149645735150
0.021502803389223515
0.071994851390998732
0.055857851809734745
0.015932898733936468
0.011680609932235714
0.016046129733123259
0.036086195390494513
0.103007817016197850
0.088287673777623032
0.021344372542211713
0.019329257210779344
0.072198715695776655
0.002243949237266182
0.043498873387154045
0.049829007811166587
0.014230279651829231
0.225524444288346032
0.114272043494257639
0.058769230894545200
0.107367167976847908
0.072197178175502891
0.004367258563417122
0.227476798154544163
0.187525229572684249
0.191718959526957083
0.329065109765177555
0.059170457979079688
0.005748468454943831
0.022187287338858996
0.042720503864087579
0.034350020742437523
0.079015328840130655
0.098617284140803910
0.025341501327747422
0.024988648308789049
0.053859275739550690
0.019873308565211432
0.045716436113506460
0.044155500449408761
0.018374606394631048
0.253278725348534073
0.282595612943895902
0.400000000000000022
0.390219124945686835
0.068342106538395841
0.021857015004616523
0.170294524845071849
0.060823003252434400
0.006455776760864069
0.060465148949357381
0.088124756131005316
0.018648973533922881
0.012697392626580237
0.047728508670979247
0.010166396660254002
0.032908898871522485
0.028061910020959209
0.015449761013698767
0.020079481425140468
0.052943567595231951
0.002498384600431162
0.023952061269837833
0.078404882519289967
0.026178189528486148
0.099396983582961812
0.118750619234110011
0.192619785832284840
0.247571448422924750
0.098390854175782749
0.010451924682027509
0.320906597868349408
0.381087208461437621
0.400000000000000022
0.400000000000000022
0.347243622573342903
0.009174527740659844
0.040756565239494301
0.041840129227475417
0.138012000850318922
0.238800378742451747
0.065124400117320902
0.012266465045607855
0.153307621711968545
0.183830080464088441
0.250262767188740465
0.312805979649397714
0.300040423549922552
0.235566777353986123
0.289849992281608571
0.400000000000000022
0.385960347036983564
0.374646935121156988
0.121738560165869800
0.027190834310128194
0.169404308320347113
0.119119827483994953
0.012598993550276565
0.050211752901296980
0.092393850913160228
0.053329725476778313
0.028538180249514589
0.077673717636617123
0.028771218713752929
0.134262906938220572
0.056649034869728790
0.043136345185491767
0.020275932271548797
0.012370513101355635
0.013203464803520675
0.154787582791649669
0.086296791636416792
0.024589603040737443
0.114648855400797348
0.064478763022533206
0.111223599690912722
0.140590909476759063
0.060532828776482264
0.032854855578487850
0.253500173320932942
0.185254836713245719
0.345559115128075744
0.400000000000000022
0.091106682481763873
0.053809871573400413
0.072256612670197701
0.034375923154470460
0.059452583310428721
0.118856168251067401
0.054185661850479794
0.047361655842977565
0.081866956440889496
0.030700467542649428
0.016958548260272217
0.051634832769187053
0.082223375138880644
0.035716769580800473
0.288495393663430022
0.400000000000000022
0.243890034884947537
0.223893779519456715
0.155701463875941609
0.072596810584571347
0.123968701658082714
0.231936068690200420
0.073176456425408432
0.181477020670936323
0.103066694933367495
0.047680950941628900
0.039431656087104493
0.251308780923627517
0.125516157220869728
0.143109439195203719
0.120098594172879214
0.064501767978103614
0.048473824311773300
0.070752983524396434
0.051586123106740982
0.333599605353575634
0.152203875131901034
0.041148221875524527
0.210773780235902930
0.260013999700353604
0.165275764079195947
0.145317332733677473
0.088816226297416298
0.022672236612915543
0.263078360580011217
0.210970938453118095
0.167206819784896543
0.309386208294966825
0.183353604644518164
0.075693889142741250
0.099988007434872933
0.058752408721661153
0.094821007060256271
0.226394684937440416
0.112740339224549124
0.059563631542389264
0.047132408985166144
0.080921890932477869
0.049814224091437750
0.090936748178704785
0.084332980953192707
0.085842012658920150
0.317120947714164769
0.393177844725673797
0.145355323574059697
0.136185257265660747
0.171613014371140987
0.187989979432300891
0.184123499094074605
0.171540912933522111
0.250464447944268087
0.296776431944588026
0.216722202973486988
0.155803337101764194
0.173630439111642054
0.393954940329142245
0.400000000000000022
0.400000000000000022
0.180462845437629776
0.100052960820131848
0.128228082788154535
0.229918218393515367
0.278233019143378946
0.359492023396844496
0.292412540888586259
0.134131679638668511
0.297166335848736418
0.200161715951516495
0.213280886098950573
0.185627562680435065
0.257113083373341933
0.134471973102941039
0.128426438309957119
0.154765866611712072
0.122806297027637137
0.057515785825813910
0.137070326948919408
0.126780646548073278
0.129192970245906952
0.096601665735696840
0.253251400738224219
0.200385472221022320
0.124533097192462500
0.147171783069462214
0.103929326786954129
0.105814919023494408
0.157434678575916420
0.153965661415174510
0.091697018733873759
0.113294534410410291
0.400000000000000022
0.320736863773199266
0.367904062202612070
0.108751831262055842
0.350105518593557707
0.400000000000000022
0.339198180836763563
0.400000000000000022
0.400000000000000022
0.371015734483444215
0.400000000000000022
0.400000000000000022
0.400000000000000022
0.400000000000000022
0.400000000000000022
0.400000000000000022
0.375416579861632682
0.400000000000000022
0.400000000000000022
0.400000000000000022
0.400000000000000022
0.400000000000000022
0.371351399977359553
0.400000000000000022
0.400000000000000022
0.400000000000000022
0.390016093305027678
0.332347698668530200
0.346761313015227501
0.400000000000000022
0.241676461209351823
0.400000000000000022
0.150112986062936021
0.077956520422985981
0.384392270535103830
0.400000000000000022
0.400000000000000022
0.400000000000000022
0.372438107269294716
0.388473270299635853
0.362603477068400570
0.400000000000000022
0.400000000000000022
0.400000000000000022
0.354168034728495007
0.288665835932326864
0.241042120532297510
0.400000000000000022
0.378712338506599355
0.117430646741386951
0.195159531173224460
0.146330266453322588
0.213030613199449659
0.288400124579340944
0.335525766323425068
0.210959226809464828
0.400000000000000022
0.240389809312362229
0.399842274682900123
0.400000000000000022
0.378297610222906477
0.316159014457884857
0.400000000000000022
0.312013668750384499
0.359756071760156448
0.400000000000000022
0.396235441809953404
0.397609100015959338
0.400000000000000022
0.257552465693984933
0.309213673511299469
0.400000000000000022
0.359837286480943819
0.400000000000000022
0.372704277241458104
0.215537354876545018
0.389483736894102206
0.400000000000000022
0.199823614257344878
0.314036551462794522
0.088112510528399385
0.129484723842862498
0.321440967232318520
0.400000000000000022
0.375379865308575478
0.400000000000000022
0.313894780366501147
0.230172511401437463
0.399932014714873496
0.400000000000000022
0.398642036471983263
0.400000000000000022
0.291989583542262177
0.226898986921880097
0.240894384192665262
0.400000000000000022
0.138727838425582423
0.072457861054661191
0.141050950824658849
0.211060407794529364
0.152254590837968440
0.101592739097027596
0.311114866438100934
0.307510810958107506
0.241569813394667821
0.287854667015830346
0.225384783485827495
0.125997405866596413
0.118361541555617650
0.121882710562945987
0.206085028241375368
0.257688268489395078
0.319882051888393470
0.147695269383039673
0.226144238522670904
0.294225395817661717
0.196521477482918316
0.175469039436977503
0.272914227400420040
0.108920732100138001
0.212942359699099193
0.269206554134135467
0.337150699441829849
0.251303694746775996
0.324772997711329892
0.173505588951576389
0.084000434100125282
0.186227175612919238
0.216309391941894746
0.168048898142757364
0.293891335789844388
0.201608480684716929
0.134642216907894297
0.118231151779154373
0.160391722717388524
0.130729011198928380
0.288587912512699163
0.101422024881009154
0.078614225266333007
0.112115887273199169
0.191403566163487582
0.162774664333530550
0.176494321241397301
0.140805592995458140
0.094801127678010730
0.044289114584321970
0.242086609855159951
0.236914560273495139
0.125704891005384956
0.035537669048183632
0.105116370294322040
0.123928257089383154
0.183713829575645582
0.151214757889384738
0.114489556141094947
0.070607175422098711
0.029529480389615999
0.083574703426187544
0.108199311020495514
0.111368409480610359
0.140867100338263135
0.096267983857221615
0.043589209134983382
0.144825115304838353
0.140843959112210482
0.083469616011345033
0.081194657898530545
0.051872331618673398
0.099057096686202911
0.183171244001505196
0.167377839937768308
0.178330721100187273
0.106825325536138133
0.026536477030917063
0.178868117254626702
0.160873089722984530
0.100384066405033098
0.272988581013162646
0.137205040185813532
0.045606125504784753
0.057283065618004995
0.043464436307752277
0.118534049715536022
0.107076188145437651
0.105592271879658903
0.055263989114655132
0.052692515961231298
0.080010880252027183
0.058434012968271290
0.059715058280680591
0.092904844561304684
0.041388011143691797
0.235949564613960661
0.095360872444477746
0.212427226075709075
0.212207728156508513
0.043123287974780752
0.008550295482128680
0.116709233682285210
0.046156927160737674
0.024163668808019963
0.116158892130085789
0.064622993051972694
0.018581795142307685
0.019011139381950544
0.036823912539750564
0.056924576601713107
0.115207892784726942
0.112048997408868548
0.045673009179004735
0.027378535953345936
0.083540824492882457
0.032075406444098682
0.078118301468160234
0.086995254234326733
0.028239978305131003
0.265033853067028202
0.136039085686265465
0.172509796720872438
0.193768402932695316
0.096240666689813681
0.007922344639181433
0.348244396414328528
0.273762765413584797
0.372551990015356882
0.400000000000000022
0.086787534903692759
0.006355707621419279
0.045627561752210499
0.059653178041060823
0.077119194735191063
0.137851708954517621
0.102713142199298779
0.025341501327747422
0.086973634550534251
0.075310263897814367
0.049425477842458494
0.057109419008786286
0.051495546222649166
0.037829133064010603
0.374709808424898372
0.289271597266015978
0.356762095948014890
0.341184481064425504
0.146435336778182740
0.147069273306218246
0.310154646340358220
0.260934329112167462
0.277005314157355353
0.229064966314027812
0.173234153622193909
0.189270244857429465
0.219741589671564930
0.256043883595810762
0.288512982873113499
0.249242099586480970
0.157252112423908685
0.174622918555789375
0.225094202179726005
0.268070528282388920
0.255555441918570381
0.221481173254351432
0.135864481971927131
0.178247158383698479
0.298373772119858494
0.299126813723822382
0.272021636250206034
0.188787201226892770
0.160439920774953337
0.198191756661367541
0.209769541475766513
0.265894189359830391
0.306574770320803935
0.318527355998883488
0.191792271007174997
0.212192870317722410
0.173566313463207028
0.225625254495408739
0.268667195898301958
0.230009829633872148
0.171483524125145198
0.199483075099342100
0.204793986306864517
0.203012568204437721
0.119857204924049596
0.095819022864582382
0.109273867547212883
0.197340382547955384
0.278334088210907993
0.269032454359154127
0.314137786030656230
0.296901258927334433
0.249831987326578964
0.177550904055165770
0.163327552316985092
0.219166549101084712
0.236767902176047790
0.232580767336951544
0.323346643653841415
0.225758090187438698
0.140557120199699709
0.212571952817144721
0.223034410389032295
0.231154229949300488
0.324628605732137088
0.210911076876243803
0.170733045980218434
0.226841913328946654
0.198271147949943771
0.232932057509333990
0.288177766883937481
0.208471375934960124
0.245224357595277553
0.271909400002293800
0.219850396614785171
0.210584986942227659
0.285307125150832452
0.226102476153889204
0.215363457291213395
0.234919863519653632
0.180773016045275986
0.336051342781916951
0.337002806539322020
0.242651774030669842
0.165942888185367426
0.208745987286756307
0.135069813334671551
0.223891018834845135
0.291364407913464019
0.239647473606280220
0.188678277761873708
0.211035334405529323
0.128852392410602340
0.095223550917291636
0.103541401038529698
0.177512100570651227
0.329564962444014342
0.258142070138492996
0.230098759608963643
0.210269850572600531
0.149672269006421249
0.150219136433895950
0.252540115393158626
0.203467234505448680
0.216693590072258441
0.204189462704619518
0.178037482947276310
0.187803750329798791
0.232816444700151337
0.269553665003910758
0.289996122934865930
0.229346496654484117
0.156072486145417855
0.176478591676984348
0.219782536311321997
0.265807495374764780
0.242673912138052728
0.231098253081406552
0.152009338395975330
0.187647000308401729
0.285705812947693816
0.305505176344247065
0.325617399076875758
0.239684038201796928
0.165716734391843645
0.197358518526424193
0.297377757690143629
0.354817840444691834
0.309733239640398839
0.313664188783377540
0.178137391069908418
0.202774295667201510
0.195982966835345135
0.233287869833302380
0.248848453086719879
0.189084630765641221
0.149701022349684965
0.189846021352349625
0.209666420709837487
0.265593620591177915
0.312031865798876318
0.253341429203188584
0.164851036742838103
0.199527161592955693
0.251652182595879792
0.241771673769277384
0.271160322616983029
0.178553571069368061
0.135833697564923112
0.180433618484192759
0.178239203410545166
0.178454026897182066
0.181504848124029311
0.167567335410613388
0.294369850913810904
0.230710701971248155
0.139609379944756640
0.229812279564497707
0.237458010750000975
0.232866618742627429
0.304055065218457099
0.209682548604272628
0.145366738895626235
0.217631075144134045
0.196723083208340532
0.214327109353874973
0.298644026437275778
0.226581859920477136
0.196384916036751400
0.260575853726426998
0.226695929266046592
0.252076035855085701
0.345605459581318830
0.231988490223952709
0.234627907595317542
0.320091995607407476
0.254257307484039241
0.338994770016399161
0.329694354704983594
0.231531757783459163
0.199952156167317208
0.222278836484585074
0.147361065579519418
0.203860798607853555
0.247910036949213014
0.218787204779766958
0.199866182215050231
0.217557566083191795
0.169295845839366327
0.247855978717043512
0.282764569176678582
0.242970409622273925
