0.400000000000000022
0.400000000000000022
0.400000000000000022
0.400000000000000022
0.400000000000000022
0.400000000000000022
0.000217613732192570
0.000000000000000000
0.024184787906567091
0.087023956799595292
0.112056709276794481
0.108550719671710885
0.000000000000000000
0.000266704706482061
0.124345873960006320
0.343788533095712390
0.155812906312755350
0.052968546735550841
0.000350261797461843
0.001014304237827775
0.046375618131976194
0.225446024473026141
0.072715192652796190
0.358055279006725846
0.000022388426072243
0.012479969684026929
0.034302152557555574
0.141017148858063185
0.400000000000000022
0.400000000000000022
0.000000000000000000
0.015381595955284620
0.106787746571986447
0.231877097669618060
0.400000000000000022
0.400000000000000022
0.000000000000000000
0.018565435245278809
0.122995092610364912
0.096826097851004267
0.036234881590550570
0.018417574031048548
0.000000000000000000
0.017531192537446543
0.246408398054403094
0.217777549996146819
0.039875658074228583
0.018421738483041641
0.000000000000000000
0.000944649573485350
0.008189609457949037
0.017381410098413253
0.068561403483002589
0.180358695183969020
0.000000000000000000
0.009109348172225503
0.020313593392387828
0.062196825843794885
0.182623066967985664
0.154952155422941551
0.000000000000000000
0.002517518004939519
0.375422148232712805
0.385721657710106136
0.137702867536689422
0.050832269546205511
0.000000000000000000
0.021124672891333390
0.373940504320376399
0.368473495786176497
0.155653576175443953
0.400000000000000022
0.000000000000000000
0.164520882706210653
0.197799099508300824
0.113302319623157038
0.113563417735793135
0.155752926532817193
0.000000000000000000
0.015328027042912581
0.031176271233431738
0.373510551328292251
0.090880703249695841
0.041723021607394842
0.000000000000000000
0.017902795406697463
0.053777211232135975
0.115912473503921643
0.014002552742551610
0.017624029716114681
0.000000000000000000
0.065973065462973407
0.197228270277500173
0.093911596569871136
0.041502222065607053
0.065988423866058604
0.059593599252282414
0.009913799907930728
0.007821084646120167
0.018850185387305929
0.057411313574514240
0.211513429043329759
0.000000000000000000
0.010447459022179074
0.018929233911690810
0.066915477603906981
0.242209768454824281
0.161690781640711323
0.000000000000000000
0.003917508232442239
0.189970910224910611
0.140298357519741040
0.204338900471349755
0.049934025671989318
0.000000000000000000
0.021852497859653496
0.244993022061728682
0.059488370474572685
0.159059492488018733
0.127858089774889522
0.000000000000000000
0.119062225858652920
0.322684595848904743
0.083953657044998936
0.123846279389007718
0.067574443454206809
0.000000000000000000
0.033031524510348791
0.063274051783629243
0.104181627904233312
0.062256140323547315
0.034696919736282861
0.000000000000000000
0.062715848158562654
0.132558857902029981
0.009013935894531899
0.007312721722041116
0.007646106360444298
0.000000000000000000
0.069090580595418172
0.113203583687396414
0.025014612774633814
0.037872763114575998
0.013330290441237475
0.000000000000000000
0.008534509490267201
0.011325144277173509
0.037083670813565034
0.150335305727648111
0.150460752046143786
0.000145979729406006
0.061363162584197078
0.068384606580591339
0.057017835560642799
0.339436697156636880
0.213805080947462117
0.000676442266462375
0.066072306013689450
0.057940692414486308
0.017889748077011953
0.089638878116107296
0.082449542676723026
0.001397834992824002
0.037080326265165255
0.305675251179712060
0.018647839978313249
0.095252541139459024
0.018788476164707673
0.001416860906780914
0.054093674154260245
0.315828458410994439
0.075610479827331170
0.076760171793090679
0.015361920339185634
0.000268751344062637
0.051322649915900020
0.102689654576005984
0.078631711433420765
0.064656374622206539
0.033033570021955248
0.002075705434045736
0.095958922390412663
0.184358792637069446
0.003776650992657904
0.003562523158051897
0.039143367110132617
0.004474050439553470
0.045581227213585665
0.092141690930401851
0.007045440851358103
0.021439411323615602
0.045361794235222484
0.400000000000000022
0.027265533482749658
0.026576165975945563
0.020805950841040990
0.077441040374554612
0.142111490093352277
0.400000000000000022
0.085881007381334654
0.086182705001687940
0.032679866114795966
0.204442436488184387
0.151211417067463827
0.400000000000000022
0.186148683410409438
0.137542079022920705
0.003340698585937060
0.102192248664251667
0.077029507284985740
0.400000000000000022
0.077962529013376927
0.277138646598263150
0.011107253232955288
0.033463303964953964
0.024107239972645571
0.400000000000000022
0.079036357814467689
0.265003086609353122
0.033421892944203627
0.032520708680659399
0.017363007937484430
0.400000000000000022
0.111298592756989154
0.124977317007470973
0.008276279722618945
0.007541852799950162
0.005291452889851831
0.400000000000000022
0.075132841683890172
0.252722907958429832
0.007159184167136101
0.003319563176684897
0.102142245286215447
0.400000000000000022
0.026706806797300857
0.074291349466758486
0.020289595791037892
0.025976582697906703
0.115314414160769887
0.002846497370070374
0.007446559099793316
0.006903515280903300
0.008871399638461426
0.069846780340233949
0.052904634035108436
0.166306335310623027
0.006224990382094065
0.005243821852354665
0.000932204615576339
0.075717680481337341
0.121645672656823009
0.323057257667530906
0.056745426224693536
0.041330121320817433
0.012234490050307726
0.045340016725879236
0.044002197531610360
0.298368387723009998
0.088436259873330217
0.211836229551929017
0.035216513320917311
0.036436106433511778
0.014632389094481203
0.060472492697430220
0.055525881170133212
0.157088174736810526
0.009630507111962304
0.024366324489575826
0.020326472481463440
0.191820101992163317
0.043685564037319317
0.049347822424858696
0.000000000000000000
0.000413179500261827
0.007813120352128583
0.149350055311065238
0.082894709381364784
0.262513190857679213
0.000000000000000000
0.018897826414569229
0.193881914883647255
0.168862805269344662
0.030113810003872307
0.095136145971582736
0.004667878228686249
0.030277714886384609
0.157352164860169647
0.002865581801135794
0.010507918930099891
0.008149015694727379
0.003168685843174969
0.014245227980258776
0.016720821007985498
0.001095648466776631
0.014715903589161080
0.010077128009838170
0.007885699633488188
0.028249762820303299
0.067828145035201376
0.000000000000000000
0.015558082652666434
0.006820977517702552
0.000000000000000000
0.076702444950843079
0.102698444773901137
0.002191540278748955
0.086610060168470615
0.359785258577603906
0.014313443382309887
0.099745821565145332
0.010897256692565190
0.005148866899988970
0.048336277190308460
0.258743568219332587
0.009464032740873957
0.003945792228349120
0.004596043628029699
0.000657673295304081
0.016960260754152190
0.093471986847648347
0.000000000000000000
0.000560449448807235
0.007769675419874899
0.000771246523670229
0.014294863531902197
0.267824238603032450
0.007239941191650342
0.033470491165902790
0.158355945257258213
0.003277833600599439
0.032671830406040922
0.030324317443830340
0.006866197787295562
0.087782855954184488
0.254179643803015054
0.003151527193103831
0.004447292064056479
0.006054826491988330
0.007832335526561695
0.013185696859488491
0.027924102689143093
0.002583778071563277
0.002898676271651489
0.001133652400173759
0.008194330059467811
0.026066369982261452
0.068215540484179979
0.000134628562298243
0.009339631180426017
0.000909820616815360
0.016502739408683423
0.108593660352042959
0.071819396743605379
0.000000000000000000
0.035140156773255639
0.227240921326554518
0.007702227572570797
0.170207507264860031
0.160121458048359977
0.000017270190431757
0.011948520561233800
0.141121811101103223
0.023893181768722037
0.142696658349945382
0.279492989006332404
0.000251212750140084
0.005105035269892031
0.067909915743840560
0.025250799276378071
0.011029435776951436
0.001222131878563664
0.000000000000000000
0.024824395534581954
0.169688414454079117
0.013957894185914550
0.058474666835359755
0.324677718238523982
0.000048694181320703
0.006154845156714351
0.008906858530246300
0.005846161762944118
0.079980152997145532
0.400000000000000022
0.002469372587702987
0.005897107862509528
0.003246529696344019
0.000000000000000000
0.000000000000000000
0.007700749933194298
0.002446120632903311
0.005447539073352390
0.003882241576550677
0.000000000000000000
0.010490123442948565
0.028758908137053688
0.000479729965264756
0.000225684725648156
0.000423998131714570
0.055777541381958951
0.252752110223501636
0.259254232224667480
0.000000000000000000
0.069559424454299204
0.157039224591046689
0.033964852634792229
0.094261061065935431
0.264569877856656643
0.000000000000000000
0.013871288154687625
0.085106603934828579
0.077043398090688775
0.044473664111245988
0.386769608614166260
0.000000000000000000
0.007761878517652817
0.151573094129649144
0.061834679569444648
0.075579238431484216
0.017619136583063053
0.000000000000000000
0.025669976104136311
0.073389405012740619
0.169778544791654384
0.400000000000000022
0.370417893330110715
0.000000000000000000
0.007652286302514582
0.009503209285616418
0.039852622999377627
0.286571269261322314
0.375469349388371454
0.000000000000000000
0.000000000000000000
0.000000000000000000
0.028729400067190908
0.029120655868328533
0.004555709058415380
0.000000000000000000
0.000000000000000000
0.003736915563295375
0.032278184400763979
0.015106408144331377
0.029059213103120325
0.000000000000000000
0.000000000000000000
0.000890778915434033
0.063739183096052671
0.294575685407147569
0.370642016084932080
0.000000000000000000
0.019068293005608226
0.072201628056860478
0.035916372662710673
0.227031697283649525
0.396900222056506324
0.000185704744397173
0.018214664030024107
0.108971846999591268
0.107788688081394232
0.031703508857314489
0.340237061125172713
0.000012005632155185
0.010324369574230989
0.173195203734465841
0.152902313851169286
0.123872119215828455
0.021551916118302379
0.000000000000000000
0.007819825594751247
0.175530567273739890
0.400000000000000022
0.400000000000000022
0.230003805084842999
0.000000000000000000
0.005263090668495824
0.024426754651547519
0.106021225824870696
0.137146670638864265
0.390521974481899403
0.000000000000000000
0.002500896222569195
0.000667207314910189
0.024710686052299917
0.054852796082253838
0.010286597139934409
0.000000000000000000
0.004157327699413750
0.000474711185531020
0.022232534294304815
0.026109888471582132
0.036785690546296795
0.000000000000000000
0.004080552024793325
0.001135226506317242
0.144981147787765524
0.323008705532582985
0.309961656377464534
0.000000000000000000
0.021008588763700653
0.049624267306096898
0.110962661675511789
0.289898713506591688
0.297132809846734847
0.000000000000000000
0.012446395321239125
0.065344949289181886
0.249247292527619180
0.058140995585017105
0.063827882249925388
0.000000000000000000
0.032019135944049218
0.110387703806860804
0.161748338592324292
0.050013179953214797
0.041062098664436726
0.000000000000000000
0.069109559534829029
0.338652997289566660
0.400000000000000022
0.153824530704948281
0.094049217101754554
0.000000000000000000
0.001639101104228523
0.060326342656688528
0.120179472973117665
0.081486511228023376
0.331537004993691042
0.004974821399435333
0.017363499377133062
0.018246708803618474
0.045364419586000071
0.062151988939357472
0.012144515911083842
0.002537975819851361
0.020781868283661430
0.017647275027682256
0.076778306903868304
0.024012010238356234
0.042716708367659895
0.001655796857914310
0.011043739408019847
0.043386413360572806
0.261431649718849024
0.116903995933076293
0.218236528291690796
0.009838833291033112
0.088839899974764353
0.155781358673176273
0.384233784046125626
0.163385635961367681
0.116848514880812993
0.004624652156531914
0.025265258236604429
0.126322055453708948
0.400000000000000022
0.211425079187962606
0.044352577180039071
0.001547933174196867
0.032691740015312269
0.046150417113018073
0.132629468560013730
0.054073981321618204
0.058679595210401420
0.000411047704521385
0.076364221213779226
0.400000000000000022
0.287900284472311752
0.022630404223128574
0.043927537145120016
0.000472454311581521
0.018078825100606703
0.199945177261548424
0.087004846076368020
0.055524434637143016
0.032615781366377140
0.061919535408127543
0.069842387772361861
0.044581760459270092
0.111664346789723659
0.096598871484614296
0.018011166958835419
0.122478543971416234
0.127909312730629804
0.101523654350608145
0.230085304860068618
0.075499819599650811
0.082941167998719575
0.249742360622265319
0.101396495744951631
0.083369741633122052
0.184820197860040086
0.109771264640834920
0.090305802788704134
0.014446683294475356
0.054570000399379787
0.209838496549708348
0.394196737066246028
0.297838055367171006
0.059724848736431413
0.022125186370921007
0.049014143213480924
0.290548325236400840
0.400000000000000022
0.375718757450985041
0.012115874135909031
0.027504479798363998
0.115035629406908438
0.175304807863743889
0.216420095829692655
0.031710189982277842
0.026658935902374500
0.015327576050424997
0.339283320621865558
0.398745652903792047
0.081297913459263432
0.005632433780090152
0.037347126449963595
0.037869042442231410
0.182336278762305709
0.042228506305286961
0.037395595814326568
0.031052795265973213
0.029921925338321033
0.229895217468432000
0.268759869176305288
0.187741042710403261
0.167957908800625416
0.038883876234168294
0.025436900869375400
0.361873213327441379
0.311577236312816808
0.343791777107249397
0.293564880666661976
0.058796598951525725
0.081942935321612287
0.342478636733930364
0.288662807957235312
0.291943828104241909
0.206569408247623265
0.048118290139537258
0.062348711011244437
0.176177510325842196
0.347474689335910247
0.124408982350855055
0.400000000000000022
0.400000000000000022
0.055652346415302284
0.185475443600349871
0.347338875601645058
0.187667576568157829
0.400000000000000022
0.258245633695538879
0.025479915138936042
0.305094846607291470
0.298493411202138015
0.155164876409531000
0.233141099955391784
0.053546743927296421
0.139169032123038411
0.336515856467522745
0.360569209440098404
0.167684603547351957
0.044199934334978513
0.009318721665365671
0.121618043952707866
0.398364714474429227
0.388341674965500094
0.219999021566093522
0.235342549084865238
0.071664040627817102
0.004894868692962099
0.192817710489144228
0.287659764758380176
0.234109060104151667
0.058955824005707223
0.040531858118272243
0.000687147568488961
0.137317792426479512
0.288697200174328927
0.367752040689286797
0.183389829796256537
0.015770862380885296
0.017715157096761591
0.141807966326649687
0.289928328820064585
0.387133586060849466
0.178549811126455404
0.023268035766986252
0.008102897091374350
0.357384857356427221
0.242061991767208523
0.053885406323908584
0.183310596158840933
0.130921556293593422
0.000000000000000000
0.371644606051857229
0.304010011225860133
0.075333807158654023
0.174947200080257048
0.072996587266800250
0.012438213975963975
0.258511800993054708
0.252262474805034109
0.135524479961076305
0.119462702388192718
0.021628066789351065
0.118125506342795131
0.244124517686949094
0.268446758127882268
0.124103371678265698
0.008179191839245115
0.000905047570911556
0.105178168688221413
0.161645197827555570
0.236620695336360959
0.093739067273703458
0.334307369240372076
0.130986834047139455
0.038440129425243434
0.005750110131914592
0.020200469027453385
0.097919763254206899
0.073502832185111430
0.023661688920981645
0.016328644328191574
0.017658932978914153
0.092351962533362933
0.143306172624819567
0.112319782046082145
0.016293709585439291
0.035964160463462784
0.069850581524148622
0.053702179567728381
0.243205219133691419
0.171079469580214638
0.036283904729021543
0.004827955427974739
0.220125230537996153
0.076995734292523654
0.123570626291303790
0.149397885345557646
0.056175832484215892
0.025234813670176905
0.057153037659266506
0.125851044426051578
0.049109822816864997
0.099544313317744090
0.072043445571704778
0.017470440015559762
0.038669547905762922
0.067180972826167265
0.050483295229358058
0.058702049506234977
0.067229387324422504
0.022277428062443577
0.013858690010166104
0.058944733816005290
0.039921571174526063
0.017760295754089755
0.024075407126506292
0.031052881704851404
0.008245537473875962
0.034560451244759226
0.045122335751157788
0.283681870568403549
0.090234444258457391
0.018217200814189781
0.000263377722093175
0.001551616154104092
0.041347710599724662
0.042757293727780116
0.023304628240728646
0.014204261078602910
0.002691433675919955
0.003313046594744052
0.078170549226362296
0.055694808479096358
0.026095867064795528
0.051385058304889486
0.015175746498038331
0.025563915949461516
0.074381983694757875
0.187608306366102623
0.048879156441525552
0.025183905029061655
0.009419626918850300
0.008910028523216911
0.020799724008026758
0.082939643186541068
0.036994188476826659
0.019398944079020250
0.007620272639451564
0.019200160234546380
0.020935393807269748
0.057226122798177986
0.087122154144604488
0.042329804792843852
0.000601192695440499
0.010366846819584165
0.027535697875782618
0.044400821967100379
0.098000478107355973
0.101619180687875968
0.000376031228621666
0.009663160508695002
0.040743216686748879
0.035625972676763352
0.068476417727321034
0.122972528266503484
0.000423205500740590
0.052052655486408798
0.244466901446370038
0.400000000000000022
0.031923060958479368
0.047418685347319384
0.057562123672587825
0.086005531171961969
0.013499048940821302
0.044217821443932222
0.066284775857674089
0.052683278667588623
0.000877228999252855
0.004994471483115347
0.078734824645518856
0.090367246120103550
0.053326709175368775
0.053833254008398591
0.000426389384024679
0.002469933071892069
0.079797825080367826
0.338565833819194140
0.122094862144576960
0.058964617214738085
0.007655872652336485
0.033395910747514544
0.042919612793220978
0.277593180456122912
0.102706416296813027
0.053429742793911453
0.011161874324110367
0.109993584880145198
0.078241567111849736
0.115538748796579258
0.108490041774989734
0.226772635455920912
0.000000000000000000
0.002308290058881118
0.065065258793262401
0.117863203661206645
0.164792408598345846
0.296076096896450147
0.000000000000000000
0.015061379452389112
0.113378620191992061
0.043832278583869184
0.076085563367052689
0.057286253032438963
0.000000000000000000
0.057699952487298568
0.400000000000000022
0.284228240229072060
0.026584822966325340
0.019569460716162269
0.400000000000000022
0.400000000000000022
0.400000000000000022
0.400000000000000022
0.400000000000000022
0.400000000000000022
0.000217613732192570
0.000000000000000000
0.027921703469862467
0.119302141200359257
0.127163117421125849
0.137609932774831245
0.000000000000000000
0.000266704706482061
0.125236652875440335
0.367618883307814670
0.354645970951749989
0.387787775680607627
0.000350261797461843
0.020082597243436001
0.118577246188836666
0.261362397135736835
0.299746889936445715
0.400000000000000022
0.000208093170469417
0.030694633714051039
0.143273999557146842
0.248805836939457403
0.400000000000000022
0.400000000000000022
0.000012005632155185
0.025705965529515609
0.279982950306452261
0.378310115870242547
0.400000000000000022
0.400000000000000022
0.000000000000000000
0.026385260840030060
0.298525659884104788
0.400000000000000022
0.400000000000000022
0.248421379115891572
0.000000000000000000
0.022794283205942369
0.270835152705950599
0.323628019636798936
0.177022328713092814
0.397083820550705568
0.000000000000000000
0.003445545796054546
0.008856816772859225
0.042092096150713167
0.123414199565256427
0.190645292323903370
0.000000000000000000
0.013266675871639254
0.020788304577918849
0.084429360138099679
0.208732955439567769
0.191737845969238346
0.000000000000000000
0.006598070029732844
0.375892736712856612
0.400000000000000022
0.369802151016491609
0.326415909458885323
0.000000000000000000
0.042133261655034039
0.392214847420627843
0.400000000000000022
0.391978612907158519
0.400000000000000022
0.000000000000000000
0.176967278027449826
0.263144048797482710
0.359037435022849349
0.171704413320810267
0.219580808782742581
0.000000000000000000
0.047347162986961802
0.141563975040292556
0.400000000000000022
0.140893883202910630
0.082785120271831575
0.000000000000000000
0.087012354941526482
0.389720306974599695
0.400000000000000022
0.167827083447499886
0.111673246817869234
0.000000000000000000
0.067612166567201912
0.257554612934188687
0.214091069542988788
0.122988733293630442
0.374240610280741404
0.064568420651717751
0.027277299285063793
0.026067793449738641
0.064214604973306000
0.119563302513871719
0.223657944954413601
0.002537975819851361
0.031229327305840500
0.036576508939373066
0.143693784507775285
0.266221778693180533
0.204407490008371218
0.001655796857914310
0.014961247640462088
0.233357323585483445
0.350195943816525967
0.308857330900260019
0.268170553963680114
0.009838833291033112
0.110692397834417838
0.384800969772294277
0.400000000000000022
0.322445128449386387
0.244706604655702542
0.004624652156531914
0.144327484095257308
0.395071494378378296
0.400000000000000022
0.335271358576970324
0.111927020634245866
0.001547933174196867
0.065723264525661060
0.109424468896647323
0.236811096464247028
0.116330121645165513
0.093376514946684280
0.000411047704521385
0.139080069372341880
0.400000000000000022
0.296914220366843618
0.029943125945169694
0.051573643505564315
0.000472454311581521
0.087169405696024882
0.313148760948944782
0.112019458851001841
0.093397197751719008
0.045946071807614619
0.061919535408127543
0.078376897262629058
0.055906904736443608
0.148748017603288679
0.246934177212262435
0.168471919004979209
0.122624523700822247
0.189272475314826882
0.169908260931199484
0.287103140420711389
0.379892073652126516
0.296746248946181623
0.250418802888727698
0.167468801758641095
0.141310434047608346
0.202709945937052050
0.199410142756942188
0.172755345465427146
0.015844518287299356
0.091650326664545048
0.400000000000000022
0.398269074012333135
0.374083034922594426
0.078513324901139089
0.023542047277701917
0.103107817367741161
0.400000000000000022
0.400000000000000022
0.398294188295033824
0.027477794475094668
0.027773231142426635
0.166358279322808444
0.277994462439749901
0.295051807263113419
0.096366564604484395
0.059692505924329751
0.017403281484470734
0.371060594712144143
0.400000000000000022
0.085074564451921339
0.009194956938142051
0.076490493560096212
0.042343092881784880
0.227917505975891388
0.134370197235688799
0.044441036665684677
0.052492206589588815
0.075283719573543517
0.400000000000000022
0.290932315286920706
0.214317208686348820
0.188763859641666393
0.116324916608722920
0.167548390962727667
0.400000000000000022
0.335467525424177127
0.377854828011254307
0.326244746781457984
0.263239035439710167
0.233154352389076142
0.400000000000000022
0.339319680662263645
0.378035941861369018
0.209910106833560317
0.150310538803788946
0.139378218296230150
0.400000000000000022
0.371766672051196956
0.385157522053902857
0.400000000000000022
0.400000000000000022
0.079759586387947862
0.400000000000000022
0.371320807373744954
0.395847302672879042
0.400000000000000022
0.290766342376198306
0.042842923076420472
0.400000000000000022
0.332552947959819045
0.280142193417002028
0.241417379678010718
0.061088596727246584
0.144460485012890216
0.400000000000000022
0.385449823393398006
0.399869295125046320
0.051359118502114609
0.012638284842050571
0.223760289238923327
0.400000000000000022
0.395793048028920014
0.294290371032852049
0.255632144875903133
0.097640623325723805
0.120209282853731975
0.195664207859214595
0.292462693010730079
0.241012575385054995
0.067827223644168655
0.110378638458506220
0.053591781603597392
0.303624127737102567
0.292138127833155681
0.369824620920840175
0.184322034411832869
0.091488542862222633
0.139360829753584603
0.400000000000000022
0.305370532225388958
0.395092446220089655
0.190784301176763121
0.068608052492865473
0.052105094622984724
0.400000000000000022
0.302978416912398241
0.265721635875837581
0.218527109479758258
0.167357662727105172
0.014632389094481203
0.397650689998380824
0.320858179975408719
0.232421981895464536
0.184577707192219359
0.097362911756376083
0.032764686457427417
0.400000000000000022
0.280879956894344140
0.184872302385934939
0.119462702388192718
0.022041246289612890
0.125938626694923728
0.383034847229906106
0.316348473223762805
0.385428253857740266
0.008179191839245115
0.019802873985480786
0.299060083571868640
0.330508003096900260
0.253986056623650425
0.188875213245286194
0.337531187371061470
0.161264548933524043
0.195792294285413088
0.008615691933050387
0.030708387957553273
0.106068778948934281
0.076671518028286423
0.037906916901240428
0.033049465336177072
0.018754581445690789
0.107067866122524016
0.153383300634657743
0.120205481679570347
0.044543472405742586
0.103792305498664167
0.069850581524148622
0.069260262220394803
0.250026196651394028
0.171079469580214638
0.112986349679864650
0.107526400201875885
0.222316770816745085
0.163605794460994269
0.400000000000000022
0.163711328727867533
0.155921654049361230
0.036132070362742096
0.062301904559255473
0.174187321616360052
0.307853391036197577
0.109008346058618047
0.075989237800053899
0.022066483643589464
0.039327221201066999
0.084141233580319455
0.143955282077006419
0.058702049506234977
0.067789836773229750
0.030047103482318475
0.014629936533836334
0.073239597347907498
0.307745809777558499
0.025000236945740099
0.057545898292409081
0.189408826962109589
0.011523371074475403
0.067232281650800155
0.075446653194988139
0.290548068355699129
0.178017300212641894
0.272396844617204814
0.003414904915197006
0.005998908218160571
0.047402537091712993
0.050589629254341816
0.036490325100217137
0.042128363767746001
0.005275211747483232
0.006211722866395541
0.079304201626536050
0.063889138538564177
0.052162237047056983
0.119600598789069479
0.015310375060336574
0.034903547129887531
0.075291804311573229
0.204111045774786004
0.157472816793568504
0.097003301772667042
0.009419626918850300
0.044050185296472547
0.248040645334581283
0.090641870759111856
0.207201695741686676
0.179520402127380213
0.007637542829883321
0.031148680795780183
0.162057204908372943
0.081119304566900030
0.229818812494549884
0.321822793799176221
0.000852405445580583
0.015471882089476197
0.095445613619623185
0.069651621243478457
0.109029913884307411
0.102841312566439622
0.000376031228621666
0.034487556043276954
0.210431631140827996
0.049583866862677906
0.126951084562680783
0.393949782520174985
0.000471899682061293
0.058207500643123147
0.253373759976616320
0.400000000000000022
0.111903213955624900
0.400000000000000022
0.060031496260290820
0.091902639034471503
0.016745578637165321
0.044217821443932222
0.066284775857674089
0.060384028600782923
0.003323349632156167
0.010442010556467735
0.082617066222069532
0.090367246120103550
0.063816832618317346
0.082592162145452286
0.000906119349289435
0.002695617797540226
0.080221823212082405
0.359419542331571140
0.327378475699792337
0.303006486444502565
0.007655872652336485
0.102955335201813755
0.199958837384267618
0.311558033090915121
0.196967477362748472
0.317999620650568082
0.011161874324110367
0.123864873034832804
0.163348171046678314
0.192582146887268046
0.152963705886235757
0.400000000000000022
0.000000000000000000
0.010070168576533936
0.216638352922911531
0.179697883230651279
0.240371647029830049
0.307157988250677694
0.000000000000000000
0.040731355556525427
0.186768025204732679
0.213610823375523562
0.400000000000000022
0.394443156537853112
0.000000000000000000
0.065352238789813138
0.400000000000000022
0.323822840164234793
0.303680502590116974
0.386545971680109179
0.165683103286515976
0.184848630804353264
0.151925726784434806
0.148822385577180027
0.166854320298572195
0.164884679830701458
0.155212307498400037
0.189067795041438780
0.193974572192140260
0.198198891814317685
0.217076848712113107
0.199925383996203215
0.198175050765301841
0.176697305747513078
0.204524886847324977
0.251532664319186083
0.178662364549602853
0.162483519680284877
0.185054709272143458
0.194987365981995175
0.307373598245950563
0.299899278357798560
0.263348267966589555
0.264183281540743109
0.139244279937492582
0.256001719846638276
0.331244227392841484
0.305032480303723430
0.276169946378065856
0.280205237548414809
0.150319955050440462
0.166084320573475913
0.182343964550684995
0.236845658934668801
0.178728370363759964
0.212919605792987715
0.140842288905212859
0.232798166874940010
0.386442541079985324
0.212305992064791421
0.166799407768470964
0.240356669080310337
0.143798866544489118
0.224616149510030755
0.290298741837885232
0.323985015874229954
0.218741092744584392
0.250184514879733033
0.157852559181826640
0.113823901965670674
0.130513579945203489
0.132727851074897901
0.159392427257490504
0.176777909306392783
0.138897102378149395
0.082435286591635903
0.183289094464400060
0.187837327434182688
0.194109578567038005
0.213062003733395899
0.173443543539250067
0.078757280729133808
0.235541707087536606
0.259007959524721276
0.196124117561872396
0.161898504495360945
0.161748851503997870
0.104617947718363719
0.360710007128946519
0.318495767566511156
0.294750071098353772
0.257036929927723368
0.124106956809477628
0.122740078681276260
0.376177172042320540
0.326027877828705459
0.286109877926319534
0.263734223744349350
0.135997799110041367
0.080436593966819861
0.187330908429285070
0.242148953614085699
0.156153075579200218
0.155498683749714928
0.129485938476746054
0.139101041789780278
0.375867634905498849
0.201286173233370891
0.153824928102090058
0.225218124736604103
0.137627919782268349
0.108502679315859635
0.303113355121390426
0.293320645867775343
0.154713421498392317
0.331782486821200207
0.173508758441376060
0.159470964194097925
0.129430128229332059
0.128224130579872864
0.143517702608406766
0.140407689903459060
0.145474243776550494
0.149521122752520469
0.150468506302880028
0.153738547691991051
0.160575351886400708
0.142006101172773180
0.190166354424196549
0.196819529552228811
0.295116235397718696
0.390675290168209732
0.371076363760352579
0.288580306177228907
0.191330550551155776
0.218499144905771686
0.362703946457385573
0.346741081290945607
0.325303239740601824
0.306164812394848329
0.140869446876626780
0.234278489125165051
0.277495410626307337
0.285132770062486773
0.232882172250819697
0.233726047709611029
0.154759175843261099
0.197812823402697596
0.208768561322563301
0.245709812538850020
0.154372914158597108
0.144025830789060116
0.145754599612435642
0.246894254559087228
0.396898104564295306
0.202688176429969918
0.160298867587756411
0.307900271488481703
0.141529478848839069
0.165832463337017677
0.224246635781545661
0.244913308687775194
0.133481176509288285
0.271153669958099364
0.174280785367709912
0.121132340915023506
0.114391245555102369
0.114353688886419197
0.136652951707308540
0.151506827951293582
0.134690249839987841
0.073884755107094524
0.119721439402584839
0.129404437648109494
0.150566556799714119
0.156349943719412382
0.166756933134231372
0.074581143184803439
0.273590177628701026
0.377644567783612772
0.336461152257589879
0.301347315478653288
0.167719808376972090
0.109378612032428116
0.410308070843289907
0.351442062301825842
0.352489814829809234
0.305555254641677154
0.127079481129504762
0.127176336045051325
0.325647264815412507
0.296072774679673911
0.259859119900147317
0.227482711090173928
0.136359572069249979
0.083897302980180263
0.237087805658655976
0.275056176261303187
0.160232984204693701
0.135442768707832978
0.132066149438573199
0.146393366715385775
0.405174438293405437
0.205115582141572717
0.148972673692228996
0.205029881143252796
0.135032153469112598
0.103530137281537149
0.218194651725224842
0.226447664016612510
0.109599999542240381
0.258702084826151368
