0.400000000000000022
0.400000000000000022
0.400000000000000022
0.400000000000000022
0.400000000000000022
0.400000000000000022
0.124362567378708183
0.127247224953345922
0.298523317061499482
0.079026309685144819
0.024856922152267043
0.045350621622840807
0.022525615423177717
0.048787734154376101
0.095369835877254894
0.047231374790837083
0.023903897524543940
0.042355479090800618
0.036023244775019815
0.000062452455629615
0.010952724441989114
0.033490267085795083
0.033060104713389382
0.152853032317735837
0.047191212557317910
0.019734684846307731
0.020942503444588891
0.002751392952156479
0.049657417047209731
0.174253163936648969
0.028349674230407546
0.007381074460496782
0.041009150478718476
0.095420377681021407
0.104624424753275103
0.055300144746286299
0.063514042505985649
0.003733809781173870
0.048038952261331376
0.092912697709871692
0.079539695845132596
0.040153550002987440
0.010436256316330651
0.002823353687121509
0.043419037023886983
0.210621883316350816
0.379919771555914054
0.064286045473987308
0.294798385506220728
0.179639760354059541
0.043136084433878362
0.024709341586921361
0.007880753558098077
0.028695375701093494
0.250343501769667243
0.210928467157264876
0.071322015536758293
0.018115511969273562
0.026084606203504480
0.052398229787490064
0.057089270812648793
0.059516868784346692
0.019465684804569314
0.006984792996554356
0.009755851539113462
0.054558895258372667
0.014668784093789350
0.005133696058219206
0.016390866428889508
0.044341858142865231
0.006444186036505703
0.168345314055616563
0.091705160429130586
0.029167043701056838
0.042074344694559437
0.056424878020695374
0.000360437641555844
0.041370802785179656
0.147655670548301254
0.013164893541819035
0.053514781347585506
0.101837113308874655
0.022378235545948776
0.034865625948568575
0.066315932047280868
0.008694666325832103
0.028391819540730820
0.073715463655704680
0.053574207077998939
0.070126855593961437
0.032691923721968358
0.000000000000000000
0.016265742500851055
0.200812540879833273
0.233460662075647307
0.208484421387574587
0.169028527699022407
0.162253825011611341
0.074032191477677867
0.024279468323973388
0.008068235556125113
0.010683497104883994
0.119305389858996330
0.400000000000000022
0.114021633500286323
0.021358907740874612
0.014095464405940079
0.033260172633465715
0.013896079058471778
0.072671233473826327
0.035976870404801291
0.004959650986294219
0.000828285953092549
0.026443452359042503
0.002556552550015496
0.012136408992442322
0.015319169744493370
0.082679840629410126
0.007914169179972116
0.045502238686754591
0.053244818603681139
0.041071207920205820
0.047140119780458081
0.040647165776333087
0.004111193209043826
0.050318777766471340
0.125487341909607031
0.024250881466588100
0.036132882541807368
0.048811544772156962
0.029614538094992853
0.029792048067889751
0.113636646233598315
0.013761842583358190
0.039479918205669526
0.039643669274368680
0.013736639977349816
0.085690313914235608
0.089290864003308046
0.017743449833974630
0.058101552772026457
0.062267485200885167
0.199624739294931297
0.348126714800971904
0.318805272042358312
0.191558940438505354
0.041965718633575531
0.024196401235566812
0.005090728253837710
0.005237760728494547
0.116517004666367274
0.099050681285156802
0.013023243556041513
0.009213500577900926
0.002199343039974947
0.012384778784431606
0.087469725430811635
0.044618087486649999
0.009432295434375428
0.002282358043294312
0.000579563086901211
0.044962839290845408
0.085984979532541250
0.058829804551476080
0.022636001158927777
0.158712033618028520
0.032413828676387722
0.291347342114177454
0.120468095688600840
0.034463731386813704
0.046164103178248934
0.163083732117986963
0.017053492290693299
0.044613166478083839
0.254256104113194159
0.065566031445010747
0.114593987583076595
0.046845252497211144
0.074459951546512276
0.060144838429695917
0.400000000000000022
0.072887744647347472
0.026673295525086592
0.041834638980685450
0.024714870926221079
0.105798625607826435
0.110732796377240372
0.090389125745667709
0.043495908160066037
0.053921623915747376
0.126770829336484231
0.336014413338631024
0.400000000000000022
0.142993912234061743
0.047577585469996075
0.034989459770090124
0.016682628043280905
0.020018540007625450
0.400000000000000022
0.091571134956074593
0.001617275322757120
0.014271583603481998
0.016178222859802159
0.037515387083000243
0.400000000000000022
0.147413873446539750
0.003055180744184625
0.331173097809523531
0.113943984799832587
0.017936664382117676
0.400000000000000022
0.269419525206017363
0.096611811829390798
0.400000000000000022
0.240288940653638039
0.113506655126757464
0.400000000000000022
0.143075589525169800
0.108519431923670279
0.390278981227844879
0.094641380089954208
0.067886266431136821
0.400000000000000022
0.143500412370701630
0.298649151320320383
0.082416284481470661
0.041621150108340436
0.067769662435811326
0.400000000000000022
0.192504127739531156
0.243014539943349345
0.052402174564516825
0.008289011491419886
0.058562489715895713
0.400000000000000022
0.141498900904098862
0.051097704186769247
0.004345836505401659
0.033709595133116818
0.189386572994167751
0.253967156832333063
0.079883652041420561
0.005719090634812428
0.007110358415591621
0.007176840133071064
0.003983944420050142
0.400000000000000022
0.221746273602797750
0.008817589485677671
0.000902634110774172
0.000323049694853467
0.005312129713252747
0.392794931068977560
0.164802504479395984
0.000294055135814716
0.207120471838902004
0.059806506987227004
0.033644983674291459
0.393244073906157121
0.089154645364262500
0.058894812234187695
0.387804036489618253
0.107528068962102250
0.173067162722632450
0.400000000000000022
0.166085065702997720
0.096747189355823077
0.249193346148945727
0.058430893612620494
0.043488206414143533
0.400000000000000022
0.172945957096999725
0.194425348802354347
0.208894095823530662
0.179236212071369749
0.049939689590163920
0.400000000000000022
0.166893971790594148
0.224625969184578445
0.033245667930959739
0.050712241549878148
0.108611767137705137
0.400000000000000022
0.151787750956153683
0.134249192162783887
0.039185343226665462
0.091591114417319999
0.113570146163149088
0.093452819129752257
0.028146500890511409
0.003159575135578456
0.010973703881565780
0.022971613565981392
0.034773217497359406
0.244526084447652836
0.125783410704877863
0.000622625613556847
0.004247238555339631
0.012739659121973118
0.020007651480320663
0.264776628810482417
0.392290404674325965
0.000419991746363445
0.014128097868965862
0.076934503782287111
0.049023127734357325
0.070576401144617495
0.071821727577300848
0.054462446529268405
0.024593558023919913
0.041490241243604002
0.108697701066167468
0.107819537063106596
0.085894461920373005
0.146204453389202960
0.316106944739513507
0.107014627297600445
0.067314808518321917
0.223759137912160566
0.084780362403170551
0.099901572030216032
0.258598643330658295
0.133955177688012878
0.024538389490231328
0.400000000000000022
0.067663297878399142
0.086341466616549317
0.090218515342572858
0.127240025403740742
0.149074846211535827
0.186906672009959113
0.075831076837527753
0.400000000000000022
0.049940842709147483
0.177188738983389549
0.128151622626631434
0.131437418450411236
0.031581423090614860
0.008361464617413994
0.009996698694548686
0.016105040059838593
0.024264942504644754
0.400000000000000022
0.155230005222535744
0.001121693215956947
0.004120918951573053
0.013623573620220311
0.018312553937125085
0.286853407195697074
0.385422009607913840
0.018116602835055787
0.198381548433005261
0.114567247558843177
0.033549355024027352
0.078663929006158317
0.039500310634258018
0.058125333947043042
0.040643899506182884
0.039534425781678310
0.027323670468545752
0.116128070953576648
0.019470901228281629
0.075021167688119589
0.400000000000000022
0.377368622359098294
0.067986573673723169
0.049192809079594210
0.014247799909437007
0.030113592137671889
0.336780291082605099
0.251709210852988141
0.079789833112017719
0.179466501501185288
0.021380051382629012
0.040615134255061178
0.108684398231391477
0.400000000000000022
0.153172310898694125
0.137259608286563722
0.069248089913794955
0.302553228514106209
0.036666137359680953
0.393193884910559399
0.209092858191837760
0.014726226252107559
0.048917367104185941
0.000597659200048429
0.000150896585749652
0.004705507098672306
0.029183542901871903
0.050206886234000429
0.055089986225974191
0.001629769674803860
0.005954722906036044
0.033711768810583520
0.049489683596966635
0.036964407577838046
0.400000000000000022
0.400000000000000022
0.147305519609949226
0.101293403661030845
0.071171685870745530
0.018209791929978531
0.262660076807578857
0.370711864791129164
0.026023176313572711
0.040316479395451750
0.156706319084755241
0.001172923773673549
0.005039098526035384
0.035600764986209413
0.063920159175615818
0.198756326123890631
0.164512396667820193
0.173308071769045308
0.011609909882474271
0.041466612824165965
0.085357251332992629
0.219537496860670783
0.189900900560189601
0.042225580798341433
0.015748136577579119
0.112380342191792132
0.278047652840107684
0.389846901271817536
0.113811486626609851
0.015070718596435674
0.024658178315327711
0.061211526380368142
0.042933831607809850
0.075345355257293328
0.067803311801975366
0.017730451160314339
0.000203590609462607
0.000436409946839674
0.007392924518818561
0.011735540255399506
0.039444929451839410
0.063241442714198834
0.000012514828534320
0.006208784956153538
0.030134057699243762
0.021969621434852215
0.039786824005477527
0.025014284588424408
0.197486952381268455
0.389026053646127745
0.298923307316900755
0.025061005105177652
0.096965428756852518
0.008231680062071475
0.155069260010421844
0.229760999979484626
0.035240288643142256
0.078454640735684311
0.258598596694913696
0.000000000000000000
0.000620176527617268
0.007729949622512881
0.039484339452450494
0.193774504164731715
0.400000000000000022
0.005754062920832781
0.000000000000000000
0.018245071412295897
0.036668396536415238
0.203522693751327921
0.392278626057962265
0.009445501379707632
0.015655291294628906
0.089541221616828412
0.176456119011127066
0.103081923477181203
0.058757436274046088
0.006104938508367260
0.026103897423513583
0.149960847220626275
0.050651334778510242
0.040574108911271396
0.064402537666322979
0.027638720547878595
0.018512298629419360
0.001466981672846143
0.001348527082415705
0.032523376576778583
0.031689535827349048
0.108601902140395612
0.037800877438047387
0.014558943695739058
0.022140502988749027
0.014531339584463416
0.043100741587020881
0.024194779507898126
0.011345804547766195
0.180759933347952484
0.169650214549709466
0.012976007012536778
0.097176127610684115
0.016368881877131897
0.033519699651026511
0.057803174501122642
0.020031819605238581
0.032639079756666765
0.202469854922471576
0.005666696821145945
0.004109993600925657
0.027189236691713921
0.014881082857886457
0.032872801837307515
0.333991478614309223
0.045270814981123994
0.035069542071026652
0.026448126088954232
0.048594005861273222
0.202018279755561136
0.362870776752277080
0.007681972971676334
0.005651503043317012
0.073905851128861388
0.269033293699912912
0.097557237599337959
0.031168531430688436
0.000000000000000000
0.000936570351092428
0.061146813268605910
0.085080824756010670
0.006385155224726613
0.017913924883835280
0.020862146812574641
0.018317749305656557
0.026235096854702888
0.022673809750270630
0.009092992023350115
0.004897787308529932
0.042638705989068812
0.032050286628876622
0.017604493024652612
0.025741433980191721
0.028725117899726725
0.074559695696212014
0.004353332708249404
0.009443513264395624
0.363230958784160229
0.210708460246267854
0.027764316259588126
0.124680162486977719
0.004152732286194445
0.037033982325394357
0.246532992576900506
0.066079565634889884
0.035826320478267441
0.065819405900786568
0.000000000000000000
0.030688701537383095
0.175005349694703438
0.048075959100826619
0.238778701537199489
0.044308153948567644
0.017941966990922702
0.044680376765680735
0.027914614493598593
0.025618958886395642
0.261728693557048753
0.055172279160181734
0.031007640371786931
0.033485762698579190
0.068866641816244342
0.369399865288677520
0.246347275111923836
0.066956065440117465
0.039642405318413058
0.077878715628346598
0.101067949767944601
0.133075786098573623
0.008016819409091561
0.046692964771304912
0.027625288390042656
0.068053394489438701
0.053244822660421603
0.008948379925458258
0.021781185508959276
0.031483907538067034
0.042734980919200749
0.110983306999508632
0.014358736024388755
0.019609745158637622
0.097187057687689454
0.100707231892939744
0.037289427916267118
0.006977934468168981
0.217709647290069808
0.156261181304842650
0.027740919964244944
0.084546609247557220
0.036770513263651869
0.036011580680146690
0.113448893300261866
0.036120258029400942
0.010709927832283370
0.046774513546137070
0.011008738830056843
0.069600305202834403
0.213505834828325580
0.029567497053316197
0.267242744650029840
0.045591477595812196
0.037997814101935590
0.124211774587613150
0.186916096568924328
0.053837418945534621
0.372059936484493203
0.039533166043829511
0.073348331635331665
0.083045176659972769
0.215348256343949440
0.276720573615029886
0.164318076268461538
0.040399095069157800
0.074647056971795592
0.123011084017442374
0.176603731510873913
0.099501633841566739
0.055285760770744818
0.117555730418220941
0.024611131262695804
0.078001811541184879
0.062118768126196322
0.017224110114171048
0.048065649410571482
0.058116474879057481
0.076399489432892209
0.123257367527883299
0.009241480843800597
0.027393806044576349
0.056733672268319352
0.068744775098462191
0.022826934014790697
0.006444883897792826
0.055429513491599837
0.072759818748707017
0.070649371144390571
0.088374744190397814
0.026280901627301061
0.100838459912117567
0.122143147220397791
0.026018026933209239
0.197428709526017099
0.094013114764632921
0.041054997902528423
0.221851455689010268
0.236371336766335205
0.035296715902489860
0.238075344068795880
0.068529285729008682
0.141044970370716061
0.231837518932464653
0.253011918927366075
0.041774379466902434
0.378568364672640822
0.143000322149471726
0.038660812874173479
0.224715520818303094
0.245075424512400331
0.295182655231873148
0.193216660808981366
0.072110849912552788
0.053425280915473550
0.325845214156293084
0.400000000000000022
0.216373801943341049
0.072787465106921884
0.032842783162251990
0.054047175831358804
0.121076219521670927
0.045098780128091431
0.023464490357277927
0.047930415988839979
0.062877196808526312
0.126475364088743158
0.241227172504848236
0.014102825101407963
0.046998997797869965
0.098457799710102323
0.056837034888222976
0.062458264113517625
0.028106949928598256
0.060826169072937565
0.177501019118737141
0.370655020220086340
0.086153393361403638
0.043443075083778288
0.119119709408686034
0.264032782342646322
0.127417980044291446
0.400000000000000022
0.234482054997261630
0.037033310165849029
0.146588894032624928
0.379784655446158692
0.054515235911160018
0.321534654232246919
0.104052222455781773
0.122671559977223357
0.263454649603412416
0.400000000000000022
0.136684884780106958
0.052290686296730907
0.043788717470745572
0.097311899621565542
0.228741357551966618
0.400000000000000022
0.181804441758978225
0.218497857046914046
0.052151569114139346
0.027019657572739230
0.178576379522848216
0.296340037772898635
0.160172085449927504
0.080573847758237671
0.107927680774093634
0.055966906343071769
0.101285712925242105
0.044054414725717167
0.032987308885685504
0.052862131715878426
0.018008415169744364
0.053904614245757682
0.044770895325346172
0.021186370417730884
0.289591961651089358
0.244206046903295393
0.044684824546989646
0.052351110582696245
0.000733376667386375
0.022646388025031716
0.338547316207266524
0.400000000000000022
0.143511495488696711
0.042154057471520429
0.023037465220538463
0.134475852867021656
0.155460200391745296
0.400000000000000022
0.153941974759962852
0.047904152994346062
0.117922933483295966
0.125588800446897159
0.028576356417437620
0.179954832144321591
0.245469489854452827
0.071144500675434527
0.146515576574639483
0.178891752815388355
0.106384713992444216
0.036721859886759453
0.042656731595726374
0.137150337622763935
0.146616170223467485
0.129065082318554403
0.093872931217974825
0.114171841449545050
0.056247043439867264
0.024865387519178179
0.104415973355001107
0.263319154542683787
0.240602835413657290
0.274763160776790694
0.205173397713082434
0.052562458149234242
0.155490799991068324
0.090213918882206701
0.042651127657926363
0.047294612430502543
0.039967066184034353
0.056092836230137721
0.118752633057561702
0.274219497107716426
0.400000000000000022
0.239922019823350319
0.040961129304690966
0.050906574212583017
0.019367786862601308
0.106701726442532646
0.326319381093840455
0.387107509154726137
0.091306730336368186
0.027952205127279094
0.014875603167276338
0.022379855671847991
0.024458070442623138
0.309577278174585635
0.194544719379926290
0.029166115099268385
0.062040273032856821
0.094751883022378650
0.022249636676862566
0.112448924457416596
0.400000000000000022
0.016328153297131644
0.080918171512187234
0.130133377561455071
0.146224962617478776
0.031994566245141257
0.129056664928808323
0.009902513694839091
0.039778841194832749
0.069161184851351754
0.083896941521434482
0.161115334559226941
0.107932483406056628
0.000000000000000000
0.035493335902789164
0.244942419992959098
0.277688563036947333
0.302365738690472508
0.230720333281643319
0.186565344858440729
0.182622927322861311
0.236807235992956000
0.084361780471836470
0.017070519115821022
0.052090963461269651
0.169224646626380787
0.302284055861678891
0.400000000000000022
0.400000000000000022
0.078498918410526503
0.056820930952854655
0.040636871857257645
0.113725467844015479
0.112208683117195063
0.080967299177543431
0.048754687675290016
0.050056833857307526
0.006463517962403477
0.012792638308405458
0.000897275613253498
0.000987959386872762
0.086632256999721574
0.246249181339474349
0.009476175070205085
0.011478319464648142
0.007414875269239221
0.007600391286645685
0.158456340659103856
0.400000000000000022
0.005985511460063031
0.026394652986047637
0.031144451305491962
0.065617239856960247
0.051167790057736091
0.198573364553454618
0.000099095988452081
0.008165084526569702
0.034183718984999466
0.060776929824106235
0.047561446580783193
0.068440911624759848
0.013402632496133804
0.006082595038822866
0.112284354916964008
0.358582331739308091
0.283826622718043931
0.157020403176662687
0.400000000000000022
0.400000000000000022
0.400000000000000022
0.400000000000000022
0.400000000000000022
0.400000000000000022
0.187604010092907003
0.127259739781880238
0.304732102017652995
0.109160367384388585
0.046826543587119261
0.085137445628318320
0.047539900011602125
0.246274686535644549
0.400000000000000022
0.345932950738176981
0.048964902629721585
0.139320907847653108
0.044254924837091286
0.155131712466051480
0.240713724421473707
0.068730555728937354
0.111514745449073679
0.378575793003114502
0.047191212557317910
0.020354861373925000
0.028672453067101773
0.042235732404606978
0.243431921211941460
0.400000000000000022
0.034103737151240321
0.007381074460496782
0.059254221891014369
0.132088774217436644
0.308147118504603024
0.400000000000000022
0.072959543885693284
0.019389101075802780
0.137580173878159795
0.269368816720998772
0.182621619322313800
0.098910986277033541
0.016541194824697909
0.028927251110635092
0.193379884244513300
0.261273218094861037
0.392143542337519357
0.128688583140310286
0.312535893387070440
0.198152058983478901
0.044603066106724501
0.026057868669337063
0.040404130134876655
0.060384911528442539
0.356018095739605078
0.248729344595312291
0.085880959232497334
0.040256014958022585
0.040615945787967893
0.095498971374510938
0.081284050320546919
0.070862673332112880
0.200225618152521767
0.176635007546263822
0.022731858551650240
0.151735022869056768
0.031037665970921245
0.038653395709245718
0.074194040930012153
0.064373677748103819
0.039083265793172471
0.351062634029525145
0.097371857250276528
0.033277037301982490
0.069263581386273365
0.071305960878581834
0.033233239478863363
0.373330167917382161
0.192926485529425290
0.048234435612845683
0.079962907436539749
0.150431119170147898
0.224396515301509891
0.376619146803951865
0.073997905018957200
0.014346169369149115
0.102297670669592208
0.342748757355617495
0.151131444677336912
0.101295387024649880
0.032691923721968358
0.000936570351092428
0.077412555769456964
0.285893365635843943
0.239845817300373965
0.226398346271409867
0.189890674511597080
0.180571574317267891
0.100267288332380744
0.046953278074244015
0.017161227579475229
0.015581284413413925
0.161944095848065128
0.400000000000000022
0.131626126524938908
0.047100341721066336
0.042820582305666793
0.107819868329677729
0.018249411766721183
0.082114746738221958
0.386058309864600657
0.215668111232562076
0.028592602212680673
0.151123614846020216
0.006709284836209943
0.049170391317836681
0.255616713881354540
0.148759406264300009
0.043740489658239561
0.111321644587541152
0.053244818603681139
0.071759909457588922
0.222145469475161561
0.088723124877159706
0.242889894746243284
0.094626931715038998
0.143429308900529739
0.068931258232268824
0.064047497035405965
0.074430503658552610
0.291343231652041623
0.084964327228071485
0.144644286605385253
0.047247605281937374
0.108346560021913868
0.394639987637858347
0.260083915089273643
0.152646379354353073
0.128933269321721111
0.095622165462321218
0.159169502539971058
0.195343271299458776
0.207641558704022844
0.379533664415116823
0.336534159661461052
0.259612334927944000
0.095210541293997142
0.033144781161025066
0.026871913762796983
0.036721668266561577
0.159251985585568023
0.210033988284665407
0.027381979580430264
0.028823245736538550
0.099386400727664401
0.113092010677371360
0.124759153347078738
0.051596021954818980
0.227141942724445239
0.158543539348136947
0.028320483051146157
0.129509448538402627
0.122755492796193133
0.094841385231622777
0.136084894459189643
0.194832291647429462
0.043123756508671097
0.328927430177608726
0.131476834518657687
0.104064036589648107
0.259669938006574508
0.192651229171303146
0.284296236940723146
0.090204644073896029
0.292253918215129749
0.189777806032623925
0.301510084152000979
0.100682671442745772
0.392349807382568305
0.099678004473525428
0.400000000000000022
0.155932921307320255
0.242021551869036067
0.318555212595715342
0.189032947194682610
0.146197720676984222
0.185379853349035950
0.213400209763110082
0.220099639670939956
0.153423257757314108
0.182056590107229049
0.398132570655144069
0.400000000000000022
0.220995723775246622
0.109696353596192384
0.052213569884261180
0.064748277453852393
0.078135014886682924
0.400000000000000022
0.214828502483957878
0.010858756166557716
0.041665389648058347
0.072911895128121504
0.106260162181462434
0.400000000000000022
0.153858757344332575
0.058484694235784451
0.385195106215480476
0.184593355944223131
0.106311408572515489
0.400000000000000022
0.327074700709797717
0.218754959049788589
0.400000000000000022
0.400000000000000022
0.207519769891390371
0.400000000000000022
0.315868893537621265
0.329410218099052687
0.396507409233925578
0.328725881004564180
0.136415552160145503
0.400000000000000022
0.321838114703568212
0.400000000000000022
0.124190663948373109
0.389282210541025631
0.210769984585283066
0.400000000000000022
0.346685410059973331
0.400000000000000022
0.347584829796389994
0.201505672300401284
0.130673339628448487
0.400000000000000022
0.381719428718091724
0.400000000000000022
0.220719638448742705
0.106497060240038688
0.222229356156419755
0.297672198449729808
0.200959871563091530
0.050817870762903859
0.030574848772869548
0.055107256121911044
0.066861141228576462
0.400000000000000022
0.400000000000000022
0.022920414587085630
0.047901631908644146
0.098780849404955781
0.062149164601475716
0.400000000000000022
0.192909454407994230
0.061120224208752287
0.373262512621708731
0.389147810099153113
0.119798377035695097
0.400000000000000022
0.208274354772948533
0.298955305530028081
0.400000000000000022
0.400000000000000022
0.375933642033600968
0.400000000000000022
0.299277886437082252
0.395166365044167911
0.303708582060105758
0.361523245973246143
0.147540428869925300
0.400000000000000022
0.341659615886051093
0.400000000000000022
0.337360832781900766
0.231526898368100642
0.093728407060909499
0.400000000000000022
0.339096829977751035
0.400000000000000022
0.215050109689937957
0.269210098596792180
0.160763336251844496
0.400000000000000022
0.321119961932023135
0.399317312896227183
0.199357428676592952
0.172164962175557656
0.221497826937242737
0.149419725472824005
0.129432213815753538
0.047213989861295623
0.043961012767251284
0.075833745281859821
0.052781632667103770
0.298430698693410545
0.170554306030224034
0.021808996031287730
0.293839200206428897
0.256945706025268505
0.064692476027310306
0.317127739393178620
0.392443414967622473
0.023066379771395161
0.350565743350485293
0.400000000000000022
0.192534623223054036
0.112730458616137938
0.094859192797839303
0.188938299396290033
0.180053758415665177
0.400000000000000022
0.262639675826130292
0.155723690057452624
0.203817395403668972
0.271793253836100090
0.335363242575833609
0.286969459441921981
0.312784298372774772
0.294903638587595107
0.231295938977810034
0.278793324845604373
0.350688723875568265
0.170677037574772317
0.067195121085957696
0.400000000000000022
0.214279468101866655
0.215406548935103692
0.184091446560547711
0.241411866853285806
0.205321889651403078
0.211772059529137302
0.180247050192528846
0.400000000000000022
0.290543678122804794
0.397102623807969901
0.333325020339713896
0.183999876599645479
0.187072223081683170
0.098575383499620695
0.052647826352475051
0.063399652490341143
0.064232008688679121
0.400000000000000022
0.273982638280097446
0.275341190323673324
0.400000000000000022
0.253545593443570638
0.059273683241816040
0.337759981408280063
0.390497087702009971
0.124818329277588444
0.400000000000000022
0.400000000000000022
0.124856085360395538
0.106616134133437387
0.054375913801534358
0.080505189618891054
0.065101969948806043
0.349111703956264008
0.221868389848472070
0.145294186052845054
0.081511174261138436
0.169773050710498224
0.400000000000000022
0.400000000000000022
0.400000000000000022
0.065520962376725861
0.095165971421624224
0.160246969699126995
0.392280049983722900
0.283703777098129439
0.208846498040826029
0.189369015196024365
0.061158892577461751
0.109776319106412917
0.192581339752825959
0.400000000000000022
0.261104794304750754
0.137259608286563722
0.104741425816584119
0.400000000000000022
0.314354700396628328
0.400000000000000022
0.395156173044919012
0.201291571110548295
0.231540294427047266
0.237404895193004423
0.084512677057586139
0.021776026214493330
0.081274506363141569
0.219431532860381195
0.357374042087653054
0.400000000000000022
0.400000000000000022
0.112210687221110023
0.106310614549821297
0.077601279435095705
0.400000000000000022
0.400000000000000022
0.228272818787492671
0.150048091336320855
0.121228519728053041
0.024673309892382006
0.269974367480703914
0.371243917228697262
0.027011135700445471
0.126948736395173345
0.372823438188879974
0.010649098843878635
0.016517417990683524
0.043015640255448628
0.071520550462261523
0.345565599753100028
0.400000000000000022
0.179293583229108322
0.038004562868521906
0.072611064129657926
0.150974491189952903
0.270705286918406896
0.353184915142877642
0.042324676786793511
0.023913221104148816
0.146564061176791605
0.338824582664213947
0.400000000000000022
0.182252398251369685
0.028473351092569477
0.030740773354150583
0.173495881297332177
0.390393355527954289
0.359171977975337287
0.224823714978638012
0.245298374936131769
0.230017064551537642
0.144357182985094479
0.098042633224442594
0.100653055850085174
0.111080094895778900
0.309577826503664499
0.309497418709185068
0.160764662854319756
0.175901983288939912
0.162004244138520659
0.118809146164562535
0.220674210676125693
0.275643726694980440
0.252768987250145349
0.282781124626271363
0.208521472846787237
0.129728477632617273
0.159316640675340182
0.257582932351735572
0.203413185125612683
0.186994824791452435
0.240978793890004012
0.299461536573222442
0.182855932870620297
0.202719615531668867
0.200646447406970074
0.237197310877055006
0.329218515969019243
0.336983879095189232
0.273488478001150170
0.231873318938138645
0.254955503382639337
0.237906183425581036
0.357198607666569912
0.262414615286038155
0.291735599847792071
0.187894229306819621
0.235588488778686600
0.286866511565777249
0.289378519013436142
0.157034350602246436
0.189110823951442297
0.200047141820541091
0.324360170172676987
0.254736803122892985
0.292127579059283826
0.269992891635574661
0.285987906076880460
0.215893145988449914
0.135180825376610525
0.090028460889773440
0.092783898598350428
0.113804309934916095
0.351092045281545417
0.276334711832412372
0.145441337013990674
0.162943821523971438
0.105403361547121960
0.107437764361785829
0.241489828187906042
0.249804802309302271
0.263667822306923483
0.331563724480925359
0.185412227443619099
0.096197965770187410
0.158083112795375347
0.131998854085458167
0.336040901787593993
0.223410905323786324
0.243717455007408379
0.264547972320859082
0.179935502253606716
0.093329777118973264
0.278321395805614935
0.273067017371213805
0.381826127314380093
0.341786657750838496
0.267724722913246060
0.116354679477461323
0.274394530452922447
0.281793077679124759
0.365505991498287719
0.281275874628787781
0.289247868187312795
0.110947541210401637
0.244307549477789238
0.307004665591664949
0.294753037373602311
0.178676605170514591
0.188051769521191708
0.127096357902649754
0.331802898913962474
0.264397801547905820
0.334212356275024158
0.294489472478142500
0.288449167030894515
0.236804160650246953
0.140257758386221065
0.090203024881598856
0.087104452331516827
0.100289184317802801
0.316539843083507855
0.305800570554458473
0.154157606587068591
0.171035655494930661
0.116207651252657723
0.073917144705105076
0.197714753335609422
0.245796889559495912
0.247468406172414557
0.380954395968199966
0.266123932801179963
0.187430094944908199
0.144489432167112075
0.134204429364878086
0.171046919468594072
0.183444619005313642
0.265441687786717173
0.416249655874322555
0.177430556021693053
0.186214182974675013
0.150478930401758276
0.187601274514495597
0.266718729767058793
0.322575868463355286
0.266361362904761756
0.242680390422720577
0.205072022079869326
0.171388067759992213
0.240064252322867433
0.196894673285196525
0.293316914060675338
0.224486536855633495
0.262555867650347385
0.292391821317223966
0.291792069653722563
0.162255150914510676
0.194817417673911863
0.222737307702414011
0.353242823922580829
0.278067958696401551
0.352267918476041997
0.319685046447884758
0.379423859312942202
0.264111330834925329
0.138448274708794783
0.088219953317544023
0.085754197665713475
0.096926030610381853
0.363723136583540052
0.285823758027683561
0.144056184201711540
0.158951151966702675
0.099119180653562691
0.077066439331332171
0.227485343196691586
0.223010430382181435
0.221636429090809134
0.320474749565137218
0.222554996094002921
0.169490910633313924
0.156467559011368246
0.108369219838454878
0.183075408059228895
0.202864129146715699
0.239923994765873866
0.308662915640217583
0.175853467660082335
0.087613221891308601
0.259498604893675822
0.227329405542519652
0.271697995070659337
0.301455302778481260
0.260687680849630954
0.111727257818124898
0.284986331040617824
0.217001516446053061
0.285125597555684895
0.201730134407364647
0.289947691783108363
0.112647971584048892
0.282705831509941941
0.347790845565580597
0.299522289533842745
0.180456854804511013
0.192393296880049802
0.134744580789834451
0.365224414198126623
0.297588450479592093
0.357991866963663308
0.362763777080456873
