0.012758097745677564
0.094284881182988861
0.161223873700984260
0.176340422084909798
0.059510285916831412
0.024607298706857798
0.090254646288937965
0.108537153128603986
0.088708851624553123
0.058550275541614495
0.285239084370401408
0.400000000000000022
0.034148622400120288
0.027459545232453191
0.040403734228464237
0.068814448248589288
0.131076901885990305
0.103971045148247995
0.028758201879001646
0.064265722448692830
0.029073949488364365
0.037065858926875382
0.008281338736699277
0.007559643935923088
0.019815565212850474
0.021673189789490642
0.034060171933363137
0.157671627619703103
0.197423893162087194
0.176152760571441913
0.052981935505154565
0.034763018784163928
0.069236505802024201
0.286196408433774585
0.399655239593718403
0.242366414913544825
0.026104941822865303
0.046281505355321037
0.046898108757490842
0.039602070732170404
0.025127946614164828
0.045796223572778745
0.033228959420097431
0.041243318893282067
0.054470257497609441
0.065291209250939355
0.005846212968817750
0.020728137981933258
0.009028084838585939
0.022560158938494317
0.143501221706668985
0.160688403671892743
0.024164713847658031
0.013942637459142395
0.037056514642682711
0.028012471047538384
0.060664974144206067
0.043016474681495089
0.251056334064775177
0.257991167474119876
0.036086412790191626
0.031454968282877853
0.047366611918715495
0.027547807393932804
0.065228446816406049
0.039825639956671273
0.013102314379758555
0.093195431459628456
0.071908003305733464
0.054802624596211616
0.046195859938449234
0.001987990778463426
0.073276038417808151
0.060032826140095530
0.028031292326768622
0.101158962960938098
0.136254219310048635
0.160446021500487951
0.110986489544599554
0.077625719548284941
0.130519216133702265
0.065301585661550587
0.142101680715665479
0.225997120571861304
0.041584253687810449
0.046326197342347511
0.090327820700887643
0.074215587872575997
0.055266267358886734
0.014142155291761570
0.007581584356383878
0.012497770801641481
0.064941799435940098
0.076306462238014933
0.067920038001484578
0.023792222639026195
0.009013292562075682
0.054997497083760040
0.059177522724434814
0.043651822143568213
0.043670366267885841
0.018556527162019165
0.004928616681852704
0.039923221173564845
0.055867026045193217
0.054286530095389432
0.147399923566031266
0.106721654061777152
0.035127885706972575
0.072468983514373878
0.030116684888677882
0.046803675115184885
0.064901476918395165
0.014205511131765682
0.063772606578600219
0.140059755056528290
0.056985977346424382
0.068942506200125375
0.128329749273519866
0.034597419212835406
0.073947434938799697
0.135879908977670411
0.131425589267108650
0.079096161678068849
0.064026070144386646
0.097826898698564271
0.064226398497369247
0.169028017129045471
0.299398554961331664
0.042086752733377891
0.065702686548887862
0.222228849090548131
0.021458935948083738
0.011177259294836567
0.106041267804917114
0.044681323940918338
0.050217519807103629
0.074564333807200234
0.000000000000000000
0.024901990186526335
0.092521740942824712
0.027740158794357792
0.050827674475230310
0.065108609348238256
0.043369239433530792
0.091877621950298069
0.172815525229546990
0.080834745904022953
0.067248050863591036
0.035341076839964250
0.159649002287477249
0.337522655711198549
0.400000000000000022
0.043717736103056189
0.030944062270728705
0.078696955553041043
0.064548473016823843
0.278807424835308071
0.341515480976860575
0.046913561053390757
0.072170583530597118
0.113442396945307389
0.142781150691818376
0.249711018474259389
0.114842046014988625
0.031816159552958287
0.079640568511155793
0.060795899862096270
0.249316270029138032
0.283613679944979713
0.110817076013978388
0.033316181124111055
0.131917190219139502
0.091971263067638448
0.195566711477544369
0.197023984371389849
0.147911453763218570
0.075531524302020314
0.043495011251682460
0.070175996342166702
0.051922686736683800
0.149697039054633607
0.091975726861953558
0.162986754889904245
0.143284011459468841
0.070918779055617304
0.110452414441723254
0.070728174480131870
0.086120888609661633
0.087260456202414058
0.120281678905779316
0.093686632971667599
0.400000000000000022
0.096981363836844997
0.124320503025061743
0.051372669397572762
0.158255032175581040
0.151968826963050585
0.400000000000000022
0.216179366384320393
0.361198856816804748
0.028395644088642119
0.077744495225418139
0.052715933755312541
0.400000000000000022
0.318837341144510678
0.400000000000000022
0.054073812710326047
0.126777841958903292
0.343475832271823545
0.400000000000000022
0.388312502493675049
0.400000000000000022
0.100312951335449096
0.149769739239858035
0.400000000000000022
0.400000000000000022
0.329923641902094777
0.332763935089262386
0.084278081393114268
0.118975721961137398
0.306830998313113668
0.400000000000000022
0.400000000000000022
0.263413214395926465
0.058559189136305104
0.062080113636507825
0.066394932195003642
0.400000000000000022
0.400000000000000022
0.197663377700790593
0.266931078280470691
0.118983363588778299
0.130817135783016930
0.400000000000000022
0.211469413153615504
0.148303045302716319
0.301734867886466529
0.198534590954009188
0.070628543306968397
0.368082722887479674
0.222931027251106834
0.257562496715758926
0.037358837243262888
0.064992249529364610
0.377220974516332519
0.269554950817898709
0.242993158636019918
0.400000000000000022
0.011648059335670837
0.082968366258263856
0.071229129241936556
0.310816599530431004
0.262640808362540168
0.397657775020469617
0.033291297050493995
0.182233466121171250
0.167727348299887058
0.303465201114818783
0.276503384067625813
0.383772024156800118
0.050562287101752854
0.131399838306858807
0.361633329693256789
0.347172101615663753
0.292586173769400992
0.400000000000000022
0.109535281567540402
0.179692948722078916
0.356260741973052797
0.301815570963295587
0.292516284872358034
0.209083274649937201
0.056152396294690023
0.055678024790792202
0.179433829419495983
0.220439855225872922
0.156098549451692881
0.104674885391833908
0.202278581589723255
0.165266557268654135
0.135584210237800123
0.337064502519634934
0.152364565882570746
0.130781467304357107
0.096922011623369178
0.071558225394530051
0.102957774038276884
0.207498904726363287
0.129494713425959779
0.064311373699716026
0.032085315013286153
0.080914686148211762
0.142582773948565195
0.069916768361582893
0.193065856663164281
0.165834968480199269
0.068511003353582317
0.188510018451505945
0.040035262190231062
0.054868845311671702
0.180423221359380631
0.190383866528851864
0.046032423307890591
0.187311298556057909
0.014281769045721407
0.108134613411626654
0.039836477445587236
0.083265384712359058
0.056157207284673535
0.048637856788679094
0.068286672198209455
0.041847833451241268
0.087293266817185966
0.074234735363658003
0.102475549756591788
0.177215848247599284
0.071616277005779855
0.099714324017993614
0.121216470750401845
0.259349794482243212
0.034440553842447298
0.058084155264653922
0.058712549316051611
0.191395004412536540
0.216098092331640124
0.149994376002352353
0.100047059453858417
0.113647579002220805
0.087670524035884087
0.228849549522556706
0.252197320814112336
0.132673859915800552
0.102674076714486140
0.075839932110425168
0.082542840729251360
0.121616188207274822
0.324462052974343440
0.222022779527234537
0.090895394950626290
0.087290977676814707
0.036885658737167322
0.011033251975522063
0.074631247861897163
0.118999645049789715
0.029420230569661629
0.143993136899091351
0.112446850696607620
0.040965682465605273
0.191230576935670610
0.112897182433226204
0.033636373297487220
0.197702251704629378
0.133615732774610585
0.035357770197889479
0.078867355007237128
0.075787906564585367
0.131513837903342395
0.026456157650170481
0.003677535116515485
0.106445194716492830
0.055044416261349705
0.024567984181762852
0.068245047940929129
0.067014402884876867
0.031030728633483134
0.117167846053818511
0.122273170057028854
0.301438542392019226
0.122343601116570388
0.187499053547426547
0.094786824448942250
0.079433205742489452
0.133067155330287290
0.206530197543380145
0.153560093943906850
0.131404028676635337
0.102321074321810424
0.144952265965618776
0.081422621583778415
0.047785631514127888
0.033857364368862240
0.044554978719983561
0.047237702680167096
0.038982505544802828
0.400000000000000022
0.347675823903277614
0.093565119852098602
0.063089354356853963
0.003517020213597846
0.008683761159825876
0.023024633081027493
0.113716571570076627
0.091464188731469220
0.113233130989880443
0.025210886130574987
0.051244864771544565
0.027419160137955825
0.112957628013163697
0.104501001248221509
0.111625597290098688
0.040402966690996751
0.032965651950434965
0.044975427066769970
0.111203487981702098
0.106267074791202107
0.040313667249658021
0.005220257208231749
0.068295875707946443
0.038669291850683858
0.068622665849931735
0.118006096418295445
0.057999999451795264
0.006170735969685842
0.073426898490793174
0.071373864109368537
0.154538876679854137
0.103585291634181648
0.267567349223356232
0.023079893538660128
0.050789974335696562
0.068710896722175674
0.147733571115192669
0.070726363460173178
0.174593338133430837
0.057944921733089634
0.130171160439232103
0.164150867621603108
0.119485218638037224
0.045648356634174131
0.072304009863520799
0.220713571265776981
0.066915558806767986
0.260559339185917893
0.151109360681843080
0.039677526746772135
0.038176611254297159
0.010622982000534622
0.017479019367938733
0.049939012977500058
0.076466870248009494
0.156046967797410285
0.246601789092177837
0.339915382262843291
0.036919826000557508
0.036088617763309641
0.060906111285710662
0.062648879631057752
0.266832646411353180
0.400000000000000022
0.006698908547989661
0.007030405118410841
0.041001585707192104
0.130079388884029978
0.016864590870422618
0.005503621765420456
0.015879733397294198
0.042491320275759588
0.016692116597130643
0.121900162346597535
0.040706203092729334
0.018554162606733388
0.065126544373881115
0.062647922350746496
0.168774899982678556
0.294358761787434808
0.177777345738392045
0.059121361367294969
0.032289344173623259
0.102284183492529407
0.201200245210488321
0.220326240366104348
0.119923321394942745
0.063635814784152367
0.325015242640867841
0.400000000000000022
0.400000000000000022
0.400000000000000022
0.400000000000000022
0.400000000000000022
0.119832829046676845
0.141264672542904784
0.173261593349417625
0.065957070487665387
0.033616717704826007
0.009152167955640254
0.077833144393579731
0.115812926842152525
0.104667023535666995
0.277001061593076858
0.172752425041008628
0.119531734701674899
0.016842296203347869
0.023352211561869732
0.041523348656396029
0.100169850384798503
0.146018899416924280
0.119777750958732637
0.039076904700682008
0.062287060365822267
0.057690803119282083
0.291191756402045365
0.053906475806452137
0.017792025732171993
0.089170542307160150
0.093650094915178478
0.101795527613403020
0.313650389761971460
0.057770127727405494
0.032879896790343734
0.051787451010499058
0.087079262270292904
0.249111429542218710
0.398036191048030674
0.350562311213453548
0.361016657397690843
0.030363489100942997
0.072988724593761947
0.199978056572195750
0.374566510949679521
0.232107805482894558
0.082927446381094824
0.240967196084879876
0.060633180154810222
0.077569161224860197
0.012493864992683852
0.012783296923448813
0.151834568028920258
0.194614536626485313
0.098954494766367654
0.129536245943466743
0.072467674246552927
0.032993626494856799
0.002448749572465491
0.147557626446485124
0.111855603900229694
0.055923773965530145
0.115795710030052706
0.047371229329094794
0.029413835599441447
0.183541243021098088
0.123277281380119688
0.045235958487831004
0.062392463255178818
0.072856254619338590
0.090564371223281842
0.070261853064330249
0.104637458005543332
0.060965436894526520
0.222901653418039858
0.065442427551743149
0.013355348585891116
0.104694266112078396
0.099785428422062644
0.052041434171610772
0.133656173946517104
0.050451952275389574
0.047057843378515415
0.057159987143129594
0.156790245870559425
0.133978782739564456
0.121840701228641296
0.221591192285492455
0.374038713513837662
0.035344813459361440
0.138444214079496669
0.261111990246650105
0.173481198990085073
0.144597335347276229
0.168147043601227397
0.116072540557353471
0.039216757896938390
0.069041004816831758
0.031382574973588262
0.035026006767224498
0.020449060332103638
0.245856409758266337
0.110792611361155646
0.160103658896543044
0.167204148170028821
0.083150281165999623
0.045761827805912557
0.066714062601678281
0.108439506919362272
0.020211664322014211
0.098805803799964703
0.071620512551789917
0.064234417945703753
0.163097571060567686
0.194649576572221539
0.077948481700990252
0.175813006136798178
0.072205457704551820
0.073021400843995693
0.097953439261431768
0.144752315866253950
0.047515479653044645
0.362899672700742859
0.193385841555408611
0.071203871309998223
0.123152931149050834
0.119407518180486186
0.108349432113597002
0.203229526734088312
0.075421928591078879
0.038043022184108904
0.120676905191671402
0.157716516043515831
0.052478904730698349
0.017333189589971525
0.008893761769199825
0.041443528952530367
0.062694948257302111
0.116615788878196930
0.263798031862175375
0.055733739641313659
0.075848302068886458
0.141902890886906330
0.162687545909564274
0.099981939147666996
0.148520118563227971
0.079244001056853475
0.085975594400084301
0.060709230756418334
0.203632099649040665
0.083440369750751225
0.124133001439340626
0.275867207324400288
0.324514333539124955
0.400000000000000022
0.152010343898745376
0.074170957219202471
0.043181426417107038
0.274153186066911303
0.211880435524875232
0.295532881659256619
0.251522532767309071
0.197980793634868341
0.072091862465845397
0.400000000000000022
0.320154540840298707
0.349490809944477898
0.386158754816640915
0.247984451880646883
0.070183740793759108
0.171745164822407648
0.396524146162164359
0.400000000000000022
0.151819028623532526
0.356880733635333791
0.064557481294758731
0.115968538260656950
0.165084918523237562
0.149991477594821093
0.181624580671569558
0.182399093156441094
0.088958879005837627
0.030269860978449737
0.009866974231112113
0.071966482265337722
0.167187153714113329
0.128041252622771273
0.327138857515017256
0.182135018375025604
0.070418169194283869
0.197467631239634650
0.079496664582591525
0.143081673905121332
0.139054932238207779
0.099352918216212019
0.073863143280769761
0.163359299106248024
0.140797912509473544
0.131007094697719095
0.090930831928009034
0.219787158857690207
0.144805853578729271
0.137997573170093396
0.134641822181402693
0.111857148149019162
0.073387966477930999
0.330239486081168321
0.168483359443866776
0.139051643691380122
0.071422431107347306
0.184353052196259609
0.149493512974120113
0.398104962779037286
0.196654557687923615
0.129836713827337302
0.171646112197081702
0.018302196635237647
0.016558816828746253
0.211711121162736021
0.217682358020928779
0.179568234941213101
0.081236103374311641
0.088351229196305975
0.076735319228379645
0.218225144504540891
0.292932863877723659
0.293113495227775411
0.120177478057456391
0.193460355935750283
0.076980504044510456
0.069736393355729870
0.014676574718464045
0.056658526741389034
0.193274818858654357
0.147110019696619798
0.024110637170043671
0.181428530374712960
0.093490034817708845
0.088543439182295736
0.178698886243426031
0.192712441812804058
0.056103017143239661
0.156523473805415009
0.088173551619946250
0.135226266832157743
0.079951120161271635
0.034970591331913929
0.142368575245736428
0.373913354854235269
0.116076502225330364
0.044513923382356366
0.107085061460691897
0.094800622502383233
0.086366792854475904
0.277481599422946146
0.110736334570784467
0.063861573708142355
0.062988218285859848
0.057433080305666004
0.070073356899388844
0.260137577209353599
0.097103924664546565
0.050996754404148019
0.073557914163445967
0.054388619944177673
0.053250790189742075
0.362384352971722001
0.081222574846481876
0.033162601506849666
0.166923902984249695
0.111244880346014124
0.136797666131407425
0.353312822242965674
0.098014466570512049
0.210371591660515389
0.106926873761122726
0.067350867760444841
0.093892255379505268
0.122099750181905747
0.043463321289029438
0.140882239349088445
0.269594206836389128
0.146819015053137325
0.105375600186811358
0.090925011401989414
0.083953776728130314
0.065579277591495316
0.084104207498151118
0.084810593729833683
0.063457639467073265
0.080516168482774542
0.135889482809203849
0.081251231808153648
0.005750746260016282
0.050705559601832095
0.081462238025299505
0.246543971513488308
0.106323950905519798
0.010763833796035183
0.057043430505465891
0.087365548011067606
0.094158847205663754
0.147542504546993747
0.067122519836482916
0.058215215115178021
0.028663466507107355
0.040579937005794674
0.051249766682793567
0.227722642782842433
0.126789058682177103
0.054000446343438709
0.037989117675066401
0.029319538738579978
0.016435544371596618
0.215618808374006043
0.067390726102154380
0.027422155578294936
0.070658721440315569
0.043981088920028472
0.077627813306295895
0.399300986843851846
0.055977414227663343
0.064859649485024373
0.088610765121509352
0.097023299097931739
0.117122617225826245
0.213159109663644653
0.061787634661661074
0.059477319356755959
0.063062117935209050
0.065317149020333434
0.058075657186094823
0.040551718287547396
0.023846172911928542
0.084364030567855366
0.064408859214569028
0.067619382681365039
0.032401274246222952
0.043540031343642413
0.062312993582235437
0.136090576341582420
0.048185486746070587
0.045177552891740878
0.100482009050784207
0.280893524569122865
0.054300048808229431
0.006656865784128531
0.025670760313466361
0.096291432685953457
0.050635832588109816
0.137671052634747548
0.324384627255622671
0.206464837674676077
0.005723802743737559
0.044130162372426882
0.012814285792914794
0.032476038939241142
0.077886036920942925
0.082801186868077026
0.002045027282654670
0.037110355836481451
0.019861148451739752
0.030051681597873369
0.027842878630296830
0.015045830474106327
0.000608096817578824
0.073818051831340561
0.114086026770230109
0.294627006203963704
0.218559355377607262
0.111941458902327332
0.013881928939783274
0.063910102036711186
0.164542627269552932
0.247387148504238485
0.400000000000000022
0.166259324389861962
0.037111537301331432
0.041521489315304444
0.066613307105748393
0.034900262698488213
0.019318093279239265
0.025860714761039079
0.042924379945336599
0.031119283703989593
0.115314644941731895
0.038633111555715458
0.021662421391070729
0.072299879588264143
0.079673656552445543
0.337227261138039691
0.312333234382827341
0.216017948831681961
0.097686897171128578
0.035230280707392425
0.107733665656876698
0.158476166106104072
0.165175721872562631
0.214597243339024801
0.378439052514862095
0.400000000000000022
0.071068448400677803
0.063548162995762839
0.101309845514174893
0.131463327879647041
0.339962259202548744
0.400000000000000022
0.035457110426991303
0.071296127567103670
0.070075535195556468
0.167145247810905367
0.025145929607121892
0.013063265701343545
0.035695298610144657
0.064164510065250230
0.050752288530493773
0.279571789966300610
0.238130096254816515
0.194706923178175340
0.118108479879035666
0.097410941134910417
0.238011405784702756
0.400000000000000022
0.400000000000000022
0.301487776280839781
0.058394285996488562
0.148565688847850430
0.248098353967979163
0.259928311098274745
0.145051268009107587
0.109432038356931119
0.347685676213289052
0.400000000000000022
0.400000000000000022
0.400000000000000022
0.400000000000000022
0.400000000000000022
0.128860913885262773
0.163824831481399091
0.316762815056086611
0.226645474159558102
0.057781431552484053
0.023094805414782649
0.114889659036262429
0.143825397889690926
0.165331997679873027
0.320017536274571968
0.341173998169469805
0.362607378433710936
0.052928708993539492
0.054807179844747589
0.088889960575111518
0.127717657778731286
0.211247346233330330
0.159603390915403931
0.052179219080440556
0.155482491825450708
0.129598806425015534
0.345994380998256967
0.100102335744901363
0.019780016510635417
0.162446580724968315
0.153682921055273980
0.129826819940171673
0.389786907807518457
0.194024347037454137
0.193325918290831678
0.162773940555098612
0.164704981818577817
0.379254126491889165
0.400000000000000022
0.399571267329695057
0.400000000000000022
0.071947742788753460
0.119314921936109458
0.290305877273083324
0.400000000000000022
0.287374072841781292
0.097069601672856387
0.248548780441263772
0.073130950956451696
0.142510960660800323
0.088800327230698792
0.080703334924933395
0.175626790667946453
0.203627829188561038
0.153951991850127701
0.188713768667901516
0.116119496390121146
0.076663992762742647
0.021005276734484650
0.152486243128337862
0.151778825073794532
0.111790800010723348
0.170082240125442152
0.194771152895126032
0.136135489661218578
0.218669128728070594
0.195746264894493566
0.075352643376508877
0.109196138370363710
0.137757731537733769
0.104769882355047514
0.134034459642930481
0.244697213062071650
0.117951414240950889
0.291844159618165233
0.193772176825262987
0.047952767798726516
0.178641701050878121
0.235665337399733055
0.183467023438719401
0.212752335624586009
0.114478022419776226
0.144884742077079687
0.121386385640498862
0.325818262999604924
0.400000000000000022
0.163927453962019187
0.287293878834380290
0.400000000000000022
0.056803749407445182
0.149621473374333236
0.367153258051567233
0.218162522931003411
0.194814855154379907
0.242711377408427659
0.116072540557353471
0.064118748083464724
0.161562745759656456
0.059122733767946065
0.085853681242454807
0.085557669680341883
0.289225649191797107
0.202670233311453701
0.332919184126090006
0.248038894074051774
0.150398332029590631
0.081102904645876814
0.226363064889155530
0.380305886714948416
0.400000000000000022
0.142523539903020885
0.102564574822518614
0.142931373498744768
0.227646044077391529
0.389217758287151328
0.395164712408129282
0.222726567190188962
0.144376041235148939
0.186463797789303110
0.240734589953250172
0.357807007543458844
0.162357525668033270
0.383638172624000129
0.273026410066564362
0.131999771172094493
0.372469201178188880
0.369972144085168431
0.219166508127575377
0.236545707858199394
0.207339118810218381
0.130014285251747325
0.316243616669215744
0.354740500414905735
0.200390358493916898
0.092864713891991829
0.052388773020882289
0.111619525294697083
0.114617634993985903
0.266312827932830565
0.355773758724128863
0.218720494531217946
0.219132313528355327
0.212821669942523634
0.273139960351287514
0.170710113627798865
0.234641007172889576
0.166504457259267546
0.206257273305863575
0.154395863728085919
0.400000000000000022
0.180421733587596195
0.248453504464402397
0.327239876721973078
0.373094167780144703
0.400000000000000022
0.400000000000000022
0.290350323603522864
0.385211094742139826
0.302548830155553394
0.285589663416112916
0.348128883323875593
0.400000000000000022
0.399180095004422753
0.400000000000000022
0.400000000000000022
0.364747874308467335
0.400000000000000022
0.400000000000000022
0.400000000000000022
0.400000000000000022
0.272058116157856689
0.400000000000000022
0.400000000000000022
0.400000000000000022
0.400000000000000022
0.387419928373320954
0.200246619653771218
0.284060640484375015
0.386737399975703999
0.400000000000000022
0.400000000000000022
0.352372093401764064
0.088829050114754865
0.071947087867619927
0.138361414460341364
0.400000000000000022
0.400000000000000022
0.400000000000000022
0.400000000000000022
0.189401532783062154
0.311159363472498673
0.400000000000000022
0.354551087058736891
0.287357977540924125
0.374182290104487003
0.272397734234778977
0.233987842413216435
0.400000000000000022
0.336876849894537034
0.348493328643767919
0.257145996100953067
0.209798103108093881
0.400000000000000022
0.392113566676004000
0.340001029866588922
0.400000000000000022
0.341887545416839189
0.251451725702130646
0.210280772933316679
0.380869534663369536
0.378641726728323968
0.400000000000000022
0.400000000000000022
0.333271553859478042
0.297564062127224416
0.400000000000000022
0.294805580702863501
0.393251247319981623
0.262273408264488861
0.328560405403450217
0.400000000000000022
0.400000000000000022
0.360658415600659865
0.400000000000000022
0.327760426072081335
0.392500434867357750
0.400000000000000022
0.400000000000000022
0.400000000000000022
0.286063778694447601
0.125888789650419886
0.070354599509256266
0.236092356160885003
0.396238612627182185
0.303208569148312623
0.128785522561877586
0.383707111964436298
0.258756592086362980
0.224127649420095859
0.400000000000000022
0.345077007695374749
0.186884484447596783
0.253445485428784145
0.159731777014476301
0.238184040870434655
0.287450024887634936
0.164465304757873715
0.206679948945452413
0.390776623037228599
0.196991188373542125
0.187096697330921574
0.177001829822274803
0.287866479165547529
0.252201761334675201
0.345992602776528546
0.291755004626271797
0.103896835898373424
0.117857063597531536
0.237856301665046621
0.260457223428240681
0.306170000517244190
0.284415223220604529
0.065278523449869424
0.181692527575072593
0.094225097389764881
0.136516174902101106
0.394504241997355232
0.129860431635160950
0.101449273705059101
0.208771736435490962
0.198538147163200063
0.211032401495065441
0.398656957148697866
0.275230314818111332
0.281987868666295216
0.206641197779116298
0.188567338510846699
0.353242049861748453
0.156540304024353039
0.101547476553683375
0.199594788665140049
0.400000000000000022
0.358709483353899961
0.255369976189163683
0.190972070855847859
0.197601355730351091
0.153249801627379417
0.312953757020707823
0.337007914543946074
0.196131499382873803
0.183190245197260654
0.211729414919629017
0.163794072537405022
0.127366934467291137
0.347785496218872558
0.303485017552534042
0.337439366464114598
0.193614928582334506
0.047649492533202505
0.068076682480987971
0.161996795872964727
0.213158492255453497
0.176962735116655390
0.211115656735574253
0.170662065811785640
0.069629148972712634
0.231810513941465290
0.164146949116019764
0.261359016080329631
0.314137841345276669
0.187616179118049287
0.073346887872955888
0.108186893745817109
0.092223450936181978
0.347132646277348411
0.093846883752324861
0.031099690694810420
0.177103916156808400
0.099025505181378190
0.102195797488058765
0.400000000000000022
0.122991817112540217
0.095890378118507494
0.205778611175327891
0.219296469154960594
0.399003982392545531
0.335502710780215097
0.249286688209087615
0.154264143805698223
0.142495323677698488
0.198384304350620738
0.264605854729474954
0.194111812231454267
0.155250201588563896
0.186685104889665776
0.209361125180187818
0.149042004265143468
0.080186905760350827
0.077397395712504646
0.106867972302219005
0.183328279021749474
0.087167992290873422
0.400000000000000022
0.392593827997050837
0.366031059677594028
0.117389403165083395
0.010173885997726378
0.034354521473292238
0.119316065766980964
0.164352404158186444
0.229135241366216769
0.362103465018243531
0.231675723805251088
0.056968667515282137
0.071549322510382707
0.125771913806078495
0.136977040187462651
0.189511634211041613
0.123204153559073784
0.035010679233089634
0.082085782903251428
0.131064636433441850
0.136318756389075479
0.068156545879954844
0.020266087682338077
0.068903972525525270
0.112487343682024427
0.182708692620161844
0.389315851005470615
0.276559354829402526
0.118112194872013174
0.087308827430576427
0.135283966146079709
0.319081503949407042
0.350972440138420161
0.400000000000000022
0.189339217928522124
0.087901511637028001
0.110232386037480118
0.214346878220941062
0.105626626158661405
0.193911431412670116
0.083805636494128727
0.173095540384568702
0.195270151325592695
0.234799863579769119
0.084281468189889588
0.093966431254591531
0.293013450854041124
0.292723143151486453
0.348374980787473199
0.365124526999042520
0.258280441221405699
0.109176889157700061
0.150951139525299843
0.231214561496460302
0.302998221953499736
0.289327602799660244
0.221772895908188439
0.217235538914463178
0.255998469494787328
0.214419474966847268
0.316520998708643475
0.274093705137039734
0.239278747686112986
0.212468931060920962
0.243548630872934435
0.234631417909331730
0.281049953558669630
0.202722385282732398
0.280878371523376413
0.171772200498017058
0.186076317332798530
0.254830230308496219
0.301797330392084062
0.226586939247667679
0.312956751846261760
0.217693228578346110
0.227881483715988042
0.255073503557372849
0.328860234768716175
0.371520799881366548
0.276073942326739763
0.300516734805284791
0.268871106385480008
0.236087260866716414
0.288969124817945955
0.315872160324254581
0.297515029982333257
0.248763818017525506
0.163768863784932717
0.328462726761023061
0.258105270470998183
0.208618615240241084
0.180034787943016444
0.171284930263911062
0.223721491514176141
0.273141606587971597
0.238122520053731246
0.292820816283602958
0.297448071156065030
0.223442733802382859
0.180395504816551561
0.218320922893387115
0.206785927692077903
0.264577611675742508
0.278849798488832679
0.398360706368325435
0.320943293292656140
0.213206004212778605
0.207396837855392924
0.249071114459225751
0.270626055413222488
0.381827227987099560
0.307080651632485435
0.242750982637323476
0.202962222458411806
0.190461498679591917
0.318652176326355840
0.248802145398869717
0.218818188447972267
0.270634005329792482
0.237693964970548649
0.213069338822594490
0.356829609913038137
0.283901162851846578
0.323146086730635496
0.265338151939007894
0.270980836097860667
0.332357898374234961
0.293358732822272095
0.335273251504234093
0.370053300000597496
0.246466999507506529
0.243132687156346394
0.313774183411410612
0.289116896351025054
0.226683362818639211
0.275520294473721006
0.384764514689453219
0.265132690107159952
0.239348403834650503
0.196574896657122716
0.161886817473403555
0.216391106920985038
0.270801783727305956
0.321227055970030428
0.354109270702092360
0.338588774779101820
0.131643790724028320
0.164692317084769196
0.214952318421845534
0.298437400383455231
0.301766628253355762
0.258908504802852768
0.221639638367618103
0.256806401665258310
0.228227703327369025
0.332290965402667837
0.281728046569147683
0.240143053289550601
0.208191560241884455
0.241612478870198100
0.236631208981100516
0.292098507168136567
0.215821360523274386
0.292650050149326546
0.160927596027096304
0.186595786596743057
0.247753952641814518
0.331314909588389495
0.248475854392462420
0.353416102199895887
0.201913698591741408
0.213609797767393611
0.255556736668038909
0.332706920336665490
0.364341576277663837
0.253724931675722354
0.262309926459827314
0.227012645394582935
0.219746396353525913
0.272478227963422748
0.326829016902810743
0.278145363700626203
0.180613452725117724
0.132912669205442313
0.270500787242096641
0.260696493332923829
0.243010183000428925
0.233666601526489576
0.223882520938343932
0.190365819556651078
0.255042002252583888
0.221024642736475652
0.263553142456740885
0.288474511461933425
0.282006929371393988
0.198116733045114596
0.201527163276106536
0.188517227263295617
0.261541957731430630
0.298171379123100322
0.455362613676877359
0.326494212540436535
0.215543281410609328
0.224516588493807678
0.257942378751700507
0.278113171015472838
0.383332765261761188
0.302083959410636704
0.235256610930160731
0.205127025759301945
0.197231177513089911
0.350441166524488923
0.257253853352671980
0.213101090848299923
0.256441806155201346
0.229595420839090208
0.232609301920173206
0.394605509691719814
0.326708101764432490
0.303139739493775706
0.271415793745889755
0.271501037516444554
0.336896004528092818
0.288600831410249226
0.313625504958688073
0.319181669697706505
0.228267120222833547
0.226182507875064442
0.292377183781422856
0.299145676236227898
0.211925180384384043
0.200039829253762763
0.282771018541239538
0.220218867235349725
0.241709241754364118
0.228401404250552803
0.208194727808225621
0.288099234059967457
