0.400000000000000022
0.400000000000000022
0.400000000000000022
0.400000000000000022
0.400000000000000022
0.400000000000000022
0.080007290926029845
0.007644579994153203
0.007798229360000014
0.053338459973967307
0.046620914243847816
0.014967437057874577
0.022439976383924535
0.008297624970153180
0.003283995615065499
0.040925002568190150
0.031740726230865823
0.052729475596812764
0.034671635232988274
0.009293853763821783
0.002851414952270108
0.019334738482112038
0.013551528136255327
0.014114917445872106
0.243398680545083623
0.113480223369796102
0.015152021589487875
0.012314529210990152
0.013324092837432921
0.000000000000000000
0.400000000000000022
0.379335577471960339
0.046940904447249888
0.084492589127639905
0.178655301042162595
0.030591925106782866
0.056530814250344480
0.076767675103757677
0.014968752084552476
0.339478002652337352
0.400000000000000022
0.139680311304211047
0.016630375726901382
0.176956450013972255
0.335493832038889883
0.194440751563490333
0.400000000000000022
0.248847105800165058
0.004326461883765039
0.083866387866753295
0.025246427140173756
0.001133168566042200
0.053977594023220027
0.034458549407419298
0.022221333906803063
0.014349831429587834
0.000342302711434877
0.016570955565887772
0.075887395098529459
0.021419172594744192
0.008696186176453664
0.012724361377320380
0.001844403910872762
0.040595229392436281
0.076311962167331951
0.046093264107279527
0.025931018989129386
0.011170320753722134
0.019909597613980499
0.032921959396394626
0.039182853150301553
0.017424713464568017
0.077336067986832360
0.105407300904744400
0.028264168805957536
0.009593954870672709
0.023747113619586438
0.011351891171675621
0.214219668950367592
0.270622202993437311
0.032095311335600257
0.053198580724883968
0.074587104619190436
0.060204045946733176
0.105089425458593941
0.072400395447719174
0.005760088887518509
0.255581156926473041
0.176695707295157517
0.163589005826058065
0.021739627314576633
0.087326829533695832
0.338584656215516477
0.033006622160836378
0.055403083867299988
0.065841463500309338
0.005635941427359440
0.057676513561498055
0.012132494640080363
0.029458874904929204
0.035360104818746477
0.028649309355360017
0.012956316951799487
0.004801122928405941
0.014578279094248137
0.080084336920520596
0.121318507669030018
0.021622326619396896
0.033794114747332987
0.025229659351066181
0.006015525746312617
0.096314660077002359
0.118619709131769169
0.019703686227729954
0.071331684031984907
0.014088785465053818
0.005442746632342849
0.043917942035574767
0.121136452114070564
0.033866141936899317
0.041274199898066036
0.068282278106066505
0.019949608912544589
0.062142786963230091
0.041098121170092185
0.007755435880862189
0.055170311137574334
0.123117374331747992
0.014687770973139624
0.041827788068149616
0.057756459771976930
0.050778938621330802
0.039699557662583859
0.002009812624403318
0.006266227365061372
0.024377899198696169
0.080363744146170701
0.108159599496916004
0.038529446461908846
0.002592552705072839
0.103744175308514930
0.008397739851723936
0.017869913204239599
0.040489193945076371
0.001105208604302224
0.015161692899032133
0.026375679253563308
0.034712260796900922
0.095786786112562416
0.070055486918921869
0.016210762360027876
0.055700055427172067
0.038716690664808373
0.093129282040922468
0.186092316186827700
0.115258205100437355
0.025635626805111732
0.028505832292938252
0.024247215270495941
0.033874614561168345
0.163029115957817661
0.094924476288760426
0.053294250974468910
0.034779545137065368
0.052688554214994951
0.025831441190144983
0.095744181357884248
0.065572851561172776
0.089159466173891005
0.074818471005961867
0.065430454541436103
0.101411287528770613
0.184444397203702426
0.155267522942201391
0.280703422392338087
0.080992899577240637
0.036493941942779759
0.042527600681866062
0.108882115168359800
0.056762525417565393
0.104107942449271851
0.083138442083641295
0.028047953829134775
0.013764361656211636
0.020530562208822063
0.042066772887165586
0.104364931927456217
0.036550606181861039
0.122963904305631949
0.028907933684040470
0.012730753716927447
0.027947534655704674
0.029169132865255389
0.400000000000000022
0.191750712550949665
0.034398334869837892
0.154029230193904521
0.129359002544361695
0.028127123629516020
0.400000000000000022
0.185971761918935108
0.065855560212976727
0.237449911915898482
0.198273397526053774
0.041527745198474311
0.400000000000000022
0.342092815267471873
0.202655232506951000
0.353442378462000106
0.205753985316441790
0.105654881868967432
0.400000000000000022
0.324153754837557262
0.178891899993523451
0.345914177439096693
0.156487365400992368
0.090290937585112419
0.400000000000000022
0.189127421920660399
0.124257098432908525
0.347322510083142022
0.193071567761892104
0.277478012655238027
0.183746169722240837
0.070642929490170231
0.087791315282171323
0.286298386453292419
0.158508604404292847
0.114154803840298469
0.305386971632953197
0.090968457616963566
0.016641007696219220
0.068816040066144238
0.061447334040709220
0.213535844162369648
0.400000000000000022
0.136203286831027282
0.048643654301401329
0.051683926697337408
0.070656171151173341
0.037173929707133534
0.396774855034701779
0.058965535732443251
0.026215690853603209
0.105808075633768456
0.089323410675413162
0.018180242017174015
0.400000000000000022
0.233193697696115615
0.085391560428221325
0.140981483121791235
0.086735426525889073
0.027059772836229887
0.400000000000000022
0.262525456400867441
0.237517086438421343
0.189492894215353591
0.119620433361878900
0.059057132452677297
0.400000000000000022
0.107742061141957876
0.213139487203405698
0.263252601163026900
0.205813128203337470
0.110911520983825465
0.400000000000000022
0.197014356842484917
0.129402714161531013
0.242682281829229574
0.154344225385476042
0.197542223065200723
0.072112176026316518
0.068319764999080393
0.043454289820428323
0.247445465815973542
0.143087519112024136
0.062087617426770166
0.153079590282609312
0.382718423958112619
0.038136434324659886
0.067944437763810386
0.046560437497342101
0.116047067327700537
0.241806385001518132
0.260370056389743643
0.080868572960958729
0.044426496298175300
0.063579217077917166
0.029970367047554184
0.039324640240961869
0.010958036939157308
0.031062005988230796
0.077593459971034562
0.084202487485049798
0.004427298494562547
0.020706849191431374
0.021951979354327356
0.044155371132554265
0.105493741685241352
0.068620989710833899
0.010385706701070769
0.006070254114459032
0.016215523079680952
0.051251182225744978
0.099514299848068477
0.070523684591967048
0.040611458986556617
0.017305026753402411
0.005745172732371683
0.079251265883595545
0.140030906378687620
0.065816671139163369
0.026698892118623089
0.024335586054338977
0.027915580803249632
0.056756592341497304
0.093050420945542306
0.073690296117015636
0.172976676214470493
0.024118606877857468
0.093209790064661097
0.034534668554395902
0.063169985395931036
0.090830802183351156
0.159043213424210073
0.148426132071189876
0.400000000000000022
0.032905725386718300
0.017029269708637912
0.062908074067838771
0.037863977902157432
0.119187480472894500
0.391179751005265808
0.051258408201272587
0.012179286479457558
0.046292869208552863
0.013719488026367939
0.007905755299063622
0.009888489668694956
0.017832745218915477
0.025608734719063889
0.035111038555740229
0.003906526495490838
0.007898363216973139
0.006379890729902510
0.035863905719688581
0.035703992410638825
0.015025177461605114
0.001522711817398464
0.003536016725147603
0.000000000000000000
0.047905909422765347
0.067065429302310436
0.049646039723851454
0.009901140672167812
0.000454760551672950
0.024730017170596655
0.063109213893109806
0.074061544156755893
0.053270191806455564
0.165790651802005001
0.009482988535676699
0.007638348308759986
0.010772799408059188
0.026018365364419482
0.042449395992758938
0.297122640927993786
0.050035065612267275
0.078203310664579750
0.028583413948270988
0.027560057497050566
0.033082099769133115
0.322166876236736344
0.123727141375523375
0.259194899764475406
0.054789482848374267
0.017517329644451442
0.033569561353591841
0.019100576053826205
0.093540803695796898
0.196382736569800875
0.102812149811354350
0.073946980708846574
0.044822355196212797
0.049720482522813463
0.023315910040645139
0.013465990153576217
0.027303768359755343
0.016939938722762986
0.022482251667746419
0.012763973387458622
0.029592571969008837
0.022443011287249633
0.030106298629105056
0.032662115672623150
0.044286650640336905
0.015364127807965974
0.008128195475105158
0.005623228548809688
0.024860865604569186
0.048288555799037063
0.021806301409457336
0.062258217438129065
0.007780093259059097
0.000415172283849279
0.020157730738162002
0.087653818434670239
0.031302016870530032
0.115356065562318422
0.016003376773107519
0.009291376981410743
0.022347301684483317
0.080689315409724141
0.016032097753291598
0.104416349408566089
0.097152102740077018
0.088449124409747670
0.018660234135011517
0.016153063301372367
0.011678850347509479
0.400000000000000022
0.144249180819846196
0.133280383521781565
0.155785226479375871
0.038770017784679145
0.039823199571434625
0.090054866171149356
0.020862765977674863
0.081808288759199210
0.233513726133128735
0.227369636458610747
0.119968401889725865
0.029406591667830096
0.012608470059382586
0.000000000000000000
0.054243462558423154
0.047605285113566584
0.004128332161697674
0.009676636241854322
0.006578580597167899
0.000000000000000000
0.043053637311937135
0.093961942961809347
0.051763829248142490
0.024887674657605399
0.002825429113969944
0.000000000000000000
0.071925341297709583
0.034397511117975982
0.006896779538986626
0.025860333013458338
0.000746395970208400
0.000153258948617027
0.080114780994632637
0.074316423700470299
0.001123553736984793
0.071902153297323287
0.012359629998866913
0.002425590157058728
0.008071995639026009
0.035200188451371087
0.000931251034164005
0.098714853198523272
0.380627646091205807
0.155009102768314477
0.008481560987345798
0.009707547069125549
0.000851960879639386
0.254719426612962818
0.390868485752173478
0.157306620386176738
0.171938996354939727
0.176818498334975621
0.114422095148195874
0.045140328541258115
0.014664297488662319
0.288211650733042501
0.400000000000000022
0.400000000000000022
0.141969381090702784
0.078190393862365454
0.041347861994794809
0.017848782172019226
0.013447016299437968
0.014113603096577353
0.023109493235281310
0.028274750661943567
0.009795884448328003
0.016223319271644065
0.059980020051701458
0.094470482522314145
0.062870802417668500
0.050403273301873858
0.006936786215645201
0.000000000000000000
0.023741641353974011
0.028706082773334356
0.086711778697713016
0.033979083598072057
0.018261422686384525
0.002065810283568631
0.017920762546747272
0.035471772665957114
0.010542869655302836
0.046682237418378382
0.023396962828190773
0.001695298923463900
0.000000000000000000
0.019688110714074322
0.017570786645303663
0.090161047447032155
0.240159316982782173
0.024341795752041283
0.015474465942593472
0.007277120501967138
0.011536690201873343
0.191744915063809002
0.367393622194909120
0.014397925324727126
0.081345001929259017
0.400000000000000022
0.181548534393567829
0.056380291981724728
0.009967579703754826
0.072582045412908136
0.126441753004153723
0.377399282540416381
0.089005236617523742
0.025331847221430604
0.012697767519775194
0.000755292581224405
0.021012500742358942
0.029924640505298267
0.043559256145673859
0.049992623104578880
0.019918091035747904
0.005023328047342834
0.048951320691683370
0.058207637898295438
0.075117771550095136
0.048508600237291914
0.015457635139717676
0.028607512932109509
0.199263629835902067
0.157838685828894154
0.048994483585796840
0.034546424084659438
0.012710099081087946
0.034503053767799836
0.033708333252344090
0.039055164106560861
0.041093748751764220
0.080921655669033504
0.036005692651178159
0.016447643583503979
0.011328208013378692
0.021403018621035295
0.036121373876146376
0.100607728261508128
0.064002280004799489
0.000866740323955102
0.031452228646269925
0.036281860642206232
0.038010825462831389
0.099332951950315690
0.129677279194581163
0.001305866852874045
0.073087059079141745
0.146507227086397990
0.114606453404993106
0.040231933834905337
0.012327508268046452
0.007639022924078212
0.056905831384234162
0.078338339758903808
0.047264830246438357
0.026144508535490427
0.021139684854358298
0.039170020217840953
0.117357242555696004
0.096125712013661532
0.093275798712485244
0.038804291243658307
0.022723983514170168
0.036454369877635583
0.062282872532188636
0.136430904637166894
0.106988470060234736
0.075142648486559410
0.043340337214581845
0.170698985477275716
0.220505549287369040
0.080539073709683995
0.129294551539093167
0.031877392327104140
0.019747304910127963
0.131316400555617357
0.182034010922765555
0.068518217457844047
0.086485469251374764
0.073810897456071167
0.022363277348784474
0.086148507963544368
0.136114194808211242
0.112256687022950122
0.115292707341769080
0.019104868427313706
0.010860630236381907
0.030933557415408947
0.139226646816562216
0.095151899541083884
0.116733594437249455
0.047521285276580720
0.024335992166216392
0.008435280096347884
0.064404569611027210
0.060714101752412701
0.290017755378672859
0.021501765755843262
0.006521026651613079
0.013124101097504576
0.070213009679725102
0.038669695467933848
0.088530511980586313
0.055379901387857269
0.009495730233773264
0.142581372612539531
0.197013696740715116
0.056651582561126838
0.207531496188542858
0.078556134667060101
0.046852405036631330
0.221725313864457318
0.321700753671145478
0.033088327731314177
0.308109700718959822
0.129416948357467254
0.069743879838749245
0.378555131407395218
0.394485322013919615
0.077935945196501655
0.383385436846618632
0.062454489062495719
0.099713462397371874
0.366372688488873388
0.399636782194494500
0.130506882474466041
0.400000000000000022
0.067441163431765094
0.102831246798953391
0.400000000000000022
0.385854472839982476
0.129916652965023804
0.392321391893252658
0.070390550717639472
0.026696847689386877
0.195450984771836478
0.291563530495471235
0.097581749919257194
0.400000000000000022
0.131094081295505982
0.383659942935473008
0.092406498305989584
0.108504412202089784
0.030848263303801342
0.344433729275964162
0.061739431903450798
0.400000000000000022
0.133445654262720037
0.126714550928700181
0.008631172770281420
0.400000000000000022
0.037257704814316138
0.035051121491422976
0.235695666328207626
0.097197922006356782
0.082659058375290001
0.245500147808687452
0.078626416485254674
0.037301435855833301
0.310736971924022776
0.341730252318007910
0.087901859484307426
0.358395438885054540
0.125403282556301870
0.057732181520410340
0.261854246523429479
0.296062802340970099
0.099998203381045411
0.339101273527401936
0.044304823634331955
0.114931508778445379
0.346413329559113858
0.381174770206214153
0.049904191081627067
0.366486795441475999
0.058585392106271360
0.044203235152543346
0.322011246213298130
0.354208166052789042
0.085739486831873532
0.385636670978233953
0.065852879418838509
0.004650710794891942
0.095678752512934631
0.312647884566810585
0.073500405786562722
0.366928125351657752
0.027018123138704407
0.166955427717871419
0.073921227460313960
0.310242437702878626
0.017236159232855826
0.164318778433475837
0.042433391469301154
0.376506747977732315
0.069595443858903663
0.054364114193007705
0.010853848963803332
0.218153690352139301
0.046557453510841618
0.010886116182451505
0.023443969023825294
0.054231035828543675
0.050787161910974953
0.111328874282427506
0.040886571631657806
0.013181444732211176
0.116299525153175515
0.198380979081644565
0.050310367163367349
0.099485410638723501
0.074117738987650283
0.030038592246187344
0.026173565197980607
0.091695427170157343
0.164510166686836296
0.199957643926862133
0.052686074109340578
0.040967649431581224
0.028459190497506129
0.096446955124428829
0.085547222821677232
0.237639680958594585
0.087205466720631841
0.022367859805910453
0.057225303784847005
0.290413994071741510
0.046346580502754926
0.099698033762065957
0.122946226743996079
0.038652646709478378
0.262448510387798484
0.312702236964460423
0.041998261628692302
0.056862024772028480
0.025855695697582677
0.076370932311191284
0.038682968334856037
0.195255663046720929
0.013859915614129571
0.134931805294254359
0.085321455141783409
0.033650134669994912
0.023530857262810553
0.021054627098259764
0.012310687932944082
0.025535472369203782
0.028771141684233198
0.010293870748595208
0.002668493185057812
0.009102245623610294
0.018197483293277847
0.071505132482495723
0.068880539549397601
0.023071199344635307
0.011383696584813955
0.036020198213695731
0.086343288022155601
0.071601796921032801
0.025836717716739743
0.001262237817101186
0.014959519155337938
0.039620977217920302
0.060428993651088295
0.044353259297162460
0.048496527766268824
0.011638063118570215
0.026087559863854262
0.045917414525680440
0.011677118035835168
0.040831085809019091
0.146667547050375879
0.014315792788610114
0.015505871263463845
0.112045763266491641
0.039413972053579605
0.046725487033891809
0.100623143949961219
0.020735731147738756
0.366529030349446117
0.267784649696669930
0.029429439049372567
0.015046024415735612
0.017156753091113360
0.068081754253854959
0.103802107018158188
0.188334959873324381
0.038245180439641854
0.113425383468198582
0.095289202771255924
0.029349672020793111
0.005533873978886433
0.040728059182785825
0.176722841825948329
0.172621533687913276
0.024843902199862287
0.016363099755279872
0.118775778628065931
0.055037399890480260
0.077718243049741467
0.162295866142308565
0.088738143881248760
0.021531161653448708
0.008557567785871925
0.060856564772480345
0.052644850249547959
0.080701352172576055
0.032003637765891921
0.012242978078373372
0.016637745075924856
0.051847440664740965
0.089186946479273679
0.015222440588036776
0.057653129177690457
0.022153328564828201
0.021400457929082461
0.016309601362703721
0.035145170021063196
0.003029007118334053
0.138061269174242496
0.074594062944246073
0.035223872311185539
0.002723655488935221
0.006487246274405587
0.003811594652890963
0.299900945610974801
0.201908184771952603
0.305662528876161410
0.171812251681979972
0.045150159564062639
0.046941932066177923
0.116285424338492482
0.079811333417990210
0.061828295065168667
0.202837097521314902
0.092083468824297715
0.054539720951577483
0.079232636715984683
0.011284779269045706
0.005859311938520620
0.105276562969467732
0.287767622716356142
0.093347060103526419
0.400000000000000022
0.400000000000000022
0.400000000000000022
0.400000000000000022
0.400000000000000022
0.400000000000000022
0.089683927167884162
0.014223160591321104
0.007798229360000014
0.096392097285904449
0.140582857205657191
0.066731266306017056
0.047327651041529938
0.011123054084123124
0.003283995615065499
0.112850343865899747
0.066138237348841805
0.059626255135799389
0.060531968246446612
0.010040249734030183
0.003004673900887136
0.099449519476744686
0.087867951836725619
0.015238471182856900
0.309750309628383236
0.125839853368663018
0.017577611746546602
0.020386524850016161
0.048524281288803997
0.000931251034164005
0.400000000000000022
0.400000000000000022
0.201950007215564387
0.092974150114985693
0.188362848111288173
0.031443885986422247
0.311195231096551117
0.400000000000000022
0.172275372470729188
0.400000000000000022
0.400000000000000022
0.254102406452406893
0.061770704268159504
0.191620747502634581
0.400000000000000022
0.400000000000000022
0.400000000000000022
0.378239919150856141
0.082516855746130491
0.125214249861548110
0.043095209312192982
0.014580184865480166
0.068091197119797359
0.057568042642700601
0.050496084568746630
0.024145715877915835
0.016565621983078940
0.076550975617589223
0.170357877620843590
0.084289975012412685
0.059099459478327523
0.019661147592965580
0.001844403910872762
0.064336870746410299
0.105018044940666314
0.132805042804992557
0.059910102587201433
0.029431743440106663
0.021975407897549128
0.050842721943141898
0.074654625816258674
0.027967583119870854
0.124018305405210749
0.128804263732935187
0.029959467729421436
0.009593954870672709
0.043435224333660760
0.028922677816979287
0.304380716397399775
0.400000000000000022
0.056437107087641540
0.068673046667477436
0.081864225121157597
0.071740736148606515
0.296834340522402929
0.394171942001236730
0.020158014212245636
0.336926158855732072
0.400000000000000022
0.341539207300470160
0.078119919296301368
0.097294409237450655
0.367150676987855640
0.159448375164990108
0.400000000000000022
0.154846700117833080
0.030967788648790039
0.070374281081273249
0.012887787221304767
0.050471375647288146
0.065284745324044741
0.072208565501033870
0.062948940056378355
0.024719213964153844
0.019601607141590968
0.129035657612203952
0.179526145567325490
0.096740098169492042
0.082302714984624895
0.040687294490783850
0.034623038678422133
0.295578289912904468
0.276458394960663323
0.068698169813526791
0.105878108116644359
0.026798884546141759
0.039945800400142686
0.077626275287918850
0.160191616220631439
0.074959890688663544
0.122195855567099554
0.104287970757244677
0.036397252496048568
0.073470994976608778
0.062501139791127480
0.043876809757008570
0.155778039399082469
0.187119654336547481
0.015554511297094726
0.073280016714419541
0.094038320414183169
0.088789764084162184
0.139032509612899563
0.131687091818984470
0.007572094217935419
0.097464958277837910
0.226870971232568691
0.222766052901909095
0.078761380296814176
0.014920060973119292
0.111383198232593156
0.065303571235958105
0.096208252963143406
0.087754024191514735
0.027249717139792649
0.036301377753390429
0.065545699471404262
0.152069503352596946
0.191912498126223963
0.163331285631407142
0.055015053603686186
0.078424038941342242
0.075171060542443963
0.155412154573111083
0.308721973473469413
0.222246675160672119
0.100778275291671146
0.071846169507520083
0.194946200747771609
0.254380163848537399
0.243568189667501600
0.224219027827853606
0.085171643301573050
0.054526850047193327
0.184004954770612295
0.207865452112910548
0.164262398815728294
0.152058320812547526
0.162970363629962173
0.097181748354746328
0.151578962504980458
0.237525482336981841
0.296701084226652534
0.270560230283970471
0.299808290819651768
0.091853529813622548
0.067427499358188703
0.181754247498428279
0.204034014709443684
0.173496119854814834
0.151629227725852578
0.107474434249857684
0.036483233925482660
0.078168931267238839
0.081244663961234753
0.332084528265838452
0.125866697683299500
0.043071632833474122
0.136088005403136536
0.099120943363765576
0.051400449184861294
0.116478046636290980
0.084549034253112665
0.400000000000000022
0.334332085163489168
0.231412031610553043
0.210680812755031310
0.336890498732904553
0.106683258296576128
0.400000000000000022
0.362757792277655922
0.355062613464710020
0.270538239647212631
0.400000000000000022
0.170944693555941551
0.400000000000000022
0.400000000000000022
0.400000000000000022
0.386681741607462270
0.400000000000000022
0.168109370931463137
0.400000000000000022
0.400000000000000022
0.400000000000000022
0.395221366591154921
0.400000000000000022
0.157732101016877541
0.400000000000000022
0.400000000000000022
0.400000000000000022
0.397367622498914108
0.400000000000000022
0.347868563372877471
0.210443017411627742
0.266093914262006737
0.344678754417900135
0.346526284427273956
0.400000000000000022
0.245248885135804479
0.400000000000000022
0.183374955922953164
0.125145419898308990
0.099664303369945584
0.384056850972867792
0.268955246043404372
0.400000000000000022
0.269648941093747319
0.175358205230101483
0.060315099467618823
0.400000000000000022
0.074431634521449658
0.400000000000000022
0.294661202060650884
0.123413612859959998
0.188467134009058457
0.334823558484100614
0.096806658502428686
0.400000000000000022
0.400000000000000022
0.374099382448125961
0.228883342606098633
0.391950271819443086
0.152463055392531743
0.400000000000000022
0.396450124165497297
0.400000000000000022
0.289491097596398961
0.381829361904717945
0.103361956087009252
0.400000000000000022
0.387268263054450168
0.400000000000000022
0.313156792244653981
0.400000000000000022
0.169496913090096846
0.400000000000000022
0.396714013249069963
0.400000000000000022
0.326511143547213223
0.400000000000000022
0.263395102484039190
0.076762886821208451
0.163998517512014996
0.340203837208997273
0.298089245438234007
0.400000000000000022
0.089105740565474559
0.320035018000480731
0.395694154742330606
0.348279693269793633
0.085180596996666205
0.210879215930817876
0.158480458797001705
0.400000000000000022
0.328142474596664679
0.135232687153966413
0.055280345261978642
0.281732907430056412
0.076527820558395798
0.050210756423413369
0.034402005962982603
0.085293041816774481
0.128380621882009521
0.195531361767477263
0.045313870126220360
0.033888293923642544
0.138251504507502843
0.242536350214198837
0.155804108848608680
0.168106400349557400
0.084503445688721063
0.036108846360646381
0.042389088277661552
0.142946609395902313
0.264024466534904800
0.270481328518829167
0.093297533095897195
0.058272676184983635
0.034204363229877806
0.175698221008024374
0.225578129200364880
0.303456352097757953
0.113904358839254927
0.046703445860249423
0.085140884588096641
0.344152891435560937
0.139397001448297253
0.173388329879081565
0.295922902958466572
0.062771253587335846
0.328815381098787107
0.334601931911291006
0.105168247024623351
0.147692826955379664
0.184898909121792743
0.224797064382381173
0.400000000000000022
0.228161388433439222
0.030889185322767486
0.197839879362093130
0.123185433043940834
0.152837615142889405
0.397401572404709080
0.072313035299532355
0.024489974412401638
0.071828341577756638
0.042490629710601135
0.018199626047658832
0.012556982853752766
0.026934990842525770
0.043806218012341733
0.106616171038235952
0.072787066044888438
0.030969562561608446
0.017763587314716466
0.071884103933384291
0.122047280432794419
0.086626974382637917
0.027359429534138203
0.004798254542248790
0.014959519155337938
0.087526886640685642
0.127494422953398745
0.093999299021013907
0.058397668438436634
0.012092823670243167
0.050817577034450910
0.109026628418790267
0.085738662192591047
0.094101277615474654
0.307859278887828824
0.023798781324286814
0.023144219572223831
0.122818562674550838
0.065432337417999087
0.089174883026650734
0.385008687863787502
0.070770796760006027
0.388186903452683585
0.287937816040829853
0.056989496546423130
0.048128124184868726
0.333808391513620739
0.191808895629378334
0.343782981978938806
0.243124442721698641
0.055762510084093289
0.146994944821790430
0.114389778825082111
0.122890475716590009
0.201916610548687286
0.143540208994140189
0.250669822534794862
0.217443888884126107
0.074564384722675750
0.039679009795925008
0.132241768781642149
0.082341168250235616
0.094658181772504443
0.184778117810055015
0.101502117268707365
0.051123733622457548
0.031000579073121558
0.090962863401585381
0.085306965922171130
0.124988002812912960
0.047367765573857891
0.020371173553478533
0.022260973624734542
0.076708306269310148
0.137475502278310735
0.037028741997494112
0.119911346615819508
0.029933421823887293
0.021815630212931744
0.036467332100865724
0.122798988455733421
0.034331023988864083
0.253417334736560917
0.090597439717353581
0.044515249292596280
0.025070957173418534
0.087176561684129739
0.019843692406182559
0.388065380140115379
0.299060287512029621
0.362417325229970777
0.190472485816991471
0.061303222865435020
0.058620782413687400
0.400000000000000022
0.224060514237836461
0.195108678586950246
0.355579909551902440
0.130853486608976832
0.094362920523012123
0.169287502887134012
0.032147545246720560
0.087667600697719839
0.338790289102596454
0.400000000000000022
0.213315461993252298
0.103247825565629184
0.182492106479044042
0.174207397426438065
0.160613079373777362
0.182646087174871019
0.197989500090605619
0.078273190730011447
0.133042770249036962
0.205851272385344841
0.272221704158988609
0.216912631609685158
0.170776479132495634
0.079651236721559673
0.130627174020742892
0.213981356728384114
0.290289758385757102
0.182751617586211890
0.174701593382234288
0.084534192591485285
0.144355360472646133
0.211834209697856463
0.257770670923584688
0.156847408481006229
0.175174752442525866
0.170044837372030966
0.186830061124023256
0.209106657567382864
0.244786578663650417
0.143348831153741862
0.168328176275972491
0.320168743648666432
0.253019270656864526
0.233779979637120799
0.182997509339916126
0.128117291898336955
0.170240601070100750
0.226376310440565442
0.284965070822706057
0.227129443075966136
0.245582427134918069
0.204749893044791048
0.236639974445097656
0.093103430160125275
0.231336009067695497
0.362675797680477086
0.233369300744725561
0.276607448863567029
0.220572941271374279
0.106039966613186890
0.190177849740682192
0.150369969964346928
0.148470560822997671
0.181239114487766584
0.241110624160676135
0.088340311234709770
0.138001059450347463
0.124922888158851553
0.212856655697239189
0.278700789091682499
0.289293780323433336
0.114894391064459464
0.135934344240681987
0.148487943031796049
0.208629520218117787
0.257667208928301972
0.265738679234501451
0.115973936936079908
0.149069752101945896
0.149523640035177013
0.206095347655795708
0.243676991456323461
0.246061764235951025
0.173773284310429849
0.176864058922515444
0.147778837841359201
0.189539978220816530
0.221606483833330897
0.239253400322577497
0.337177586124261575
0.238948602855869108
0.170074831818280203
0.174236566082094591
0.141773815577410783
0.208176497606455430
0.329380890260358161
0.318458021883917253
0.176375150077652004
0.236170746405118676
0.207849015567127732
0.262803134020974105
0.215777458894310353
0.251027052877984991
0.243702346074756104
0.204095312893079889
0.286551005898644795
0.265064025805949899
0.108477776895345365
0.183976280241854834
0.150147112491588047
0.137098766939755062
0.160955387397428512
0.225698388702600783
0.075385078551324730
0.130740983752569068
0.144638505356063374
0.161475936370712364
0.147892941053853227
0.170558045850665724
0.079603034619700697
0.131188086731651138
0.221821736053016444
0.299707411613601427
0.208769249723724765
0.181437681273667495
0.082840796139224362
0.141131288464060617
0.206057743821827677
0.251625959759792406
0.169595292326078839
0.183451907363763378
0.199167246636348272
0.182684717658362167
0.205277698425078120
0.244163962681836516
0.144277718635203805
0.178152222162966584
0.367357713040531719
0.300020695737132082
0.311790739174609588
0.325840467900522901
0.170063504462422382
0.172045107722785195
0.251641126659458925
0.363562610011482490
0.263117473980002514
0.315239830694216849
0.226019309250008460
0.231253107438789018
0.096500924486160627
0.239268827660793437
0.354973487215768047
0.204668527766535102
0.255047438958022343
0.220164945477052287
0.117197311940920604
0.194722691365084549
0.152106820143672633
0.129283560731798780
0.153450598545545963
0.210061402225112909
0.079136529798536415
0.136387846508777361
0.117504795612409854
0.144196731790149912
0.146357354476035650
0.218477812640934715
0.089841193235469685
0.135909136509746425
0.150779421720500212
0.221976896432654225
0.265821328685094671
0.290148579962207276
0.119495229697229935
0.147972198922748294
0.139896650275960793
0.194224740661387563
0.236290251658403783
0.258397934269097684
0.273241028192692470
0.191007662455671440
0.143271195774236637
0.184058115702260799
0.220884750457354950
0.240192814865554743
0.374378889162421069
0.277866067185257526
0.211109808959973777
0.253227648974324759
0.265536208898495329
0.245466754277633536
0.264380911500238791
0.351209025789209595
0.216447770292540365
0.300147831468220216
0.240061917937563152
0.311120671410909655
0.153291839517902928
0.255625385488111645
0.257807867717142036
0.198631417430625595
0.259557608898452863
0.239294761856295113
