0.400000000000000022
0.400000000000000022
0.294326324130740002
0.389633898899349851
0.383663434392405023
0.360279116883693296
0.011179860137074787
0.001963675675339015
0.019308013818310286
0.060115196490736655
0.074845183135527807
0.042938142195008931
0.023933324784382995
0.004745768733579230
0.049634200562581485
0.056065204737708388
0.035554220551506310
0.026811119404076045
0.033619946440616555
0.007970122149705973
0.050570420568844060
0.106777103528310907
0.232019048664117655
0.164710798264892766
0.087105013799617159
0.003797737619289936
0.004918857035985746
0.017781020712648383
0.096449161500886268
0.151037944831061727
0.095047439191085992
0.008309001140740036
0.001432723442006174
0.059436962994217163
0.219622596779553370
0.075038662448933480
0.013060431100498378
0.005221426768473071
0.068472906067149134
0.097018766714823540
0.095353104332097885
0.040697255806092354
0.242641217902070383
0.322735138623205631
0.400000000000000022
0.204908552998160881
0.081493755676010332
0.046864380316160914
0.003123203912851182
0.001284472274737079
0.049837328444375627
0.115175019457483790
0.240218872286824536
0.143261260060874751
0.003702965862857603
0.000802758781247390
0.056264777517858140
0.033456311877432879
0.025282655236515530
0.075473315789375786
0.015925452748330453
0.000882369416363813
0.085103990537905558
0.084044912805008393
0.048736280816421514
0.041380170344525104
0.021896063778967197
0.001087169464138500
0.022687339357156423
0.098675815799774094
0.094931626476940451
0.060730002833894826
0.024053630618882355
0.002910650931558402
0.012250994746961471
0.018303049783105284
0.022731046898958596
0.083758347791153043
0.016376403758285786
0.002078520016362862
0.015289221236203044
0.052054239139861500
0.056720000271576490
0.104078279929127965
0.001971437864546726
0.003816592463366410
0.016982455396675981
0.059739732988947573
0.057319935206608108
0.014348147059555137
0.090800393957340825
0.169873398347362731
0.075365967692568078
0.057785051466914490
0.065478625198371998
0.054443119921341591
0.001938338953936723
0.001254126125473904
0.006336320453344165
0.099037550531459614
0.144491181253068701
0.231851523171879459
0.005476699487950439
0.002993872693982323
0.039705498967034729
0.050283961607181175
0.063310000827281804
0.175204394531898011
0.006308127099711772
0.003509399109693794
0.110203408836770683
0.067619620988495763
0.034261895884655363
0.042805067167522949
0.001384828666677000
0.003624309439387251
0.057252605039032720
0.117600361713046830
0.114553498323810704
0.149611460704517085
0.026368943034038375
0.007794355777582000
0.037564841095273006
0.119825858081908626
0.053099653497362884
0.075546001466726700
0.050052906720106538
0.012237541003878669
0.042317656760254264
0.061617664532737648
0.055427262746688993
0.079294003537531493
0.004089234789931199
0.004606640598789376
0.025051328805036854
0.036474080369096870
0.009242545350109854
0.004682899101667578
0.035940411000899473
0.037719712206609621
0.036383676110260200
0.045873975297024396
0.040210161130288725
0.015118043047029373
0.001890026268664811
0.004860102523642274
0.037919738925825223
0.133683899027815689
0.059863723795096038
0.173960112742643808
0.001030883597750076
0.006591244660919251
0.082079409887971369
0.035278208410557371
0.091374538013773238
0.184089644382841922
0.000107247577445813
0.002398239968438847
0.052277030433790027
0.049600159788648693
0.093307844647025809
0.157141969768584217
0.013570732645070437
0.007048633471427316
0.038377541185197830
0.075762233069058965
0.097722563525943412
0.043718334913614092
0.007381054491987728
0.007753717214541236
0.042653813470186923
0.100185895736161393
0.049094076529932716
0.253280146683376617
0.002380710678517317
0.004985214312629747
0.017951295914972801
0.104770253110048672
0.162148044897377636
0.275040217999760472
0.035837224009179311
0.021849921310893122
0.015532059886097238
0.052629377989815367
0.048576285891860436
0.093165975888515398
0.089420969721200588
0.033646681504207993
0.010936846407546991
0.017426062242785617
0.039960545088149731
0.111012220385532379
0.004377054820873274
0.006871533584151278
0.037176765097412807
0.105895839589413260
0.110066869674008125
0.262739193668130755
0.029805276612861236
0.014013899476393827
0.081849665427284238
0.211205401219088651
0.208713570816054433
0.265678251582988523
0.052902719914177235
0.007568185315570656
0.133943552019488266
0.109227534747553368
0.314293253716819765
0.350813573027054293
0.023773327822895526
0.008432789937949277
0.078065328209985130
0.159563976931668960
0.183449573285997730
0.173419257937029447
0.069655545602888724
0.016178760392114362
0.087597114666829026
0.138702429753177342
0.193248020748056359
0.147714692514587048
0.034485981182414395
0.005309526709835283
0.051341936819463724
0.089467471178224345
0.231408718621413156
0.347116268695457753
0.060937025676148074
0.037180059744404345
0.014065214100340142
0.125989332601531834
0.152280502537090690
0.281249222419967304
0.129084603129029141
0.043405100307435877
0.004021240380070462
0.136199887764490546
0.103798885541670272
0.221271135604470232
0.000420653237883886
0.002912231832035053
0.126372514399997055
0.155847299464793282
0.300846775680895961
0.294633200132770057
0.003498934956398706
0.014146018907619524
0.077620968952642463
0.112315829384099369
0.257112145649784463
0.394047116171895140
0.000000000000000000
0.017432058021203001
0.068018574011927596
0.054371371010222838
0.400000000000000022
0.400000000000000022
0.000000000000000000
0.003493467880301793
0.035590437945513018
0.101691678417607220
0.400000000000000022
0.354328857373079731
0.000000000000000000
0.004218643992277761
0.061581168167445070
0.131384775607815946
0.309771538851764228
0.156621291649261224
0.000000000000000000
0.002566067623227430
0.108909257003077325
0.236636949443701589
0.235840467885256089
0.243963137376175698
0.112208127123214790
0.130677508298503497
0.038999763599820651
0.195530167551861228
0.142268782877495309
0.282712068192598975
0.097782516485661386
0.128368223291531358
0.002012838392934043
0.091994565717616397
0.081163858238406744
0.263756863971328026
0.000161116993394377
0.006800309268865504
0.243023160069028132
0.198211341296866267
0.400000000000000022
0.196366269221435102
0.001958678835725144
0.002981675473204591
0.045124267493582414
0.271395222168496431
0.379329383270607279
0.153170915627585363
0.000000000000000000
0.001159141828645412
0.014979194641334183
0.023612127028301205
0.258658884633897801
0.340630784764712757
0.009366649505447079
0.007770198029361364
0.058822030912280693
0.040814935350839521
0.152446852313953635
0.213648212790404690
0.004317318316209654
0.010453815367587788
0.101375710363306726
0.201420566326291600
0.400000000000000022
0.293062650728850072
0.002524996174185033
0.001125461365521536
0.065617346025022658
0.198625217754998640
0.374847950734764623
0.240222697598134804
0.132885176884672329
0.069554293232855668
0.058455563631852468
0.226581485069739769
0.348866355756030810
0.400000000000000022
0.217597592818246977
0.083920484041958537
0.001224271345075051
0.034052016467614209
0.100262303336162317
0.381331170686399767
0.001720531058771625
0.001222869637107218
0.086842861456121051
0.145883947574079353
0.144411248682972893
0.118778665777647133
0.007041470770221991
0.005178442384878791
0.071745535237598496
0.104669864757812967
0.149357083395901535
0.140580362849967694
0.006375956423364587
0.002697099157843094
0.048151048208774430
0.020041586236018059
0.064545282368146648
0.111386197001983350
0.003231266888913000
0.008479412736912889
0.156287697186474728
0.067302489258578041
0.061247325202628121
0.195162271912250274
0.015992997994017356
0.004458611613882716
0.024259442766992007
0.052127962629315808
0.133091316062175585
0.192764295419211057
0.000821287439345413
0.007140610216492798
0.035701513788521051
0.048045434738687720
0.160335054394418808
0.053102751881496685
0.125868640653505393
0.086714612718807094
0.058092032895193151
0.312212249009993115
0.129777352713814742
0.365762485676845217
0.083947114823162527
0.061708060459260972
0.017569571511191311
0.133634120973931098
0.085959497032595658
0.175136461618524697
0.000000000000000000
0.000000000000000000
0.050156524994039407
0.122625354021903554
0.083486762214576848
0.044135790623576220
0.002525664814487686
0.001141052392399686
0.036032675976702663
0.158471036229858614
0.090197818805090951
0.045064875024142588
0.007721825576098561
0.008095025450638055
0.051877862148627281
0.036594191624845271
0.087188268505297067
0.053795758943194723
0.036371794832839963
0.002404772943804748
0.048074010574011138
0.030428586001263913
0.057342520477194861
0.053790648695972207
0.007401117113502264
0.000301788727727402
0.012460743100229417
0.062951733114006619
0.017959517184115120
0.022146049272325722
0.000000000000000000
0.000537023836058270
0.008891959024103771
0.056232708406070142
0.070643378798832313
0.014781363072259350
0.192751818798621549
0.144543238612130975
0.008751146158962391
0.098667413640483037
0.137632086375293783
0.043280624478755018
0.151815884850064975
0.400000000000000022
0.026340492920250341
0.047890233770280330
0.093288221057512527
0.092644622116661607
0.001768087189380119
0.000126685869683687
0.035328447333778969
0.099573576839519701
0.160384607899821507
0.053193511687610648
0.029551712774700773
0.001961920231984887
0.026795989610610138
0.216530469422689442
0.093318268671147092
0.012519248353269768
0.079473986308061351
0.006877460752463264
0.036603428676543336
0.037910353149923429
0.014752091121828168
0.009494792579431349
0.046404230281304082
0.003707328983619572
0.048981573305150530
0.043293558296743584
0.006961203141347548
0.044530638378205617
0.053233906470317012
0.013405294033238530
0.042340880141665239
0.048404837110124617
0.081185907101850530
0.006931645487464175
0.021680882259473788
0.001950371292500816
0.007112037181454436
0.042993842912985608
0.044524296130054618
0.005763633849780331
0.302140863428995710
0.158678046499989012
0.003701942444972358
0.086081832328783414
0.104585123862914076
0.014616860858899879
0.225235618434797003
0.400000000000000022
0.204885973565366863
0.056518799582231674
0.077550316713417472
0.024308438504230406
0.000780797737218906
0.000415474717388726
0.032865460722218034
0.096306739755345358
0.080091321925527870
0.110603932701895308
0.019071346558376404
0.000802758781247390
0.012195912541871674
0.115930610838281475
0.076143147005132084
0.057280906133747769
0.019197316362800594
0.003363816387656512
0.016559798285569586
0.026608396350481039
0.030884901481201738
0.157889619196331543
0.013259283066152358
0.006421947240802992
0.049294431645388062
0.036349000811398441
0.006762985720584088
0.161177066538504055
0.024423686474557470
0.004081818932637191
0.014535944823417676
0.030206222110054210
0.102170906624403174
0.021674005179766132
0.004184279374363768
0.000038669967396643
0.001515208974673084
0.019603777921856396
0.087739598326837781
0.005146344358399620
0.113508802922476629
0.052675186360623336
0.028770445062639344
0.005358386525152858
0.067333461711307607
0.009925808816397295
0.168366024928705893
0.300499344212490305
0.179246569370453052
0.016183956523667862
0.033383138519330197
0.006313185042006017
0.003013868756709293
0.001636240042143406
0.000443352934540391
0.040053271655829503
0.051469099182999092
0.039461629601903317
0.058092133854331450
0.016870040006294714
0.052707819592462200
0.204191839867111868
0.086814310964772212
0.032302940846077703
0.130180930627690816
0.006444754555515451
0.042476151689206362
0.106605547197520953
0.051610608578970839
0.041168546787553537
0.144539040490815729
0.009742901805123255
0.094698359984849143
0.094161820794881224
0.035291284618502859
0.047310223855634881
0.125603545221307067
0.006636066967830199
0.056279903232393937
0.077443884286423209
0.105462907557955815
0.037904216430467458
0.035087224492034566
0.001414149816401044
0.041711552563447059
0.063937668213789919
0.085406261862739030
0.002440637618396324
0.227836321051665763
0.063072379481980939
0.045270992873509747
0.055230200034714044
0.086863756954825677
0.039309414552859662
0.364538991905069443
0.123240201901659782
0.063341152227498518
0.018157382343271536
0.052008710741732321
0.069532256509032386
0.002265007876634768
0.267674292555333926
0.215180645930882403
0.053198215446746917
0.113009833414658090
0.139739261662643333
0.030250537477738218
0.136590542985715574
0.139900999898375483
0.100928867780142581
0.094563623164291816
0.067979518263637739
0.160442375858936725
0.006440861876372475
0.077515925643345446
0.129564848782045550
0.072613990467796347
0.142567517505155616
0.163247319952077696
0.016520117954467624
0.064219032756470840
0.078364132616563345
0.025937471427913319
0.058386485609959529
0.058962233004234685
0.003176758355465527
0.016407611007876365
0.047326148625987552
0.066515879344096682
0.052395698006978006
0.025610675481019619
0.010519125650934807
0.023222833617513695
0.031090613518993223
0.065043008580718667
0.094260408015622590
0.372793730505238452
0.050930778330883164
0.065973749966708684
0.099445009120310818
0.135802309349819378
0.218040642843842974
0.400000000000000022
0.036332120886127001
0.008413228935664431
0.008056164000211342
0.017977213589929361
0.030799900758296209
0.024386921407680392
0.400000000000000022
0.400000000000000022
0.035442003772846328
0.165539688614271929
0.243491591932597951
0.129717167529185273
0.400000000000000022
0.377743566832150157
0.169042393006545583
0.217519779120932344
0.101754678355070002
0.214989624300286730
0.400000000000000022
0.255140077402761178
0.268474182837105890
0.107366274728026262
0.201837393369891066
0.211713185816447574
0.120483883676995140
0.149722251796376798
0.191770978255929314
0.066085638809765271
0.123222134021413923
0.214686902721578698
0.289732139023594182
0.277633001846059657
0.103073324408754372
0.172942530506615205
0.164429668871648227
0.129036603256076965
0.400000000000000022
0.400000000000000022
0.188976710359590322
0.144369638952574292
0.296760048853898395
0.156123422748960294
0.400000000000000022
0.400000000000000022
0.096922490410952994
0.185616339889294935
0.135116006676037737
0.331718346959583466
0.149031294750826715
0.142179773885560023
0.044691187864268643
0.088540338540668367
0.095122668944388644
0.006148078945947271
0.062628889123053297
0.131465533871841012
0.151815756783001438
0.124359796914062432
0.221855687872825114
0.038871024688115680
0.222146219976394749
0.137139258113071177
0.150550274155203223
0.065814526585373151
0.135786228292022693
0.083489747369901224
0.400000000000000022
0.360839494335782662
0.220753748704497016
0.048250098892798000
0.149570135197928777
0.072576144218698013
0.400000000000000022
0.400000000000000022
0.152921151093787538
0.076247432105621071
0.124669839049547912
0.068433801455994758
0.400000000000000022
0.400000000000000022
0.086525157463077818
0.192683612882258104
0.247616263972553569
0.008716091164493664
0.400000000000000022
0.400000000000000022
0.070229349104757116
0.058583149232893553
0.278876534475752669
0.014079327107717298
0.400000000000000022
0.400000000000000022
0.096182822704701673
0.094593047346557518
0.335847546271243580
0.206417610806605895
0.176556002016387409
0.213047132234115810
0.080521764409382218
0.096603685649123708
0.131878167414206326
0.012345913939380081
0.062103623630862699
0.197607126620681084
0.183889771065974844
0.151044383244030106
0.108792366450781830
0.040533975499402929
0.018518982236591909
0.172918722867701796
0.152081794864084990
0.068477277604176573
0.083255264034514415
0.074704406836426374
0.024019972585083142
0.120353336483540296
0.230728950531512822
0.083408784565807914
0.054762097103532026
0.194174920666679351
0.103147626925334496
0.178820631488487009
0.305220134060468551
0.223508925115980972
0.139211254745618546
0.195782586496453831
0.142655099026179621
0.165530295097974234
0.141543178885001480
0.275313929563923809
0.258904565499520567
0.124115290876894213
0.032139588924738019
0.087890320283587509
0.189527979298057120
0.130891401259418810
0.113542926246330167
0.042759656317362650
0.100428832706919699
0.169775622168950147
0.163252277105848498
0.239580604747630099
0.111502505318803208
0.228000579291990302
0.126652638403690315
0.073886498789421051
0.171242580321905036
0.400000000000000022
0.120550870712848660
0.006882124235086500
0.006536370659319730
0.115213361693212862
0.175327622530443067
0.094609802315814451
0.161663057983569891
0.040586255133918427
0.005310280484711581
0.080645868062339726
0.196900628899824015
0.060310789624722416
0.113092572859108148
0.077800234229778525
0.004905604647176318
0.073378629978326559
0.189360085306605475
0.026782040042386178
0.046423670168741347
0.184566887297673510
0.006323934642636213
0.042920766892385172
0.167216339219968868
0.165872667601806772
0.137594557859119337
0.152362561377150679
0.013824741610117229
0.028308660693638358
0.091457351252407573
0.095754793525418797
0.146892062525196876
0.130323543868635428
0.012247678772723408
0.020815147077702337
0.107455481892327953
0.079550942773284727
0.046669004772706982
0.130028943326632951
0.049390956338405623
0.069387500057545015
0.118479030996483561
0.110937637537595252
0.027929821519269114
0.257442413765467448
0.146720440612714831
0.197654171656486716
0.362274676726539624
0.283980660764637960
0.097490912196625132
0.000371808446294717
0.066044220760176492
0.217495792455111303
0.307757835693571069
0.261843706637773010
0.120883080975923013
0.005772948147400425
0.010048906732768056
0.036546525053510366
0.061720537071176682
0.006138534620631608
0.135215278059168137
0.021985753376391741
0.009055248807130583
0.071491351090110442
0.090478913457450377
0.077745121710298210
0.041887172485489149
0.071227385482819455
0.010379414483466501
0.077856376290798543
0.235856768827148983
0.400000000000000022
0.137758304100385254
0.102239890515014920
0.007064752571988773
0.036924444305932079
0.064841943117087852
0.129030944789640972
0.105766133951474217
0.053568176215469540
0.013402333871883512
0.040858183759513354
0.122562501156143838
0.255831604004806534
0.062113486098424049
0.078164571070694105
0.028265472754186883
0.088245413991185837
0.160629588348422669
0.095407505774481399
0.030318396307882307
0.366843702360768575
0.142695024334483722
0.317288092677806388
0.395504756235456778
0.196656599114208797
0.083870424143585240
0.400000000000000022
0.400000000000000022
0.308868179228632245
0.400000000000000022
0.400000000000000022
0.379146992542310546
0.040731572911775565
0.003925595907323901
0.046104003428920431
0.276645665913426098
0.168163451806674913
0.055457390548278709
0.103407311092444346
0.011623229486042493
0.086237629239124827
0.093975557887631830
0.050306311673334471
0.036305911983507397
0.080024176721920637
0.011677451133325543
0.099551993873994604
0.150070661825054519
0.238980251805465227
0.209241436643098411
0.140338920269934164
0.017203031652528466
0.047259737177650987
0.066185857822773003
0.177635068602736812
0.157969590318525893
0.116728321450559780
0.010259372433240852
0.008544760623460611
0.102430805907202757
0.264146892909608022
0.080802296298713813
0.308469668342150949
0.163899473268462104
0.072174848512121498
0.183100599043606982
0.199938228195011947
0.055314116664992231
0.383722568195585700
0.400000000000000022
0.400000000000000022
0.261427352580392514
0.159044072389427776
0.071172818820391309
0.003904001650070088
0.001699946992125804
0.082702789166593682
0.211481759212829135
0.320310194212352406
0.253865192762770087
0.022774312421234004
0.001605517562494780
0.068460690059729823
0.149386922715714354
0.101425802241647614
0.132754221923123555
0.035122769111131047
0.004246185804020325
0.101663788823475154
0.110653309155489446
0.079621182297623244
0.199269789540856640
0.035155346845119562
0.007509116704941492
0.071981771002544478
0.135024816611172549
0.101694612197524528
0.221907069372398846
0.048477317093439824
0.006992469864195595
0.026786939570379142
0.048509271893159490
0.124901953523361781
0.105432352970919185
0.020560683132649554
0.002117189983759506
0.016804430210876128
0.071658017061717899
0.144459598598414257
0.109224624287527577
0.115480240787023347
0.056491778823989744
0.045752900459315321
0.065098119514100439
0.124653396917915743
0.024273955875952432
0.259166418886046690
0.400000000000000022
0.254612537063021116
0.073969007990582356
0.098861763717702195
0.060756304963347607
0.004952207710646014
0.002890366167617310
0.006779673387884556
0.139090822187289131
0.195960280436067780
0.271313152773782817
0.063568833342281889
0.019863912700277039
0.092413318559496915
0.254475801474293051
0.150124311792053988
0.207507335377975749
0.136489057727402607
0.009954153665209246
0.152679560525977032
0.174225168186016743
0.085872504463626223
0.083973613955076479
0.145923869157492725
0.013367211244510506
0.151950965023881862
0.211762182507928054
0.149844782942313570
0.196921684560151938
0.151972488255345456
0.014430422745412199
0.093844744327666957
0.197269742368331835
0.158562561055318713
0.113450217897194172
0.085140131212141090
0.013651690820279712
0.084029209323701323
0.125555332746527581
0.140833524609427996
0.081734641155927823
0.229817876563150725
0.067679020080770314
0.070322321678546601
0.091704280403810914
0.096106302304935526
0.043992313654527250
0.378651818397586770
0.160959914108269403
0.099724828337758697
0.064031357640295938
0.092218871872021047
0.084650299556061764
0.004155034145299579
0.272534395078976255
0.253100384856707605
0.186882114474562600
0.172873557209754114
0.313699374405287168
0.031281421075488300
0.143181787646634862
0.221980409786346866
0.136207076190699966
0.185938161178065053
0.252069162646479661
0.160549623436382571
0.008839101844811322
0.129792956077135452
0.179165008570694229
0.165921835114822142
0.299709487273739805
0.176818052597148112
0.023568751425894940
0.102596573941668656
0.154126365685622296
0.123660034953856718
0.102104820523573614
0.066343287496222411
0.010930475570006763
0.059061424478063285
0.147512044362148931
0.115609955874029391
0.305675844690354581
0.027991386159536939
0.015504339963564553
0.041174129532486496
0.135860866629041899
0.227191053478096316
0.355118070688664855
0.378776562500240721
0.072780699641776275
0.081505809852805935
0.152074387110126164
0.184378595241679849
0.311206618732358387
0.400000000000000022
0.069978802390334993
0.019350075343211419
0.025482226242996960
0.057937758678079085
0.141812121143828601
0.028763976228553666
0.400000000000000022
0.400000000000000022
0.141337843362259602
0.275606558288280068
0.390148158912580700
0.132680030650041747
0.400000000000000022
0.399886183607194523
0.356801165231204420
0.383258443089087075
0.344350670920921975
0.216707992407530692
0.400000000000000022
0.309052503480985286
0.358833486241710964
0.374343940445165058
0.400000000000000022
0.212460389057060661
0.128916673614944410
0.227787580006361928
0.341339616193137574
0.249535212095762987
0.296641391958443357
0.217306981409305017
0.305910899415708593
0.338077915411139740
0.241775754161931700
0.358303773256924529
0.312144361386235247
0.135685169688931795
0.400000000000000022
0.400000000000000022
0.278444181537814750
0.352562863714858343
0.400000000000000022
0.205182839821580865
0.400000000000000022
0.400000000000000022
0.222911823012484828
0.333828125551738464
0.372449488473462265
0.385836741169733988
0.192436395058262599
0.146201014265630452
0.180891075628759196
0.192339224082338667
0.311700404779511886
0.006568732183831158
0.065541120955088350
0.257838048271838094
0.307663056247794775
0.389573064065270813
0.391974893026820759
0.042369959644514392
0.236292238884014294
0.214760227065713627
0.262866103539302620
0.320069234787686341
0.400000000000000022
0.083489747369901224
0.400000000000000022
0.379903765403218241
0.275125119714719812
0.400000000000000022
0.400000000000000022
0.072576144218698013
0.400000000000000022
0.400000000000000022
0.254612829511394745
0.400000000000000022
0.400000000000000022
0.068433801455994758
0.400000000000000022
0.400000000000000022
0.217909933070893791
0.400000000000000022
0.373480369087996200
0.008716091164493664
0.400000000000000022
0.400000000000000022
0.306866298548458705
0.294423617118149683
0.399293070792795635
0.126287454230932100
0.400000000000000022
0.400000000000000022
0.291712990256562943
0.236861830224052800
0.400000000000000022
0.304200127292267253
0.304924225307918795
0.215059970627049846
0.172516330126998629
0.177767543887530438
0.363339585382325025
0.012507030932774461
0.068903932899728210
0.339267500147146128
0.361950341422401012
0.400000000000000022
0.305158635672216905
0.042492654335128062
0.021500657709796499
0.218042990361284217
0.377426325117368899
0.400000000000000022
0.236426179662099778
0.074704406836426374
0.025179114413728557
0.135332531124874478
0.254341077559814055
0.338990920256894701
0.362597976977019010
0.202347424089681704
0.110917824954695848
0.237642662400767701
0.337699009472310796
0.361794905495383734
0.348061184574529503
0.200099904812663515
0.153108914393767392
0.266906005461280960
0.331934621973259736
0.400000000000000022
0.400000000000000022
0.124602085923205208
0.033265050290259557
0.153507666308610180
0.344810928717268594
0.400000000000000022
0.344386272519918268
0.175644833202034972
0.169983125939775354
0.228231185800802594
0.349406103915365696
0.400000000000000022
0.400000000000000022
0.374974339837606863
0.210573122445648825
0.075110770134496116
0.205294596789519224
0.400000000000000022
0.400000000000000022
0.008602655293858126
0.007759240296426948
0.202056223149333913
0.321211570104522393
0.239021050998787343
0.280441723761217010
0.047627725904140411
0.010488722869590374
0.152391403299938194
0.301570493657636995
0.209667873020623952
0.253672935709075842
0.084176190653143121
0.007602703805019414
0.121529678187100976
0.209401671542623513
0.091327322410532819
0.157809867170724705
0.187798154186586491
0.014803347379549104
0.199208464078859893
0.234518828478546909
0.227119992804434900
0.332756829771369556
0.168355559371168029
0.018283353223999946
0.052568103460630365
0.143585313881723381
0.228846109587594354
0.337665231735343185
0.130481880210352785
0.019388288989216206
0.056516660866223388
0.155500916631015673
0.239885997167703535
0.099771756654203653
0.224002483095390698
0.136105569057212744
0.127479532952738173
0.365438077497152736
0.240714990251410021
0.377330414739054376
0.329842147049827894
0.208428501071975802
0.215223743167678006
0.400000000000000022
0.362219727753208320
0.272627373815149843
0.000371808446294717
0.066044220760176492
0.267652317449150745
0.382414293656113957
0.344639934354057709
0.165018871599499239
0.008298612961888111
0.011189959125167742
0.072579201030213022
0.220191573301035282
0.096336353425722568
0.180280153083310718
0.029707578952490300
0.017150274257768640
0.123369213238737729
0.127073105082295662
0.164933390215595277
0.095682931428683879
0.107599180315659418
0.012784187427271249
0.125930386864809674
0.266285354828412868
0.400000000000000022
0.191548952796357475
0.109641007628517181
0.007366541299716175
0.049385187406161504
0.127793676231094472
0.146990461973756092
0.127912183223799936
0.053568176215469540
0.013939357707941783
0.049750142783617127
0.178795209562213980
0.326474982803638847
0.076894849170683399
0.231280274446207884
0.172808711366317896
0.096996560150148237
0.259297001988905651
0.233039592149775210
0.073599020786637312
0.400000000000000022
0.400000000000000022
0.340341899326500941
0.400000000000000022
0.289944820171721351
0.176515046260246833
0.055103477901174897
0.152633472953274202
0.325981035322467028
0.327254428238489548
0.314174715817916894
0.256593958754676832
0.009825036616270920
0.102363987922106367
0.263754600685134455
0.368069262172464218
0.223154302313763514
0.218343728894737910
0.009521400051599587
0.106928725586269452
0.264940634826805854
0.239303211400861776
0.187135397154669064
0.242851166383249134
0.011172454843095187
0.084801672147712240
0.225787685395158699
0.273003634207877988
0.254719531060281723
0.242572055334502518
0.013988799933958638
0.106873654575676200
0.187569027861051951
0.221509791080626517
0.249641283248004830
0.232966870920808977
0.013864693793078850
0.106575157220072728
0.173107740295421947
0.254660532267603323
0.228523519804049891
0.210275257217797606
0.144529334317218205
0.201238021124101385
0.199130885611761704
0.289626828586086349
0.226836602978943480
0.257746275121309432
0.356759311643067789
0.343469681266146354
0.245726780166141023
0.238348511482736336
0.248649373819526343
0.226860253526942279
0.057764025466963513
0.148192462788874074
0.177118687335485137
0.244944407756012505
0.366938082486334360
0.390280782071865007
0.186792386525280518
0.105634312485159837
0.124212636164067566
0.264685663156281059
0.306791005271244366
0.314544994355306751
0.238836921299397736
0.107843359883648460
0.125737112823127967
0.175328098121072834
0.242073755260052065
0.320267528985134775
0.289287714203272817
0.090766238028133106
0.143750186567652094
0.180748398487140111
0.295352215680353025
0.321418649984585247
0.274876733651444827
0.125534812285693020
0.143193489422802550
0.130252671828624905
0.326541828676526757
0.308462592381698930
0.044087139944847087
0.110069321049738073
0.151842241454288235
0.153388109686381419
0.343909010095398093
0.296061933166056168
0.225789626499396684
0.204036654527131045
0.168672976324783008
0.186036999702834605
0.298070833773622756
0.334570866927437427
0.481168389083312553
0.334230249548747027
0.209230137417707657
0.185722573952276454
0.209074205729551793
0.302971996009350819
0.054763409347819467
0.162507751550603291
0.371443775814385591
0.369905283219409964
0.357349266631454499
0.333674903711872195
0.008396601182132318
0.101247880991957390
0.219268361459295097
0.290667293151173511
0.211870890329910938
0.210442578405760528
0.009190130326136390
0.106639538854664734
0.273012938107391412
0.252845782595552848
0.189756533129204014
0.230655547292130531
0.009657437683210212
0.082307423906255589
0.271976547550219550
0.310485252727701444
0.258509556470711388
0.231448361274939979
0.011079680539783093
0.100742610153667381
0.206527577971683307
0.223294585773531257
0.271876612287487052
0.256292997140995682
0.013255785623915179
0.105782451391149210
0.173009548329001644
0.260529355455689338
0.264244412199493683
0.258552737695518675
0.191204227212425804
0.207348851056916500
0.201976833524021765
0.316789993027671357
0.209986274054501265
0.243827556420265656
0.369210628250944695
0.337515401343261578
0.270134159504907490
0.277256775586997850
0.203191407715163891
0.177817315536929282
0.054678279108267835
0.145890210750761917
0.199113021271588947
0.287947686707885175
0.408453617436213667
0.445760269397627640
0.011201852494843829
0.097129982993806596
0.121702231007700820
0.210327047931003985
0.252188512936704246
0.301024122534478522
0.202320646779096724
0.107371461792961712
0.122862395963256710
0.181826249895364056
0.253105384310928383
0.323616094021610123
0.276739099172841840
0.084850394092125081
0.137351910171212260
0.227480394169054245
0.322958119553881706
0.327897870199890751
0.283650217816048045
0.109231779152062156
0.133334588025867673
0.147837368123396373
0.328793083118043616
0.342332833241253187
0.274805869429373184
0.109375887302392519
0.148131030323760932
0.153197041414486812
0.350748251466821093
0.337342457699435883
0.436451709657120213
0.239481916340530537
0.172923268371503180
0.191086567074805536
0.322002407587402173
0.318080879926431803
0.531193479389183931
0.343879830227082739
0.205357063516653560
0.205134616318281143
0.252807418346204793
0.245259533394981133
