0.054745438129853420
0.052233300540772895
0.130566126513670916
0.103420495714077271
0.042480989727918944
0.013320584492257741
0.326559581834558132
0.244041277064341450
0.169896069097802110
0.071986438002116931
0.023156845487323607
0.000530437624475048
0.232933997982851915
0.170930076610844500
0.063060350097177378
0.081852768278030841
0.028676318400910974
0.013929126590660229
0.050317525968934552
0.087590469473740204
0.042050726590994202
0.076138644490096247
0.063150698653220275
0.047239836913553712
0.223777826443496641
0.034767761959454399
0.001667169165111019
0.002396600728882555
0.020406447232806858
0.006368949997803946
0.387753537573087170
0.082623981990901499
0.136887471314420778
0.013214648695575856
0.047092994697657764
0.009496122558399650
0.050889704682958149
0.104743672373331598
0.337965125261328048
0.059987688666530183
0.207257267414491353
0.103495844697989531
0.037682581069591659
0.090689566665001539
0.126709821653424454
0.066962066923320906
0.022070483136759328
0.192276351759442715
0.121222644496904480
0.080087915484935240
0.119741314890899203
0.096956117937793712
0.037355697598800718
0.013440971930415081
0.300623516209997665
0.314376127271400185
0.400000000000000022
0.328521648654980902
0.023000922313509791
0.001687639480276717
0.261488158405880522
0.180955515791988486
0.135232108502077869
0.014635594671599644
0.000291023409342384
0.020173389554278318
0.061673156796169790
0.154388024774062327
0.032165891103925981
0.005963484804588766
0.002014306456735392
0.067147778905454508
0.198649822370914997
0.050982214259724656
0.025175058682617144
0.001965636703291418
0.003228077324449763
0.019320036714834152
0.377573840701427188
0.084319365544894997
0.036450913664250531
0.009263357948986410
0.039114735059580588
0.014617164064469435
0.088153743217168512
0.141445302978470577
0.147686294197289569
0.169963485315571594
0.166352859170833700
0.061814979824006633
0.088284144298341694
0.152933120288108543
0.182574882406691924
0.232848508165709955
0.017759828112651317
0.335194616612097318
0.046347657235306240
0.021152472065616969
0.095108330584654843
0.215879358793282100
0.106520281078518950
0.037200101332198948
0.125913699623718983
0.307812825770667209
0.400000000000000022
0.397479777505177601
0.067109545495506129
0.018344044345794584
0.049662869328741907
0.137805344993476159
0.095076796852981649
0.019712820728318595
0.010968031560573374
0.040727133175019845
0.084432344078419694
0.337800466004243960
0.034221520657845873
0.043618095795246316
0.066370054972749420
0.316108288136863147
0.354395753471758446
0.132931015950652626
0.002307242383603299
0.000075037345320379
0.016656465113724012
0.051035232372605807
0.198792665876123098
0.007814442330684623
0.005754573266626707
0.006965145986460009
0.016010446598589110
0.088159924243737794
0.066699198879421884
0.096348272792371265
0.079375232654118805
0.187097490207174449
0.189574843758181955
0.016968484410083855
0.081221796706670277
0.154367118259916780
0.187420287330989338
0.251476606184284246
0.039005181388872337
0.153794973927194489
0.169449558093240138
0.026304724557226461
0.050387536096538982
0.180062895631113468
0.152468421107712304
0.081138024566992567
0.186303629436425283
0.079127291633214913
0.040345011002985466
0.112346459409768298
0.108425401431116522
0.063470838663378354
0.062710396881270905
0.041502649933514990
0.024519714944936221
0.087778853927967790
0.026391784503220321
0.073407698001287575
0.181600636991335052
0.376335384187020727
0.025464274829792397
0.045289899803888166
0.044682676182078093
0.105843787134439038
0.181101751089164320
0.184692390113693816
0.027590745094202361
0.043294510117513320
0.048001647384003129
0.104885918252579147
0.107061365226740507
0.035779040494000353
0.016866494337167477
0.029835376255666096
0.066945743081973472
0.089597477572543716
0.140096368343092470
0.187372282535828688
0.105372124278952636
0.091090098651229592
0.111731742669359368
0.053397077097567608
0.081531026294310874
0.203015702440951989
0.366595560916244012
0.400000000000000022
0.087919135482064481
0.096057345324538149
0.135919524607447856
0.048920720624335834
0.110241768097140230
0.400000000000000022
0.170210565714722706
0.173926243132947134
0.059120673360000667
0.027484485509086984
0.025165632761098813
0.350207678081149498
0.329880517253786976
0.304209579419999376
0.049115147199529495
0.010798686848137258
0.021495867815760142
0.400000000000000022
0.400000000000000022
0.345366290732804226
0.127589875381738382
0.207144040068594104
0.033673981833559359
0.341241618522104884
0.400000000000000022
0.357407607059871624
0.099087457407611712
0.307323559057405382
0.132792659447032141
0.400000000000000022
0.400000000000000022
0.391120874691820108
0.097306019374339997
0.106337175686134544
0.027134119186528759
0.400000000000000022
0.400000000000000022
0.345254028002914604
0.136119555082484578
0.172750206438258724
0.082314253744816296
0.400000000000000022
0.314783449148007710
0.048817152558784591
0.083399606538953869
0.185945153309680367
0.241305883166290203
0.340675333589212981
0.150309038401824246
0.296661071135529530
0.078919230786666489
0.067699906337021568
0.073612459284500234
0.400000000000000022
0.374235915262147611
0.313921615048194269
0.025134995571445155
0.012731408760063120
0.012260653332299833
0.257350465205091861
0.400000000000000022
0.338967421898430377
0.028781862325084437
0.021656484480330730
0.007578860407016477
0.237935025454715621
0.297805381205898889
0.274622382346423832
0.062344102737213705
0.110650986548153335
0.034363688920108389
0.400000000000000022
0.260826984151789731
0.155032195670296746
0.156413754866526589
0.247624891825690918
0.129795344763317388
0.400000000000000022
0.308657220753617290
0.139160819921035461
0.061831179112025500
0.153254616818287448
0.044470109811828182
0.400000000000000022
0.258383368708874295
0.186552756154052368
0.041498708801249770
0.072099515762914276
0.031910248364504304
0.400000000000000022
0.138050594986535047
0.095371149790210469
0.134778834126801750
0.102558690472376549
0.130189629054454914
0.196224797660949996
0.078197123985723260
0.088024186757528017
0.061867753023624045
0.146156300581203991
0.039437998418223430
0.211731609498752082
0.146801901541221802
0.148671980793084413
0.069340322824557390
0.040660869355533563
0.027780207410485099
0.171291008913527165
0.062372385656372875
0.053903533791949683
0.039814924462544699
0.037404577273282037
0.034573821768203061
0.034468814418472958
0.021865813715385221
0.032204820449763319
0.071588525640915474
0.108937327062491068
0.036378904583309710
0.151376691490096582
0.023585260595162638
0.043053519918511744
0.101106007335391296
0.118658365369227858
0.043393299604039426
0.050114130227875350
0.016888897727620880
0.041796431924764857
0.087071447425552256
0.282755315677772567
0.054791949839408993
0.032224503356488937
0.039034914399797616
0.102415382480098127
0.044603045329572474
0.125107000824751402
0.045241468447672961
0.034354101072677182
0.008039233997775702
0.385485965638703243
0.139402321872075019
0.169374504981196328
0.117028250654407084
0.060503903404871315
0.021445770836970635
0.036017730499823833
0.138986046955244053
0.166909482615244964
0.091018718236682852
0.022814401666540893
0.025519759834225383
0.027892181379150619
0.053173540499909175
0.028901497611529874
0.023852423866795775
0.033273241330659870
0.016661044237200467
0.044807977516459742
0.009929795983171065
0.199957573311310255
0.400000000000000022
0.209684753925424461
0.006295359629960447
0.033918637273196113
0.001086387234659409
0.026054436488714798
0.383228015816354795
0.393817999444746825
0.044192242301952817
0.034940467031614221
0.086213201425243649
0.041406508010662514
0.034471663669464601
0.014385595597585206
0.011735774986979679
0.017629890611513002
0.079549936441821428
0.194668785983170611
0.024022643223744772
0.013443307669069135
0.003116099837733605
0.063943186071355504
0.084147816459632666
0.081689920172723612
0.024441125468375312
0.065852875974235905
0.055679593246626545
0.274358203538680456
0.107337157310405509
0.107313736575237906
0.128369022573945779
0.122275226309120383
0.085650239770972802
0.049807961799983987
0.119249801322603502
0.118309369180128757
0.221694030245537743
0.128586053741026274
0.021025627045057144
0.031087425002624403
0.111870025815736115
0.066248570841834054
0.087233441734878125
0.048493622918037778
0.014979055428504515
0.034111669365779210
0.281531692368823472
0.400000000000000022
0.400000000000000022
0.165771059913049162
0.008477897914951040
0.009006257231176507
0.060207481011916156
0.053062479147283861
0.282709627540250030
0.218974024912502813
0.020485438636651802
0.004139632080525805
0.155985636619717927
0.068870494104173480
0.034585330026665459
0.003548362658354847
0.000794594218725334
0.009479936287594949
0.144070163401783108
0.291398409171096606
0.116029825686286003
0.020099689845976702
0.001265752042912275
0.040107817730735677
0.236107118782202502
0.146055407632433104
0.071549009810993547
0.032587340870610215
0.104635322428407312
0.249393350420721110
0.378236512217729748
0.144746760931104668
0.097345850244231646
0.085359319333796591
0.206206198228945814
0.088182432126407487
0.180775220430236166
0.105075116909639402
0.026744686536412945
0.035310301036412986
0.056303963697464217
0.064891858347343359
0.240051155093175761
0.127022786866469478
0.089658169543060773
0.088961109638184280
0.012804592798415051
0.018968509040689880
0.400000000000000022
0.400000000000000022
0.159845801925100256
0.092571706023644312
0.028826050946679518
0.015377749075999616
0.085049645011435415
0.037950983591989333
0.036051458266801735
0.049829326596587321
0.049440822462364933
0.042893887850018068
0.100610552742913889
0.018837189973473854
0.050500319946262279
0.000515175228369831
0.001797304098843451
0.015152824917755776
0.138792247696470694
0.060685090396841626
0.070314461454817387
0.026619210810611273
0.013753041670229844
0.100126148093041462
0.196503770576029607
0.116744533098685654
0.089306416033546235
0.052574025073821869
0.121698229360890392
0.168361468725691021
0.174007177152253611
0.059337641843272587
0.051400049450302257
0.056170164266861881
0.124588454477231048
0.052200269493792299
0.124829109808401978
0.177319301354857767
0.078524811027170655
0.034092687437371469
0.165363168820142015
0.022927401537080810
0.149700693402480600
0.068101888589039275
0.098513067952026218
0.032942553271881857
0.037843073112830708
0.000000000000000000
0.212071980928531578
0.141206445574653783
0.086310061039409372
0.102816174631053109
0.054641267632765216
0.000453854773027322
0.049134401759271397
0.033014847527131387
0.044589720282529340
0.057534788980193888
0.039674265472815523
0.023273384689278649
0.028660539826757279
0.040212916626015630
0.043721397826111924
0.003488193260900056
0.003725032834343791
0.025043898974093627
0.106505127777010739
0.107010349070871008
0.064078932475601882
0.007007839021782734
0.025383631509700647
0.084341254350354361
0.271646003077596454
0.328039177396400095
0.147985209602223111
0.031161687395590273
0.229932465800741836
0.078560587950550584
0.372087432897230008
0.217261637714699002
0.147722082079022266
0.085154827862825508
0.173473181446404057
0.030108759467856964
0.169564821069907140
0.177730090755892522
0.119959805004935638
0.101339499782053491
0.271549924365175444
0.049461637997062061
0.134674561502319157
0.073290826041578369
0.106708333774407305
0.131476843728400072
0.077332410312887512
0.033105414607199325
0.059427428814150418
0.039754906844145975
0.061543535539499997
0.093422279654892720
0.064788757107076517
0.030754688367698645
0.037820659332104573
0.089021353322040850
0.068485015884687001
0.027160759969944215
0.041094663014878095
0.022796535468734697
0.063742060432624814
0.050644023490907630
0.033441979724277940
0.003355415021180736
0.012190574943472837
0.068120385165534175
0.104967128090495881
0.069443080896019679
0.036375744666997431
0.001735602589014727
0.030917503434052716
0.088502060200648380
0.194215059060773632
0.167982014273418939
0.101804591442321041
0.038114166225597088
0.094995116736512814
0.048715660312883526
0.355587742792638606
0.221328967817286559
0.196989685264400582
0.051559308666660530
0.077352103575157288
0.046395873403487171
0.193758231538784076
0.099236224953611243
0.121828263664048725
0.062900028366558766
0.102903575891436255
0.108961329683918029
0.141459744051075503
0.082723304704037215
0.052680008459425429
0.081214864636519252
0.103508789486900010
0.119548851070186368
0.090818869306566255
0.042430657275310008
0.033428298887893948
0.053975043724169607
0.085642711817834630
0.079394019079192121
0.140624774492982191
0.029779107197289229
0.030337545019275672
0.053888929388612644
0.053385444106660754
0.142375990403372454
0.104559839651772346
0.087379682370854375
0.076852777556475321
0.018961671922702469
0.030546595653079055
0.338557721644152210
0.117808118609798701
0.101971500956466454
0.086867774033444312
0.002617286382444788
0.036054350292588890
0.169221678800152403
0.182809688077023746
0.131914406762282693
0.032549722427671880
0.039884481157509137
0.156732019726041782
0.064590841229829707
0.255516900690983928
0.118102250378676943
0.143767819550286141
0.084417047949200380
0.084320337748988797
0.080587446910119917
0.245209290173525607
0.155720875484437804
0.140781302402549269
0.049904915241940170
0.164339328794526174
0.310441625339595850
0.206948696267595239
0.084940665162922646
0.012781563693541956
0.026448770541944236
0.394857319383726035
0.266057362100972972
0.195514923310213751
0.043618322847181833
0.025284672420336347
0.055621965027458149
0.400000000000000022
0.254864724540917853
0.305608628651940717
0.398899291041510673
0.289704750884955453
0.039768608698995692
0.344258992223739457
0.325381377001684624
0.099897672800749987
0.400000000000000022
0.326934099127906719
0.055624688255953639
0.202689721985780225
0.400000000000000022
0.081665983927657892
0.342430412726472289
0.228544136391492514
0.055150655362978349
0.247960090460066174
0.400000000000000022
0.156840509850231569
0.164333911880022943
0.192641995405567090
0.100241035200140119
0.190198401564886460
0.400000000000000022
0.175974905633452389
0.197582806645167530
0.242981747473557969
0.092619297365444483
0.062367795325817162
0.290580863437758130
0.121176838881759077
0.149586539674354285
0.123494015826108972
0.025431913927580367
0.094487049588009728
0.281888418013340025
0.063871413318541681
0.112064961277036301
0.021363960456853560
0.030505036056617724
0.305370772887522790
0.162107354403860482
0.070304022754869966
0.022569421030575493
0.021735053727770095
0.031610300089185951
0.071055143983605601
0.106124644232939769
0.078567824773928874
0.210329450550671704
0.153664467007905481
0.030988649785699589
0.148935696876525747
0.245961872541187621
0.180260955155327307
0.400000000000000022
0.327976793857821636
0.042498412806518920
0.196929209384717974
0.183477117297423498
0.049624943346363234
0.400000000000000022
0.201832694908997912
0.044078108558177384
0.276909217154972520
0.181888502356504750
0.134753479311926549
0.212662228663673569
0.181681986384892802
0.067297139234672149
0.171750633868181235
0.348267747372234038
0.247658368578123761
0.162715540964611355
0.095278538931627771
0.315041853686023388
0.084670583066785363
0.400000000000000022
0.069089734801514258
0.095979729493981036
0.036054394722014452
0.010135493948387204
0.059311830106446063
0.146643437046229258
0.120455640444074669
0.033067152461812813
0.015634114655789441
0.017115905425202044
0.086948332072406903
0.054291955381226525
0.053379595568122315
0.024199545081144781
0.026890033293026801
0.053399920587486806
0.070706230801103442
0.111036722536549934
0.056847934410723486
0.080297764321318632
0.052189391021560061
0.024027193321691280
0.076427402136770628
0.136640631964846604
0.084824020382542178
0.037008158967652680
0.011789538019502745
0.019282264510490157
0.116498509651250581
0.066612367045164739
0.201590138598360419
0.270405460512244289
0.068556611158641798
0.016766786639767387
0.022707447768293594
0.060696059677575208
0.185100383772767468
0.177706487925400586
0.243661257127535918
0.095141133801355332
0.071780217556291076
0.343285328600675843
0.053519703559186754
0.102663728118029318
0.059576540017697577
0.180035598593510704
0.075436372181559450
0.198097329050265530
0.159150455411502384
0.169205391447138753
0.128654094703032351
0.033644751349625433
0.050818932515671489
0.094842740836121195
0.134499494394518415
0.148134845294727008
0.053626642604273508
0.022976108224385918
0.034398414769924716
0.029940260659855299
0.101847976470614235
0.016850099249070431
0.079551997577898936
0.106829930577985122
0.057859784078991776
0.022573630857758344
0.030254421374860941
0.012826196988958725
0.026823163578459763
0.139868599103115887
0.216370303338113884
0.070199965150596844
0.090727179126249391
0.084202168117203061
0.179585172360126000
0.030018350877074863
0.097234553463055359
0.001614809042192000
0.247039381790235546
0.400000000000000022
0.068299136226371043
0.001021771715802779
0.004295928493326552
0.017499832787090226
0.171831978350414805
0.294416841897857218
0.127231549403068966
0.018701027682808399
0.049912483866545961
0.296516172619327945
0.047660847546900344
0.019498037029953008
0.011630726398611575
0.181730443995204938
0.067136493704649497
0.091643610305428988
0.076989578902978917
0.061505525321477503
0.081798679567960705
0.046894787059327897
0.003421000280946543
0.039545978996536363
0.127240790009006122
0.195042703451361932
0.082709093515273349
0.005868320419453182
0.002784490827196071
0.025311466067612268
0.073947538778373276
0.108191091995641628
0.066929434205243929
0.088392634520917474
0.038889813183886478
0.027306602175995676
0.039095686453053211
0.034556075704916957
0.044471340434527919
0.044928300760240264
0.039149007310562423
0.026567439493235274
0.081155263176524550
0.016589363741530614
0.010617755677075798
0.007614942880348150
0.011143283471582053
0.001945417633365063
0.214045821486293364
0.304000994964864379
0.098076994348837029
0.009808753337880411
0.027923734744222859
0.029755545569941016
0.092707967038026293
0.123787418234328886
0.314882220693058990
0.041927622785405912
0.063015512938110779
0.016240986817776824
0.069996583162175996
0.025853795688354608
0.066818552431486850
0.042496379880761236
0.055611086574810856
0.134281680327736880
0.235520658560089524
0.157308417450412297
0.157310813050083875
0.138730796750490271
0.098784953425383168
0.078212442839601104
0.400000000000000022
0.328246753692398641
0.259554238640862911
0.160947547640301197
0.035961438285738653
0.019498946665164926
0.400000000000000022
0.400000000000000022
0.222906152022277648
0.174424474301675153
0.057502369347590489
0.029306875666659845
0.135367170980369989
0.125541453065729530
0.078102184857795937
0.125967971086683589
0.112591521115585208
0.090133724763571774
0.314506370973771154
0.053604951932928253
0.052167489111373304
0.002911775957252386
0.022203751331650309
0.021521774915559722
0.400000000000000022
0.143309072387743097
0.207201932769238206
0.039833859506187133
0.060846036367887622
0.109622270651441103
0.247393475258987722
0.221488205472017252
0.372639902557937552
0.112561713740352065
0.328955496775381717
0.271857313423680524
0.211689758221845298
0.150027208508274140
0.178109871103726725
0.123132231190182795
0.146658937613990376
0.244476621253235049
0.246051754305306458
0.257407216839793007
0.198266125918069858
0.131048805375165195
0.202718866418942739
0.036368373467495885
0.365952382344159721
0.356266562109272211
0.400000000000000022
0.357258912554116237
0.060843995426340503
0.001687639480276717
0.400000000000000022
0.322161961366642324
0.221542169541487227
0.117451769302652734
0.054932291042107596
0.020627244327305640
0.110807558555441193
0.187402872301193707
0.076755611386455327
0.063498273784782649
0.041688571929550902
0.090421163594733150
0.227310362197672283
0.091195130885740272
0.068896456508729068
0.005453829964191474
0.006953110158793553
0.044363935688927776
0.400000000000000022
0.191329714615765978
0.100529846139852413
0.016271196970769144
0.064498366569281235
0.098958418414823793
0.352566279399013194
0.400000000000000022
0.295671503799512680
0.201125172711161843
0.387468639627902567
0.140375567774557231
0.400000000000000022
0.346724310637059441
0.320934721376246679
0.318003336028535477
0.191233009559055367
0.365303376079954278
0.215912478305213373
0.198882562821509512
0.215068135589590481
0.317218858575335605
0.334400766064544608
0.086661739329261009
0.260588261126038168
0.352895049422871310
0.400000000000000022
0.400000000000000022
0.144441955808393668
0.051449458952993903
0.109090298142892325
0.177560251837622141
0.156620332392481659
0.113135100383211312
0.075756788667649899
0.071481821542718482
0.122253003410524280
0.393792530125477214
0.102706536542532867
0.070778855765190538
0.107464717987627523
0.328332524943508341
0.383695015055550037
0.183575039441560228
0.035749222107881229
0.003430452366501116
0.028847040057196849
0.119155617538139996
0.303759793966618952
0.077257523226704303
0.042130317933624137
0.008700748575474737
0.046927950032641830
0.176661984444386189
0.260914257940195515
0.264330287065790204
0.181179824096439845
0.225211656432771523
0.284569960494694796
0.065684144722967394
0.395060976438133871
0.350390789827813687
0.340747623891907714
0.303035914850944776
0.116357284964029625
0.200190847330681654
0.363207789632024269
0.125540949510837718
0.172215799760587734
0.242962923997672220
0.250678770233568160
0.190099354250910596
0.320786561136068515
0.161850596337252101
0.093025019462410902
0.193561324046287564
0.211934190918016518
0.183019689733564750
0.153529266187837132
0.083933307208824998
0.057948013832830172
0.141753897652137417
0.112034496321054958
0.152801717080479738
0.311475658091203478
0.390749774612980660
0.055801819849068068
0.099178829192500803
0.098068120288738861
0.248219777537811492
0.285661590740936722
0.272072072484548233
0.104443522650677689
0.062256182040215789
0.078548243037082188
0.381688807978425304
0.224869483836539208
0.137750541450466835
0.103734268370611782
0.032452662638110884
0.103000093374562368
0.258819156372696146
0.322906056420116161
0.317949588620187906
0.137921846706624496
0.130974579808738723
0.268463762395401151
0.117987918327397329
0.337047926985294843
0.314016011382867444
0.400000000000000022
0.400000000000000022
0.172239473231053264
0.176644792234658038
0.376271474837652387
0.204641596108773638
0.241389018676622519
0.400000000000000022
0.297396610743470291
0.369501047450508824
0.266069369627595920
0.112425150672009644
0.037947196454640772
0.369031622227603662
0.400000000000000022
0.376266609219275905
0.244630070509743280
0.054417009695319096
0.046780540236096485
0.400000000000000022
0.400000000000000022
0.400000000000000022
0.385765208622706246
0.400000000000000022
0.322336497924833765
0.357546358244668072
0.400000000000000022
0.400000000000000022
0.198985130208361671
0.400000000000000022
0.385616163697138359
0.400000000000000022
0.400000000000000022
0.400000000000000022
0.178972003301997890
0.400000000000000022
0.255678255578021318
0.400000000000000022
0.400000000000000022
0.400000000000000022
0.292960064932716147
0.330098364198556593
0.274956249150383358
0.400000000000000022
0.400000000000000022
0.400000000000000022
0.259374512172406257
0.355341431378371264
0.377316766348683275
0.391353151080438000
0.212676833727641373
0.400000000000000022
0.200096069668425552
0.217286446011375867
0.197106475110609192
0.400000000000000022
0.399308569384770995
0.385621335954930422
0.089006408889986843
0.124796370037099397
0.033624613789153393
0.287855501261709557
0.400000000000000022
0.376557588954697153
0.099085885079954403
0.044225905510906223
0.029313914134786574
0.269545325543901593
0.368860525189504518
0.319499861984248845
0.140911927511142593
0.320980437098825067
0.188028155928013863
0.400000000000000022
0.394105072080189023
0.343445357125695239
0.322630879769999046
0.400000000000000022
0.385018196316908257
0.400000000000000022
0.400000000000000022
0.322637937218459014
0.111456122458388734
0.400000000000000022
0.246302804720826107
0.400000000000000022
0.400000000000000022
0.357668062369598694
0.176252188113176333
0.284761744426587859
0.213592234749397120
0.400000000000000022
0.309801228854716282
0.400000000000000022
0.373109422389911405
0.265274231436987917
0.225468167986082657
0.400000000000000022
0.162867707052508637
0.400000000000000022
0.130957487825138302
0.242136030075184999
0.075492393140237896
0.221867103447139280
0.206113731647667831
0.295315417839313699
0.189795963268632073
0.073728021817346376
0.043414322066274540
0.188406914338729220
0.149320717728779778
0.108195489173176201
0.093194520030667027
0.061604122354426818
0.061463855061229859
0.087868735005959778
0.092572044516488664
0.143241542986313253
0.128436460051639001
0.189235091383809673
0.088568295604869757
0.175403884811787869
0.100012662731933280
0.179694151883358355
0.185930027717933433
0.155666524336880552
0.055182837623542161
0.069396394738365508
0.133387407378871475
0.108408798969929596
0.288661586023912675
0.400000000000000022
0.123348560998050805
0.048991289996256321
0.061742362168091196
0.163111442157673314
0.229703429102339929
0.302813488750151960
0.288902725575208907
0.129495234874032500
0.079819451554066778
0.400000000000000022
0.192922025431261773
0.272038233099225646
0.176604790672104661
0.240539501998382005
0.096882143018530070
0.234115059550089349
0.298136502366746436
0.333564622517549814
0.219672812939715245
0.056459153016166330
0.076338692349896861
0.122734922215271824
0.187673034894427576
0.177036342906256861
0.077479066471069280
0.056249349555045791
0.051059459007125184
0.074748238176315054
0.111777772453785298
0.216807672560380721
0.400000000000000022
0.316514684503409582
0.064155143708952228
0.056492268130954454
0.031340808609520349
0.038880633477673524
0.394491040480746680
0.400000000000000022
0.260562545640066756
0.105140432182211058
0.176940380551493026
0.125608676127865582
0.214056836029590636
0.044403946474660075
0.108970328450035042
0.019244699653705004
0.326589318232056947
0.400000000000000022
0.092321779450115798
0.014465079384871914
0.007412028331060157
0.081443018858445709
0.255979794810047456
0.356735770134213481
0.151672674871444285
0.084553903657044294
0.105592077113172506
0.400000000000000022
0.154998004857305832
0.126811773605190914
0.139999748972557347
0.304005670304325293
0.152786733475622272
0.141451572105412982
0.196239380225582433
0.179814894501606259
0.270942600337974127
0.175480840800354143
0.024446627326003684
0.070633403999160779
0.239110815824742196
0.260723958266927236
0.169942535250151489
0.054361943337490948
0.017763546255700591
0.059423135433391477
0.355479231147196817
0.400000000000000022
0.400000000000000022
0.254163694433966636
0.047367711098837521
0.036312859407172174
0.099303167464969366
0.087618554852200839
0.324950694795658079
0.263902325672743077
0.059634445947214232
0.030707071573761069
0.237140899796242477
0.085459857845704090
0.045203085703741250
0.011163305538702997
0.011937877690307387
0.011425353920960011
0.357707066038359223
0.400000000000000022
0.214106820035122991
0.029908443183857110
0.029189486787135132
0.069863363300676690
0.328815085820228781
0.269842825866762004
0.350038680906750832
0.074514963656016134
0.167650835366518092
0.265634337238497997
0.400000000000000022
0.170600556619459276
0.164164402675718524
0.127855699214557805
0.261817284803756656
0.222464112454144353
0.248344877720926532
0.139408900718938800
0.136538815436387462
0.240310576358145150
0.223092018563786854
0.244506487431660424
0.215645099470127333
0.169115244539724624
0.183087931867677661
0.211539032756862727
0.228997520614360378
0.230383001308870239
0.250817840379630452
0.237129344333186554
0.197328323005123207
0.190796413552080907
0.197170003950660228
0.215865295816792008
0.168363339952988605
0.289028144795615616
0.166368219306828408
0.231107930474198975
0.244205394389994418
0.296738564473525701
0.213036312952915446
0.263414019452593018
0.138945726480807691
0.125088416810576669
0.187663565904082064
0.244976613981236574
0.310334807167267523
0.395306117171948190
0.131490420750682041
0.125626515309681802
0.190071247124907250
0.256911416402081205
0.321948927269024021
0.320636464029036672
0.216901051266545492
0.228503568993753320
0.304185602430427915
0.342516703104442266
0.373513351741667721
0.239388833047622623
0.225612537141141850
0.290196069604146900
0.163293767215205360
0.309472777641256636
0.248190202978853663
0.233121663733081380
0.200550918814501433
0.259927165680462979
0.178684900603463842
0.132225047138317731
0.234949708988094003
0.213765378551399932
0.199607302720257784
0.272466897854544032
0.214635705320309428
0.102584593677868749
0.286443558362315109
0.249114372442568788
0.223917188744328283
0.266696341800962078
0.190294382006268942
0.113210699604546133
0.244520283509568337
0.311441796343664978
0.233810668538107919
0.279914944454481340
0.229177344408958067
0.203320028985773948
0.279436498357022944
0.258571728530663070
0.203374115520794152
0.133147432661320592
0.172243322755916556
0.202320413344138639
0.359150348673272335
0.397582677765557446
0.198938414793368767
0.132081639450671501
0.180333784383721218
0.219088830347991176
0.347684924311619070
0.423746630286569170
0.349340206463468361
0.234075831471906137
0.303423879106257344
0.361295831787554977
0.365551451375147107
0.382888920396266152
0.389748770420962010
0.344276263926601545
0.158442849651312084
0.288264801009239569
0.294046639096409157
0.256126758484222450
0.138091544358482116
0.255753584839368331
0.364710509060681032
0.301859688637210744
0.382192205104385951
0.228928664235212298
0.191351078245432293
0.264265546701170306
0.291707857215252053
0.252401211131124403
0.257754538798918520
0.220945206026951502
0.191201355829672792
0.198893218535359739
0.205567338998720206
0.251445303309647539
0.140445420481529581
0.253815931181957777
0.170864435475169746
0.216196780295748570
0.225109258033252269
0.337849382523023656
0.262352129544817014
0.276063013846840233
0.144914653320424358
0.124138342760725898
0.178394752750064695
0.247473614452534491
0.288263222102761063
0.384314902467453534
0.130952639446598768
0.124121063945845697
0.189566010754896958
0.282341998286102625
0.226069203570100463
0.297297581790354981
0.217788017215053947
0.210677909052882528
0.282364033560338290
0.396914811452997451
0.298277114727092507
0.225586928859416641
0.237315450075184231
0.347231022422970714
0.196113764059052981
0.319417316576644961
0.278200371278412684
0.276021967315574157
0.368458946897158524
0.261810916789574466
0.197581165374193901
0.245448732843769640
0.381983527100309306
0.352568334759724766
0.236859924032706115
0.292796496902827497
0.255274863417126630
0.154429532179678780
0.276608811120942821
0.254387598752175925
0.209229923625518122
0.253642131308768337
0.195705972811527046
0.122450354955910765
0.165011023360609133
0.271718403316423718
0.207037017158569814
0.283657866095911870
0.213216466809847849
0.183617802678676445
0.372372264490184901
0.296603652006429297
0.216659205421536272
0.134817126777686230
0.168385369871440510
0.192084847179871482
0.363608942555862680
0.376011230741289448
0.191674676847611886
0.131927034918689456
0.173937004315059984
0.218481022016223048
0.270881884972935527
0.299545944708621781
0.327343285269510009
0.234647493718515732
0.263127447358568078
0.338759021811940286
0.322120831205997604
0.300130439218971701
0.369995746175054652
0.359689236407400525
0.195622667744562495
0.336727858375459377
