0.017860312134295429
0.030679764326455899
0.095106465801146026
0.141297160493143364
0.063048624036525072
0.086440745097295504
0.043338666654976744
0.089958315437621048
0.400000000000000022
0.400000000000000022
0.218013141748667261
0.087401540819847523
0.015610123943010609
0.078006749204145590
0.041082511338005515
0.035953786614281349
0.400000000000000022
0.298012146726624072
0.018255255973211565
0.014281369853949318
0.007135061656019893
0.016685104492640067
0.242909052297252848
0.308800590159788335
0.094535739799622431
0.024516552587600753
0.088266296752678539
0.143497571791387918
0.024202908323048215
0.055659509566592123
0.038852798256634798
0.039843123636945824
0.202142273416274665
0.294094246511579616
0.032558870873497701
0.023663610494411978
0.016116764565070926
0.061788274635859647
0.063569477450615308
0.015198763666169408
0.089500715108524490
0.094978271833106212
0.031693266174159879
0.069957269096926483
0.050609882896537520
0.053600649794533356
0.140106173006668638
0.130023650578803440
0.013346294208726879
0.052733647019663106
0.050540740787868868
0.034895492707924428
0.068286166615234206
0.026571781815080481
0.009926069076982052
0.110889235133536684
0.393205955546448438
0.245469052447493397
0.094637525881190052
0.006650589384703273
0.014661644593836974
0.032739624590423733
0.011946033569843872
0.046360341613657756
0.042838728502962220
0.075806605985268102
0.004291017009238772
0.027780441584843229
0.006877026094187104
0.021278594395546562
0.034722951174637348
0.108685749034226675
0.097900767215862911
0.019892594219623177
0.031715834676305107
0.010502542051838436
0.008417638337285999
0.009319600535467766
0.013605955569604854
0.008379394104745728
0.080856665861067628
0.012292026308065503
0.017498025055008505
0.051836807033937719
0.008870771914590507
0.029753258771162763
0.039713161339392067
0.015518796316738142
0.067242219740968195
0.218278924926674167
0.042769916381735974
0.078621387395955755
0.026876496466002667
0.037100969105566657
0.192266086560834465
0.261953522967129093
0.034087701531286596
0.071456523344540154
0.024925784847248868
0.019947254096828532
0.070494561908887934
0.003320424044512754
0.110254651926131889
0.394875189198715559
0.158377858557830153
0.042034248646364250
0.064908693516218433
0.035473794506195741
0.024049046726890396
0.158929833975804152
0.054464661393431354
0.070506832701508260
0.084740234590274438
0.111036563403339172
0.040616322158414077
0.033848181324445933
0.020305994181549936
0.025937932629488566
0.069005267003278498
0.189304660212083226
0.054390347645468864
0.047626982907484426
0.060071185503892406
0.038815108293080408
0.012551846177377054
0.073963075432685738
0.022501262270921120
0.063233821500720960
0.196307096267667625
0.074973583932293308
0.094631538274852961
0.065182460000821132
0.008742171920298272
0.037058455983842151
0.025833406875505473
0.024245845218104928
0.152397463824679114
0.234852593357141870
0.031684404349609042
0.035975359836983717
0.017123552708876749
0.026519786797932147
0.400000000000000022
0.343006880713856765
0.052781537721633402
0.040937308299285879
0.032528584018195680
0.044586112624870625
0.044089420329579583
0.019127003178219196
0.053592863596940189
0.259876592818990837
0.091409816269551469
0.028645019753170551
0.046618540725173657
0.072225490868206371
0.023921906646930065
0.119791317348207513
0.036073993011315489
0.042296357956959026
0.044596621653887600
0.203334465716442703
0.046899495416601156
0.043460440451538983
0.076782997122138763
0.026661055513521052
0.049207066808545419
0.107812770460421911
0.111369152045807357
0.083096487876627281
0.104714226595889665
0.022764092782923531
0.088473476639195234
0.067507838471504114
0.034475757061559031
0.075501485905318202
0.232354278233950939
0.079712902784003559
0.371214404888637606
0.165228233279771097
0.023708297439576032
0.093478572278973562
0.158410996565201051
0.046901142929875531
0.100827617233976416
0.093744251742499632
0.021701134411996961
0.069882936353861169
0.313828575499989215
0.106722511122404148
0.166742163112030106
0.117038134375809649
0.400000000000000022
0.130214662943999387
0.138071109964573974
0.146838755436250995
0.162180138592722706
0.040611046143454919
0.400000000000000022
0.246250264110074946
0.144871257402314713
0.071753842300232545
0.133767589827705979
0.063444477900362270
0.400000000000000022
0.135109430185629598
0.047182086413850612
0.062233679811846403
0.020179719764389939
0.223525948002536251
0.400000000000000022
0.130344497553178895
0.177567793412727326
0.400000000000000022
0.034015566980983639
0.149194645683638993
0.400000000000000022
0.180616453225729667
0.225194433035677100
0.092878631063986666
0.240270019830401832
0.298181162524389753
0.400000000000000022
0.222062429785163912
0.400000000000000022
0.367371967773764907
0.326543581560918783
0.319323774928767956
0.400000000000000022
0.204988519606696562
0.400000000000000022
0.280190701540282361
0.064926169820739565
0.128523756071047018
0.400000000000000022
0.120501810149127767
0.400000000000000022
0.170136094219659112
0.082905596678406607
0.103903173085581016
0.374097277610173529
0.138103494519499242
0.186589925097287057
0.234098018628981192
0.273436933438668039
0.104685039647139266
0.320588756795236074
0.337430970244648798
0.079534442910893427
0.195637260949642899
0.335446506577420089
0.126587184794573759
0.400000000000000022
0.109987381769636600
0.170426637866214953
0.093124349912403745
0.070732900991448355
0.211722679315524270
0.385587669936509170
0.210950836940741515
0.382057587855024750
0.087219418933513621
0.104401451966169359
0.118138676873794438
0.400000000000000022
0.146391091927377898
0.338381200311724695
0.017613891137544749
0.218288842217512269
0.231841562512579147
0.400000000000000022
0.106552798342364627
0.243176333369513886
0.090361255378546945
0.112779656414359067
0.107450067638458435
0.400000000000000022
0.135084826367486116
0.400000000000000022
0.239634542535723638
0.030844513143374188
0.075551233920993638
0.400000000000000022
0.108095728796251997
0.400000000000000022
0.179735067431581907
0.014101240798026351
0.072720153861361422
0.056845980066803692
0.053890334043845974
0.054125300720437433
0.075406172937795640
0.106519114201937007
0.089605763735454647
0.079163954545090592
0.307619646404959202
0.050919429909254174
0.040681294151269129
0.097943680201299413
0.156157505434620675
0.079233716489637743
0.349928413012172368
0.325831629354787544
0.172043335253150437
0.010990510312399905
0.088896555561159635
0.081492720853959366
0.084721537215732445
0.228392088573402652
0.386740080384100016
0.103662837982783376
0.112267446240544438
0.156680587701246099
0.084645216589163602
0.078173815911247502
0.099839260489367948
0.271553033986081827
0.214638883864666452
0.140861004712949683
0.154850236603225638
0.031287224370452428
0.023440026006108509
0.022327109977919070
0.041181308678163914
0.031410993363478835
0.058465281547996600
0.085665675257054541
0.023248787174060224
0.056057221535305790
0.067304643409328208
0.044415874416554535
0.081720169676665233
0.088699658587042846
0.033232902743931134
0.130416042162710910
0.125408164291348295
0.007277766478886714
0.024772705476377242
0.012816538448405130
0.010399663024683927
0.031699471487420063
0.042756130324812833
0.100386967383394962
0.225617835777174730
0.035749549095542434
0.009177674345285831
0.036879050427363835
0.105324836158356638
0.059276262323672453
0.379606462257663424
0.254796282147467301
0.095201021890186380
0.039472250624764359
0.081897448576251530
0.074756263523070229
0.028955441591598369
0.094496845962384432
0.400000000000000022
0.295366695997609452
0.071510136921825770
0.100773069948043720
0.069833104402653459
0.099367566353693801
0.323904667133702140
0.400000000000000022
0.102426087136386679
0.084609805903552160
0.040821833637799933
0.083934535316795331
0.050442213606652145
0.042732019114321146
0.048815931275130384
0.046509706654237662
0.013792150855720116
0.053969834293336016
0.026657084765022106
0.295562427800783900
0.223654449925950738
0.026473587710014360
0.015755218570976177
0.105052289476112767
0.372755369457076546
0.279610609487298156
0.215204944322834102
0.025603012327725425
0.047641782352308731
0.016838439682398017
0.005157275994212468
0.012119353596141039
0.080010690849668345
0.050123074285636400
0.138409139263241748
0.017967509829752523
0.143479313230458344
0.039415642825806868
0.078714710497819307
0.012312724827591538
0.236437073913766282
0.386805349763605033
0.125662767606424558
0.198039757958552998
0.176055051019181480
0.091998551241300824
0.092636065379134075
0.164727635789667204
0.342047909868376965
0.234478020727662190
0.155542268968081127
0.073097410466324841
0.033209120425769498
0.016786118311661935
0.127668491882824253
0.382324242501989264
0.140202626746570802
0.000042314144100780
0.021464875321916932
0.053704959018487944
0.025540927690264028
0.036833107465571974
0.009219670341780398
0.030482531952309443
0.023679600061221173
0.067067164511625380
0.043548753927194678
0.089680206118774530
0.042789065208383097
0.072906705766398197
0.038906282470080142
0.034783021021160890
0.112396750915123841
0.071236890306552655
0.091942771022748726
0.022248647391837531
0.083939743408069201
0.004504673607206140
0.006008059088563573
0.017467155919252103
0.023219088009246526
0.074569317213831157
0.211831038343196804
0.012945051264821416
0.046790296280634754
0.261553232409749703
0.123816138752156121
0.012029043102029197
0.239610315318162875
0.375223394622246409
0.112563210617485268
0.400000000000000022
0.385204407714374364
0.076720812296750970
0.051989450312253591
0.102363827497937127
0.214630210674843169
0.079296628512636774
0.127393035768716523
0.084993677027072903
0.071973854135345516
0.100250819953959638
0.063499287866413470
0.032363587582605935
0.163886512940009610
0.037531218239029510
0.010715652907117120
0.114798245633963208
0.025826982126752659
0.008701818612627286
0.058640460141596483
0.066296914945984137
0.081083977428348747
0.097035170186575925
0.133820523398388930
0.138122296273373857
0.054310994659987663
0.027005505323556982
0.048631288928386869
0.060788441025891343
0.079545792159676290
0.096512731449768921
0.117205540630184998
0.039962581232485167
0.029267329881842889
0.007065765859925096
0.009692197364624530
0.037849048141229073
0.034551563041415663
0.043878354542722250
0.088375402619411556
0.023813650142537172
0.048339478337436889
0.171859361197793908
0.093919871668014493
0.000624207183732224
0.072942656125731670
0.356175554768107916
0.104713969673924545
0.213986202951075649
0.117807576480212867
0.001258314724932631
0.027867700515285580
0.127534887036411665
0.117334762778361801
0.045780401307473760
0.036800296771874567
0.001218796763930134
0.024886374011205185
0.083870738683837223
0.021896652958309285
0.041826388649027345
0.070082076290121961
0.000000000000000000
0.016376974770144902
0.206653263283686328
0.053735533104736680
0.019617835732146923
0.072737371891417948
0.025498115903509228
0.058973555375054727
0.097599806829170938
0.062737349171066228
0.087207032062234083
0.118291783273445222
0.013630981571521955
0.034791550542958252
0.005266226989252299
0.009000963047008627
0.028230763694617158
0.214466585051235170
0.031178019946544410
0.046099174109208295
0.004407791321784240
0.016679763865107677
0.080052628918605206
0.065892657237255514
0.086047753704768387
0.145500729178025423
0.020197478659290918
0.106924626228289549
0.197192224736860378
0.112336138781092415
0.006364051005704128
0.009246909311126220
0.055945144705912678
0.186139775730359669
0.276636059832545911
0.097658128214239012
0.019519081810833363
0.021405499345640372
0.073283056188267359
0.090097972794474776
0.178821789422353328
0.160449476676792768
0.037955902815299515
0.031148427741388481
0.020627628425021971
0.013576657188246820
0.201003466543297843
0.132901978748370619
0.018807961907089617
0.019432233820247082
0.039803108910058636
0.059751445777105852
0.044401487346856491
0.041952149037186068
0.022424942047652236
0.080000834152035155
0.132110389224565139
0.203802336701661646
0.400000000000000022
0.177784867528168494
0.033448439645787045
0.047601834150258308
0.064277649612570584
0.087030470383711603
0.174914586518192583
0.236481995657540134
0.023748754044882633
0.026858828982854313
0.012647985198818816
0.032018294178563111
0.076735393510160274
0.045328100247309606
0.044121369808458190
0.026164941229661596
0.027590312405527923
0.074479082015731113
0.169411447817635619
0.220816367745979292
0.051844320216871527
0.040818223938626580
0.047781662589618412
0.203352364274168473
0.147585405113612594
0.088142437065364856
0.082741990130858534
0.054172902133689665
0.068646684395343188
0.087253282591706366
0.123664288803621597
0.059224885834074065
0.075086643007766213
0.085844714284776732
0.070379985849624752
0.058506394859517807
0.039361968518467468
0.143575318685199987
0.021305020708525194
0.054283501996431359
0.023508867950932547
0.033815816945418298
0.063265434740894883
0.112750013090926762
0.137877946339727608
0.106025118055554077
0.043444981290726915
0.211103647422475310
0.211675703968798090
0.100082367507348113
0.051212729904191914
0.051013094330492503
0.049158284435879739
0.140532437725916781
0.338171955743895802
0.116393863742801057
0.041540332097056452
0.084552024302162243
0.086748091964607588
0.014465066105620962
0.079016518905908467
0.104995537406761250
0.152676193594628196
0.225731269555522779
0.061930869590878679
0.047486422000864240
0.132994007929361197
0.111000677653384019
0.132255983867605009
0.109223717836218079
0.086256629909709476
0.167632977274331074
0.239238683183659151
0.108608488924293520
0.129615502134289046
0.174398572030296378
0.330629012888561613
0.192789537522706694
0.165245755179367515
0.098518090700015201
0.108187417757785703
0.101846123630463442
0.267003821467398206
0.200662832529363316
0.067065419996758344
0.134955974634369535
0.079821205113592031
0.093036014083458796
0.117512197068593338
0.069966532248377414
0.079415050001430842
0.166082972056139588
0.141230229677156094
0.127208554588915418
0.083372891632191859
0.137889719051450782
0.168951030286596526
0.113830934053097133
0.118644618334563218
0.086036623629306752
0.164784763938411349
0.230712002428039575
0.280999415212996595
0.062052908120923664
0.053607334951608042
0.161243100818184160
0.111329095946572573
0.020285542110764849
0.092285452718944477
0.112021449273923684
0.231774452723914476
0.241361356785240705
0.092817762145612229
0.102583748286646376
0.187267513810658037
0.116523043505122992
0.122159336353034886
0.084993304120071861
0.065578624857242890
0.115766977127791937
0.190811155541948135
0.097876400967410501
0.111858792079352926
0.146119623582436492
0.375989203004435724
0.222360100386310988
0.072610835273310678
0.238252776961877355
0.104027103413523725
0.144932018249443517
0.343101423880189493
0.308191669789170897
0.009459519872318307
0.205712633198495559
0.124434490858817984
0.185863486524966398
0.152374951858146424
0.111481708954008663
0.090730789187774621
0.212807434477364915
0.094511374585158889
0.106781863621563167
0.098304264842762362
0.143812175019098931
0.135019132409801484
0.168580478779320031
0.070654902939537814
0.068712243217939950
0.130692581670810437
0.378529217491028636
0.325529603698717085
0.149132997203688833
0.022314535467899056
0.121627022292584624
0.075515179466115315
0.022757376545911440
0.073240449478691891
0.134022474038631684
0.070570389953366383
0.215632947757114973
0.140504706355489339
0.043767728064974996
0.087752429998428111
0.111916340440498724
0.049909206328379696
0.061786746622886371
0.062123852464016881
0.111394610869214455
0.172328300249108224
0.086246918081957752
0.044777574199465597
0.071922175170721969
0.104679221324637736
0.138644290588828489
0.281291510631170472
0.117578045851789631
0.067281508060623191
0.067815089827228378
0.140264512661685770
0.234424231827618124
0.172374830030429776
0.092057418166407751
0.154814605126306432
0.046862452611581715
0.035549136220877083
0.110526050574691170
0.138981553718667494
0.120530240289955876
0.015583663270973698
0.031107040094243348
0.074535320728533319
0.160265816677327977
0.161166336018905620
0.091704019426911490
0.041333665515745563
0.044191031984623270
0.051433779852976105
0.240265161108492220
0.149889926530897499
0.119614156826082063
0.011001944171721303
0.076528038686468208
0.039736645697036339
0.023224231097147011
0.068319425681123619
0.105345004384728200
0.108855194143641434
0.277819674199925037
0.115980327056496968
0.335978581647374708
0.327638444865617329
0.120093756358869902
0.098229375014668996
0.135149941481445823
0.051559743300728461
0.113822998439098780
0.218209370626002347
0.120325169025528297
0.006768974130823379
0.013879253697798516
0.055547354694164025
0.184512271965323216
0.221564367063869450
0.151601495592300517
0.008515961260082172
0.029721778417853083
0.072496762525160380
0.247735137816074813
0.156666468077263837
0.086887631397480611
0.051447086814721439
0.030735916877991640
0.112198209910670796
0.400000000000000022
0.400000000000000022
0.062557744897633799
0.034421027862073558
0.026369849271107491
0.061284944731647084
0.111780303314061247
0.121480676355578299
0.106631962590445384
0.107122300235978393
0.069981508741137163
0.041583866760090543
0.158126363191648467
0.070730492685658800
0.084205163056642413
0.003587795513497962
0.125691369322334517
0.047182140002668162
0.054910833097474049
0.052473683196904819
0.107190353269459721
0.025753321466445510
0.237504864447043301
0.263335684036740347
0.400000000000000022
0.212533072993921990
0.070135637408808293
0.025630586062194920
0.052023300817248444
0.066462745708035884
0.060738328620942465
0.209626145919809354
0.106971014061276237
0.004399278955411496
0.019134342677658921
0.010755904193138805
0.028863382895298204
0.105909889216547495
0.221816464130455665
0.072866530118421619
0.045592279018420258
0.061167714684827235
0.269581560593022518
0.053698496789914271
0.104831890400253425
0.190248590792643335
0.062715298028314242
0.148438319713207562
0.400000000000000022
0.338860296554473639
0.069083231166812253
0.043055043070910209
0.027618327914296182
0.065783332188503255
0.042959829610293980
0.087495842713527769
0.108108464548983846
0.063656946059502312
0.046322821434526408
0.040616268845976647
0.034542695151420763
0.073691254183467420
0.155282194207625401
0.040108959526132956
0.114619507734525089
0.099611139408352159
0.147305219581706920
0.080515779955777175
0.109659833106542037
0.117907983868807908
0.301789353780817837
0.400000000000000022
0.400000000000000022
0.392017595676763753
0.211217679572003658
0.027639167045039804
0.312285924859087904
0.385184587677041335
0.148516997231766618
0.400000000000000022
0.400000000000000022
0.094976068269962535
0.066270820166202907
0.109498889153957016
0.231315315167483271
0.322205680809889594
0.400000000000000022
0.179529416826695348
0.096490406722946273
0.188517116706638177
0.206996859657801402
0.056566495905654150
0.219546022506601740
0.076384016495664314
0.050558776544062933
0.316940519050237901
0.319921228638332278
0.041260689486124991
0.082304070636008461
0.082413679511055063
0.142872252064208394
0.160604647637191233
0.149019287064558303
0.227623011381898332
0.149289266493093875
0.058698771497716871
0.118588558025313359
0.111398323922428877
0.133146441954209632
0.236618904456437545
0.247229191208988425
0.053308875441212038
0.082000976901506012
0.057606506647793959
0.044587690072548952
0.106135214756463286
0.061123344856496148
0.053804423619704306
0.199264637752948254
0.397757327878736633
0.293808530784930244
0.266496887078984002
0.100570461052717761
0.015285851777569200
0.105682280716155388
0.364100210631749355
0.151074311287582308
0.256824931454037897
0.193614182465480955
0.005549331734171403
0.055648142100128806
0.134411913130598776
0.138613357173908380
0.080503352482111115
0.145486045806101222
0.099119563979793046
0.044778968230828352
0.115586573360142345
0.032399195010147722
0.050244026986313341
0.079401676825589726
0.013605955569604854
0.024756368874890626
0.287509929144753928
0.066027559412802167
0.037115860787155425
0.124574178925355661
0.034368887818099735
0.088726814146217484
0.137312968168563004
0.078256145487804379
0.154449251803202292
0.336570708200119362
0.056400897953257929
0.113412937938914007
0.032142723455254971
0.046101932152575284
0.220496850255451626
0.400000000000000022
0.065265721477831010
0.117555697453748470
0.029333576169033107
0.036627017961936202
0.150547190827493155
0.069213081281768271
0.196302405630900262
0.400000000000000022
0.178575337217121072
0.148958874874653813
0.262100918253078796
0.147809933287288170
0.030413097732594527
0.168176743286930358
0.110409806099344018
0.256646608431867984
0.361376294422820321
0.208694691617578199
0.060135403969247436
0.055253680670086305
0.093589050369817309
0.116035905423963345
0.247827056425631798
0.349754136888876022
0.092346250460768387
0.078775410648872918
0.080698813928914370
0.052391765481327221
0.213555312720674878
0.206865054181056385
0.041309224178010737
0.082666055320968046
0.236110205177726240
0.134725029709399147
0.139033025621709466
0.107134609038007200
0.031167113967950508
0.117059290135877306
0.157943796100070644
0.228048181919766613
0.400000000000000022
0.385611599791406467
0.065132843995396095
0.083577193987242032
0.081401202321447319
0.113550257181643743
0.400000000000000022
0.400000000000000022
0.076530291766516045
0.067796137282140193
0.045176569217014489
0.076604406803433736
0.120824813839739864
0.064455103425528792
0.097714233405398393
0.286041534048652402
0.119000128675079378
0.103124101768901674
0.216029988542809248
0.291916876546843729
0.075766226863801592
0.160609541286834079
0.083855655600933901
0.245648722231127492
0.192182026767500180
0.291476902781807490
0.129641485547459689
0.097633342585228655
0.145429681517481979
0.113914338105227414
0.172871355612167016
0.167037656294495962
0.186455795053573542
0.168941202161404014
0.175094212445514430
0.081270487642441339
0.127835445157662708
0.211083157156704115
0.055780777770084222
0.129784987901749582
0.255863146184883483
0.113528719729421856
0.398988883508849368
0.277978246370697901
0.161586243779303640
0.199503690334527639
0.201855977855928015
0.258004790352350799
0.312503321202774520
0.193826619249847731
0.072913864316188876
0.120896030684353673
0.358810040181496870
0.247254948848320916
0.400000000000000022
0.233431998118610678
0.400000000000000022
0.214766687246161631
0.224819201929181589
0.161303821541871950
0.241043641399710351
0.145606583550216162
0.400000000000000022
0.398720783635587273
0.206802126993193391
0.119240264301096799
0.266761597757067204
0.174445155553746317
0.400000000000000022
0.244333148021847635
0.133438716323560080
0.229866657086177484
0.259418402948049076
0.332134436926829812
0.400000000000000022
0.303385948838682973
0.400000000000000022
0.400000000000000022
0.199261322160351168
0.247712736383654181
0.400000000000000022
0.282462576856193082
0.398116169287725752
0.293541463593349983
0.307335439827160162
0.396412391735906033
0.400000000000000022
0.315098443868622735
0.400000000000000022
0.400000000000000022
0.392071998887573048
0.400000000000000022
0.400000000000000022
0.332197074195612008
0.400000000000000022
0.396954771383771443
0.233877200107336147
0.242354690124144179
0.400000000000000022
0.206538433778434505
0.400000000000000022
0.383242048243540578
0.363905011891403174
0.165956081206504680
0.394781333135517332
0.299346595337683485
0.279416068712139587
0.254383560739745995
0.295054912484346898
0.216706488921062951
0.400000000000000022
0.400000000000000022
0.172352205056505642
0.298221009236289247
0.400000000000000022
0.243110228299696779
0.400000000000000022
0.194980685889708488
0.236005262723457843
0.208891327040195696
0.261544056533396518
0.309599080282934813
0.400000000000000022
0.338309322390936695
0.400000000000000022
0.309579519319824581
0.177012287239480037
0.356391453835671779
0.400000000000000022
0.291323110176821332
0.400000000000000022
0.325805560926715643
0.227748362089830569
0.397395588841238045
0.400000000000000022
0.292416284867331067
0.372551966508624210
0.201842964332555580
0.203510445602133716
0.320257502115823378
0.400000000000000022
0.241866689989049255
0.400000000000000022
0.382536399819721651
0.165863645553175648
0.244131712700313641
0.400000000000000022
0.176807972014191961
0.400000000000000022
0.400000000000000022
0.339630844496743411
0.221853151065050214
0.079160515534702741
0.175517356336430563
0.129640480186552748
0.098163549483707091
0.179759563680628870
0.223628237774086330
0.149734344498456989
0.400000000000000022
0.191424136264743527
0.084449022216244118
0.185696110199727565
0.268073845875119399
0.129142922818017425
0.380724125719497819
0.372941708117812631
0.283437946122364892
0.183318810561508116
0.175143473643117414
0.126270295053424964
0.156643712386454415
0.326073905985507895
0.400000000000000022
0.377413288308236838
0.229845492092334069
0.223962095761869318
0.152460306416391994
0.218438328572933271
0.334263492316986099
0.400000000000000022
0.306696302031074230
0.295675609839256115
0.201712689214807339
0.066836360591329511
0.133966076580799676
0.161308663696586585
0.161711548968119817
0.046994656634452528
0.089572321642239966
0.160200995985587846
0.183514603851388236
0.217223557554211411
0.159008662836239684
0.085749539932300112
0.125911201661288497
0.140133438440018965
0.273498063852423368
0.280305968693608465
0.245022321117430386
0.018279710650608016
0.101300744162845457
0.052553184145441474
0.033623894121830943
0.100018897168543661
0.148101134709541032
0.209242161527036397
0.400000000000000022
0.151729876152039422
0.344271703511156935
0.349825352994977468
0.225418592517226513
0.157505637338341414
0.400000000000000022
0.306356025448195735
0.209024020329285160
0.257681621250766713
0.202222617601779814
0.081525237653893606
0.042834695289396887
0.150044200656548471
0.400000000000000022
0.400000000000000022
0.223111632514126246
0.109289031208125886
0.099554882820506535
0.171864328878854195
0.400000000000000022
0.400000000000000022
0.189313718533867303
0.136056892718273592
0.071557750515791566
0.196132745227466154
0.400000000000000022
0.400000000000000022
0.111373676172764169
0.080930734516311220
0.040162000126827614
0.115254779024983101
0.138437388079083346
0.399870484609547661
0.330286412516396122
0.133595887945992781
0.085736727312113348
0.146636156236203324
0.400000000000000022
0.350341102172956997
0.299410107379476487
0.029190807841223389
0.173333151674643249
0.064020579685066178
0.060068109091686500
0.064593036793045858
0.187201044119128079
0.075876395752081910
0.362543847884167436
0.281303193866492884
0.400000000000000022
0.251948715819728886
0.148850347906627600
0.037943310889786454
0.288460374731014713
0.399845814165200930
0.186401096227367002
0.391474846340862603
0.283026065080457689
0.096397830196712317
0.111770408056792975
0.175483539982805997
0.370911292763675071
0.340387909944209754
0.371626485087566460
0.145963940584746460
0.078801399444189762
0.077953832996489184
0.391455341294601356
0.400000000000000022
0.245034517146824227
0.190290904936744110
0.084180173350231147
0.202143278731695492
0.400000000000000022
0.374434595890256960
0.078302901508592648
0.073537575023219656
0.051297927975517355
0.132850496700128634
0.086508583537488637
0.177176048832302313
0.150897529757366922
0.136563651825900467
0.085229103904606557
0.075399289867137523
0.146939446066544604
0.144928144490020089
0.247224965230374127
0.139744701476979788
0.206387447876144436
0.187635862686119953
0.163191640905627461
0.269477890720406621
0.170052834460528157
0.214543564744424320
0.473529146746948848
0.265725673040564381
0.253113055948880672
0.268402789074572490
0.183084689982981608
0.187611521266110248
0.356413725274246918
0.297347842211666880
0.202743034713716741
0.339983876994865652
0.295898499455912234
0.205130823736497547
0.195649511874703530
0.253831721042839631
0.347047607579868245
0.321582352540213834
0.280978501617225596
0.251557431577418888
0.177008386825484837
0.221967628077148454
0.267490853470052525
0.301879085698497363
0.266058042435208419
0.213782367617040475
0.153154604043415299
0.255124892603513231
0.274474676985244803
0.281034106603753497
0.187407360217858809
0.187364454386185486
0.157757763987358079
0.222658445594120735
0.230736217090005885
0.279480119256042270
0.217137559751496817
0.197151959629115192
0.128540882092062519
0.213002695859796670
0.279502063882916929
0.373655632672796056
0.291803111519883585
0.152765349320932026
0.153253862178746231
0.125480005720290944
0.149791932233720837
0.234824008066904510
0.257638653615785640
0.248308299330087995
0.378781613698521313
0.211620972636478805
0.263405677775293168
0.267440939032740077
0.181876867158578093
0.189824593847925244
0.285566382202522395
0.319160059652251193
0.221607436401123042
0.331252241784677715
0.300629568547091663
0.195751044958470927
0.135395188197364652
0.341177052653913959
0.358519671940571827
0.279045967489849667
0.334548608440033035
0.238341423436279676
0.129868926163932752
0.302911101338076139
0.288189379188518224
0.274705008079426938
0.296390182651221079
0.204748080297126295
0.122976858917911755
0.299575935403135540
0.265757990298188085
0.260073001489259992
0.226570675087749640
0.179228290983816846
0.143547031867653940
0.247163469358951948
0.210256585238073279
0.279899229379636683
0.269171187233769094
0.188715223449018976
0.136724813513479954
0.252701191733364749
0.252919109368043959
0.316584608973240700
0.357979273327184322
0.132257589128051523
0.134111492356708051
0.077067333051671488
0.055724012610127917
0.078273460843956394
0.079018509252260644
0.225805792887038059
0.526310182220681044
0.297258184665010861
0.312423296447358279
0.424232812165032225
0.194615925040467680
0.164387598089611148
0.275739898516431159
0.322344302483399958
0.232712660169438257
0.367259906596061336
0.334153159934957866
0.180182843103440876
0.147501990106617770
0.257062066286357305
0.339102728802981035
0.280233853963818946
0.286945017824636828
0.244319627251175731
0.179027751120085121
0.207236844436375411
0.257382311790366469
0.298052508252050097
0.244341836407307944
0.223575870678379862
0.181351075697205100
0.265774894940119522
0.261591979647423867
0.270494197914460888
0.194191083074193499
0.184687740002935336
0.173631826282259788
0.232917185208672162
0.238600197415019422
0.311563516425962805
0.253388781539245211
0.187889714145116543
0.136731245843598692
0.235784859498265775
0.321794792640138716
0.365477049557197675
0.281544775482392262
0.155568104473312707
0.140863250625134412
0.081537472366901634
0.061523765044961834
0.081775043444311177
0.071082555783721510
0.256792248096029796
0.403671470388284104
0.230020062737718356
0.294511492846986633
0.367306715198852218
0.294852979420670291
0.178528064247234886
0.216624616828974798
0.237628571564125868
0.247792791890339981
0.366281653965065679
0.332259713544078183
0.183337548655056470
0.109698441224863164
0.282952966550406804
0.361542546903428963
0.270275119017165000
0.291532931271965223
0.231623839668225806
0.123892443294099167
0.305829014092921625
0.269063818271503608
0.266105273400025932
0.290926960188244044
0.212711150531547988
0.133055104799583546
0.346050559796240387
0.274538632846268060
0.244849735978234312
0.216329978431736514
0.177852984211752607
0.139419227634318493
0.262547065418662739
0.227058218489044228
0.287832158260033277
0.306340515261887936
0.179707639755187970
0.124414570847923095
0.262795468084438821
0.300942759404018267
0.366051286501776096
0.349012587056754531
