0.000850498260708473
0.012934901598041630
0.002236745588359963
0.004095273053655637
0.006574487774148267
0.010237688190913903
0.006158573305370571
0.019997462540085963
0.002050994457054260
0.021309366847461382
0.033688510420281009
0.045576445407983411
0.002442753631602555
0.049191281968464305
0.008279001294575424
0.008285313890061714
0.009659390391563825
0.020721906078460098
0.016248872814809117
0.035315315340553849
0.011447913353670148
0.003261319763136387
0.016066479651332653
0.033253439800739359
0.005763187363284622
0.000875485866825338
0.172133441085106698
0.104311112606942952
0.041224492482434386
0.041061942146002915
0.001989781344182161
0.041822514535137842
0.073977152182740299
0.077624167557944629
0.025923257904012773
0.048008472419850248
0.005399417153976797
0.072891549722340812
0.021008878462843255
0.003671339505703807
0.055117989815763851
0.109756622355641237
0.030993547319174808
0.025300614565565066
0.029458640878951718
0.014987309765843688
0.186447955719129282
0.400000000000000022
0.038049408187112527
0.026817255657425723
0.006644007848673068
0.005795992932559956
0.047054083981545564
0.035173218007987811
0.000000000000000000
0.000000000000000000
0.001409868999094012
0.021269361059455837
0.017291429435897329
0.057106769811647834
0.000000000000000000
0.000000000000000000
0.002560597297979610
0.005296600724242696
0.024015619573298359
0.026973922612368317
0.015213847031330639
0.003875616139720491
0.006218760252793109
0.001168654806556147
0.022125362086072495
0.008668216425624306
0.041500110239471255
0.076382179997455141
0.017570429957337191
0.012579317543600310
0.006798235886865896
0.018909043859565593
0.058998955682451087
0.044911750931142365
0.024845826751836074
0.008866478163376202
0.023764952563123533
0.006357140462761861
0.010331143585409888
0.065746496307696023
0.065574605914886619
0.007054405607036707
0.066564183416763845
0.102763395335350505
0.004240210020482093
0.028703303119630534
0.065154246117812759
0.020977116855757275
0.400000000000000022
0.279575203118275328
0.051818766483541723
0.093945194986613467
0.045664092696420459
0.026748688382646879
0.057150312448914956
0.052636370890730859
0.044198482117856035
0.077552048744344904
0.015113313698648483
0.024162423931439615
0.035207956159259798
0.046699229464737382
0.031093851245683965
0.029313197682189825
0.014519117536001885
0.033331113110244608
0.077754987782634330
0.076490705569771569
0.035695378263860170
0.006912021467600729
0.015167313526022784
0.045516541152906327
0.127170568176781462
0.043869190258091509
0.082214337354854436
0.133882432780444177
0.043469883039312165
0.093208758349257154
0.139744223005323576
0.062297296906873113
0.036703536924634093
0.031215054520791031
0.043141120423499421
0.034942245394052357
0.078771112454424752
0.072545242710029836
0.010473201497344802
0.023643430077502175
0.191802585223668637
0.060065062694723538
0.045296016515321551
0.040925039942199114
0.015418226475061596
0.019493513939254813
0.178949164594797816
0.080200371554510166
0.244097091026489466
0.143148610776553775
0.151431064445252173
0.110145019880618686
0.071653302483249276
0.094683148089160604
0.191713335212934516
0.113444109984073421
0.105860364255572187
0.189091990321557463
0.126578509435622433
0.175587843788256370
0.306619206625724505
0.110690430999743766
0.097352299852890206
0.135910528593600949
0.067721852488755216
0.107969338731470466
0.253064716680283186
0.084699691443285555
0.096555509649753651
0.141608470620218863
0.131445657833689222
0.124173425546366845
0.146687431467909024
0.046002556272820815
0.081724196189137552
0.136110603178972472
0.076049013303164881
0.095013647087513697
0.133941585086874204
0.083680322334857782
0.109664242987775010
0.096083855611926117
0.047451694162296859
0.006631982303667200
0.092980085384234218
0.123606358587162235
0.059533309484239169
0.133786780814889317
0.166921869876607093
0.014033721412367132
0.027809008641471296
0.079787386628572127
0.034999261029841550
0.177516534558335132
0.186282439378711223
0.076295021645530453
0.286095446735838144
0.126487916517433491
0.257632479511742785
0.390053973636137918
0.255708903918444808
0.400000000000000022
0.400000000000000022
0.220780436875814168
0.290838460236439666
0.394423393450589743
0.330179442746394880
0.400000000000000022
0.370734891307730630
0.220682398368817478
0.288454107586585407
0.395498290747438030
0.374528391588391574
0.293028902368151711
0.292775805978729653
0.124666093977287479
0.189312096869178964
0.267423935168884630
0.373410731789980910
0.382078725044486589
0.237697330346473501
0.101686524504196255
0.106112130415755554
0.102551760367290523
0.218032702135770723
0.239306104493628491
0.185292878246440584
0.101122973343279632
0.096100204136805867
0.116299478557845060
0.232677996337166765
0.055123223714420688
0.167277179601963061
0.223448131377073589
0.195625183719801976
0.226461143343934940
0.350993873156088321
0.046170623909060578
0.086804712821785063
0.101067579171897487
0.167986556394007086
0.251969511045124994
0.136527670135682733
0.145187991714021497
0.349286225098217606
0.102194616763449195
0.230249205998366346
0.215446618163440906
0.159190328442801649
0.210935454863079241
0.132783944532129383
0.095324926908467500
0.158306943452909438
0.146068871479417717
0.105747308688060232
0.164141033348730758
0.166472310073353280
0.102152440664379521
0.137006097523410031
0.256719158555646976
0.274789511286445631
0.303792820458946455
0.113245166528236768
0.094473099415722184
0.297512985954178077
0.375368446959495450
0.257219441399965554
0.331752196232259933
0.198633740343166887
0.064065601300733674
0.220494534145435073
0.400000000000000022
0.186550078614200116
0.179636886328174150
0.078791027940350672
0.037304761209544977
0.061257423222666155
0.270718856804267771
0.400000000000000022
0.179099553209531859
0.108688141512827907
0.082817641254774699
0.238412216024958434
0.302061929633105852
0.256696612696752258
0.085501395647123890
0.199757876119789818
0.046444128897424088
0.161743859219352304
0.167852889693919399
0.044233626442181886
0.023381459861941734
0.120588249337548192
0.072013786276333355
0.063773267852131083
0.067665984457613376
0.038631692992659991
0.041445588665545346
0.083159312963746151
0.098266307122281599
0.046417890411639538
0.078193416507493951
0.036367052482274551
0.039949829503298610
0.101650683494639557
0.076906320695090055
0.061688061057604354
0.047435365005535059
0.048951515018346131
0.038193417879169529
0.053742384589772152
0.073105707728225069
0.087579704991194801
0.125425031552962779
0.033878343729908736
0.030011326841831876
0.081639895082864650
0.053376400101393662
0.076504968823417174
0.317264540110226534
0.165988467203761314
0.190088810267192071
0.086508140207533973
0.051453098777127060
0.084295122714497447
0.223901992176686382
0.357259956571320147
0.324946748434496724
0.127349537881268571
0.065189647316209520
0.021692243425774718
0.027213234747747055
0.115228454049044735
0.243875336936416054
0.170344460882232207
0.083362859960803906
0.032038521999086786
0.047268919771299753
0.079493299850465299
0.002369058483119205
0.030335917132809830
0.043176621615077605
0.033594831388625096
0.062278228224535534
0.012513412417055080
0.006695390916794993
0.022333365077849093
0.069013676316700467
0.040477851911955846
0.059501930111515985
0.018575970011229893
0.010722905185390491
0.008313436654555731
0.038936420539872153
0.028592513012037728
0.074406431852314325
0.011317396608619218
0.007894672029312225
0.031566669129549550
0.066917512515276736
0.026344434582342389
0.021008777830137181
0.007719366566714101
0.028586594186930027
0.056343668505252409
0.040856169724038820
0.163486290236918519
0.206909744777627080
0.180867104954600788
0.146462517546536275
0.142889366626217262
0.025192948970984702
0.027368653164569819
0.286029333832026278
0.397421948933274205
0.265893357179296075
0.059583843024236423
0.014450523601264177
0.049565356357949154
0.010611786830967513
0.055306842458488797
0.179631011727153456
0.140767310317502642
0.052860242312198852
0.026892701430535872
0.020879768302745405
0.029163043473815764
0.005360228872684680
0.025106092204446498
0.025464079302671423
0.001226701674262941
0.017771173075300215
0.016813563154107244
0.010628608512364838
0.000748103176755433
0.002662141882991816
0.000225052684650246
0.029768784865851584
0.010459896894184093
0.000000000000000000
0.000000000000000000
0.003279036494372299
0.000280908802839368
0.025613232651218530
0.029220690327372813
0.010337122835842805
0.000000000000000000
0.005172009100227924
0.001904250183888925
0.002908320157159968
0.016036985725298863
0.009169800715606843
0.027776691039004445
0.037672040835153381
0.074746043808556581
0.352402733881322039
0.204026185535231885
0.070996457944227820
0.052940238024966529
0.049763163502285761
0.090853358471545936
0.400000000000000022
0.258266198759884102
0.244910828398113151
0.073434955412451458
0.011574629302473447
0.007306497053827776
0.010652948653410751
0.068270682790639345
0.392665924613235684
0.400000000000000022
0.193350765811892172
0.040636942598113186
0.028946385833847080
0.036137749211881051
0.019441298820090599
0.135528932925941842
0.087524648681679043
0.005347983098648563
0.012585571288510681
0.009783899212653890
0.011232921524080057
0.000607878271310022
0.003338867405114859
0.026940510320601307
0.010876321606438172
0.001876592987644814
0.000000000000000000
0.000000000000000000
0.007322408505600623
0.000983603542926199
0.027552389827249418
0.014754903775922807
0.025046516798064553
0.037653576273279213
0.009787351522107607
0.034877177418268741
0.052257247965021209
0.005039040538745682
0.042454422665762076
0.064365091947567996
0.025183977121248504
0.048828828373014464
0.237541384587517612
0.162612888476535489
0.032935593495679386
0.049490367606082594
0.060746102001205539
0.110417918328562015
0.310742906270389752
0.182283459954278387
0.269919590405833132
0.086483947596538269
0.037041862762509356
0.010010404983709531
0.002916695325298781
0.085673695264783259
0.376423597021513623
0.400000000000000022
0.400000000000000022
0.032730481213419843
0.009982358896026472
0.063211655485246696
0.056989868981958118
0.160580041702965748
0.192091638825780175
0.003889848626250798
0.004042071304373550
0.038084594598091492
0.029120901616177506
0.038925686494737807
0.099371060105451395
0.027190698942175198
0.033423308889847091
0.011592531910129961
0.008037878993281069
0.014732261509511686
0.026046023804673194
0.005959776206916330
0.007676044535026089
0.007727609844042945
0.015860122586623501
0.023570045529872328
0.006193659324784185
0.026421096874933776
0.086413061848856595
0.023456123424369750
0.010296742692860048
0.037873329955723990
0.038521338193907108
0.205298337364341721
0.160664112528515229
0.088095932100156496
0.045843353694647461
0.122927036293934172
0.044064063801034378
0.076967696281780976
0.083394658049771225
0.065070757546336164
0.358435955807859474
0.067555056474904784
0.018895185922223466
0.002614335339130633
0.001659737461650536
0.111046023912716882
0.400000000000000022
0.334636227268895248
0.261095812091522383
0.012689736860399099
0.012953975117249198
0.087987194816476655
0.094355752474138271
0.093813536899179123
0.120963153381940830
0.068568952360521240
0.094777908368065281
0.020842991973081371
0.034812580084050269
0.039077730257284810
0.120788218994090202
0.063420986150929670
0.077851755389542462
0.008389053692924548
0.014215392901311977
0.051216128583051718
0.092081908616430494
0.025727053844560678
0.239066761825117852
0.015240962505970582
0.035905445590859890
0.128234605010317110
0.039097801417181784
0.193455565608261854
0.182577669257295794
0.050716088223023273
0.024173661287203576
0.076267917597286461
0.060685951147262565
0.390812030713860503
0.152669315592561472
0.021327770798539959
0.084236686965787150
0.167931672337767429
0.123196849452074902
0.091501068824764928
0.012690079280016779
0.022078291043105172
0.071445823942906786
0.179762707612549644
0.095151934502858249
0.020189901355532357
0.006272127939377949
0.189854153636880546
0.147262409489622659
0.061375239325409635
0.092683125993683613
0.031292864201455675
0.024919925803265706
0.371103328993884984
0.173543483573781798
0.024882095429307041
0.049504229930560549
0.086349690941957324
0.093692327861273406
0.055614677223684884
0.039871864211528732
0.243483102343472563
0.186168832409100149
0.106857330550014326
0.102051081191152235
0.097006505136619875
0.055134197653649963
0.239721426293425299
0.211052353730141140
0.053718537167403567
0.127623173173585458
0.106862703578747609
0.077318867877746861
0.212924341052129346
0.196390381286582150
0.193771907388098852
0.172973301374695798
0.116191001293749485
0.102312022311952661
0.247051093195264360
0.296637343293654931
0.327095391925868562
0.172587864189645057
0.092080730746338713
0.121410479352845713
0.288534270624744904
0.302250459143976302
0.027813176356575674
0.029768693114219268
0.040692291081421708
0.041628430474956971
0.193674958661321228
0.223452777014960025
0.088179649050578873
0.143111786865815216
0.379800714150142271
0.329999214878728575
0.074671060302381687
0.227181821487503433
0.171337453505092996
0.207427631225102466
0.296221184236694968
0.354192792205188511
0.061773326596625433
0.087067106455565230
0.400000000000000022
0.200837420255339238
0.400000000000000022
0.268458765549745682
0.400000000000000022
0.248378786751161457
0.400000000000000022
0.133662828002733436
0.400000000000000022
0.296019990588421544
0.400000000000000022
0.325200235196294318
0.400000000000000022
0.138929919815333563
0.400000000000000022
0.302779882224479047
0.400000000000000022
0.375786692741153394
0.400000000000000022
0.125415030411486467
0.400000000000000022
0.362537917941997467
0.400000000000000022
0.321576045068916072
0.400000000000000022
0.088601646494821371
0.279678467724851054
0.191527795583428001
0.394157273015478149
0.357798176115936339
0.400000000000000022
0.045153043592865580
0.027722223776054090
0.049532227982899461
0.210838501690777225
0.400000000000000022
0.337171495595516846
0.400000000000000022
0.161488058652023092
0.167389330061021246
0.086988531360124591
0.139038971884472645
0.166449625669126383
0.400000000000000022
0.259630803180860403
0.282890715528625103
0.105930470595608839
0.141839263918190572
0.400000000000000022
0.102808804272944254
0.249708081365299983
0.138226713328478468
0.146935161210336729
0.149666995864215613
0.400000000000000022
0.081614451287251893
0.284543215973647512
0.148784136108013526
0.313596420640376183
0.154075979478104724
0.286603712520533793
0.112290514382423684
0.179631626997341726
0.137182458658485995
0.346010908110908399
0.253286385518476265
0.267630828660731790
0.161464290927576082
0.225754212565511370
0.127211805763095875
0.213527258194026598
0.208019711291647036
0.397881822611202418
0.051100886938278432
0.180376709116550155
0.085768471409753480
0.179510605530555756
0.143729351388871385
0.363987159433322938
0.052601302421214129
0.005024174509658151
0.087701643467988200
0.185017674201288285
0.150964449389572181
0.290657488895893823
0.277052688831880389
0.046411574293067706
0.037299375971177107
0.078749890544562662
0.113300495000899060
0.060662078060675452
0.392214522976160329
0.064897719029683165
0.026620671084748190
0.042706726841223057
0.093711009284339827
0.050426102270976825
0.054353017930739003
0.020338539245076160
0.021076067789311589
0.031874035482110361
0.089323711569557818
0.062648075792426830
0.070471826169376472
0.105861421626360683
0.021336863103609976
0.057740293971629254
0.065333755435107804
0.086356912199133495
0.087434465587167443
0.047752546936520826
0.017131499585464185
0.076661201842971885
0.051480201079312400
0.031186444573300449
0.032930035743267784
0.019357550724481629
0.029810984436804258
0.122003004629954281
0.097184940859493779
0.374976846823799170
0.022038830462181268
0.069638753727157998
0.127132137171673237
0.096344272842163042
0.054222504145820596
0.400000000000000022
0.253859499928105803
0.018428091736134085
0.149784922169038437
0.144425118556917059
0.048432133897228863
0.112895432423844949
0.395375382985089008
0.013200376906400140
0.017282171951132158
0.050917300089744592
0.030122451138587344
0.008817011537530017
0.025678553008006557
0.098068563639319442
0.033715443739738900
0.027449499563978148
0.073568325395066400
0.028540580613785803
0.032964826391774685
0.002876147805652232
0.004532560556371700
0.007777652611068203
0.031543143423361460
0.006851782709709843
0.012705659138182458
0.008613699391395583
0.002901221547559102
0.021439235727338385
0.031779651101556200
0.005806795736030422
0.046491748174283559
0.007772665061044758
0.000227982206769157
0.018263222844249371
0.043483541891429695
0.015312603339859409
0.062120460857594345
0.010594805511042657
0.004920792961962588
0.053971069469386589
0.105663638775638058
0.055447740203887333
0.043494609619770461
0.200153735152586859
0.172315794286814622
0.090344852065787642
0.021841552639129080
0.391741896467235118
0.397935415124474223
0.066313650676656830
0.213644074385915483
0.123902149206456980
0.029262371286585598
0.228442052823167541
0.342990021222637276
0.043388286825225011
0.071691271587507599
0.050553718512388622
0.024038452282264939
0.022108078895218465
0.010266915043341871
0.094767696104770510
0.049322977369784894
0.030277187869855032
0.083817767582385544
0.034718974560883908
0.024063871311213215
0.003250417883716126
0.005774334771983810
0.004352576158995452
0.015563662566849058
0.019966474926502775
0.010106978011327193
0.002189361985611086
0.009395250296077136
0.014723681151435252
0.006846570938639514
0.004975445555259844
0.015433038816993995
0.002349510159842349
0.002717939324460340
0.017083178487414946
0.009262483538157439
0.000000000000000000
0.014162269087359673
0.004590439844129275
0.005747686519768223
0.058479199507884307
0.031169998060961462
0.025112072412676493
0.034342920318973902
0.168363872666651426
0.051663707506427223
0.039384653955159631
0.074444529583096219
0.129593186451332193
0.068686420797245837
0.075975824480544005
0.054608810787672719
0.069152532167581091
0.044913261195790102
0.034807138085511308
0.077978091303638628
0.016645487332935926
0.014054516941768128
0.018562874166419448
0.019634906078309231
0.024090881026250809
0.018232172737974034
0.170291058461273959
0.051458185560238810
0.029563616402169861
0.150364271041389080
0.006198481359357037
0.025520472886552313
0.012020644801013853
0.015328194577735692
0.007182366045458287
0.013576555596028762
0.033099083625971873
0.030873784146524134
0.003927587444699074
0.021309366847461382
0.033688510420281009
0.052898853913584037
0.003426357174528754
0.076743671795713717
0.023033905070498233
0.033331830688126264
0.047312966664843040
0.030509257600567701
0.051126050233077855
0.087572563305575071
0.016486953892415831
0.045715742428898476
0.080431571598900645
0.058437416921987867
0.054592015736299085
0.238416870454342927
0.334746329561642186
0.137246706102622351
0.090714860088516980
0.101808044147208454
0.112407699672744180
0.352565420805527607
0.256260612137018673
0.333055398362725130
0.112407205500551027
0.085050335182359604
0.015409822137686328
0.075808245047639597
0.106682573727626517
0.379099852864072162
0.400000000000000022
0.400000000000000022
0.063724028532594651
0.035282973461591531
0.092670296364198421
0.071977178747801809
0.347027997422095003
0.400000000000000022
0.041939256813363322
0.030859326961799272
0.044728602446764562
0.034916894548737462
0.085979770476283385
0.134544278113439192
0.027190698942175198
0.033423308889847091
0.013002400909223975
0.029307240052736903
0.032023690945409022
0.083152793616321025
0.005959776206916330
0.007676044535026089
0.010288207142022554
0.021156723310866196
0.047585665103170680
0.033167581937152496
0.041634943906264418
0.090288677988577093
0.029674883677162860
0.011465397499416193
0.059998692041796482
0.047189554619531407
0.246798447603812976
0.237046292525970370
0.105666362057493690
0.058422671238247764
0.129725272180800044
0.062973107660599964
0.135966651964232077
0.128306408980913583
0.089916584298172231
0.364381626110059031
0.091320009038028310
0.025252326384985330
0.012945478924540522
0.067406233769346555
0.176620629827603515
0.400000000000000022
0.388934144445924113
0.356422194159381811
0.016929946880881189
0.041657278236879730
0.153141440934289441
0.115332869329895560
0.400000000000000022
0.392379678469496618
0.120387718844062949
0.188723103354678734
0.066507084669501823
0.061561268466697149
0.096228042706199751
0.173424589884821068
0.107619468268785698
0.155403804133887352
0.023502367391573027
0.038377816832751585
0.086424084742311502
0.138781138081167876
0.056820905090244650
0.268379959507307697
0.029760080041972468
0.069236558701104498
0.205989592792951426
0.115588506986953360
0.229150943872122009
0.189489690724896520
0.065883401749046056
0.069690202440109900
0.203438485774067923
0.104555141405354074
0.400000000000000022
0.286551748373005677
0.064797653837852132
0.177445445315044303
0.307675895343091033
0.185494146358948037
0.128204605749399014
0.043905133800807808
0.065219411466604593
0.106388069336959129
0.258533820066974396
0.167697177212888071
0.030663102852877155
0.029915558016880124
0.359730009094672565
0.207327472184346190
0.106671255840731186
0.133608165935882761
0.046711090676517276
0.044413439742520516
0.400000000000000022
0.253743855128291951
0.268979186455796548
0.192652840707114359
0.237780755387209497
0.203837347741892078
0.127267979706934181
0.134555012300689336
0.400000000000000022
0.299612942393173542
0.212717694805586499
0.291143071512709684
0.223585014572242335
0.230722041441906361
0.400000000000000022
0.321742784729884934
0.151070837020293780
0.263533701767186435
0.174584556067502811
0.185288206609217326
0.400000000000000022
0.281090072729867746
0.290327417037852475
0.314581771994914661
0.247636659127438735
0.226485447858319505
0.382197531164841620
0.328483934748922013
0.385567404248308043
0.308698467368617502
0.168129744049503566
0.216424126440359438
0.400000000000000022
0.339119132268991375
0.137477419344350649
0.125852548726145402
0.088143985243718553
0.048260412778624182
0.286655044045555474
0.323793581709964418
0.147712958534818056
0.276898567680704533
0.400000000000000022
0.344032936291095770
0.102480068943852989
0.306969208116075531
0.206336714534934546
0.382715155389003248
0.391003188485358422
0.400000000000000022
0.347868773332463577
0.213555022972998776
0.400000000000000022
0.400000000000000022
0.400000000000000022
0.400000000000000022
0.400000000000000022
0.394677748579319254
0.400000000000000022
0.400000000000000022
0.400000000000000022
0.400000000000000022
0.400000000000000022
0.400000000000000022
0.400000000000000022
0.400000000000000022
0.400000000000000022
0.400000000000000022
0.400000000000000022
0.400000000000000022
0.400000000000000022
0.381969433902837774
0.400000000000000022
0.400000000000000022
0.400000000000000022
0.365449510602255834
0.400000000000000022
0.191153406862111880
0.400000000000000022
0.379949045284700970
0.400000000000000022
0.389795424648222477
0.400000000000000022
0.161452522150710626
0.260400220113220893
0.104655451697320157
0.358554084387160077
0.400000000000000022
0.400000000000000022
0.400000000000000022
0.400000000000000022
0.213559953970081789
0.173793244181909612
0.240106551056370132
0.325475330647701733
0.400000000000000022
0.356822721831545397
0.400000000000000022
0.400000000000000022
0.244033880681639753
0.400000000000000022
0.318255422436385216
0.393386911527833449
0.349162168191557709
0.279719105742466057
0.244991922772683168
0.400000000000000022
0.227683322766669638
0.386376113629889217
0.312925169456744312
0.400000000000000022
0.256228420142484203
0.400000000000000022
0.369009672938070632
0.400000000000000022
0.399863575075251054
0.399968600812074915
0.332216649933953612
0.400000000000000022
0.400000000000000022
0.400000000000000022
0.393795700909312874
0.390722298358162690
0.272085312592380724
0.400000000000000022
0.400000000000000022
0.361264185645307545
0.265405357737927672
0.258301633470906400
0.181034112598416397
0.390886574317586333
0.323320159225481907
0.400000000000000022
0.266801196677520003
0.293705815714116192
0.233782090644346879
0.400000000000000022
0.400000000000000022
0.303108186989820005
0.122800771618300997
0.278507766664352452
0.159744623898323140
0.222405937280027721
0.400000000000000022
0.109131345471865066
0.050002130946689927
0.163294976178771256
0.165724795560673155
0.114199370123107935
0.122019002388352352
0.058970232237736148
0.062521656454856939
0.115033348445856512
0.187590018691839416
0.109065966204066347
0.148665242676870424
0.142228474108635233
0.061286692606908583
0.159390977466268818
0.142240076130197846
0.148044973256737850
0.134869830592702494
0.096704061954866943
0.055324917464633708
0.130403586432744023
0.124585908807537463
0.118766149564495258
0.158355067296230556
0.053235894454390364
0.059822311278636124
0.203642899712818903
0.150561340960887413
0.396400204449657512
0.339303370572407781
0.235627220930919312
0.317220947438865308
0.182852413049697016
0.105675602922947642
0.400000000000000022
0.400000000000000022
0.366312546927854865
0.398102100704212036
0.271774656438185658
0.113621781213438383
0.134587675849619670
0.400000000000000022
0.128428830955444884
0.261157508887548184
0.221261760971976779
0.113485311099391237
0.040855533536616806
0.072947472779306299
0.177561863489784727
0.036084502222858097
0.057785416696787974
0.116744947010143998
0.062135412002410906
0.095243054616310219
0.015389560222707311
0.011227951473166690
0.030111017688917292
0.100556819740061934
0.047329634621665694
0.072207589249698445
0.027189669402625471
0.013624126732949592
0.029752672381894114
0.070716071641428374
0.034399308748068153
0.120898180026597885
0.019090061669663975
0.008122654236081380
0.049829891973798925
0.110401054406706417
0.041657037922201788
0.083129238687731519
0.018314172077756756
0.033507387148892613
0.110314737974639004
0.146519808499676885
0.218934030440805893
0.250404354397397555
0.368039047219251625
0.318778311833350925
0.233234218692004919
0.047034501610113771
0.400000000000000022
0.400000000000000022
0.400000000000000022
0.396949866574457633
0.183485992230693395
0.043712894887849768
0.278007409181116771
0.353601808053604749
0.098695129283713809
0.251322283314661055
0.191321028829891271
0.076898694594463787
0.049000780325754341
0.031146683346087275
0.123930739578586274
0.054683206242469570
0.055383280074301530
0.109281846885056960
0.035945676235146856
0.041835044386513434
0.020063981037823371
0.016402943284348648
0.005100679335750886
0.018225804449840875
0.020191527611153025
0.039875762877178783
0.012649258879795179
0.009395250296077136
0.014723681151435252
0.010125607433011812
0.005256354358099212
0.041046271468212527
0.031570200487215164
0.013055062160303145
0.017083178487414946
0.014434492638385362
0.001904250183888925
0.017070589244519641
0.020627425569428138
0.014917487235375067
0.086255890546888744
0.068842038896114843
0.099858116221233070
0.377817859636124798
0.364232671778694339
0.122660165450655056
0.092324891980126153
0.124207693085381987
0.220446544922878129
0.400000000000000022
0.330367722425806754
0.299519639185785946
0.142587487580032535
0.056487890498263547
0.042113635139339071
0.088631039957049393
0.084916170123575274
0.398670269354480022
0.400000000000000022
0.212985671890201400
0.064727823624363995
0.047178558571821114
0.206428807673155024
0.070899484380329406
0.165092549328111737
0.237888919723068110
0.224689904043601590
0.190758665364908486
0.161227791968846235
0.151787803566516527
0.216209650181637986
0.165235820352788831
0.211281206186453352
0.172249319041233001
0.179815597075909051
0.173149549472045555
0.272321087654783467
0.185037573630665281
0.172325508263395599
0.198589733859379697
0.186584883339059260
0.200421398197744294
0.283965384754059191
0.167040660382661604
0.198516277104655831
0.215664403376286395
0.213896119775261517
0.227214003222123373
0.284414341389608694
0.146413706167469765
0.323397183749036421
0.318463626387486154
0.343035827495020984
0.287709248398472783
0.262388192702200540
0.135875517370823151
0.283376202831100599
0.323078851648358090
0.288529067937936756
0.275701098468185524
0.200754721958992272
0.161965522814848273
0.165346573584659956
0.283706040059545528
0.317018116598641209
0.306471779226115071
0.261440148337622802
0.242114213981608178
0.098704556268185015
0.212527328181481373
0.331368875470323843
0.169563739205510572
0.254324855778381320
0.262463118054149680
0.226334839617318762
0.194685618887156187
0.173996045158194973
0.166566349292826543
0.214621850295838273
0.219955976247645901
0.213047466018829040
0.182347570055260144
0.186287182951094671
0.169951638338256772
0.269285575498432184
0.233818846247541984
0.178961777610224665
0.214942695645932824
0.184438802736073049
0.151835617194917727
0.265364740642093810
0.232299274355470597
0.219769778018601813
0.194283703388462792
0.191277802363189614
0.180739272817940444
0.262623289300424445
0.250135555684135757
0.371923822227771039
0.277247597722756756
0.247775461757645948
0.207372544889350086
0.274118041184981787
0.234239186880443595
0.333329739487740306
0.318864529798247087
0.239974148791053304
0.241330692943790032
0.198260549960320887
0.208626812747589846
0.263604816552180765
0.304615135832000727
0.227195979964462696
0.299023096405575395
0.270967959461043462
0.252731179146573781
0.135824023058025017
0.228417725774186370
0.218918682151673760
0.188732384705184497
0.280352501603190640
0.255781221247750268
0.221869885113190446
0.186420648289273322
0.158129348942201348
0.156662098178046216
0.223176587958267059
0.156173131530025683
0.212846816875970707
0.181244805645889046
0.178817168980730162
0.153944343724083582
0.237935919116615824
0.148271504488049349
0.180913529589872973
0.216351638945306457
0.191385418423421438
0.161152496390325195
0.225651126068993513
0.149020408391628584
0.240404991975307514
0.227009692070160779
0.201231846944339904
0.210876332521540810
0.250528155351373572
0.145596120027528225
0.364319576933529787
0.351108456681437642
0.322837082776002482
0.273504137531414226
0.284731610933388113
0.157748639591361428
0.277533710093430419
0.350909430174413617
0.314868099190660167
0.375564342520306349
0.269773314130658692
0.164809479413580068
0.160140414734671110
0.301815109643108759
0.312454202062685593
0.323488057185282230
0.288642921815507547
0.217115574270080020
0.097629524360954553
0.213431142838934412
0.309847785700988643
0.179683816260871404
0.280944894274080648
0.270429554710125752
0.225814554373814591
0.190475684566853071
0.171111228948189004
0.163322919537738864
0.220227143598202502
0.232524039863281767
0.214342368738937167
0.184156802830560268
0.193553955483371343
0.169027439820712388
0.235451324613694613
0.197373689613697945
0.182932985795932729
0.226454356610838986
0.198421351428457460
0.157062716174431322
0.222607599991029609
0.186075740652813543
0.250650255663196486
0.244635296462531127
0.198860347066488585
0.166138421717214685
0.233706156404365095
0.218738097463810843
0.391328083938846716
0.320973402976129807
0.277587048782995005
0.195161968733091273
0.261452552583899489
0.251398162433605299
0.312192391293408089
0.310952311284367455
0.259059176698163418
0.283424332133595747
0.282772718542929957
0.264145270103750329
0.223274863604486118
0.297992451701720396
0.246083743793555992
0.293861999855951961
0.286228161393228597
0.286188018776074971
0.160515253169039418
0.226956776648608305
0.220115036889939358
0.174442047078861823
0.294271329399487802
0.282588380103732439
