0.006342936627487229
0.030442735583320731
0.059883768008459827
0.027054895972110839
0.028169137390486640
0.065908024764198186
0.003142680192716291
0.069557199502359099
0.122548196833188516
0.028625308811406739
0.049847290620090565
0.076385989242682556
0.001602809937882853
0.045131148892892811
0.029561392173146607
0.018673149216821623
0.085471395562554134
0.105629657686890560
0.000170918972092718
0.020471885025123919
0.016883557346466026
0.040662270832232589
0.271761857201684554
0.225093564015106273
0.000128633293862553
0.004905538428889633
0.050337162119473471
0.022988154638487020
0.061278259973361421
0.073830896012581207
0.001090730262506940
0.056686687466415503
0.032549724762621510
0.005997358739768862
0.028738641589883190
0.035759816272298774
0.000358431176389825
0.015183841948030456
0.047479104537618916
0.260427824207895842
0.400000000000000022
0.345691595145671271
0.000582312091096886
0.022530441984300074
0.029514751707510983
0.304555937398063303
0.400000000000000022
0.400000000000000022
0.002419971369683499
0.001690064098395067
0.010362226552436146
0.012497210207732265
0.069658835188445262
0.079401835643102436
0.000441409958696970
0.000950489383627603
0.008680869017076051
0.016128034363270344
0.104802910591747553
0.055740176090147600
0.000000000000000000
0.037421122268449208
0.038531096599486094
0.000427896250821346
0.021068039834037929
0.045839028082150297
0.000000000000000000
0.001421631259122269
0.061160981954092419
0.013348376508763752
0.139217721122794874
0.114841939444989313
0.002070956082573903
0.009614108774070448
0.003391557553101923
0.015299026962399537
0.200528348087272212
0.124014699608710935
0.000131243785403500
0.063153243488573374
0.040359780856759897
0.013073710868855091
0.048653571877729646
0.027075908593024129
0.000000000000000000
0.003422695206868530
0.016900082743205338
0.004256318845934416
0.026927704360767187
0.016951560280366814
0.000000000000000000
0.026322107351648562
0.023319944141811697
0.004620352144244094
0.042146109220466424
0.033668687568539794
0.001835161007337459
0.011045200681388491
0.007121093169103625
0.019181177188250534
0.061402805773625856
0.047776053481078100
0.001831369436988618
0.018416813144591399
0.022235567712473425
0.031174558542794384
0.087506465330603730
0.076212343606123195
0.000000000000000000
0.015829027724314552
0.010785801129639977
0.000000000000000000
0.082566310381137209
0.052721576734400560
0.000000000000000000
0.011373849712450075
0.011778229864865757
0.000000000000000000
0.059898699818363196
0.082584387698103723
0.000520276753433999
0.006325348478918289
0.020042430989509457
0.006739221842707872
0.085114744742333562
0.058357296577914122
0.000114133054919791
0.010571483369803486
0.028012315662432369
0.021545220787812309
0.061231010851355031
0.066329939712592809
0.000000000000000000
0.005291765011470341
0.003370435720791574
0.009202434334582978
0.005588242449448094
0.006681303257411050
0.000183418950824498
0.002847319102253636
0.014437775255907196
0.007477768485307316
0.004620793973597537
0.001596856393185103
0.000864690009790987
0.010656793064880005
0.015113338150761104
0.017608064441273087
0.030193972596306642
0.028225245782526751
0.001147665892612123
0.000000000000000000
0.000000000000000000
0.007560016107782975
0.050313708263305473
0.049181462514849748
0.000000000000000000
0.001046181912881376
0.000422822701974538
0.000000000000000000
0.095481823190578477
0.143168308322862786
0.000000000000000000
0.018339043242677273
0.036865971614952267
0.007716294693213359
0.124445710806344728
0.115000720965590358
0.000972198827652749
0.005678131356497982
0.014626091947752041
0.013360478035794533
0.084264271572448729
0.036126295153996402
0.000213271151280687
0.000596963673128055
0.000000000000000000
0.006205715902490841
0.027594755389892697
0.023488824877625436
0.000445264708701592
0.007744675170276581
0.016956312521420214
0.005307735272494176
0.003143611392057538
0.001675577476218341
0.002178040484050313
0.033157637341510268
0.023889900429568851
0.013544463522692018
0.006650116248738394
0.001099409403487289
0.400000000000000022
0.047301712599463176
0.045892865099034105
0.087113433732539838
0.018775710426186830
0.004685499702845115
0.400000000000000022
0.044341188247750837
0.021878537579336929
0.097326049958782912
0.057474158702692374
0.047106953594701295
0.400000000000000022
0.059991586807512230
0.026853540558423580
0.000000000000000000
0.087144244806457688
0.042670426750826981
0.400000000000000022
0.073527127427191974
0.086854004738699392
0.022149027277577876
0.047808194317493106
0.028660082789925767
0.400000000000000022
0.114789599236017406
0.162955897708803948
0.033203622564566146
0.107483417431577660
0.092612683430697590
0.400000000000000022
0.058763122904745745
0.056723849616812358
0.182746507493212529
0.062360229718253488
0.032429999953755340
0.400000000000000022
0.053663052569578026
0.031596222871355377
0.025542944384551146
0.001308196450710644
0.001959445235326384
0.400000000000000022
0.082358048900938841
0.055991488511664876
0.032285887743618763
0.013962117996248725
0.009469734044698631
0.398915962041343830
0.000000000000000000
0.018701801812344931
0.016930427400551239
0.010928941994655005
0.010690322882922668
0.045175197696581099
0.003299387671352780
0.007365961618280010
0.004704250017009725
0.027298994551825669
0.042163715121499218
0.005527066268879936
0.013315721849156425
0.018138168521552728
0.000000000000000000
0.062513878972343576
0.107634412334239704
0.311598671728628984
0.000000000000000000
0.000000000000000000
0.001521201438881497
0.073013624083300588
0.045875405373274017
0.049897289833906122
0.000000000000000000
0.000000000000000000
0.015786816014815425
0.111243018147322015
0.062390653304035197
0.000000000000000000
0.000000000000000000
0.000000000000000000
0.052083629393207598
0.024919703521426455
0.025637510893433711
0.048188278422410691
0.000000000000000000
0.000000000000000000
0.008602269696241680
0.000584453515879375
0.002991540664887241
0.103685162296093925
0.010611331777121341
0.000000000000000000
0.003318569058889095
0.002264114966333819
0.000077258617689487
0.000000000000000000
0.009154513866306613
0.025541541474786260
0.015908952830984788
0.027044023495272209
0.032665069944761711
0.000000000000000000
0.000000000000000000
0.004340434508538025
0.029332862498197942
0.040794529554193881
0.032760931924067579
0.000085468807061644
0.019233652090665295
0.016067262675032432
0.001512841703000366
0.079417644903148690
0.094629131496888536
0.000388158103372515
0.018267961679721164
0.038386217867115241
0.001401699923438525
0.087280831910640982
0.057733123277204965
0.000000000000000000
0.000000000000000000
0.001589792603016526
0.019799745504779108
0.043565159683745365
0.026902093064629651
0.000000000000000000
0.000000000000000000
0.000000000000000000
0.031088480639479044
0.075050725249632702
0.026473482804612161
0.000350645958102504
0.007468079628480988
0.005329126792446352
0.026510487649035040
0.005706106587926783
0.006046064931933860
0.000982485653131391
0.021366667166188735
0.025659522683610991
0.013532691137980078
0.010300806141664232
0.014525777803492214
0.001163492078651949
0.016385097021995358
0.018624694634682248
0.003331467616906671
0.039767405240594862
0.042631879640425842
0.000532288271319863
0.023280600592272809
0.012627606355231819
0.004972628970016282
0.052577844375852043
0.092968434737097067
0.000663077363400790
0.025295906041750266
0.019521408656125245
0.010078347097087000
0.095745319420297320
0.039707532226662061
0.000445663742988220
0.025849658437386538
0.056888049007174743
0.026358982692674959
0.068071255085508264
0.037546514957223165
0.000090957474376573
0.008080122573069814
0.041358461272666673
0.054405729067034149
0.044344444259559031
0.065644569603957648
0.000114133054919791
0.013130453550589250
0.015213101291621588
0.010785175864498611
0.013101943085957224
0.044601229045829541
0.001105319753332914
0.036517551938658951
0.010519844825500974
0.000248228647186863
0.010120004961704853
0.009712805608640494
0.001587135411216066
0.048449620279617425
0.051688864415299192
0.013630480719474061
0.012809406664686017
0.004740439778755060
0.000649968329507319
0.011864621881607989
0.021792822957895471
0.028301911675667910
0.042993434619200258
0.058314697865281623
0.000041198262811717
0.011572111602865113
0.011012072751755933
0.024430699316090713
0.130098545151797751
0.051604136711676213
0.000000000000000000
0.027782772190664100
0.019121317754305863
0.025578824128676861
0.143203946268642190
0.069364986862277864
0.000000000000000000
0.007463564110391915
0.064610465716926649
0.022174066912019390
0.133766496900378173
0.107093385428142618
0.000000000000000000
0.000451669539721430
0.015753743532066173
0.015070406687520400
0.043854950437916734
0.035066012619783420
0.000000000000000000
0.006566600404408609
0.043117208013162732
0.036839222821107770
0.100164632990993652
0.044259681827698794
0.000000000000000000
0.025861683157887866
0.020993529788425024
0.079091657984747377
0.161377970406812898
0.166204319391631383
0.000000000000000000
0.019723077384174215
0.015749638060975020
0.019280062693050687
0.040027071338517690
0.071540036986468880
0.007121529503201701
0.035355563256766975
0.062823885286527534
0.062104906321204308
0.038556416067183720
0.039808683231571530
0.000734344869152299
0.033116955540845421
0.056356641732685953
0.047197950118965132
0.072731817669555124
0.071575660206902661
0.001778634875424851
0.044159425591371190
0.094356938343711019
0.035767650552994072
0.122709989930057661
0.244189520784965891
0.003001764447378359
0.086782990867373136
0.104360780644934301
0.025659439147986442
0.130537444280799858
0.295235441716153124
0.002588101872514570
0.017429089476760813
0.025974354841310228
0.034297115046293222
0.066874153004587641
0.052332811501159607
0.001093175846055162
0.024234967901654355
0.031993997754479191
0.113547749371356532
0.233714699732957804
0.126996802945037846
0.001391409913902166
0.043943461116397714
0.035047589792781275
0.280242025181568488
0.400000000000000022
0.400000000000000022
0.000402324717485121
0.059282226781385297
0.072719484361348327
0.055819788562656063
0.087087407280049101
0.105648131818710675
0.006107335990862036
0.035059728696692022
0.071413063415267292
0.027481115758392367
0.040227125417879053
0.080906911280666183
0.000364898899189495
0.029983619647161647
0.090520325303647509
0.102132232044135463
0.165310390995269840
0.088828736462875008
0.000199427216477169
0.029614995687718942
0.049356222096895219
0.081430112654971673
0.123678223119239650
0.119305702765822058
0.002603645124160253
0.031844540204338835
0.071096337845673221
0.043601079569393991
0.116926053514233588
0.177489887948102748
0.000719081973115939
0.009936729873871467
0.079300926480706621
0.045359257840734114
0.176155719656876736
0.148068303721442501
0.001990530745286416
0.033496294992185323
0.033043928423016476
0.051892228868195923
0.149333592080857891
0.148729866190175197
0.002749509576232330
0.055300294472906082
0.072454271439092777
0.220475729485684807
0.100589078490043421
0.140984977666992195
0.002740306369878518
0.085959709507314727
0.074237808333704719
0.040132559408936008
0.063428295155631434
0.059946399301375144
0.011878619336906598
0.064725795704221128
0.086758440753909913
0.025877763610113440
0.036001504302242734
0.078774163137237910
0.001957927487512222
0.095921999762462171
0.208045823663806945
0.171720859022762296
0.189608711698666971
0.171409515704134652
0.004266758686231168
0.122777706696148931
0.229547662232114258
0.178356567748514827
0.167255071582632808
0.148200653749014755
0.007663150292568622
0.098060910533205509
0.133759575931540448
0.133244409191462854
0.157340786843947172
0.187933193090351613
0.002437660313292164
0.028362046405472331
0.109820928967658993
0.114139281137460080
0.182651133733201354
0.121601385605281082
0.000899230129671078
0.034441221613526432
0.038060271266897247
0.033119747713557302
0.089690055637082738
0.074788382523461316
0.010253491987539526
0.085457202563559431
0.066512965738610874
0.014547387646730787
0.021868569707371704
0.008748373331444091
0.011094668387276503
0.092265146598922376
0.090781496972704545
0.023578619957472149
0.023361067965597223
0.030365110825416500
0.005742040342601162
0.034522466045235803
0.057398224973524946
0.043797861321009865
0.113531194623131326
0.106746598632592837
0.003472425008416167
0.035560071029384029
0.071018403924704612
0.117162508112091154
0.281222091472091928
0.164276432842098169
0.003612481578472155
0.108883394471423159
0.135516376286386159
0.176322418650242646
0.385728175727588440
0.191037833975874621
0.007936340298185726
0.113252070835643856
0.222309105603737261
0.243184033084474005
0.345311128709304693
0.119096371602843198
0.005747391434664404
0.044341900516811229
0.178628942783144368
0.139749803954133056
0.237103594134321305
0.148722103383560234
0.003674192238509280
0.051384715080352590
0.065222517791483844
0.104905811789253484
0.071294792333340323
0.091376452268079666
0.002814523562449222
0.039381124471632264
0.150840238766970780
0.220954988991628354
0.067251117318945799
0.028331610317444546
0.009517983750215599
0.059475594490044283
0.099285243857200500
0.072775892573965523
0.025368655605308273
0.026646629419711312
0.006430879791938668
0.115433154294903403
0.206128622252682248
0.223851832540517132
0.244222478445854735
0.141114045953635470
0.018327902500395447
0.208787414775613356
0.400000000000000022
0.400000000000000022
0.400000000000000022
0.240639901882066159
0.027706442694118056
0.212827340713663438
0.400000000000000022
0.400000000000000022
0.394875914205076284
0.257890582642596788
0.031021793434828311
0.219218309984014037
0.400000000000000022
0.400000000000000022
0.345240212581864769
0.185793872020807854
0.031512549564058287
0.224842382248152783
0.400000000000000022
0.400000000000000022
0.400000000000000022
0.279575046752146728
0.035073046647407187
0.213929083929949942
0.365453203387361425
0.332490095063800783
0.221755244205584318
0.141125240433804089
0.031949249768756530
0.211817915950980012
0.312871607927739603
0.344609278197610003
0.127438033614315216
0.044811587213583609
0.037509674004164530
0.214122774896670809
0.362163659563764728
0.313237556620219293
0.098595921890148708
0.084096058430348369
0.000771466415267947
0.055855298695560503
0.112879493242153406
0.071899519300772763
0.185767167201177752
0.078182274795114581
0.001190232758297065
0.046782046740309009
0.252861506572563011
0.048711889039732489
0.314122956972382406
0.121515748828978587
0.000523774966461181
0.032528461570067772
0.072258198011659586
0.039467382629261992
0.232706955647593805
0.082619752904128235
0.000000000000000000
0.019903853052708104
0.042640731881122468
0.037498185331364745
0.217957930105775827
0.161585743909651025
0.000000000000000000
0.002190024647262378
0.073553764782168712
0.168371841591583887
0.195067392245541954
0.118293299263371537
0.000000000000000000
0.009192771559179110
0.127423059270830225
0.137368708640010939
0.095824187781948539
0.112144828518492806
0.000790239022099044
0.006516265689099699
0.044260374025660701
0.266995059255212053
0.046142221856577237
0.023654302393471896
0.001440560555200052
0.028668061206158252
0.022837951677517197
0.233467525732437897
0.055294462516653625
0.054802755608045942
0.003388831815622069
0.107378362209010092
0.193008815815946255
0.085458297923727847
0.101555041243472893
0.101166016653009755
0.003371250024613765
0.053726085862308585
0.218122542885514609
0.074692959144895793
0.122793174865617527
0.105709197250689099
0.002592553814203203
0.027510357780713441
0.111561250939752346
0.135884580302086500
0.173956515889065633
0.165332886918052979
0.000621052965396024
0.025913517318522004
0.137889888923436371
0.175694589844092253
0.340190532009735147
0.120287640414584368
0.002122729984638251
0.026713027063524592
0.086908662298236794
0.094799315752374130
0.153240741670422370
0.172671510290925811
0.000442947775736812
0.064405747400815741
0.082960882677327472
0.031670792801150344
0.075375252002519266
0.059483650208349670
0.001812140802888753
0.028974083200091882
0.165744502784111292
0.157286742973566124
0.035211045513012969
0.012547785791435699
0.003667208048240795
0.028340093296877204
0.064578295171851610
0.136596337858730238
0.046944866012334642
0.052305352422805484
0.006475921543101308
0.036861173730379525
0.186207506984856580
0.060000841799932383
0.053574918622466224
0.076131225616425865
0.005290544344307825
0.054047083238284395
0.255566388973762715
0.068367366627382783
0.049444344089185618
0.090957148240393346
0.002129775661792754
0.039863855823279691
0.067722150550425547
0.115873438278306096
0.151095095834245463
0.119848960575235253
0.002961020122904782
0.038549289053978641
0.169880777483937623
0.181581561886697745
0.143057502792689611
0.183424393653780160
0.003878426707417084
0.033544751288198928
0.017495232402213942
0.023137858176401745
0.135031415672343835
0.113749386624203988
0.001459519672004597
0.031462748124415130
0.074156851683513353
0.015382370901872968
0.147368902203894564
0.130385038306226081
0.002224720013077711
0.013957298166421021
0.045388211725645181
0.019504259091684718
0.010155192185817933
0.027679103632251664
0.004375852112527314
0.048275816422364476
0.069958252095317711
0.038546673129178539
0.016198966736510303
0.038863073982545626
0.003830324176467754
0.044079267081084970
0.129884649572630489
0.047787881117421813
0.036860948902717551
0.033601821143840964
0.003776664963676317
0.042115058657796495
0.129155912908087311
0.076608163225534140
0.057127062275865378
0.091596156279850807
0.001595417731817356
0.010864196787614286
0.001395243732427133
0.060250271850490714
0.093237096998315117
0.094192768803522259
0.000000000000000000
0.000639734066605021
0.035914857931446387
0.122131116397343142
0.176167374614034006
0.320338729194346472
0.000000000000000000
0.001742153938925517
0.033067686142743753
0.026289354201274130
0.051542921071167480
0.073346625178230596
0.000071090383760229
0.032833002022043041
0.017130726418413501
0.024647867327308955
0.096109807210822129
0.077955777274340610
0.000016697426576310
0.005531910835911842
0.017117801212100402
0.074639361979526822
0.087410511634561663
0.152456151716079402
0.002633814055536862
0.052569119423712209
0.037593607449611030
0.127598334566713684
0.191935604014831507
0.325858569546034926
0.013464466130688930
0.065798298840087699
0.122707653294987354
0.089159802293315146
0.066725553457670353
0.105716707995769710
0.003877025061868590
0.102674155043204526
0.178904838565874497
0.075823258930371867
0.122579108289645689
0.147961649449585231
0.003381444813307703
0.089290574484264001
0.123918330516857633
0.054440799769815695
0.208181385492611809
0.277488170085102959
0.003172683419471077
0.107254875892497048
0.121244337991400331
0.066321709980219037
0.355965338405336507
0.363731942611859371
0.002716735166377124
0.022334627905650446
0.076311516960783699
0.057285269684780246
0.128152412977949048
0.126163707513740841
0.002183906108562101
0.080921655368069875
0.064543722517100693
0.119545108111125398
0.237117764768048161
0.158200540654102439
0.001749841090291991
0.059127303064428177
0.082526694330400191
0.340669849389464319
0.400000000000000022
0.400000000000000022
0.000984636808582007
0.081812668765685381
0.102234236068859313
0.316861312749290747
0.400000000000000022
0.400000000000000022
0.008527307360545536
0.036749792795087090
0.081775289967703432
0.039978325966124634
0.109885960606324329
0.144401184108877756
0.000806308857886466
0.030934109030789247
0.099201194320723565
0.118260266407405806
0.270113301587017407
0.144568912553022622
0.000199427216477169
0.067036117956168151
0.087887318696381320
0.081858008905793020
0.144746262953277555
0.165144730847972376
0.002603645124160253
0.033266171463461107
0.132257319799765627
0.056949456078157740
0.256143774637028476
0.287577144471291901
0.002790038055689842
0.019550838647941913
0.082692484033808536
0.060658284803133650
0.360610626268072165
0.269612108126144445
0.002121774530689916
0.096649538480758690
0.073403709279776380
0.064965939737051004
0.197987163958587509
0.162866820358515241
0.002749509576232330
0.058722989679774608
0.089354354182298118
0.224732048331619194
0.127516782850810612
0.157936537947359013
0.002740306369878518
0.112281816858963296
0.097557752475516402
0.044752911553180098
0.105574404376097858
0.093615086869914946
0.013713780344244059
0.075770996385609607
0.093879533923013542
0.045058940798363978
0.097404310075868583
0.126550216618316030
0.003789296924500841
0.114338812907053555
0.230281391376280342
0.202895417565556679
0.277115177029270687
0.234981668983903769
0.004266758686231168
0.138606734420463479
0.240333463361754207
0.178356567748514827
0.249821381963769990
0.200922230483415343
0.007663150292568622
0.109434760245655599
0.145537805796406183
0.133244409191462854
0.217239486662310355
0.270517580788455336
0.002957937066726164
0.034687394884390620
0.129863359957168467
0.120878502980167946
0.267765878475534902
0.179958682183195162
0.001013363184590869
0.045012704983329918
0.066072586929329616
0.054664968501369621
0.150921066488437783
0.141118322236054139
0.010253491987539526
0.090748967575029774
0.069883401459402458
0.023749821981313767
0.027456812156819797
0.015429676588855138
0.011278087338101001
0.095112465701176027
0.105219272228611743
0.031056388442779463
0.027981861939194760
0.031961967218601603
0.006606730352392149
0.045179259110115805
0.072511563124286041
0.061405925762282945
0.143725167219437983
0.134971844415119585
0.004620090901028289
0.035560071029384029
0.071018403924704612
0.124722524219874106
0.331535799735397374
0.213457895356947924
0.003612481578472155
0.109929576384304548
0.135939198988360682
0.176322418650242646
0.400000000000000022
0.271951062072352312
0.007936340298185726
0.131591114078321109
0.259175077218689487
0.250900327777687338
0.393556843597400841
0.234097092568433557
0.006719590262317153
0.050020031873309202
0.193255034730896419
0.153110281989927599
0.321367865706770062
0.184848398537556635
0.003887463389789968
0.051981678753480649
0.065222517791483844
0.111111527691744330
0.098889547723233023
0.114865277145705089
0.003259788271150814
0.047125799641908842
0.167796551288390994
0.226262724264122528
0.070394728711003343
0.030007187793662890
0.011696024234265912
0.092633231831554572
0.123175144286769345
0.086320356096657544
0.032018771854046668
0.027746038823198604
0.400000000000000022
0.120285260162973334
0.212367149294544560
0.229363373432610429
0.245942805792684072
0.142411802557316308
0.400000000000000022
0.210555659033950127
0.400000000000000022
0.400000000000000022
0.400000000000000022
0.247571290832178909
0.400000000000000022
0.215310400168623961
0.400000000000000022
0.400000000000000022
0.400000000000000022
0.269135857358490438
0.400000000000000022
0.222834550742113086
0.400000000000000022
0.400000000000000022
0.363774724518124093
0.214453954810733594
0.400000000000000022
0.230823889269187121
0.400000000000000022
0.400000000000000022
0.400000000000000022
0.309147526786378801
0.400000000000000022
0.216754597109171360
0.370345029056135644
0.341430822397389144
0.234142043382579518
0.162062046216506384
0.400000000000000022
0.214338949082805375
0.318680242096541777
0.349865152845179050
0.128746230065025835
0.046771032448909990
0.400000000000000022
0.218112046753166700
0.366713150664724541
0.320354924447345257
0.112558039886397426
0.093565792475047010
0.399259915980230140
0.055855298695560503
0.131581295054498365
0.088829946701323992
0.194836342229055909
0.088872597678037249
0.046365430454878162
0.050081434411661796
0.260227468190843025
0.053416139056742210
0.341009417124030323
0.163679463950477805
0.006050841235341118
0.045844183419224194
0.090396366533212313
0.039467382629261992
0.295220834619937367
0.190254165238367967
0.311598671728628984
0.019903853052708104
0.042640731881122468
0.039019386770246238
0.290971554189076387
0.207461149282925028
0.049897289833906122
0.002190024647262378
0.073553764782168712
0.184158657606399295
0.306310410392863941
0.180683952567406741
0.000000000000000000
0.009192771559179110
0.127423059270830225
0.189452338033218537
0.120743891303374984
0.137782339411926524
0.048978517444509741
0.006516265689099699
0.044260374025660701
0.268765115617053185
0.046726675372456616
0.026645843058359136
0.105125722851293985
0.039279392983279579
0.022837951677517197
0.235107154729504719
0.057558577482987455
0.054880014225735442
0.003388831815622069
0.111953686679719264
0.204310219821091821
0.101367250754712659
0.128599064738745106
0.133831086597771487
0.003371250024613765
0.053726085862308585
0.222462977394052630
0.104025821643093722
0.163587704419811408
0.138470129174756679
0.002678022621264847
0.046744009871378729
0.127628513614784778
0.137397422005086867
0.253374160792214309
0.247402323548893466
0.001009211068768538
0.044181478998243158
0.176276106790551584
0.177096289767530779
0.374027986947088831
0.178020763691789374
0.002122729984638251
0.026713027063524592
0.088498454901253326
0.114599061257153245
0.196805901354167728
0.199573603355555435
0.000442947775736812
0.064405747400815741
0.082960882677327472
0.062759273440629385
0.150425977252151982
0.085957133012961845
0.002162786760991257
0.036442162828572870
0.171073629576557640
0.183797230622601171
0.040917152100939762
0.018593850723369561
0.004649693701372186
0.049706760463065928
0.090237817855462615
0.150129028996710323
0.057245672153998881
0.066831130226297691
0.007639413621753256
0.053246270752374890
0.194448403437672307
0.063332309416839053
0.093342323863061072
0.118763105256851714
0.005822832615627688
0.077327683830557201
0.268193995328994517
0.073339995597399066
0.102022188465037661
0.183925582977490426
0.002792853025193544
0.065159761865029975
0.087243559206550803
0.125951785375393088
0.246840415254542811
0.159556492801897321
0.003406683865893001
0.064398947491365183
0.226768826491112352
0.207940544579372666
0.211128757878197904
0.220970908611003325
0.003969384181793659
0.041624873861268744
0.058853693674880622
0.077543587243435894
0.179375859931902859
0.179393956228161650
0.001573652726924387
0.044593201675004385
0.089369952975134934
0.026167546766371581
0.160470845289851782
0.162573770676161466
0.003330039766410624
0.050474850105079981
0.055908056551146154
0.019752487738871581
0.020275197147522787
0.037391909240892161
0.005962987523743381
0.096725436701981901
0.121647116510616923
0.052177153848652590
0.029008373401196323
0.043603513761300686
0.004480292505975072
0.055943888962692964
0.151677472530525964
0.076089792793089722
0.079854383521917788
0.091916519009122594
0.003817863226488034
0.053687170260661610
0.140167985659843231
0.101038862541624835
0.187225607427663115
0.143200292991527034
0.001595417731817356
0.038646968978278386
0.020516561486732997
0.085829095979167588
0.236441043266957363
0.163557755665800109
0.000000000000000000
0.008103298176996936
0.100525323648373022
0.144305183309362539
0.309933871514412151
0.352927498238008175
0.000000000000000000
0.002193823478646948
0.048821429674809916
0.041359760888794526
0.095397871509084214
0.108412637798014008
0.000071090383760229
0.039399602426451644
0.060247934431576229
0.061487090148416731
0.196274440201815781
0.122215459102039403
0.000016697426576310
0.031393593993799700
0.038111331000525425
0.153731019964274213
0.248788482041374548
0.318660471107710785
0.002633814055536862
0.072292196807886427
0.053343245510586057
0.146878397259764371
0.231962675353349190
0.350613721468913064
0.104016238049539175
0.280820819764351970
0.261395610228285391
0.160853312464279974
0.219267381935013467
0.057721760145634897
0.058793824540805839
0.172479296338452548
0.200562303792075652
0.133433465849631977
0.216637578191320485
0.062728347871660137
0.054616447910283271
0.187793952996495511
0.148588849552080071
0.119720655108788945
0.234234804417364550
0.132484716066991332
0.098543364328963004
0.169847610190152015
0.176190603600037299
0.139586413005431925
0.287890408170156875
0.224567094929190775
0.060559106354438633
0.115729196963015965
0.120239075896551459
0.119699562009210447
0.262975019179127523
0.101092212060137229
0.053513514872262774
0.163150158975726212
0.058741450596406265
0.035447416570005101
0.039911259816768720
0.047744410536902822
0.061771718791687122
0.143786771564942822
0.057271113863178347
0.118397635447079555
0.161255418083220359
0.158895217785610110
0.073424069306136347
0.215548744321561847
0.101829933790779051
0.132589448779931590
0.146526312709655632
0.175055080828125958
0.100703827093764881
0.013009116451250273
0.337007727157660253
0.221481969900675368
0.275390682458291125
0.376255799820892078
0.055445272725945002
0.006845346176545602
0.245677441958003062
0.187448312001712442
0.300534176947807929
0.315411391511403905
0.052438864349858276
0.009832717109880982
0.161394236734898222
0.179702238690035265
0.343896068116058495
0.357249635156739465
0.083512625404471977
0.011515743006887468
0.197399740965214815
0.195898530391146408
0.414577572956252083
0.423685232692391667
0.056730277998165657
0.009214038402560189
0.168754203287375004
0.141978975848200906
0.283909528477950257
0.317658451042780288
0.051694389426490774
0.008846320724453153
0.168276826704790800
0.123238824171913675
0.053727429312079106
0.046864500195837287
0.057559479743921796
0.007732332995934450
0.190198099114341324
0.345625847611256309
0.185522590442643409
0.156634664197916940
0.065744621322674696
0.012087235813228459
0.192577204238552013
0.285168337393529758
0.186371887574956596
0.195202861694286772
0.101436373292115259
0.011414408720997036
0.014325114729510126
0.015623576331388693
0.031097734239175764
0.042489613439132233
0.060545797378412078
0.176466279367460316
0.193814995192845563
0.134630388404999884
0.240878949843841839
0.055617193973566285
0.054071430899720635
0.205297226163141250
0.146418564407199414
0.126925267267471276
0.277824436629522220
0.086186122258777850
0.097407136482374562
0.189624251757605694
0.202061900806117772
0.144916775290517663
0.271030537847117781
0.156784190474840213
0.062012938734029993
0.118903911399899462
0.156422868628431772
0.135252036867995501
0.240079166124832821
0.143788868985741530
0.053514167260444778
0.151422163339554633
0.112591226691941923
0.183788443182692801
0.323159170213869140
0.122683796507736059
0.061246362913800305
0.145566103558731397
0.060977272216919863
0.131681389358729278
0.169663856780275818
0.172695118376486878
0.071192091035630803
0.202686710123778258
0.058883048169099131
0.060786816075022093
0.093995110744033813
0.125669759303421058
0.101104467625604932
0.009562019031585926
0.014015220934155049
0.015075957445500006
0.030133723782613690
0.045245523083634179
0.056577282822256277
0.007874438430622934
0.251992822966459640
0.181277739296744955
0.304048848688032392
0.353779293724298227
0.052079788118625792
0.009115933130477538
0.175612273792607937
0.176866347906932675
0.368673840604552550
0.425325453830267930
0.082766375074393106
0.011261197257802920
0.221616927124105328
0.225720755505388310
0.430327549374331375
0.404394108885162473
0.057663977103415538
0.010212291715606583
0.174383229198185719
0.188923944753847384
0.334658899574102775
0.287538761549131383
0.051695447614755023
0.008847226227179752
0.156030552865353028
0.225746348272231862
0.347945756411874640
0.390361895510185963
0.057220131824975991
0.007454701458107170
0.192831894828393413
0.355789975108455392
0.195759653988082871
0.170381187891413988
0.064267876698060916
0.011060817591172402
0.181469596364138425
0.206870762670761155
0.110972101420411473
0.124081281086013906
