0.003874825905858502
0.057273169656508610
0.049056126012347614
0.001154208730284512
0.021586506729460823
0.060709721415690185
0.002038203512145510
0.044758102106301885
0.052648009719571759
0.011375002266570679
0.008398750405578742
0.026982090052627188
0.005893201168470221
0.003255261704692347
0.058544941026552874
0.021009843616387500
0.058393724329774938
0.167964170929939816
0.006760426198204541
0.006289170137251160
0.001456513288623429
0.000736573945482508
0.154626778831516265
0.400000000000000022
0.005158055238158792
0.001079426107337695
0.000230447239725212
0.001605356944390532
0.021479826493437847
0.111432763934509543
0.011074085610071662
0.000825668143254035
0.000874876444439455
0.013052180857122429
0.134249783720764765
0.317286212788042643
0.003730215092960658
0.000085307872127531
0.027111296505872809
0.296135551481812975
0.051444055762718967
0.049031220598491673
0.001121910667349015
0.000000000000000000
0.012815069922201610
0.156393084776815128
0.014551263490662087
0.002578398660380121
0.012247186543647797
0.081529615419734747
0.017487553310575936
0.002086306685390529
0.038979194278754487
0.059421880055721965
0.003887345952513626
0.075011721431543901
0.030053526934888383
0.023581690614140553
0.011686338088282289
0.020587455905946395
0.009955942804709409
0.001136735779780807
0.075254096527566483
0.035541233908872906
0.013116117303013326
0.075257330890411728
0.029248065888133994
0.007139576618661546
0.017119352945282353
0.016797108506655480
0.253059120865374854
0.380641351304244258
0.034937371855611278
0.007236723026244644
0.000930012194732446
0.001872857387294553
0.018290438473256954
0.162093177070308680
0.027836606602843671
0.000695688441659036
0.000477939804426679
0.035866938915538875
0.320719206073397489
0.400000000000000022
0.023921471127923644
0.013643024527498718
0.036589434282717145
0.400000000000000022
0.224811079412883252
0.081487317722818475
0.031360734314478625
0.012499669405278557
0.015416956049297579
0.225211948067092660
0.036700625644322235
0.016860713800115983
0.016897454771240140
0.126625593785544055
0.021322329368053811
0.041405471864857255
0.069292847572937882
0.072083970644473236
0.006245177939182906
0.032683901111767048
0.052154515024517803
0.158515244296582314
0.039409973300595327
0.072813247427779740
0.013375610265597849
0.005415723447112154
0.025633213185503372
0.034546947702068093
0.006671806421197293
0.033696333757566005
0.009232357966259534
0.009106907232555665
0.013908586852767095
0.010961217187761736
0.355462132356864413
0.167660300251740224
0.017899556560855810
0.002986251194141009
0.002289109247937103
0.008122469317576642
0.178941347238002368
0.053480185093329594
0.021760159723640642
0.006460082079807394
0.001904672720745562
0.116869074903069733
0.400000000000000022
0.400000000000000022
0.036701389953708710
0.032161135059866439
0.037576935263401182
0.400000000000000022
0.400000000000000022
0.091670788637052067
0.011495367712852658
0.049810087423658896
0.143169866491472897
0.064897789641245318
0.096036554219332257
0.070857628250007063
0.027644233926327033
0.202571395318260267
0.049168720600144170
0.048709938374288886
0.197204108593653116
0.082667108299854880
0.065290735616055917
0.075820799586370530
0.084933761630342677
0.232990763618838220
0.051100084637583656
0.088365481450512845
0.119659257257922452
0.059740354691212125
0.026598013002962446
0.061753800546557241
0.029127037082382790
0.085768809265766549
0.077482088636441820
0.032202404306512576
0.015223098484954213
0.030117609230404647
0.400000000000000022
0.175231064807557207
0.029238661572148536
0.033512754481520794
0.008242237544623082
0.025702937876301311
0.211508309676547046
0.100269228077231765
0.050276822378423597
0.051852406345868095
0.005416769145995991
0.034516675676542083
0.176138797894404148
0.144609193736244424
0.091620687590185698
0.088273883508375131
0.037253121882441113
0.032511984616239414
0.146657314955473628
0.107777121364321396
0.241397687106140235
0.184530696882745482
0.125514551952696118
0.063721457276663784
0.072073754694339631
0.114787425832057408
0.118899014288067262
0.284284143843363535
0.105914763319034572
0.098251509083405769
0.162419496961219101
0.125905303947568742
0.065464270330715946
0.220028809970609723
0.060134363956318417
0.108194212394693873
0.039497146710851687
0.134765326102154637
0.133732060775614225
0.371518810738792893
0.039913514771313607
0.021659037394136705
0.058737327885373128
0.097478633373759324
0.084644525612974086
0.392093887299819310
0.035439526042325642
0.057386336081410999
0.332019730844279215
0.161528500224396465
0.071272344227124182
0.400000000000000022
0.018972878827637901
0.148368929966815527
0.400000000000000022
0.107127967307233993
0.075571220458935051
0.326417030989620827
0.013338930758747473
0.011697563518471841
0.038050929616419329
0.082760963639851762
0.098405626295513457
0.400000000000000022
0.100753023829351890
0.045681591208728202
0.178978285317743624
0.179182555961637346
0.263834183607205397
0.400000000000000022
0.390694336262052189
0.276201534902269286
0.264859233751880196
0.296485870187836176
0.156932657800880893
0.398222231331254339
0.088978495878967750
0.129554207970968616
0.143736358105302969
0.207089174622663796
0.042482959503029910
0.212438536581914833
0.054319599067539429
0.086627497063574865
0.357767801921229867
0.189792819335155905
0.077201874419296185
0.289663247291136405
0.025579689484885197
0.030054915365761128
0.313040913960867473
0.120619986569994633
0.026982357408419158
0.164919653167198504
0.010230434257793734
0.003497221438042913
0.103542116050936633
0.179196043854144144
0.017024563753376760
0.191370744579781343
0.008952375738945237
0.064461718165323437
0.225516044949445715
0.050908468742690047
0.025273134123625661
0.361594907073337191
0.020339948270376308
0.005153668228873787
0.012418550824007453
0.014278432863137562
0.013677646837650270
0.168286960982432898
0.027486058020528659
0.020328129022448880
0.047682895046236809
0.083948981978510667
0.042784382536808920
0.229648036915891862
0.156231915110347203
0.110984372800000231
0.190422302742359162
0.151866535777947342
0.097449132055287851
0.063555569822052543
0.156352185398124843
0.392588368283935618
0.389318819175972552
0.065364849539385095
0.039468970365187692
0.121665880958813824
0.070479073888706875
0.301600541520171794
0.400000000000000022
0.039919788551201374
0.030644773518969291
0.018565591563717804
0.027556604199324517
0.116054521619856632
0.359109718939910838
0.096316331540583361
0.022171407506955336
0.008749555594429109
0.008039731589070110
0.005561995816698369
0.104932278122549794
0.129239332591244149
0.020928623570275820
0.018776525289594698
0.001544563551309977
0.064730966421917058
0.307656953278098388
0.020776849658788982
0.023038174118902160
0.068449181329749004
0.005330988841424669
0.009731558158747832
0.035537670031658961
0.003275203949452459
0.017700998689288549
0.052572427532058250
0.099506060225773685
0.023619020899922155
0.033356532080327364
0.077835508400045217
0.007701244868855951
0.026313947033459177
0.082316568837521378
0.054655896931223934
0.066383840876887631
0.044816888773115827
0.049437146733509539
0.060344497153270255
0.290404251175393147
0.400000000000000022
0.264178301994867692
0.045187964330322947
0.023395607434094776
0.054816782664894328
0.023013683130955080
0.242395597289722597
0.400000000000000022
0.071824866602131332
0.023553939080147017
0.029350195459588731
0.005869201929073565
0.055362253925396843
0.400000000000000022
0.399178989953413610
0.019318732723819600
0.008116705941024680
0.001135820930414088
0.002763007682608776
0.047928945791773273
0.264181230932303612
0.014264828974543238
0.009735637423472313
0.001981846261636821
0.014811855301767776
0.383837196226145427
0.070419715445316514
0.024444144922763176
0.001558550815985262
0.000075750093541817
0.003826089255513505
0.165722341863867223
0.043241042462912035
0.018597438923267540
0.020852418118209287
0.022057555491487892
0.004032508904129186
0.019544516725960321
0.037088098289853738
0.018064688748141280
0.027111821759950000
0.022060884740837391
0.033519606540562914
0.024073653815274165
0.029656775084560362
0.011868111473024499
0.030115995420431203
0.369484481467744208
0.400000000000000022
0.083817890611813065
0.064716700589553450
0.013697229050878605
0.028893352327660111
0.021391799522319697
0.188334182958955598
0.110955292769821481
0.034874198204591422
0.028972749753816418
0.001684068227386042
0.013223379811967060
0.076901112991301576
0.216045611834024265
0.400000000000000022
0.035588796517126722
0.006684236266696245
0.000280053181025766
0.035414059816412588
0.087722050114478423
0.347608689345524580
0.035236448067167928
0.000664330145755908
0.000000000000000000
0.006106396663554558
0.378133102369599516
0.184624611957723866
0.000962614391487176
0.000910151743525485
0.004669172138890051
0.002825539730633383
0.232452542733324247
0.118530910250835245
0.011095168815259876
0.001979301716241165
0.024303887513756731
0.003653604288528774
0.013572872086980336
0.009655367669803799
0.004043871754154337
0.000000000000000000
0.026665248703150821
0.035902804877536602
0.017442807412919641
0.027293185331579060
0.017317372861177689
0.008311570461184808
0.138165302843961169
0.138103743422685554
0.020324629531269928
0.031290292582433210
0.029712797461762031
0.005433005433505377
0.027111134957629745
0.025244330006163964
0.030147455985419503
0.040317448746686420
0.040832087485486501
0.002381260796546826
0.015796273077634239
0.132635571230450250
0.152163818859810063
0.136827264489388978
0.000688056459490246
0.000000000000000000
0.017011387893975743
0.074085186645314785
0.043913131408053738
0.060832293742709806
0.009914923672293779
0.000000000000000000
0.006499225906737777
0.008256926155248532
0.166018236019523702
0.400000000000000022
0.000000000000000000
0.000000000000000000
0.001253383672763058
0.011070512980283376
0.120366318728060237
0.395703132950378178
0.027424388286815544
0.000724201498653066
0.005131354958763573
0.008049961379541611
0.020545688120246069
0.007946280148617963
0.012245246065948368
0.006040718054700000
0.042380698327162493
0.026568066582601524
0.028664152051780582
0.019053555352487542
0.013430598987881542
0.070493482643918609
0.155366243004609161
0.055143524965537018
0.011013191950718912
0.106841127685723181
0.032536265412058382
0.005793796117961822
0.035527951615091903
0.197937886345822600
0.029037619845570767
0.035496123138494484
0.042731589488105459
0.019687758279906108
0.028195393829710026
0.214009549184630526
0.178584158409828359
0.067783601661434725
0.018005934671237601
0.007762209641318429
0.021362773176691802
0.188519212331983238
0.134149794834692693
0.046172969049479005
0.026538609210207217
0.000000000000000000
0.033312249021960429
0.034908718985361117
0.005879179414065914
0.378844541438820959
0.014829846866899464
0.003162123595674901
0.013457451762798571
0.025990563259620326
0.007458945415867137
0.230796551549642626
0.000162592875605375
0.004140549126401323
0.007261405430503009
0.007946791423183804
0.009369182423082656
0.007298023575122920
0.001111591293448968
0.000471939365455415
0.045012556725999534
0.039092804057613791
0.054061276776213453
0.001473557045888016
0.037352783706543130
0.400000000000000022
0.400000000000000022
0.020924185565930290
0.029475517535225676
0.105539021141407105
0.058364866557290521
0.015030225285092819
0.055192708119862315
0.078731478005485356
0.037495212946737036
0.045925190964680139
0.052805962501932868
0.023486421181553349
0.084377330038338458
0.200604162906192540
0.279059005288114392
0.068815892904066076
0.006942692682473460
0.001968330023026250
0.044503292860390786
0.217488037569192050
0.118570900363986806
0.044787143032314028
0.028830029450270120
0.003242495253550658
0.102834466962426624
0.095223173915088527
0.012093845825256138
0.174196755197243619
0.039365228249276296
0.013679919591174048
0.098957707381099255
0.140690702473816820
0.013453204454938904
0.064649108362909186
0.031584682448111405
0.018767944444659724
0.022002717885052779
0.009350605037513430
0.010608920972558767
0.028032926670716999
0.008348203564186380
0.000761917768905055
0.016357132764824520
0.052517355503947177
0.066333485996641545
0.039377680233815875
0.122668475743058850
0.170147660925153543
0.077169846657577326
0.032011975885458711
0.114324526668036261
0.108679653784743147
0.174692928756052357
0.110062849464028362
0.098115474129233313
0.008797059749605268
0.062660347031508856
0.069452402851764683
0.197962381366915879
0.060578920595827160
0.190880016033029370
0.166128521254759243
0.076915297210360833
0.052985651215268818
0.146796008665892208
0.056923709290207819
0.195291379138671117
0.258603689215975874
0.066185625319439070
0.016734128494334803
0.123095536082777263
0.053590573157011982
0.112947452011646549
0.202701426179199395
0.033091467963190409
0.032267137657666971
0.161825703429888446
0.054084277190946550
0.057781190560410450
0.117475937073575676
0.018877528934839648
0.008842478427601644
0.157629348603439107
0.073128438368284171
0.039849660679618468
0.004765805143133742
0.022632377457177156
0.058724863310832293
0.025560473298610463
0.063271041469586398
0.161192100890098805
0.066690018959600833
0.056328750490300658
0.056206433585792311
0.329976377631010231
0.388798839638953508
0.020892612427708707
0.028697411789414911
0.109420121139206683
0.286136849952528416
0.300626090321489237
0.304044839657320098
0.400000000000000022
0.048127743027110675
0.046043018288135770
0.177059169360728741
0.321283387742857918
0.400000000000000022
0.400000000000000022
0.063828258230474610
0.019340723844505726
0.083885304467734623
0.325743982233575258
0.400000000000000022
0.400000000000000022
0.396117286486113107
0.040432491381983224
0.063318881885168488
0.367403763174679376
0.400000000000000022
0.400000000000000022
0.400000000000000022
0.048726713991006657
0.070445484803704966
0.371414895928368294
0.371139891414319911
0.400000000000000022
0.229383814835061428
0.045965670372024363
0.045091053593363670
0.350317160762147806
0.353281345774188571
0.273959266789214340
0.042623796227756972
0.147511411643711843
0.269695719862322270
0.342458217055068459
0.398408647168339569
0.370260039827767284
0.082645349438313379
0.255042588968254214
0.378251324723335780
0.280369647475775696
0.400000000000000022
0.098103044206172385
0.062372577153384692
0.195734416342589368
0.318723066261135890
0.276520490778394024
0.330410749419726368
0.359630596998370911
0.046163107861390315
0.010446785776255752
0.240492901917131824
0.301203422885986338
0.339056694108184065
0.164151566707011615
0.013050513329811469
0.003864210279446514
0.044066041256910896
0.293218511945794291
0.247339968413575251
0.281792505121250814
0.173006316535209759
0.018258804136262251
0.016733291788708061
0.204617766037474585
0.367684650763394294
0.400000000000000022
0.346063610215901152
0.041903375442952306
0.009768859686305448
0.312973971363858516
0.389156569188287005
0.400000000000000022
0.128613441191788525
0.016919965598735428
0.037157210565752545
0.322103781379799892
0.299121093070754684
0.384651078666712332
0.050139034895160015
0.070419679371447219
0.149148658070180434
0.332454234101950741
0.342222103999419214
0.246490930505579769
0.049352300728009425
0.173717662405382084
0.265493542111557013
0.079162630688522764
0.127068163977519133
0.071474593194621794
0.013671599626920123
0.052133681554041626
0.139974804941429970
0.067070370239853933
0.081235215069419525
0.180810165679854251
0.071385750778722779
0.055375933646539865
0.063485190567550975
0.005514580052690350
0.008710497078087034
0.053395020414588885
0.064450771171461432
0.078033912319800849
0.045218985527726865
0.060144159554945578
0.029231662853065388
0.060476642116379487
0.033431760151679035
0.036825770060121263
0.074596022933122397
0.040269858876851576
0.039929560849979610
0.076313059899126734
0.025172423097987302
0.027186112547897021
0.019586894155324441
0.034525422238534297
0.078736700643838031
0.253942893046293250
0.075932649847510733
0.021800301646221106
0.027406789095529311
0.041988329535408778
0.047475536855332783
0.308732375885301780
0.058895747732891177
0.074913540640060630
0.033608533685426656
0.057387376004705878
0.026453793871327923
0.079165803426281572
0.034364623909806019
0.126473258246684511
0.056191254994375571
0.016951302803002534
0.073239922379718062
0.198759600454412738
0.025616019793390274
0.036500727805384395
0.050390022849597045
0.036628352760616302
0.055547466491097791
0.200377328278935951
0.066339998599665537
0.100766989986508321
0.090316370974048793
0.001933726015559175
0.009521602785366907
0.087392570346230491
0.099349679192560811
0.130443619114902432
0.053234008784365995
0.066586156429739474
0.009882538473189912
0.012582580208007971
0.021659710000281898
0.066940452674637704
0.072908879311903665
0.035885685943179826
0.014374990727290107
0.015636937057077464
0.022743326313455787
0.021169034887288454
0.020765732376463703
0.003994086918068076
0.032998663759939428
0.069075655170555333
0.111497702387245740
0.026332367909548529
0.040760024501223430
0.011612853804829681
0.033001883855397832
0.400000000000000022
0.299384326986547600
0.039714648319653718
0.026493672676010636
0.014518669727448252
0.025333030544514738
0.090089855546539130
0.028470648696259676
0.053909532082664947
0.025492275945869745
0.022910310987702125
0.212879241281565629
0.268413837051929172
0.005419916380104205
0.017877190834091245
0.082507754972816510
0.010690160046240158
0.175686165547459944
0.230389789963031610
0.063869324371562300
0.032391519116854811
0.045339512254119474
0.000881997907526632
0.000000000000000000
0.057109937487283519
0.073151400377268694
0.010423197000623968
0.058337283855238092
0.042791328998831105
0.007651980105650947
0.003742588969220762
0.004852403836495306
0.194051018274622067
0.400000000000000022
0.007673162116415873
0.007664624904748351
0.003509285526197218
0.004845316232934414
0.038460807062424052
0.056528997972528056
0.000000000000000000
0.002498533545333630
0.015932060834572642
0.061268234248268466
0.025286354927531958
0.033986705099654457
0.006875237389808244
0.008321861206217585
0.361329753566124623
0.400000000000000022
0.040439067719462908
0.036249792162223890
0.007828928775556665
0.008286883779245673
0.071792147250539368
0.189030147273685667
0.080484005662557118
0.020502183372907594
0.021192198767036190
0.065584740117693413
0.187221428856308825
0.139257952152970099
0.041911136260730751
0.092000013998123395
0.031751000973907539
0.050191107539807267
0.079759144677201507
0.036619332272734645
0.038546206390998247
0.067299538799313607
0.046725288653956719
0.005636522501239173
0.074341214104187120
0.153645414846837747
0.210557543189584973
0.304791435419328738
0.007448482657694789
0.006289170137251160
0.018467901182599174
0.074821760590797287
0.198539910239570044
0.400000000000000022
0.015072978910452568
0.001079426107337695
0.006729673146462990
0.009862283099639066
0.187498062512961583
0.400000000000000022
0.011074085610071662
0.000825668143254035
0.002128260117202514
0.024122693837405805
0.254616102448825044
0.400000000000000022
0.031154603379776203
0.000809509370780597
0.032242651464636389
0.304185512861354534
0.071989743882965029
0.056977500747109638
0.013367156733297383
0.006040718054700000
0.055195768249364105
0.182961151359416652
0.043215415542442667
0.021631954012867664
0.025677785531529339
0.152023098063653356
0.172853796315185049
0.057229831650927557
0.049992386229473398
0.166263007741445146
0.036423611364572006
0.080805517549505712
0.065581478549980282
0.221519576959963188
0.040723957933853049
0.056083579044440876
0.052687532292814872
0.020824494059686921
0.103449490357276505
0.249550783093503425
0.191700275712841678
0.143040932551846467
0.047254000559371595
0.014901786259979972
0.038482126121974151
0.205316320838638711
0.360256469048618189
0.400000000000000022
0.061475981065818489
0.007236723026244644
0.034242261216692875
0.036781576372655667
0.024169617887322872
0.400000000000000022
0.042666453469743140
0.003857812037333937
0.013935391567225251
0.061857502175159194
0.326821518541738132
0.400000000000000022
0.024084064003529020
0.017783573653900042
0.043850839713220159
0.400000000000000022
0.234180261835965881
0.088785341297941398
0.032472325607927600
0.012971608770733972
0.060429512775297116
0.249498627396860406
0.090761902420535695
0.018334270846003999
0.054250238477783271
0.400000000000000022
0.400000000000000022
0.062329657430787548
0.098768365108163558
0.177622991785880341
0.064610044496473423
0.047714126396859867
0.107347223144380111
0.237246722302067670
0.076905186247332363
0.118738438392459900
0.066181572767530727
0.028902144628665506
0.110010543223841836
0.235151110608260661
0.285730811709311694
0.102512226661632094
0.016175050648732994
0.011075237255581915
0.058411879713157880
0.228449254756953796
0.400000000000000022
0.212447443284054238
0.046729586011125937
0.006228746447691667
0.105123576210363737
0.103345643232665166
0.191035193063258502
0.227676940290573226
0.061125387972916931
0.020140001670981442
0.100862380101844826
0.257559777376886623
0.400000000000000022
0.400000000000000022
0.068286072401820122
0.050929079504526166
0.059579653148453961
0.400000000000000022
0.400000000000000022
0.119703715307769062
0.019843571277039038
0.050572005192563940
0.159526999256297430
0.117415145145192495
0.162370040215973815
0.110235308483822930
0.150312709669385897
0.359764082020193887
0.126338567257721496
0.080721914259747590
0.300526894222358232
0.191346762084598027
0.239983664372108274
0.185883649050398891
0.183049235759575990
0.241787823368443483
0.113760431669092499
0.157817884302277556
0.287197884170750095
0.120319275287039285
0.217478029035991782
0.227882321801316512
0.106042334292743609
0.138754460481035402
0.224278097302334056
0.089126113596720402
0.210514477623625351
0.288721298446380503
0.400000000000000022
0.191965193301892018
0.152334197654925785
0.087103327638532776
0.121189689556269631
0.228404364055500742
0.244599777639737448
0.132536365734898742
0.212102525808312070
0.105936683536814638
0.063197959706406445
0.151992612750117745
0.195016326829243802
0.153451672163846059
0.249250036193624847
0.161402321876659316
0.077102782562059574
0.037277789759373160
0.169289692412650766
0.166501984675153702
0.266693604896358738
0.247801738352331880
0.286706652842794951
0.130411476236264617
0.128402505184640303
0.170993859417849725
0.356530715807543030
0.400000000000000022
0.126807375746743251
0.126948920872820697
0.271839618100425784
0.374591811325547530
0.317130969625863179
0.400000000000000022
0.400000000000000022
0.156321955421804548
0.085540164998987436
0.307626347969225389
0.357997362256418650
0.400000000000000022
0.400000000000000022
0.085487295624611326
0.078078051729878861
0.181363937841493988
0.349686744210914613
0.400000000000000022
0.400000000000000022
0.400000000000000022
0.356377824880990013
0.224847382109564953
0.388462651599041697
0.400000000000000022
0.400000000000000022
0.400000000000000022
0.400000000000000022
0.177573452110938945
0.391663095987584087
0.400000000000000022
0.400000000000000022
0.241081378353533271
0.084016599988443685
0.127852017233215459
0.381516649104582939
0.400000000000000022
0.372201359144993082
0.088305387436485167
0.326489696961455467
0.380081297147404851
0.398286528458527189
0.400000000000000022
0.400000000000000022
0.322948202158301501
0.366332930676664059
0.400000000000000022
0.315418238005637730
0.400000000000000022
0.187081540085140136
0.191926785124353294
0.318512882522378860
0.400000000000000022
0.287231312354008839
0.400000000000000022
0.384326658686061473
0.132790604924965167
0.365018594117182515
0.369416576763268778
0.322397948965898462
0.400000000000000022
0.189731256191896791
0.043105428695572594
0.316905124240313918
0.164686027826905529
0.300850808970780537
0.379729207164007709
0.292022939379044555
0.176503537973252689
0.121800920187198874
0.195929335642852198
0.221642329790851356
0.400000000000000022
0.400000000000000022
0.400000000000000022
0.267419420392398022
0.060677328428995495
0.320832759198316997
0.400000000000000022
0.400000000000000022
0.133767109420662306
0.029338516422742884
0.051435643428890107
0.326440277158829062
0.400000000000000022
0.399349321027217596
0.070467163917608891
0.118102574417684042
0.233097640048691074
0.345581376287249831
0.400000000000000022
0.370918903930655186
0.160336673528009677
0.316487815303503006
0.361308790051175499
0.176611762743810574
0.190623733799571649
0.227826778592746637
0.395208916991329096
0.398532802473343550
0.205339654480815037
0.106539340605041610
0.202901096028233335
0.251289239568561085
0.371166793766781744
0.400000000000000022
0.103404979118752363
0.036159353571659648
0.027276088641804839
0.080951624613913392
0.180505292791318050
0.386955005623693782
0.141535317068310240
0.082315567061900907
0.037981218447494497
0.068516373705449593
0.038993755968377404
0.141758048182671070
0.203835355524366546
0.061198482447127396
0.058706086139574315
0.077857623450436703
0.089903389519904342
0.334843065825995434
0.040363743814113423
0.057563596357436464
0.147185881973587063
0.259273881887717939
0.085664208006258569
0.057337971677880073
0.030681993044981769
0.059689328224697316
0.100047964387391025
0.394358576247824111
0.082514768632813332
0.108270072720387980
0.111444042085471873
0.065088620873561834
0.052767740904787100
0.161482372263802937
0.089020520841029960
0.192857099123572157
0.101008143767491398
0.066388449536512059
0.133584419532988302
0.392650804306454826
0.400000000000000022
0.293543145569871211
0.095577987179919985
0.060023960194711082
0.110364249155992133
0.223391011409891038
0.308735595889388148
0.400000000000000022
0.162141237576180097
0.025487665095706193
0.038871798244955638
0.093261772275304078
0.154711933117957667
0.400000000000000022
0.400000000000000022
0.085904889153559094
0.017999244414214591
0.013718401138422060
0.024422717682890671
0.114869398466410977
0.337090110244207264
0.050150514917723064
0.024110628150762418
0.017618783318714283
0.037555181615223560
0.390002473761124735
0.091185447821780230
0.028438231840831250
0.034557214575924693
0.069151405264097160
0.115323791642759244
0.192054709773415710
0.084001066964135465
0.030210292728097221
0.053854301973607119
0.400000000000000022
0.303416835890676806
0.059259165045614043
0.063581770965864370
0.032583358475589540
0.052444852304464745
0.112150740287376524
0.061990255236822597
0.077983185897939122
0.055149051030430114
0.034778422460726627
0.242995236701996825
0.400000000000000022
0.400000000000000022
0.101695081445904306
0.147224455562369960
0.024387389097118763
0.204579517875120076
0.251781589485351343
0.252203507330517884
0.143346811886676279
0.080213710458710896
0.029854747661343051
0.001684068227386042
0.070333317299250575
0.150052513368570284
0.226468808834648205
0.400000000000000022
0.078380125515957827
0.014336216372347192
0.004022642150246528
0.040266463652907890
0.281773068389100489
0.400000000000000022
0.042909610183583802
0.008328955050504259
0.003509285526197218
0.010951712896488972
0.390696530768420147
0.241153609930251922
0.000962614391487176
0.003408685288859115
0.020601232973462696
0.064093773978901841
0.257738897660856225
0.152517615350489688
0.017970406205068120
0.010301162922458749
0.380134929816938028
0.400000000000000022
0.054011939806443254
0.045905159832027684
0.011872800529711002
0.008286883779245673
0.098457395953690185
0.224932952151222276
0.097926813075476751
0.047795368704486661
0.102768968214547771
0.366493711269340827
0.328931370241234200
0.220845783761068365
0.205477223832717493
0.221773338106440648
0.094383289686262556
0.217455806089341785
0.273082413217872300
0.240059032951209422
0.192734957227004983
0.150478454737544148
0.096414357986609439
0.172143094261218516
0.179037986029346535
0.180327674427545853
0.229468925451709077
0.230316623280773458
0.093696486649482116
0.153245378289094569
0.142075389403389651
0.171056344187018372
0.257643642681786300
0.348305540014916926
0.091492270555241381
0.171738261299286654
0.144428265863060762
0.171234231969433937
0.251209955040591071
0.227581427617396637
0.110987549824473120
0.195257133859252224
0.162918729952676811
0.121127743239100222
0.191353195792580866
0.299868601756248410
0.101380073126727921
0.172665673127551683
0.278812255295976752
0.252687914206997322
0.212373948505677868
0.187415233159521022
0.104660974484893851
0.193342102015352957
0.291180456924968634
0.316201196887447966
0.239159064358834578
0.168399299375280004
0.254108401859698241
0.412628732223560335
0.268327841357993868
0.201458304754688511
0.172742987932113068
0.180596430568777694
0.217352682538372560
0.299511388520227517
0.235833108973967864
0.229962183444740065
0.211683640413849961
0.125665727403750038
0.218310091821844132
0.205477231650723124
0.145944765514150726
0.174286454017994613
0.315712263043913699
0.222272645452561063
0.199554143903557413
0.173329979215655100
0.121998822813954202
0.175110155449369476
0.327693616426295631
0.346360344878836435
0.165963909495480927
0.194069133105392616
0.135105627325894290
0.171062811075609167
0.325496353364479962
0.225448111429019105
0.179275450081950338
0.234421613475738422
0.159240096070180803
0.132855819637501205
0.224042748589543594
0.282105243947207596
0.184736138885166351
0.200316793493388351
0.252646511465698664
0.256482605357710558
0.194414354850091897
0.189397971347488064
0.206387648140117036
0.207493516304579850
0.202000588418802002
0.163177926932334738
0.298657965003344295
0.260403507231570241
0.081143281656567715
0.343282579457402426
0.370968463207039856
0.255000317936005583
0.310513840286637088
0.246836312292447485
0.068950849740772285
0.177973265971110878
0.249415620186345138
0.252249650798075764
0.237382979097764152
0.234361732482762625
0.110141237200681308
0.178691979035983994
0.174178640028955001
0.175235839834891494
0.268738327873185689
0.281117752071388893
0.096645437877227236
0.155710548414013578
0.149393433387448232
0.190168983393183527
0.262770233248526219
0.367680499888031698
0.088095029107426850
0.173620165909112167
0.147312654965579048
0.175156679712281299
0.279856023212721405
0.251033155688814569
0.098531378830535143
0.177674292077761392
0.166888488308878952
0.140734015079410774
0.185986222949884011
0.277751638737302631
0.115626694465112714
0.171484571152413362
0.262241003968421815
0.237415238095005865
0.150720330488813392
0.133719023769096917
0.133236376575185611
0.212387072142565664
0.260064106842806120
0.132859717538271416
0.133761477871989304
0.165905706888835464
0.229193847499105208
0.365079336317441605
0.246341018369199971
0.216333742720743655
0.233954858357607265
0.299830195787010922
0.208003542343099174
0.223988880134214974
0.201572891327548603
0.201772791842377203
0.217645602755033890
0.190847523465547342
0.238930822864207304
0.218552927005873449
0.151121125574468412
0.167865444806630792
0.309459775950759464
0.250309659272375418
0.209887642743021213
0.175817954395912524
0.123738034685804577
0.185377319460427320
0.358026513714234718
0.352499491459164038
0.168364257085791197
0.192114194004070926
0.136097515537362962
0.178190507311327018
0.331314753344133461
0.249832821753914719
0.176492528970322721
0.224300431640887477
0.153390460419297214
0.140539608375137848
0.252677009291472465
0.275582497081782285
0.194648340802279801
0.217229243818418599
0.250712850083542327
0.246709884029575666
0.174199421036885793
0.118728049795466140
0.226855199880855563
0.235846177265085694
0.235576056909245130
0.137390777530020741
0.119222687199266042
0.167660887484908816
