0.400000000000000022
0.400000000000000022
0.339534961114717815
0.377281839719857515
0.271038231827743725
0.301246388516838104
0.008366315233670254
0.022406243758774508
0.004503787815257232
0.001468837607923342
0.007586717984528092
0.021261501503117661
0.014143939300091153
0.030454462014449929
0.007429745813328346
0.001691612466904163
0.007568283420596155
0.026361673751969961
0.226887879664427167
0.060840671128882889
0.000907425356575498
0.000856196867365119
0.020210028769620976
0.017541524365941481
0.125464684362718848
0.030719822510808605
0.011949979038614941
0.024096152262156601
0.005826077081848950
0.007888215404173244
0.000000000000000000
0.067185859754037028
0.168188349236336382
0.210202704952674069
0.004550971811265217
0.011149979274522215
0.002358624130091564
0.062469482944319275
0.347063588797077105
0.270016473328915152
0.010734598186765587
0.015451500400492443
0.004598611084709346
0.021009448208296054
0.021031235026787151
0.002669484777308398
0.004000154631888308
0.006265375728235129
0.014057537368695264
0.122077162338159823
0.238839577871155950
0.147812380747272931
0.083936244012705663
0.013678229084363391
0.032545132247381758
0.051107773699829488
0.084996127628285026
0.006167395524802404
0.000587371957172617
0.003213009398664232
0.019107867725275451
0.025939773592784314
0.015651019094908694
0.005159899047223696
0.014424049954359737
0.006330802417449576
0.063971937979742488
0.027757112194385876
0.024161762308983238
0.010577246869255642
0.010671625659959745
0.005928089150069371
0.057443838325454431
0.052773449110299672
0.021394064346480245
0.015049123655959524
0.000522107860164444
0.007999867500906704
0.000000000000000000
0.013841865398525440
0.180935721871542970
0.195620340532435155
0.001912385679765169
0.004781317287001248
0.000000000000000000
0.017556590693000619
0.164145363273301870
0.052976773378835419
0.001906414472798263
0.012118788724825160
0.023593712145450994
0.072213536988201169
0.038732711479560832
0.007553461783500338
0.009982520912785890
0.006577972469495863
0.000000000000000000
0.038753677882678222
0.039354543343383938
0.002579191955350102
0.003832357702748646
0.019226170598987177
0.000762372523208575
0.131093755544503532
0.110386827303994045
0.008556654261152480
0.008361681109225444
0.004345540101466084
0.009613805856234683
0.136245259429769311
0.111590671531649088
0.012637682232781612
0.033188076757666891
0.000000000000000000
0.077790380622833458
0.060607242693798677
0.044437521137427702
0.021040928558305177
0.006489301123262691
0.000000000000000000
0.040940792315287945
0.042257549596263773
0.026703451266585645
0.018194253991633241
0.001789759046315371
0.027603694055294441
0.001721765476548434
0.026006976451099176
0.156174380898574383
0.127723285132693321
0.013983650733086616
0.016112504818335604
0.014639641647183434
0.115305029997304617
0.358069479076084107
0.088056240126262439
0.018909370921634104
0.006674903876214920
0.019911728521360739
0.382836305477224192
0.180115474074715010
0.010653730107049959
0.013196793605307736
0.004463905439582076
0.021353256324794848
0.091385663208738255
0.272487879775751285
0.043947770677235445
0.001818692541075416
0.003859555112826987
0.033640242357984920
0.071392746096651208
0.257761536928726886
0.063044348097023140
0.001591090716212973
0.005051088001819266
0.028093955016916243
0.074432105884657498
0.093122682836205173
0.030344073063407362
0.018267997420617507
0.000845400920821831
0.043013024294159471
0.037138025705928258
0.036329725522128362
0.036141752159707760
0.004628644367140381
0.016997682956303092
0.010286227968672434
0.087236594381069982
0.060270764003211054
0.018515641346859756
0.020169970460982452
0.126849059037020928
0.015487330920437551
0.021220650164869338
0.086561380855240969
0.020581175463942586
0.043532762947839178
0.011809594932141823
0.016279348608804620
0.310872689241707190
0.332622879297973850
0.047463526358349037
0.076318699058180728
0.013789082400295806
0.025307908118475872
0.400000000000000022
0.228892765134999066
0.033881666274992499
0.080395142170807649
0.013040195409576412
0.103196351093580080
0.061004612880333930
0.398725908907869853
0.360318282738883333
0.234768397780444588
0.013131186357890375
0.148052549704537934
0.205902871305273238
0.400000000000000022
0.292858961611876023
0.290553033481456169
0.007681218980653482
0.042246077957819393
0.194239739000627520
0.330757444602702622
0.380646955975940116
0.284565462476749353
0.011527597211005242
0.046329612875538106
0.167201316645589626
0.151239372103725067
0.343675403629824738
0.282940429066698751
0.009949076728794333
0.040283458810506823
0.137702708071497454
0.089216840074018741
0.232901631140561532
0.217531042041088279
0.022320712662568389
0.037303764661774680
0.101309130259925717
0.080553960139444991
0.400000000000000022
0.400000000000000022
0.049929250717534096
0.016781119106471599
0.400000000000000022
0.235679294979221465
0.359559447239811647
0.396436411717206560
0.048469253756364711
0.058316160416481300
0.232832546599545498
0.235317501180925953
0.400000000000000022
0.400000000000000022
0.023711622507848806
0.066189251328106671
0.103253445558958420
0.190768696668360660
0.376860252006904761
0.307782224721721454
0.000000000000000000
0.066960346192425524
0.040466489838019273
0.069467812210017216
0.371485335342414347
0.341160233775728627
0.001121481818612460
0.030862673713550275
0.135978389017260309
0.191301155661892985
0.366026028032769069
0.268377349748149086
0.026958312648895096
0.055598639827586137
0.271873440734196781
0.312839025388827352
0.400000000000000022
0.351907000520638891
0.011985635184180186
0.017265814148625696
0.161568624538636019
0.298589805005912867
0.400000000000000022
0.400000000000000022
0.042899545345798130
0.031822118779795280
0.093621883922740692
0.112206719690062295
0.397204049874254006
0.389758662323613392
0.050620833797057854
0.043051087550906593
0.049054138567302355
0.100982616092454000
0.400000000000000022
0.400000000000000022
0.078166600592842223
0.075106780961074232
0.099786425292019545
0.157237804252136182
0.146938513087234129
0.209597035613140137
0.075920257995467894
0.020309734405392969
0.035032633814662387
0.016287155330931710
0.027593935657117163
0.043107274003268303
0.012793633316772662
0.053034266515486359
0.063401297453500483
0.061178272042428553
0.034457180040540041
0.016417345816336869
0.000000000000000000
0.196479581233919703
0.354842291018485689
0.055814156979234170
0.024073935989016318
0.013039412810458499
0.000761708319858675
0.170414134114334981
0.400000000000000022
0.329728699302922479
0.012115952524633314
0.028179442485973503
0.004391175294726227
0.048995755854548392
0.319452360669507607
0.400000000000000022
0.014847425603279951
0.064363301537556011
0.007494399496439341
0.037341094489195134
0.127439944630090396
0.186527229811762368
0.058400694620205626
0.072755274165822822
0.023464378409071063
0.025891248521984635
0.011316979480835442
0.080319361456160587
0.026632344695945730
0.039275221474595938
0.020194126171593729
0.038675154155406871
0.124853224808282370
0.139263688465500468
0.044752035259446765
0.024875181309339984
0.051168990833506095
0.016265102492881146
0.015626553685448932
0.003132713023083372
0.005824013605916376
0.000788019695061856
0.002764419654430454
0.080399132600607479
0.022753223183649224
0.013766707573710780
0.018325791796965824
0.000313555269265849
0.006725467781205047
0.400000000000000022
0.400000000000000022
0.006987140929616293
0.006956663461689467
0.001869093002376745
0.008298893303138752
0.078382836504653150
0.365819548261176963
0.164002396530729372
0.011702236754366616
0.011912752263581718
0.013137189378579573
0.015527615729863041
0.125336880047681509
0.316943034434307269
0.041828750700381723
0.014039540479757468
0.006196627928967744
0.046509420773282385
0.070073122794517495
0.258224017426445407
0.155690662344104558
0.040758947528515430
0.039701393546373961
0.015423479018145898
0.002794979888901194
0.074645824873931246
0.081325234154352458
0.026225328891103204
0.025252007258819518
0.040437966167996234
0.162920664807299526
0.225342719728895136
0.037407417087622324
0.044919080592058257
0.030879206033485915
0.016913028556885895
0.020009441756919363
0.005068267788782855
0.000000000000000000
0.002694913556298936
0.013981586522498349
0.099339208906052648
0.033796049794267174
0.007313343695963027
0.002430819782138897
0.001522339139266357
0.013322725401086958
0.396654112980075357
0.190687795325935411
0.002721608898873866
0.003874627470553151
0.005585071753564484
0.000098408935862244
0.040849618167064748
0.145193267171777496
0.049138210766792215
0.004859455843195345
0.014799107340427445
0.003917187336456415
0.021802316918979513
0.022211502479561312
0.323068155239013777
0.166752090297650507
0.010009389537159852
0.001099352507164031
0.000556108893437445
0.024760184114638144
0.263614736413509632
0.151754608042166700
0.010205780530841837
0.001915188638692678
0.016602043840815362
0.004113000206204962
0.003245435920772379
0.006240994306557628
0.010624137018529451
0.011538282621773874
0.087321540961479066
0.400000000000000022
0.275531936528217725
0.032219271552322848
0.092784732554418325
0.079408580669829573
0.034714931695346188
0.010985219678139386
0.003349888681525914
0.000000000000000000
0.003229754647961992
0.011285258059622230
0.074686952090140521
0.013608812699966883
0.011840719327443709
0.000897458890331701
0.000563157472820615
0.022403014812102683
0.400000000000000022
0.213972688414670736
0.029248529965000405
0.007783771967484455
0.002487725508851296
0.003204863771329503
0.037018524014048593
0.063748241107908138
0.010614696506473106
0.002957487466079000
0.006953946722757867
0.006257685979596955
0.009587087884968960
0.026641848732131702
0.060838810830843679
0.073993363726390787
0.005017156575899839
0.001144787195007006
0.022564818151645103
0.006889144574046720
0.079338401143631707
0.146706072739187898
0.005546469436383081
0.000622957785962074
0.070344541536362284
0.013192394779598472
0.023297860239367273
0.061701656639975878
0.001206653326017669
0.000755038869739295
0.119679420674788872
0.097444780603178460
0.081555571653567221
0.058025188556849551
0.101807699701711316
0.146004591084970325
0.001524822895995759
0.046078326620192907
0.046247547088121121
0.000000000000000000
0.002635201019245924
0.017011675433864566
0.063027673587657290
0.031264533473382948
0.034154013412251709
0.006044077082847743
0.001605746704116561
0.027597672415589195
0.278679975159976334
0.059337287304949776
0.018184806200673469
0.002878273791886917
0.001831942188794295
0.009152304475439497
0.035082373346774401
0.027953548169279172
0.009796132838383771
0.003268095344457878
0.010682335910207594
0.015783175398574344
0.120559719229579018
0.087058724591738093
0.039089913215362156
0.073218036747971518
0.007686340524939000
0.017179218663868068
0.025400077030060145
0.045549484595623593
0.036739548208392744
0.101022832454982767
0.006334087894302103
0.006466270035226943
0.024162497842389264
0.005031695084845191
0.007434550603852490
0.023612702780883555
0.005715384219794788
0.001992756406683994
0.065797067420511682
0.018175862921479401
0.025213269155796195
0.018947822752376896
0.016172959910278149
0.042526414742973806
0.004122106763301658
0.042704628013388937
0.033565569809404824
0.002394827505072061
0.005700120358588686
0.029473911563518140
0.030088629175150317
0.014839039643758288
0.021492666592467277
0.009865214496601129
0.001158871415979511
0.008880030694968956
0.071420844254100613
0.026989757918686609
0.027840767454137952
0.015930292911936803
0.001785800727407307
0.003460108724074133
0.033325242839360829
0.019357624021531194
0.002434996494138286
0.002120931664145710
0.007798060828870124
0.001172195156371137
0.183071684591841088
0.150734923578041913
0.042684174810235287
0.060306865363419303
0.014933182337682564
0.001439600351801072
0.175454324890433028
0.118520113149289952
0.040323396048626940
0.114156831829382174
0.005600723941256734
0.011024306061644359
0.051781153876534126
0.011754921740626138
0.012629335814960667
0.055171170969930253
0.000261991723496303
0.001588390953214443
0.091065836770880426
0.044284631703582419
0.038704001789881530
0.032977117467072423
0.008090901538408119
0.101986494742512548
0.016502311603829877
0.050260472154762842
0.075696686819761050
0.000000000000000000
0.013218865724516792
0.112478114400501483
0.043759695414816072
0.092492090298914253
0.068099358178631317
0.001618147423773639
0.006146086393999588
0.020621052720184430
0.041912378029597096
0.062692381662322966
0.055347409859286871
0.015909140995159277
0.014799919150776135
0.004740050630045711
0.049263970126483092
0.009157020728722194
0.011308313380464298
0.007436329338073068
0.022040579073921412
0.010200279685768825
0.400000000000000022
0.186509396866241017
0.029243391792391243
0.059461523749965647
0.038193396011285116
0.009795386216685789
0.212756998775142481
0.129199611798845482
0.034999023398195585
0.106585206298352775
0.010866004337220016
0.003496373266989960
0.169441779122153302
0.029661382743975770
0.005657549869199198
0.090394074103810021
0.007068924583752619
0.014863598425580061
0.274444120306907735
0.055057270538674832
0.029246151654722233
0.209069850624974490
0.016587561673658074
0.061204171851702460
0.383866846426786423
0.400000000000000022
0.133772457686962998
0.399670316017321614
0.237403956387910842
0.312043528512440438
0.360690279094988131
0.400000000000000022
0.052747042352420150
0.400000000000000022
0.189176152572363976
0.300950692858050151
0.066735424155764916
0.380939112405134284
0.121033010280445275
0.400000000000000022
0.130721909424059535
0.358985917774563235
0.091149886730622048
0.120620885474038209
0.048636482167677263
0.400000000000000022
0.147771116127043911
0.399103004245452919
0.322375668270867333
0.308674480738599766
0.059367334799180597
0.400000000000000022
0.110189452022034742
0.400000000000000022
0.400000000000000022
0.262743512986583605
0.047404519160070317
0.384586107160278634
0.048400513163564141
0.400000000000000022
0.400000000000000022
0.184679382401167991
0.026324994233053151
0.396296925263069921
0.039910232486823113
0.400000000000000022
0.400000000000000022
0.089620905282946250
0.065019270016813832
0.400000000000000022
0.045678871529295964
0.400000000000000022
0.122565283402010922
0.364882965338192700
0.069402434202428545
0.281221828962800180
0.400000000000000022
0.302299620938152047
0.247069811668577277
0.400000000000000022
0.098081632992271878
0.212406397025011850
0.400000000000000022
0.369273475070529489
0.147456573437315330
0.263083408594641854
0.113858350546538478
0.352306266360238485
0.400000000000000022
0.398524805196882048
0.179223573526166385
0.108650725310987767
0.076912803905258481
0.252112183599114470
0.288861348143007735
0.400000000000000022
0.372437967967590655
0.304696585484101723
0.080060560639711342
0.350973118944674534
0.139908095951877615
0.400000000000000022
0.400000000000000022
0.183204809221505338
0.041270597558575872
0.057748549202119998
0.027674999564151682
0.400000000000000022
0.400000000000000022
0.284721048180780423
0.017713263059282461
0.231296994022131969
0.047958317565723302
0.398001196432810733
0.379479819667952023
0.068653874130440162
0.039820921833702297
0.372355911026145348
0.036365636016992942
0.210349828919388276
0.024978814103998440
0.035297932451562153
0.057724923512604553
0.026015532092333621
0.152499014393933624
0.053688142583541681
0.086956353151631943
0.106607689332540986
0.032172980377818926
0.016935921930400874
0.065016699207379611
0.087235789897552707
0.085954390024630442
0.247924017231572369
0.103562217964928274
0.021010735351914122
0.094336192284620202
0.215378111600395772
0.245651163898449820
0.092843950533282843
0.080603556256780617
0.025804478569663544
0.139491250224317465
0.370721628162665628
0.248781636268638862
0.166335598774841192
0.031874970967820264
0.019186392855885259
0.049057215411550822
0.400000000000000022
0.214702866392271763
0.058932899669069089
0.062211188729870359
0.136845958544528495
0.028937934709025153
0.127466983439300380
0.162628483975983812
0.079455766127225907
0.037641218314879002
0.286232886240966822
0.025945855586713532
0.072597977108015480
0.053957388074387685
0.041714936319875037
0.033378206549353119
0.038473392755288868
0.012836709693517013
0.020198520862125275
0.029628596603579568
0.149545668876884363
0.092372209306873579
0.050531343963473092
0.101530545542087028
0.068515178909586624
0.031180559211234783
0.065922759108627341
0.047244353579666193
0.012533928397510240
0.014653823619124498
0.034720796533361332
0.020588086484414077
0.079369610647789857
0.040401498449582671
0.016367865507505686
0.111819829289276376
0.160983236843845773
0.382941991069901233
0.082713816717671695
0.026355666918441246
0.010260656819000440
0.068477658198811728
0.134696875249116471
0.191835090176609602
0.068491071323742464
0.019990914381090030
0.010591857467464478
0.026789021299463533
0.225973574396643395
0.065666869973432074
0.051279508309874156
0.085112938913623509
0.032761183928937489
0.011786159807557437
0.116417427900995546
0.016738601824254309
0.060769109186829900
0.094854683036097870
0.039299291639652581
0.006427093925159950
0.018283965096562098
0.011303198606601280
0.008812871080029179
0.018468085603973082
0.017399968117485166
0.003847941502393749
0.010877065839324847
0.080375494467395059
0.022196025908610622
0.075423097694048327
0.090385055881794643
0.040466050193717143
0.025239582495718563
0.017063167125565999
0.032204994235763486
0.030064901839933596
0.010279511527088916
0.024320803802659097
0.039594710757892150
0.020288073395064787
0.030186589350629883
0.020335006656966526
0.006683858788385873
0.063211761269948458
0.066831071307176443
0.361340342288932193
0.064723118869967428
0.018846960313680793
0.001400788979470500
0.039007471080366160
0.030106268723616748
0.316978399044150982
0.135249894310717850
0.030138625560126114
0.014991982393566822
0.008624776778818399
0.001446940711731412
0.022705310362899887
0.060637386175423191
0.133853128732718679
0.178477750804723612
0.011895791519207409
0.009637899835919787
0.005355355930775198
0.054149276334950751
0.215427671175191737
0.134219715396888262
0.002001197216351156
0.003832114514700778
0.001795841539310574
0.009081975781555894
0.005866255525603135
0.008293050286027040
0.000200042064402578
0.011528242674534088
0.400000000000000022
0.400000000000000022
0.341844883584709991
0.377281839719857515
0.274267986475705716
0.303624501196772534
0.083053267323810770
0.036015056458741396
0.016344507142700943
0.002366296498255042
0.008149875457348708
0.043664516315220350
0.400000000000000022
0.244427150429120638
0.036678275778328752
0.009475384434388619
0.010056008929447451
0.029566537523299467
0.263906403678475732
0.124588912236791055
0.011522121863048605
0.003813684333444120
0.027163975492378842
0.023799210345538436
0.135051772247687801
0.057361671242940310
0.072788789869458609
0.098089515988547399
0.010843233657748790
0.009033002599180251
0.022564818151645103
0.074075004328083741
0.247526750379968102
0.356908777691862023
0.010097441247648300
0.011772937060484288
0.072703165666453851
0.075661877723917748
0.355140362715695046
0.331718129968890996
0.011941251512783255
0.016206539270231739
0.124278031759498225
0.118454228811474493
0.102586806680354359
0.060694673334157956
0.105807854333599641
0.152269966813205426
0.015582360264691023
0.168155488958352750
0.285087124959277072
0.147812380747272931
0.086571445031951591
0.030689904518227958
0.095572805835039076
0.082372307173212450
0.119150141040536756
0.012211472607650146
0.002193118661289178
0.030810681814253428
0.297787842885251730
0.085277060897734083
0.033835825295582163
0.008038172839110614
0.016255992143154034
0.015483106892889070
0.099054311326516889
0.055710660363665052
0.033957895147367009
0.013845342213713519
0.021353961570167342
0.021711264548643718
0.178003557555033443
0.139832173702037765
0.060483977561842400
0.088267160403931053
0.008208448385103446
0.025179086164774770
0.025400077030060145
0.059391349994149037
0.217675270079935701
0.296643172987417936
0.008246473574067274
0.011247587322228192
0.024162497842389264
0.022588285777845808
0.171579913877154350
0.076589476159718978
0.007621798692593051
0.014111545131509150
0.089390779565962697
0.090389399909680590
0.063945980635357030
0.026501284535877231
0.026155480823064042
0.049104387212469666
0.004122106763301658
0.081458305896067174
0.072920113152788762
0.004974019460422163
0.009532478061337332
0.048700082162505313
0.030851001698358894
0.145932795188261827
0.131879493896461308
0.018421868757753614
0.009520552525204954
0.013225570796435038
0.081034650110335282
0.163235017348455941
0.139431438985787054
0.028567975144718413
0.034973877485074203
0.003460108724074133
0.111115623462194293
0.079964866715329874
0.046872517631565989
0.023161860222450887
0.014287361952132814
0.001172195156371137
0.224012476907129054
0.192992473174305679
0.069387626076820932
0.078501119355052551
0.016722941383997932
0.029043294407095511
0.177176090366981454
0.144527089600389125
0.196497776947201330
0.241880116962075481
0.019584374674343347
0.027136810879979961
0.066420795523717560
0.127059951737930776
0.362447747684090493
0.143227411096192692
0.019171362645130408
0.008263294829429363
0.110977565292241176
0.400000000000000022
0.218819475864596547
0.043630847574122389
0.021287695143715857
0.106450400182094645
0.037855567928624725
0.141646135363501069
0.340091367369587005
0.043947770677235445
0.015037558265592209
0.116337669513328468
0.077399937772800992
0.163884836395565447
0.322645594277416126
0.064662495520796795
0.007737177110212561
0.025672140722003696
0.070006333046513339
0.137124487546980478
0.148470092695492051
0.046253214058566645
0.033067916571393643
0.005585451550867543
0.092276994420642564
0.046295046434650447
0.047638038902592668
0.043578081497780835
0.026669223441061794
0.027197962642071923
0.400000000000000022
0.273745991247310971
0.089514155795602304
0.077977165096825396
0.058363366472267565
0.136644445253706726
0.228244329695580034
0.150420261963714830
0.121560404253436546
0.127166381762295361
0.054398767285059199
0.015305968199131785
0.185721127730957947
0.340534071985682973
0.334584207538307976
0.137857600462159058
0.083387623641933348
0.028652680825875871
0.299752028425383621
0.400000000000000022
0.258138916789721340
0.242951516899966968
0.096982703844465723
0.074244367261278879
0.400000000000000022
0.400000000000000022
0.400000000000000022
0.400000000000000022
0.381559704910798381
0.314810628796306335
0.400000000000000022
0.400000000000000022
0.400000000000000022
0.400000000000000022
0.400000000000000022
0.302705840932454229
0.108981502113584316
0.400000000000000022
0.375792233577725843
0.400000000000000022
0.373757995413870447
0.362568973877438527
0.137479499606160155
0.287822202119627779
0.199875854271402309
0.400000000000000022
0.378970946382388485
0.400000000000000022
0.362659127081374155
0.400000000000000022
0.148584174873199332
0.400000000000000022
0.327720494063123036
0.400000000000000022
0.400000000000000022
0.362051483929388296
0.127958479299515315
0.400000000000000022
0.400000000000000022
0.400000000000000022
0.400000000000000022
0.400000000000000022
0.262004289212274588
0.400000000000000022
0.400000000000000022
0.400000000000000022
0.400000000000000022
0.322453451882491748
0.300336771197739771
0.400000000000000022
0.400000000000000022
0.400000000000000022
0.188754534730117579
0.400000000000000022
0.260171130870789191
0.400000000000000022
0.400000000000000022
0.302299620938152047
0.314030157861002746
0.400000000000000022
0.167549445202289093
0.400000000000000022
0.400000000000000022
0.369529732138499378
0.178319247150865612
0.391534447597162771
0.305012336668065098
0.400000000000000022
0.400000000000000022
0.400000000000000022
0.234822213353752529
0.376460766075689734
0.340266457972494551
0.400000000000000022
0.400000000000000022
0.400000000000000022
0.387169687673253105
0.400000000000000022
0.333985232855459169
0.400000000000000022
0.400000000000000022
0.400000000000000022
0.400000000000000022
0.276826693144245961
0.153477317248638168
0.400000000000000022
0.395856350494281251
0.400000000000000022
0.400000000000000022
0.333775186748082708
0.118695879151736461
0.400000000000000022
0.400000000000000022
0.400000000000000022
0.400000000000000022
0.168440299422459749
0.197058726085838493
0.400000000000000022
0.245962671630133078
0.286270086914856225
0.045288548509391409
0.070330566266224540
0.074012078843536264
0.053609467749450787
0.195606288397201900
0.066481775900314358
0.139990619667118288
0.170008986786041483
0.093351252420247471
0.051393101970940915
0.081434045023716470
0.087235789897552707
0.282433971258550076
0.400000000000000022
0.159376374944162458
0.045084671340930436
0.107375605095078722
0.216139819920254467
0.385688450616194500
0.400000000000000022
0.358472269852760705
0.037920431094296859
0.167670692710290947
0.372496395054093488
0.297777392123187268
0.400000000000000022
0.400000000000000022
0.034033818459165199
0.113420516949106848
0.400000000000000022
0.252043960881466911
0.186372844299159457
0.248738418541632728
0.195246653164734135
0.101693208874847979
0.150931361848371443
0.188519732497968440
0.090772745608061353
0.117960579771039575
0.312865230936912542
0.065221077061309474
0.092792103279609212
0.092632542229794543
0.166568161128157421
0.172641895014853608
0.083225428014735633
0.037711891002857004
0.071367511695631367
0.045893699096460711
0.165172222562333298
0.095504922329956943
0.056355357569389468
0.102318565237148884
0.071279598564017083
0.111579691811842269
0.088675982292276564
0.061011061153376983
0.030859720194476060
0.014967378888390346
0.041446264314566383
0.400000000000000022
0.400000000000000022
0.047388639379198967
0.023324528969195155
0.113688922291653144
0.169282130146984539
0.400000000000000022
0.400000000000000022
0.190358063449170667
0.021962893573367056
0.080390410462393438
0.147834064627696049
0.207362705906472655
0.193827951371424001
0.323878573766455902
0.052420608167846196
0.040828561779221000
0.232170202325611141
0.112176290746714466
0.121352631104391651
0.317376748654100926
0.188451846273042095
0.052545107336072865
0.156118821447369494
0.032162080842400208
0.063564089075731106
0.169500507910029075
0.120624525794005066
0.032652422816263155
0.043535972355381619
0.051741164774597510
0.171733535887328703
0.243810805332868252
0.054807385205107494
0.048767022094452002
0.041756271872810773
0.097288523024280954
0.042205467665529982
0.080491365482831187
0.090385055881794643
0.043160963750016081
0.039221169018216907
0.116402376031618640
0.066001044030030667
0.037378245535896623
0.012710331309227812
0.025843142941925454
0.052917436158979113
0.400000000000000022
0.220874384676565338
0.023056615555840390
0.010558486258939024
0.068796833023512929
0.066929480243038672
0.380253567307881402
0.209916386041744923
0.067985171080473000
0.006260244822665844
0.053806578420793609
0.034023456060073162
0.338780715963130419
0.157461396790279179
0.333524286409625947
0.181744072691217284
0.018634166315978248
0.002546293218895443
0.023261419256337335
0.085397570290061342
0.335882505054718061
0.330232358846890284
0.022101572050049246
0.011553088474612463
0.021957399771590561
0.058262276541155719
0.218673107095964103
0.140460709703445902
0.012625334234880606
0.015370397136474650
0.089117382500789641
0.400000000000000022
0.281398192053820884
0.040512321838349893
0.092984774618820917
0.090936823344363663
0.165286849213462483
0.235768482261501905
0.194217560773535969
0.209459281424562105
0.208260184441701607
0.201161280095996459
0.181661262175157795
0.220960951745294398
0.141070583777692021
0.158355415988536835
0.178568267227507960
0.142178479463577728
0.270349274120569139
0.364369896056454201
0.118804721425301699
0.193280289704029690
0.209213937258447613
0.168099900240460481
0.288919877504183964
0.251269350434578764
0.119550457405161167
0.181444619150964520
0.201626619355153608
0.176192919222459915
0.313013256977669962
0.300644444370353814
0.184531874297229170
0.240741118454854935
0.146460991457628448
0.203942464938285023
0.204888648861175110
0.193152998041861701
0.176360818425097821
0.359776350387529087
0.138094090827707267
0.151472437751856481
0.175607420151841637
0.203139649686881418
0.185053559308428123
0.295352008054328374
0.133084785629910857
0.134486237437992789
0.225781572087430382
0.277275394624600380
0.156206897451858812
0.207263668754669839
0.129227913658933075
0.162774733664953486
0.165067726280980182
0.228171712509760954
0.257643322936569996
0.261575917070944630
0.170766076666284766
0.073694194030895721
0.195345002364490788
0.216757071246850896
0.197241501708154965
0.187748472450824211
0.146117252470629760
0.080936176584457759
0.258077285760478614
0.338942646658144775
0.204076276311918048
0.208813807248453276
0.159334885991055580
0.132829037078479650
0.284043612079644126
0.269654153253308826
0.209445209363075868
0.185144033356362980
0.149737997351646279
0.162023101930781843
0.294219988617084427
0.297364918678851620
0.288390405065593602
0.244534136461188767
0.126481898152799338
0.196147570129806548
0.185023892175520011
0.157782395939579684
0.338830361372656430
0.371078891717528392
0.133477328360866093
0.148476091838904228
0.161465538377048218
0.181757775524243714
0.300347794676539437
0.309451337223189682
0.126419834057775293
0.131774703165023266
0.189075462052412074
0.267954845243504325
0.267134525313946158
0.227738894238422973
0.123322346946624167
0.136824937189218176
0.164011223960511932
0.257380547592220676
0.241834920680166598
0.272525888774587277
0.291961798156724184
0.229434898433454298
0.160019440268298591
0.208287285143119671
0.141908424767629965
0.157977757422639725
0.175697671283837065
0.156860193508798124
0.265852225698398725
0.338431011276827676
0.120767077292926225
0.175349704784069027
0.177840541223430876
0.197496409151666441
0.246583372752123997
0.249282092421370421
0.121835962777793780
0.175470242274929550
0.198734960863933829
0.185872046878054836
0.298864038717197245
0.258246417106435311
0.171545330303950749
0.224792648664833589
0.144088851606956198
0.209905309220400738
0.212258715402702552
0.170151810108360363
0.154695683013523710
0.332338604297153117
0.138451959223105769
0.156701004603419097
0.181400306915222104
0.223673738111304116
0.201069026830670239
0.316567332545098390
0.135667949089435858
0.137542145349754702
0.222988106936826136
0.288535931005919510
0.155883123926981393
0.219815835345575417
0.144262936912410822
0.158135848072466251
0.145118220082703947
0.225766372017538880
0.292357275689914597
0.289953512549776360
0.227712406676286394
0.114524035663469678
0.159525629750099734
0.202166030031677935
0.182224750074019975
0.188582191505222180
0.145781151518326962
0.079168405730434432
0.275911293883398578
0.328764580887666469
0.190473182234276867
0.209926983825183072
0.145569209633617386
0.115546409985753384
0.226129178837502137
0.232084874338887609
0.208324042883770627
0.186881126136453690
0.139474759382441332
0.160332252419118554
0.292973554747449405
0.281539780095063308
0.270720036530098684
0.230331826729945593
0.117842186268017360
0.194840480378384140
0.203919382276067845
0.168295739779588421
0.298481514093467071
0.339724615362020255
0.124780449600357890
0.148918759210447366
0.165753938235476350
0.191346491464010920
0.321267312095564750
0.328073349012067750
0.131346268604286276
0.135275615761232731
0.196906328210236958
0.264265500545771359
0.287556343642651591
0.227462271007831396
0.131785990592650448
0.153251412854431363
