0.208893342177195379
0.373523517996576015
0.240405852627005756
0.303660890458316346
0.382377788946585251
0.400000000000000022
0.015718365595969758
0.099890645315358878
0.179253788805341235
0.051362537636751485
0.006280377300082055
0.026030089804366212
0.019420325042350188
0.226253566197099271
0.144285070369551488
0.033824713470280730
0.008571332909944107
0.005765500784422260
0.047159893197774784
0.273974709946600725
0.119688519431941559
0.062745444508596759
0.003658890816811121
0.025625643673476937
0.034865039029092888
0.012864448869853927
0.026407535237019178
0.028453508183954368
0.277641601490823120
0.333993801922468303
0.183398683281332575
0.058890108346140689
0.022729765958567912
0.032892260676904241
0.331674194864786054
0.400000000000000022
0.040357804366058708
0.063455529568598998
0.034757330441086365
0.022987959507771046
0.007455464893994053
0.028792582878423505
0.013644027846929157
0.239945426553858365
0.094099242334783104
0.210710830341399813
0.304998497243606448
0.320008662991553616
0.037005867389159605
0.150488300865671443
0.118320689797974554
0.102450603866575590
0.056391972360703549
0.078167145365712384
0.007887674657192116
0.084618073058557758
0.130913979650139567
0.035649470202300887
0.004060026997893558
0.013547213823895940
0.015119921318526981
0.158289391072887586
0.182218253136560565
0.022945020454785511
0.012496762654072366
0.019513347692222800
0.028352436554031753
0.035227568870511296
0.075844405705383644
0.019484449523213179
0.023415724602255050
0.053949870902743113
0.047435821336080791
0.035818459665779394
0.002248527710260738
0.021228697008898977
0.102178869580258694
0.024935505904635225
0.182143254385844555
0.107504001233592328
0.004892619699269476
0.053071772497160719
0.124942532079777929
0.011181283337078400
0.056790892612351720
0.053023440012484824
0.022358221384742073
0.039294208861998060
0.010533438303670878
0.004606544193198990
0.008076650041650847
0.123393231317252730
0.043661835569808030
0.074739701834379668
0.139656564726721610
0.113055350042430044
0.057620232869139365
0.191588468397451250
0.292778900013199506
0.202190354832668118
0.073730422631720138
0.016169919545652639
0.007307577940887164
0.104548587378179084
0.306019519889670799
0.107444707975857243
0.020755032613182556
0.045486891943890495
0.046261590101483424
0.152449849637046719
0.204319739192113325
0.020006711559638901
0.020466106205031611
0.018334504561264519
0.058385588785470843
0.125282791996510989
0.122999134933832410
0.011978260463399580
0.024194932441417863
0.013899772095239807
0.118730328766568707
0.046813174460952713
0.024735256977899071
0.023346736868133121
0.057672748710773880
0.040305185340677230
0.194074675380846828
0.125681955755072516
0.058710051105577143
0.013899978464198810
0.084023692581092740
0.052132794581242266
0.028915251039609704
0.036371618518292390
0.064393038062655950
0.027253638617706962
0.016462326707218325
0.004919250987146826
0.006030272145387150
0.158515086121129467
0.059559600218546303
0.056985955466414370
0.072382906957241755
0.123728302426912309
0.102947460846479169
0.087449351537834702
0.125989322635214174
0.359824478548251725
0.089358694679178161
0.049683057081552066
0.101941150027324956
0.106474209264795838
0.241178534239561981
0.400000000000000022
0.020520183569052393
0.041770512078038162
0.184093248405127141
0.141761407696103403
0.135174073019180829
0.258429827189807726
0.023080548996844807
0.033465776855226712
0.203365652024407428
0.067618905922396874
0.020377968472990546
0.084778220312599198
0.048765911914176299
0.119815230657461746
0.039468784370657137
0.089897574964782151
0.132715613428817270
0.002996775239266580
0.020261604365596098
0.042653228488775244
0.113003462563369989
0.247414519346814271
0.188566767630830745
0.001456931460670370
0.018532643086024057
0.033904845816706365
0.035508149644614739
0.107598858268249636
0.093889297102796476
0.013709462169631004
0.030273791731771992
0.037467833279447818
0.043634686234284459
0.243397890372091613
0.136326836617747416
0.045813877529990506
0.073118092110561195
0.046355956505759743
0.398083668892166731
0.118674884541022430
0.222380255706625340
0.400000000000000022
0.154032590850634282
0.115913804028040676
0.400000000000000022
0.223890720553868883
0.085778140729006067
0.400000000000000022
0.098018384399638100
0.149814866666105218
0.400000000000000022
0.248771145087897494
0.099014821106430742
0.389629592501322453
0.072201796576281271
0.106292687609240516
0.274395440976164862
0.329964068400254107
0.052531658458508268
0.131325684835605944
0.120308013569275868
0.215892331137976234
0.366293159673082735
0.400000000000000022
0.400000000000000022
0.015699430604365936
0.071015625468190291
0.207582477007942939
0.366355184004226786
0.400000000000000022
0.400000000000000022
0.029852820837169069
0.013422681554017303
0.058288428656155994
0.400000000000000022
0.400000000000000022
0.378569935636359045
0.037402581245635176
0.051516981194445026
0.152373346920863018
0.400000000000000022
0.395659186169307509
0.257235694494091949
0.027067678399191334
0.059333297930136336
0.091826194653247914
0.188175005386248373
0.083678720267733084
0.075283252720076299
0.210443802607287955
0.358972753123199317
0.388898178658389271
0.108668331661159176
0.100447927556423858
0.051678109170223953
0.264000744993950098
0.298602068915089558
0.400000000000000022
0.217284057610925896
0.104656400193541096
0.046855087963187977
0.291299877307478361
0.186385001753986868
0.400000000000000022
0.366908045199296429
0.187671681648538841
0.154219090108639101
0.140157045978547112
0.098397529416660356
0.400000000000000022
0.287631886067511611
0.366574952568529955
0.251167005039720614
0.029550808152464390
0.111530371491067926
0.284682209864360936
0.203871498496769776
0.321631040860742123
0.139173374831258745
0.013034774836075074
0.034251606278469640
0.090708364107637246
0.362476246107465760
0.262881703686850543
0.245742919029425355
0.026347113257681742
0.065896933697127014
0.226302176887118317
0.400000000000000022
0.351837196086067061
0.236627596326960399
0.043132899867613150
0.101378003110396145
0.137454372439897193
0.002156881606517095
0.109719181580320624
0.046568129706375777
0.101709520754546312
0.089141621018141159
0.184665754871192633
0.006618306521344527
0.074647879252031382
0.128428287188257217
0.094045635159482222
0.068464474986124735
0.093288774298705274
0.124809644576923451
0.052274050659940396
0.085412445747582250
0.081349727058473403
0.027468997054320928
0.038114716248149133
0.140728595085509167
0.126938549771471537
0.160298539938172779
0.080732061776074185
0.027054467152752559
0.214362686903164457
0.099703781878828682
0.148049547382794855
0.133370630100040688
0.013568674812308102
0.029892835745232525
0.225897655776726963
0.086905611716307479
0.137902356496287404
0.127021480732178310
0.005893139519947929
0.016796957771628547
0.103544084736995334
0.010182572830207046
0.067568016247539248
0.061900176547504460
0.016865019663874749
0.026473295140594773
0.208605049834002271
0.018094834928229771
0.083499246793221765
0.107790811549837440
0.043808269397695221
0.117255330885768755
0.050862964891180182
0.008424073084463846
0.077066750857026176
0.055263945927012739
0.010724967381579416
0.003245523646307391
0.036067360092335347
0.005658024951180687
0.061253037582274933
0.058851842604514287
0.036467989719871072
0.004264748222323020
0.016163079072830180
0.064861524215559505
0.051297817436891678
0.120388911811610197
0.055144369791807368
0.007703151392092088
0.021316321628717824
0.225074006520533387
0.149541742245640041
0.068997227859457222
0.035656403590132564
0.012977411823735891
0.005241581630547745
0.106476794965199628
0.091010824599836809
0.059133048956968734
0.024738556425335519
0.022103063204158016
0.079206035543519709
0.080891797981008318
0.071855023329423034
0.095850768455703672
0.036251898827894480
0.016946251820866474
0.021427700442260906
0.007626320911065148
0.038417073831643403
0.029041694716287890
0.009996884750571170
0.031266600306823503
0.036479421711937229
0.003924449409836514
0.032538405783914141
0.023789613649817444
0.018549339887407004
0.080844809814345525
0.070882662534752644
0.005310351799309347
0.100628478730098614
0.153176110783758895
0.024118381778489757
0.002108784789111342
0.023728727584040016
0.008647330742295125
0.084244201411157946
0.097993633366612889
0.057047261566827497
0.006420155841963618
0.010464420295080726
0.031657239370685576
0.052844565978341210
0.145807363652653510
0.058244295062557822
0.018505153066234539
0.008265820614152196
0.204749066155072573
0.241037157964930332
0.122932533610515510
0.072487189929366369
0.007507420007259600
0.001327003326180040
0.088148500356581810
0.128687394870818206
0.047853878634574826
0.066507772799593662
0.028016407776777452
0.008816898364225573
0.050756443133318188
0.038877167264557422
0.018503946150917466
0.316297269060886788
0.388587306419313938
0.327909717543324875
0.004552408987080776
0.012068650092667971
0.010832070020087414
0.005548012262177946
0.040071399288603315
0.067865910975277915
0.006248367655176804
0.023042482921769258
0.020057255391867569
0.047766744257569854
0.043358610629514779
0.007729922612278537
0.003368920906169934
0.107750524655174054
0.072178229478507536
0.001355772794470171
0.000000000000000000
0.016378858856897337
0.002325944335644944
0.120159610870540473
0.170592975251313228
0.010698377963382098
0.002125282845856101
0.004571062525430814
0.046962123263041312
0.073964281301837576
0.059804758930657002
0.011331262518156499
0.003794559009063640
0.005923635620771103
0.033518638113783285
0.268221548595150627
0.121175055713450053
0.000045563263174695
0.001335987594968783
0.016938803948948516
0.073707110056961317
0.210909260352171557
0.097695299917918671
0.050912286069772439
0.033507605388247069
0.014906161154076024
0.103403339097650704
0.016839709615767997
0.022135412713735831
0.285603207740836307
0.400000000000000022
0.400000000000000022
0.020049758897311941
0.243266547616944273
0.078455575932035809
0.044924491628552346
0.103482955957550374
0.083928283893518585
0.004518649957504680
0.112152040710495393
0.040905050351902929
0.067214079665953705
0.042531517475109762
0.039362407288551629
0.008961955041425065
0.104485208577730068
0.098801281826494738
0.031377615258269154
0.004893033932092001
0.010881633407173887
0.005527100573320567
0.131322927272610385
0.117769534155489797
0.030225601099854640
0.000497163166199451
0.007951405195381678
0.015818063447856637
0.091378468264596530
0.054816213815639489
0.013366792393151871
0.007821653852960330
0.030383976167955424
0.002924404951861914
0.038571131038372453
0.037018021922884156
0.001681062136632973
0.000766717634458742
0.010642574113806324
0.006556043786490166
0.021128755829077150
0.056509117608123778
0.028705007645795786
0.002636083500078754
0.032364181801806606
0.008297820585724489
0.000907068766484344
0.056409672093714877
0.216246855859776738
0.110170045247808226
0.146373125566604895
0.016718247594576758
0.183106617470906119
0.083042270713631405
0.065007378813731892
0.062377552813313850
0.019835341515597092
0.004238892542270428
0.053652377865718796
0.109076977789042573
0.091388107532063736
0.019525319146806382
0.060617301241458157
0.007776420037589020
0.052617774902135213
0.062137140180691344
0.095883689393844479
0.043801612442552207
0.007394533732476822
0.012272477315374985
0.049127123727488356
0.251874410204427468
0.154384806198806762
0.012741866519065651
0.004319285647819169
0.003364743766459487
0.051197989029067782
0.134029778596587601
0.020580798625223953
0.006020612463805332
0.001974046472489760
0.030533443942797351
0.058583168537937449
0.006205511685712420
0.007272185307447268
0.008818677017603917
0.005080392170899390
0.007876050230211146
0.046108675939067895
0.027000585348572654
0.015084096147146920
0.000142617638779528
0.018515739309404491
0.000036118607059868
0.002002711272867855
0.021712048745114332
0.015453710630794258
0.003909265348848350
0.254810825544956321
0.014270555424691463
0.143991060247308650
0.070413564789045507
0.308087437226093441
0.085950863604536659
0.042440963834954777
0.015917810336402990
0.049433714781790948
0.270180533201148265
0.400000000000000022
0.056409684758177016
0.085658440664377264
0.016583500445666893
0.048587552710929127
0.102549409343516626
0.148150936483804840
0.079878562772137229
0.019496201251362064
0.003463326640869555
0.116979352540696704
0.194197462994216502
0.225749397674273988
0.032922094956474177
0.010154034284626233
0.025898914763932954
0.138750669732203097
0.081002363136354449
0.099464272429075073
0.007624284030067837
0.003019498396552290
0.021840361356457678
0.059977663141353527
0.064357329776533662
0.021428926478042620
0.004469773332042870
0.001981717007893013
0.012538545341442929
0.180140929196663913
0.134508674619848528
0.043659961841592584
0.001415931232991184
0.007848947211967071
0.014696907405107847
0.330153137082221271
0.105111465630825129
0.151316582055243010
0.013902702000432013
0.072937714859406644
0.019133112482361998
0.084984048652356897
0.082957816404997470
0.399087134420840206
0.170194152869856785
0.023962856383385044
0.008583771547936832
0.059787956947310573
0.175280765211589251
0.390951153270227891
0.128222474617990356
0.051700721771009192
0.251931375322923479
0.041463772579992723
0.116408422008171863
0.130269687612297458
0.400000000000000022
0.215702136091334290
0.210666953954165459
0.187582288069632369
0.238208805396160211
0.133993340600530308
0.400000000000000022
0.179671652051739988
0.225553323694173857
0.355388342287326242
0.259542406609703125
0.147600982251009566
0.363035994450545740
0.179937712182731635
0.199169383709252884
0.111248144282560357
0.093583638502274913
0.105491942414392553
0.175508904247994618
0.144000855814685108
0.356690808126468806
0.169122219695242798
0.178789813471525671
0.137880100968846397
0.036167076779139967
0.127707399863405624
0.191342517003388279
0.161388996500946597
0.154942100334719501
0.283423713349108319
0.070187418879205030
0.241409222363243359
0.197880236632108242
0.206790246905984548
0.128508319515316938
0.333131683943962364
0.286838298448598095
0.288452712075838336
0.230084564062788266
0.242698572298950921
0.194043691296894832
0.227739786998146843
0.078880550308712591
0.272107278358099336
0.287192861322429382
0.216449370809973562
0.285080492407015995
0.107465740603837567
0.379201611759386492
0.170436244762515648
0.217764153960933848
0.268822034633611651
0.184868853742258421
0.119256779250017070
0.400000000000000022
0.191062236368965715
0.140784533340802903
0.231027155699431302
0.281785989081641874
0.151801651031860996
0.400000000000000022
0.197846900692163652
0.196037702725536750
0.107857859793143079
0.131073310832722750
0.275136565563878777
0.400000000000000022
0.320381433927594439
0.135751926539208118
0.262618309758931079
0.138847103349694745
0.272195162418463088
0.400000000000000022
0.376569829602214523
0.099401519318724416
0.187767232270247664
0.153330200920611448
0.199286729267303370
0.081500920478315114
0.149097375676463278
0.027252248825108370
0.209631170299982073
0.084817342178247074
0.215187345993276907
0.135973728403311345
0.299752521493171276
0.024117091404165465
0.351483126638503340
0.115412850807366366
0.117682100290864719
0.094916564036514647
0.169696194725354549
0.078447327462221994
0.342246232615677604
0.308243995678448235
0.085787684174362014
0.041134115227985067
0.011604414659783860
0.034242817754941424
0.303677026268173555
0.092278407363884554
0.029055291010233929
0.003261551583839893
0.005003493534991328
0.037477074184821831
0.259710369782420902
0.201155511893532202
0.061320446432338277
0.008082999799023768
0.004860765433406867
0.024602512027658605
0.059061863842050456
0.392032604102246940
0.400000000000000022
0.017332274489730393
0.019760898165838918
0.001986420567250533
0.112077560685214184
0.082495120943923972
0.400000000000000022
0.137172670699589494
0.009664422992300969
0.014476316711715332
0.129983126999444948
0.102410571770404482
0.335217769220878148
0.111671394359627751
0.050805870945806353
0.008098393007097559
0.109441338297586538
0.069283601084698707
0.381995875290689124
0.192560738013210275
0.183357480862355843
0.019980935368360833
0.155163983923976151
0.077553753222773483
0.324615390112461377
0.088520024704817957
0.184702130584170177
0.055171175865544521
0.288727621624614517
0.313225895546079935
0.013619056768420604
0.057344503423124957
0.032050974052590692
0.057022062239570070
0.278645423042639340
0.165558349612318439
0.023384106999918840
0.001458911023654705
0.008046602106045095
0.044105428828809676
0.230615834228655781
0.276776117968356161
0.079435482177485112
0.003591339943891403
0.002940571130060862
0.016066652134892171
0.172758837197777904
0.400000000000000022
0.400000000000000022
0.016925859780811511
0.002470302757219047
0.026875242464901129
0.210914673106551959
0.108398344975079192
0.400000000000000022
0.321930633606533456
0.140637182169437991
0.016364873923628967
0.114679225433303500
0.059020788175933106
0.322371347197362268
0.297065325673749270
0.164467034903818976
0.008671079479974772
0.043206694811323540
0.046448559862611837
0.216889559852830816
0.059057953372715036
0.053982612650962797
0.025871235708685977
0.093029264209733786
0.049306104863448552
0.191931998674780085
0.078651906306853231
0.118443654946997767
0.085337814608956966
0.180258730621813468
0.095707837239239174
0.026535450500019063
0.036447198537005100
0.016245551662938566
0.078697635314923867
0.194720829211619539
0.080259566531975080
0.014218438886704769
0.000482312024265171
0.009997487215939464
0.034309206187405614
0.228324084938485466
0.389007150684613667
0.080035893388172408
0.010475981228808355
0.000923387557533173
0.015891937989119972
0.207452846735061786
0.400000000000000022
0.091658824991628959
0.014517704542727192
0.002434876402661386
0.026394325094169571
0.073129709063636500
0.070901836016571254
0.055919013453263632
0.084830792705598207
0.070394547548248199
0.035090299286318419
0.058127883420026297
0.052198842816109710
0.059814472155144960
0.091754300524465940
0.083885201024555794
0.009862678664326316
0.029891655308556357
0.029831283057053140
0.101487320842360340
0.039294233603019521
0.034759438752152316
0.027672806781862971
0.180640642372645155
0.055989856004237511
0.087239663877997364
0.146059100960197946
0.098598157573645290
0.212262263083365293
0.390370899268875138
0.309746325881274820
0.304568355383517786
0.382377788946585251
0.400000000000000022
0.018044309931614703
0.220050256185899351
0.349846764056654491
0.062060915600133590
0.008405660145938158
0.030601152329797023
0.066382448305391514
0.300217847498936874
0.204089829300208470
0.045155975988437236
0.012365891919007747
0.011689136405193364
0.080678531311558055
0.400000000000000022
0.240863575145391584
0.062791007771771462
0.004994878411779905
0.042564447622425464
0.108572149086054226
0.223773709222025469
0.124102835154937835
0.079365794253726807
0.311149206879070162
0.347872226285690311
0.286802022378983279
0.075729817961908683
0.044865178672303739
0.318495468417740624
0.400000000000000022
0.400000000000000022
0.060407563263370656
0.306722077185543229
0.113212906373122174
0.067912451136323382
0.110938420851544442
0.112720866771942069
0.018162677804433841
0.351010776992466078
0.135004292686686012
0.277924910007353532
0.327374340961997246
0.345153077591509427
0.045967822430584664
0.254973509443401525
0.217121971624469279
0.133828219124844772
0.061285006292795548
0.089048778772886250
0.013414775230512682
0.215941000331168143
0.248683513805629364
0.065875071302155516
0.004557190164093009
0.021498619019277621
0.030937984766383618
0.249667859337484144
0.237034466952200040
0.036311812847937386
0.020318416507032696
0.049897323860178228
0.031276841505893667
0.073798699908883741
0.112862427628267800
0.021165511659846148
0.024182442236713786
0.064592445016549441
0.053991865122570960
0.056947215494856547
0.058757645318384517
0.049933704654694766
0.104814953080337447
0.057299687706441838
0.190441074971569035
0.108411070000076687
0.061302291792984354
0.269318628356937428
0.235112577327586142
0.157554408903683302
0.073509140206928475
0.236130057483390943
0.105400492098373474
0.104301587675729973
0.072910991116984722
0.024441885708796088
0.012315542583921275
0.177045609182971492
0.152738813358850589
0.166127809366443391
0.159181883873528024
0.173672651283888202
0.065396652906728386
0.244206243299586512
0.337968439413395272
0.298074044226512624
0.117532035074272331
0.023564453278129460
0.019580055256262149
0.153675711105667412
0.400000000000000022
0.261829514174663935
0.033496899132248209
0.049806177591709661
0.049626333867942921
0.203647838666114495
0.338349517788700926
0.040587510184862854
0.026486718668836944
0.020308551033754275
0.088919032728268191
0.183865960534448425
0.129204646619544866
0.019250445770846846
0.033013609459021778
0.018980164266139195
0.126606378996779845
0.092921850400020614
0.051735842326471729
0.038430833015280039
0.057815366349553407
0.058820924650081721
0.194110793987906705
0.127684667027940402
0.080422099850691472
0.029353689094993068
0.087932957929941102
0.306943620126198635
0.043185806464301160
0.180362678765601026
0.134806602851701457
0.335341075843800407
0.102413190311754984
0.047360214822101600
0.021948082481790136
0.207948800902920394
0.329735104505444965
0.400000000000000022
0.128792591715418792
0.209386743091289573
0.119530961292146090
0.136036904248763829
0.228538731978730814
0.400000000000000022
0.169237257451315404
0.069179258332914134
0.105404476668194497
0.223453561805492529
0.392680942483227158
0.400000000000000022
0.053442278525526576
0.051924546362664400
0.209992163169060081
0.280512077428306528
0.216176436155535279
0.357894099618882744
0.030704833026912647
0.036485275251778998
0.225206013380865100
0.127596569063750415
0.084735298249524207
0.106207146790641832
0.053235685246219175
0.121796947665354760
0.052007329712100071
0.270038504161446036
0.267224288048665826
0.046656737080859163
0.021677535598587282
0.050502175700742308
0.127700369968477834
0.400000000000000022
0.293678233261655819
0.152773513515913395
0.032435345086456069
0.106842560676113016
0.054641262126976731
0.192582906920606534
0.176847113507793946
0.400000000000000022
0.200467944601628756
0.061430689662832862
0.052218457782221291
0.303185847319402180
0.311607601829336667
0.399690129269328898
0.201340566728551551
0.098056678276768922
0.400000000000000022
0.160138657121015132
0.327329811301356466
0.400000000000000022
0.400000000000000022
0.328470640489521959
0.400000000000000022
0.374920999554394729
0.323986946125166320
0.400000000000000022
0.400000000000000022
0.329486518717845234
0.400000000000000022
0.400000000000000022
0.356802711901642089
0.400000000000000022
0.400000000000000022
0.286230399791972123
0.400000000000000022
0.400000000000000022
0.146115296960783181
0.236817627249998497
0.295816917817270486
0.359893186952661315
0.400000000000000022
0.400000000000000022
0.400000000000000022
0.153579531573212358
0.107182702247330258
0.335289876871348536
0.400000000000000022
0.400000000000000022
0.400000000000000022
0.313276534186277433
0.083610100433222340
0.299697651019399325
0.400000000000000022
0.400000000000000022
0.400000000000000022
0.362839069723751184
0.321167765465458943
0.366003797614496196
0.400000000000000022
0.400000000000000022
0.399839960594315202
0.254807465397338173
0.138213848238848913
0.332478010430541815
0.374812369291397052
0.292680375641468427
0.340086155331807583
0.312787689078569464
0.400000000000000022
0.400000000000000022
0.321490739308602058
0.348327892138740103
0.236546962912482367
0.376987570530634475
0.400000000000000022
0.400000000000000022
0.354953911798599642
0.335683555892972385
0.328641077044829866
0.400000000000000022
0.400000000000000022
0.400000000000000022
0.400000000000000022
0.295529541441681920
0.285292400941361823
0.399423190490187818
0.400000000000000022
0.400000000000000022
0.382162134984449120
0.400000000000000022
0.376106275918274724
0.301745970570927502
0.400000000000000022
0.400000000000000022
0.303273017815494206
0.400000000000000022
0.292503575751870248
0.212321504103378467
0.115752526756784768
0.239805739784100524
0.374350460325762913
0.398782965272873491
0.330560261207672457
0.241534459250958622
0.201870662100438358
0.396376725180804523
0.400000000000000022
0.400000000000000022
0.345272081604967362
0.160815000158477855
0.196294567146910792
0.296205510216873802
0.080604209068739080
0.376650974604875177
0.338744843244404126
0.187497204928908312
0.130275736246126206
0.196270169530976507
0.040861124276285951
0.354417190540594729
0.220706694552141813
0.123100926169716171
0.071726026569964629
0.098292267833696600
0.162286718761745274
0.311984420442361243
0.286567957641114424
0.142670173490811680
0.035551996853344696
0.042975481681555995
0.165331107113167786
0.186000413613522014
0.400000000000000022
0.400000000000000022
0.044386741642482956
0.234123585069003409
0.101690202446079209
0.260127108068009039
0.215865751043964660
0.400000000000000022
0.167065506444822015
0.235562078769027961
0.101381928428022822
0.267885483495732379
0.229432052502582806
0.339284586077787831
0.128468352131256291
0.154349955682801687
0.018280965837304607
0.177009354545125785
0.131183777632203180
0.385237414570484549
0.219034033153805069
0.343219139197766032
0.038075770296590608
0.238663230717197916
0.185344564772610909
0.353721693492360711
0.205775355590586739
0.235565095475350345
0.063595248950008371
0.338203998365219638
0.345011383153064177
0.024344024150000022
0.060590027069432353
0.068118334144926046
0.062680087190750758
0.328576047094645440
0.224410192216832727
0.059852096719789902
0.005723659245977723
0.024209681178875272
0.108966953044369180
0.281913651665547493
0.384016543906952612
0.134579851969292452
0.011294491335983488
0.024256892758778684
0.241140658655425499
0.322300579443417945
0.400000000000000022
0.400000000000000022
0.029903271604547400
0.007711884387766791
0.133352037430100739
0.301925497706388768
0.167531393932047912
0.400000000000000022
0.344033696810691514
0.219843217712957728
0.097256671904637271
0.186534248762726534
0.154871556631636764
0.347483545447788755
0.314011577494615723
0.185894735346079865
0.016297400391039919
0.081623768642966943
0.075490254578899713
0.226886444603402015
0.090324553679538538
0.090462034362900012
0.029795685118522493
0.125567669993647907
0.073095718513265989
0.210481338562187092
0.159496716121198756
0.189326317481750384
0.090648166408266312
0.280327848741081409
0.248883948022998069
0.050653832278508823
0.038555983326116441
0.039974279246978578
0.087344966057218990
0.278965030622777499
0.178253199898587955
0.071265700453532269
0.006902467866228788
0.020461907511020189
0.065966445558091197
0.281168650916826690
0.400000000000000022
0.138280188450730229
0.028981134295042892
0.009189208171685370
0.220641004144192576
0.400000000000000022
0.400000000000000022
0.164146014920995342
0.022025124549986792
0.003761879728841426
0.114542825450751368
0.201817103934454706
0.118755714651146080
0.122426786252857286
0.112847200482375662
0.079211445912473769
0.085846742419636607
0.097005050684583732
0.070702788967027197
0.359552241056145361
0.400000000000000022
0.392712294269258688
0.014415087651407092
0.041960305401224321
0.040663353077140543
0.107035333104538291
0.079365632891622837
0.102625349727430232
0.033921174437039778
0.203683125294414402
0.076047111396105094
0.135006408135567219
0.189417711589712739
0.106328080185923837
0.193561981817015727
0.287577745353525371
0.248532249625549928
0.223375889353103874
0.245804096848122378
0.199882496796983833
0.155076843402621373
0.302148052487215324
0.312578425183387354
0.250058366467027227
0.158229057729420031
0.140122044999558104
0.217020169119257006
0.339559748736079692
0.340902841537853329
0.220416489753274686
0.135532455348865571
0.127917097259071355
0.279359382876441964
0.319075296939533459
0.309014733016595100
0.228136585918137597
0.116781589605805161
0.188687558456139881
0.243669510909675285
0.325065106282581895
0.263675998214714491
0.179365096836621746
0.175496779010596765
0.226485865723477425
0.256860918229432189
0.327913418497508380
0.248918233126545568
0.256557325042443440
0.254751511166974032
0.329765538087010479
0.158861851397148923
0.298903435623702862
0.214963638764963605
0.297621759884153347
0.230710667481028892
0.223406831849599502
0.157200905561996424
0.391916313737990851
0.243372938793544769
0.240826370302184151
0.143446932618786160
0.201619653905242252
0.148704283763339384
0.207528524026695638
0.262944577736899610
0.254369782887153117
0.239103638829627235
0.182244121106833690
0.128294575153274054
0.231620534642377945
0.278540736879077933
0.256854873315036480
0.163913388562655915
0.133646432125730880
0.178632555763820339
0.302342895127816869
0.296929688602474817
0.205594740668045145
0.142610507635093919
0.124203674895120228
0.215783049702066548
0.297601337600352234
0.285282095059747498
0.223167523769221443
0.117921172818761799
0.182003182842059935
0.187701728239129784
0.294637511599799229
0.218967738422596564
0.204711098952536835
0.198123282960910502
0.198868305954059688
0.196688664389532364
0.272156352959859182
0.193027287218911520
0.344603618807281187
0.288412163192208859
0.314078159395543344
0.136104126611099246
0.233961256430097103
0.164441474452070663
0.274074866445908505
0.197657104219787494
0.308619081443367305
0.142681992173278732
0.315491164078983310
0.219902319688410897
0.272631238257950881
0.149166351235315825
0.178573481071525070
0.292306793136007104
0.423409160870557744
0.371398421661326306
0.289844716100369770
0.289585475710932461
0.241575975336259130
0.181171717454947784
0.400036027280034234
0.348567232223969570
0.248458269167195406
0.165603716272783308
0.156464637621550801
0.218941024260299016
0.395333404655855425
0.383242432758878149
0.225238056111673773
0.136796604563659524
0.131157063439792582
0.274589672386261752
0.327369461508124404
0.314384003160854963
0.236886172332573086
0.116957179460127250
0.188858176891097906
0.244126600123995702
0.313308053290481336
0.235624608605413566
0.194111143051684670
0.221437971090976182
0.275108460374456354
0.262096080297021861
0.306127622406536348
0.216721042195448466
0.224862829976278378
0.233889315498965550
0.319448259232242682
0.164261484076311998
0.299744366820547503
0.217029708784496511
0.219831805181283313
0.108274084951371141
0.163183800730457185
0.153299896395206109
0.386353657706763609
0.295500804856378252
0.338813170066882996
0.278802993659302223
0.242294840200588557
0.215544155292621747
0.342670224590375716
0.429737656709241633
0.342824665640726056
0.287128245083249634
0.221745998034783315
0.140936804984954950
0.287617249840726619
0.368780566015643407
0.275572978193673768
0.163198140357502630
0.143622425852349939
0.176312196399466742
0.305761521960334848
0.346643138236695514
0.233008356220940238
0.144766038669800923
0.125305804977640323
0.215354248182581504
0.291488703055115594
0.290247076130254633
0.227296722347753971
0.122547810976645175
0.182343218254271189
0.190525510789142788
0.295394783261206773
0.211698917504729522
0.190405183043676318
0.224290103603056651
0.264342984558930183
0.200996503290750000
0.277773327582839347
0.181707587837737827
0.291847225320074066
0.264429527391568608
0.291991367661292911
0.138670822283773393
0.249581219926944237
0.164990735966473179
0.276288313764554982
0.130710029264172550
0.152312958728152537
0.141082452140471187
0.296807503218713409
0.215559686342004397
0.310832155361301377
0.242240513234640714
0.340483549607683844
