0.400000000000000022
0.400000000000000022
0.400000000000000022
0.400000000000000022
0.400000000000000022
0.400000000000000022
0.151876352152740979
0.312245979278842789
0.358894313175794233
0.196474217510207216
0.250500846681414313
0.306950273139049989
0.075047780054419908
0.057890000464399370
0.158547330593652003
0.036531284064023783
0.043862253121110611
0.176758214663395002
0.115202901742452013
0.164699473447158767
0.241189986384509808
0.135166918421784688
0.081257695553092715
0.110400996851997404
0.400000000000000022
0.400000000000000022
0.400000000000000022
0.342363485530851719
0.078226271933444530
0.043371096616720478
0.080534548966719521
0.056026122076826154
0.015895539391060403
0.017016621057344510
0.021168493350626996
0.071726561222544255
0.102276473114205860
0.050023177809628894
0.173034127049237929
0.070662274459103086
0.041220177071374486
0.039517175719299552
0.057221283842737995
0.037063043085610772
0.107250749064809262
0.083016482367525180
0.019045040407906964
0.014127011486622505
0.185648340086245256
0.111446613649886977
0.036968833494482788
0.186029624066976124
0.354393854919075157
0.211619969242960726
0.060786946506426173
0.024299229049317254
0.000711359649253088
0.039762377240189661
0.124260764227792614
0.059939186841471093
0.007693401902578841
0.010698340155528833
0.018591274043232554
0.014614391980986371
0.046982943687055231
0.097662510323672638
0.086393672247269071
0.039236730103665060
0.085406045297025834
0.301545704739731191
0.078655163082379298
0.101639903563314815
0.254373290912148387
0.255420491780693260
0.315288950958836911
0.137769469061636285
0.066431864817326852
0.092455928577039326
0.015386841577137482
0.070904484932794914
0.007088240210619676
0.042363415348370015
0.052544654950967364
0.116635882291151183
0.057516203755780496
0.073862632846116147
0.034674013310771877
0.017724379331038320
0.057974121491037339
0.142091634751604967
0.052689499413803249
0.021432292258381676
0.048227637699676584
0.083316161480167517
0.034122669990505235
0.057052813410522804
0.107483540978549230
0.048073095860229773
0.010398366896301699
0.053225789264967308
0.078901994518059237
0.110202016358969784
0.129636799256566182
0.046876540736116669
0.006338664444026539
0.029514381516934016
0.031737676656596644
0.050813606502285419
0.088287845669248910
0.068897609988249717
0.038676080224485779
0.031734810091837297
0.017404899389280793
0.064216459970512244
0.094798032329318993
0.056448270147783718
0.039413659597988433
0.046372072471936900
0.088027684333701728
0.102981708088856858
0.102643861128221284
0.017740158094911369
0.003215821311180117
0.078654195963465151
0.127152029393533150
0.048251138056939605
0.125635350539733570
0.061535352605582905
0.089612480961190386
0.020891336870685714
0.042590453582669163
0.086653012455024381
0.114709333265659325
0.040101657084623571
0.062619979899570022
0.011962595195551071
0.068867881769433037
0.169857631871043829
0.081522065025511861
0.007824503150371620
0.014411828321888150
0.050391818626285029
0.046111571072542684
0.035934302555641812
0.064224990560788800
0.031107607958266080
0.049890951894876343
0.051944666806653161
0.033861486110041715
0.132522193784431419
0.184878621288039779
0.060626124367562810
0.027084275024184500
0.070994075648629626
0.062616043971659346
0.055421165015013735
0.226710938065383949
0.090370187608917504
0.112743429125645445
0.162355289662721031
0.092493270702897673
0.102924547542803960
0.213898529800492565
0.089784711758563493
0.084044285239404853
0.082855397043443441
0.113405348390415842
0.090889689294480810
0.116908265255058874
0.029534495807693972
0.018203709774719110
0.039135500245029424
0.116153170322590371
0.167096977169812144
0.093641580945738545
0.043860712090924903
0.076120406515901060
0.044157071827589822
0.104121773686971522
0.205039274736296878
0.143438628461199980
0.064673906835115980
0.088037715227312768
0.051100376981983428
0.050760389431563503
0.229140895680362056
0.138969629520706184
0.028120980179328361
0.008023633537938748
0.028151601384778513
0.033466785332648602
0.053676771565883435
0.071186450374241400
0.114549535185888313
0.102023006804351987
0.046768760017905663
0.021420281085662386
0.023203853222449420
0.318079371190258864
0.328558630969851440
0.400000000000000022
0.200388205262432340
0.105629075313028994
0.003494624250072794
0.386932369532957843
0.226070501254223344
0.249941325631366507
0.140296438062828766
0.287374760098326854
0.040824862814304835
0.211211052115405445
0.059382967577749829
0.232341505311777552
0.112913370924318635
0.334389241181029473
0.154013734443495032
0.083494358711860894
0.042398393254615196
0.123380184080663730
0.117513234367021532
0.373018065070890470
0.093413873668222333
0.175956530928533278
0.102177287767545533
0.203187669394638448
0.180627082714287429
0.129260341720397076
0.129535456391069392
0.091381054862604699
0.095340879620012711
0.147291902859419871
0.318268860968321798
0.111563906948866087
0.202377030515079215
0.217802499050737397
0.117955166827964530
0.027989584887692060
0.049414588699663524
0.051261138824920366
0.144296132932563548
0.030698999416810525
0.035787977813639876
0.078540745683169710
0.012658910584339288
0.009363079462055092
0.023742267805356768
0.320374533028626451
0.254106996753725167
0.375947672937755994
0.117901228268322847
0.052923623063503962
0.026974133541666230
0.284804100822837802
0.143811032993690857
0.334406362701678339
0.129027764042597831
0.198216880046500010
0.089658235453340590
0.083675131163465283
0.047402244802867033
0.217714426324792293
0.091076045772728917
0.304332855703342620
0.085241584909517137
0.141324371335085242
0.041261167249690457
0.225799457915910634
0.064500820658187907
0.279897568706064304
0.109388408040049512
0.400000000000000022
0.270574682899355601
0.385893450045724784
0.098537110188397448
0.224785069181413055
0.375564168359020178
0.220182661594594653
0.243743259617999225
0.245853180425826212
0.115111460681126238
0.059040150740860012
0.292570561216856095
0.400000000000000022
0.140987344607946818
0.045667843587364719
0.057070052035583782
0.110547607619851496
0.147635544608168662
0.050336347471382714
0.026671595987164901
0.021936532258457399
0.009096779580969718
0.019137579227487753
0.046323260855016736
0.109977512922128984
0.101256277584954285
0.147110664026870508
0.018722083602971628
0.061258253836847597
0.025076886624130493
0.108298893380094324
0.129461696889516836
0.248180331808967897
0.052741436771651752
0.094321114370333928
0.018018863183130202
0.100042235995834991
0.055735705386013065
0.126231184509278005
0.049987288159237975
0.201404150946116328
0.029549798700414825
0.144334239358487548
0.069412389490984758
0.037231210767585760
0.016774806859292474
0.086605677584746923
0.125687050096347286
0.207872668179328701
0.170054686538936239
0.286030186285367971
0.057091990652637301
0.074415931055037465
0.188242609024022123
0.140002489024984328
0.218813859333707117
0.092740062664971923
0.043155656191921660
0.115886393426693129
0.236330323714318918
0.211696942902878660
0.087453318390449605
0.034562002777657225
0.067361319046357546
0.218874660142544253
0.213633278155503536
0.009781557360822679
0.014280552350372002
0.008717613893748012
0.016931545404991227
0.035287419887480159
0.045283235422525360
0.099831728203846865
0.054151473241311796
0.050335458043174283
0.021366651268358405
0.057834764211679747
0.023881534283351814
0.153413738106368491
0.067963246787092077
0.143396243536708823
0.061498310126307826
0.055941013149095518
0.036955036287166454
0.173740351164109602
0.123851739612905201
0.164590530659971312
0.063471483861927261
0.076505774264150089
0.058077114615609764
0.089424016156153613
0.044958322543378761
0.034621166371033352
0.026197771808452210
0.066361510162883608
0.081531591013712407
0.174535725032536448
0.200847562951531416
0.057118025578382005
0.038093755660172597
0.111220182569806481
0.091454536721724294
0.164379014990795713
0.400000000000000022
0.383304722866392000
0.060924013352012127
0.108987567231435406
0.124110504964344087
0.103211614361176471
0.103619758424905964
0.206660975860533946
0.249438068097311783
0.352991965396560414
0.101593311348506007
0.035331539038068745
0.005871763343501332
0.004849256031808417
0.012554085154867549
0.044075791459289908
0.123928485842501185
0.055086390079426645
0.053812065271119855
0.043765127486725820
0.014918753298978311
0.084115099985430181
0.126546055560862014
0.003665873035216349
0.034240412940748144
0.079611027729827685
0.021504989008520766
0.049193425146099298
0.051509966010668151
0.209138906092040028
0.120798659608699344
0.071444134545986790
0.066647903829240490
0.029943918295944949
0.136155118031064476
0.151345571544419799
0.061779219681656193
0.028063809731419063
0.018445097928001919
0.047546034000526649
0.159003386973438243
0.121204933350046257
0.189725272059229400
0.032190232827970552
0.011316421214162868
0.051214880081359673
0.077818671005030760
0.086753005158139274
0.200701563982921938
0.310805744763622271
0.085368573597299852
0.030371129055974409
0.119423942428099047
0.013582445066536322
0.103788340166446183
0.390564982557953189
0.400000000000000022
0.254556606811766784
0.211870799807821086
0.080561378675075512
0.065582609796438748
0.024673447659183480
0.055495940201894689
0.039288879648045873
0.016505013774423895
0.003220356072133591
0.093545113818392353
0.024587690722065129
0.008550567044242910
0.037653672656178611
0.061598870530330987
0.042459957767934445
0.031787895628128046
0.047046796237280523
0.019400530947905757
0.051190810638144887
0.066122854849384613
0.303721302685976025
0.394783843773593102
0.272432822019217147
0.181722760422284663
0.078721814117469133
0.051654659968847078
0.118104536309266012
0.258623825903134208
0.091951113232098092
0.051737923725827473
0.045239473789811697
0.103571059332032783
0.039915819129061059
0.100816343708867356
0.037243207146695087
0.002753314138815209
0.037430489181927845
0.058691170008772359
0.040999261958061910
0.054854924581552986
0.051753718113378457
0.023996160261255388
0.019124796487322630
0.108165027119240822
0.009419480110780688
0.053150557056042075
0.135693560403742752
0.239855848636336744
0.068493730881389672
0.042847394184794795
0.095267415762555041
0.069814208502738520
0.041076052072214694
0.081743927683605708
0.046127518886372010
0.231296734142102528
0.031802088753437228
0.062745290097312834
0.097112103430085792
0.027204502746192225
0.045223387756581197
0.110699804891522133
0.054566216290389519
0.060489206094358247
0.058929892598309733
0.039072027237542550
0.048574062290815304
0.069434561464470773
0.121863404984790785
0.257622211503053256
0.344092944613448082
0.268159081917435205
0.106865310283592169
0.049156577212451938
0.030098439943661091
0.102183283634271038
0.191096745857616462
0.128680306816816387
0.058320323216064202
0.122652794840577423
0.075232790438403266
0.064214631826601198
0.147968796901051886
0.102470414748220967
0.115164625945665955
0.216282128165358911
0.163870976790386508
0.108989074113392911
0.106578823626817559
0.068700207938776930
0.038868162484730504
0.065364894781537175
0.014081812284203587
0.011601832816976560
0.087053650983207179
0.067579537138618057
0.029136661369532239
0.152554042179937954
0.086662221714401549
0.045586078938378904
0.025243658406308558
0.020583403312181468
0.042807358751162504
0.166129176398348732
0.139723063274916154
0.045608824098958646
0.028811628666153111
0.039135488325925935
0.093142248131621211
0.144280047793929056
0.073982914843051584
0.093373584918578126
0.056271879124743719
0.084767731016910236
0.088885354836812272
0.030673658275537891
0.150338824469878451
0.088343438574673028
0.144357525905766393
0.245099065962319507
0.070593517714051646
0.123527985901432644
0.059231097931409231
0.050093476287732544
0.122829992495358892
0.141319863748249230
0.090239709465456494
0.172914093853949152
0.110128640858995250
0.172057194110579070
0.147271478481327212
0.103989402388376201
0.076987355692436171
0.171329787150995394
0.083061870154320885
0.040768834470770635
0.112563983965633857
0.041413970094899270
0.047529821367553148
0.114946298301430438
0.178136531141833754
0.039288905331906016
0.049858068281443402
0.024326562409114860
0.044884599900276274
0.118354747323313580
0.033797079153367236
0.023382916328873921
0.038866004533609014
0.071561763927884506
0.025263588265855782
0.195776785693424993
0.196172415941329892
0.059005359265992888
0.096476888553151036
0.163878759015104375
0.082283982184053278
0.179546973026137480
0.118682950747916849
0.053892513494132543
0.149526142047480715
0.227363327062389486
0.106468839475520882
0.176720601327298721
0.063656129047224369
0.059539891576642065
0.152308545710988702
0.237829295284292197
0.109569321548772858
0.130678670913720235
0.053669752557975736
0.047121296906208490
0.108082704998089349
0.146986135694594705
0.050423063077603025
0.146278347900804739
0.193235906178461980
0.226801270360137225
0.154871308207803260
0.106591914705666188
0.110699034152206444
0.192210010400158782
0.168900600427941500
0.152700968298585038
0.209518944536155383
0.124012736601746068
0.105220738187315713
0.182250026963089035
0.194626382812878362
0.012486185703663298
0.009860933741750242
0.042641299599271112
0.094119694094969064
0.152534217749245943
0.030660873265416590
0.075540740666709377
0.117426885626729302
0.288328884655527862
0.059647602326661484
0.023847632992699170
0.291144487039167510
0.384637996795076043
0.400000000000000022
0.400000000000000022
0.119008306517152093
0.200491676366246457
0.321239645006703267
0.318436408329390908
0.395755219414241521
0.400000000000000022
0.125341609483471200
0.270957654677043691
0.090245600215677915
0.121985936256528177
0.218327369079677841
0.293160896668113791
0.133045818015066153
0.288557306207149145
0.038182453012014825
0.033876518025306952
0.228831271994898694
0.358377953412497896
0.125247433222219678
0.318104987882808887
0.266116472914428026
0.285452345361727533
0.400000000000000022
0.400000000000000022
0.179493582091832665
0.169079821765930560
0.295856103932538306
0.187451329631362851
0.366355990336675652
0.325875798873894174
0.244488533933047869
0.248804167589117636
0.258359643278800899
0.059707997009596309
0.041820187097264983
0.068547871037960451
0.160881925948919147
0.175556458725491027
0.102442209804544729
0.020651266373816587
0.037120928293508687
0.069224779456581731
0.029780167468797147
0.129299015205459195
0.270868541140307895
0.183460405949836675
0.136362275004487249
0.247089915198451526
0.170224219419208955
0.352859295870465550
0.272520622471380813
0.344642632570404395
0.176033709078711575
0.243687755295828201
0.182096542074765888
0.345452246240487371
0.052257994440557072
0.151244127130637673
0.200758273789510805
0.305876174584862048
0.085417180784114061
0.273795382621109140
0.043450619880117072
0.042440464722481093
0.139827768686933696
0.252020106889341400
0.100208071133899138
0.302930981700630542
0.178325171109927183
0.056768932389706886
0.203269144667253293
0.318341990939245534
0.147716582079496561
0.181440292348475196
0.236382593097719196
0.059751809957574085
0.191830389635843090
0.256108734559254203
0.149909782639550099
0.084761519774946920
0.155812946677645392
0.060386601709253841
0.072698937959948057
0.094357915757068922
0.208041071884669554
0.089971850231624961
0.046202422494455123
0.023394373125091218
0.024373015413788491
0.069405139955180162
0.043189382128193593
0.071538100670020310
0.061912556592876089
0.078422437105801185
0.055478324245461209
0.027520062399969486
0.068637614416859172
0.216181956675626175
0.082185388032530865
0.113514000955562175
0.168391134253624647
0.108051532348671417
0.210250881435997405
0.357017294170240640
0.071629485643240010
0.095063241759331604
0.161963872995893043
0.213148620592280069
0.072469414143567029
0.251591485584922447
0.055660803172176032
0.020951739084434873
0.077965704882340989
0.232361377159635396
0.155427506652226849
0.291654544501401936
0.088714401571537621
0.072534195057219142
0.064132223082022113
0.067323358882924442
0.194603414625548587
0.274464186485134320
0.261600789776774034
0.181198655218490962
0.231520988205115297
0.235133731109377520
0.152735074755526778
0.165378329182290146
0.201025327644273000
0.152137373346915933
0.153450556545422556
0.118744880872701408
0.193541718397354068
0.146820892665061320
0.124723912383929686
0.042303407947001881
0.096861507166527222
0.124404477956691878
0.089037272095323028
0.185088285572601791
0.036943867026675750
0.040579505895844262
0.033168114342223248
0.049754856116173474
0.134472461702113466
0.185727485118358182
0.089466843049415740
0.099419943859086063
0.062047365738141833
0.055300545784455153
0.067305059323238992
0.308742858184049229
0.034983058783840768
0.096807059082445607
0.039935975197571930
0.046584108141100346
0.084617104954788067
0.361859156056716980
0.036514638918418427
0.015945832931970633
0.064393757010281813
0.124637220318709066
0.116303620015834469
0.238509906871001098
0.053618380769083193
0.100686037546240725
0.146673651955933321
0.105244985992830012
0.063235146829032390
0.235808414803040545
0.209450517249536172
0.273211153740522406
0.104597380831473713
0.064808788500115483
0.092836699259525965
0.097786870411524549
0.238140658145997053
0.400000000000000022
0.400000000000000022
0.139108324468784184
0.269322441087463227
0.058989019639577034
0.321055319445451848
0.102033274081422293
0.083032672833866825
0.141670636113340048
0.244835528879250142
0.400000000000000022
0.098882954895685021
0.054466512210522983
0.022998968427637576
0.043887607668120249
0.086445185947365916
0.332901298422333791
0.076537208998110826
0.047445761993740156
0.105233492087988767
0.019481546670786186
0.043649947717141035
0.171288914441509815
0.055518828150073307
0.082279734380560549
0.079233045993069864
0.076086373656682249
0.096901953043606173
0.178623325441534975
0.241410070167197177
0.123387256706159992
0.107811200805050328
0.193365430320695447
0.141853411083137315
0.122850718028195804
0.025013268365684252
0.024262087170468891
0.000960356375053907
0.006347712321707871
0.020267847118055717
0.179004039075384758
0.117513768758303383
0.083409653160207986
0.124553982510494571
0.080665091625732488
0.092314448967624557
0.082943804783905228
0.106152272463941003
0.400000000000000022
0.258599076664704941
0.158488591152451480
0.139813275187348318
0.025090685836670613
0.400000000000000022
0.400000000000000022
0.400000000000000022
0.400000000000000022
0.400000000000000022
0.400000000000000022
0.155096708224874591
0.384909648867787335
0.381052637451087195
0.205024784554450140
0.271544150551915109
0.348667407649266126
0.117507737822354366
0.089677896092527423
0.205594126830932533
0.055931815011929530
0.095053063759255499
0.242881069512779629
0.390745207617648804
0.400000000000000022
0.400000000000000022
0.312623513679730070
0.159979509670561848
0.162055656820844496
0.400000000000000022
0.400000000000000022
0.400000000000000022
0.360501206411035002
0.123465745723256221
0.146942155948753261
0.120450368095780580
0.156842465785693524
0.053138746537755480
0.019769935196159723
0.058598982532554834
0.130417731231316614
0.143275735072267763
0.104878102391181893
0.224787845162616406
0.094658434720358495
0.060344973558697113
0.147682202838540388
0.066640763953518700
0.090213600141652833
0.242944309468552028
0.317393973560525622
0.087538771289296644
0.056974405671417309
0.280915755848800297
0.181260822152625511
0.078044885566697475
0.261952299760167540
0.363084781490348729
0.396838087795060135
0.092589035259863409
0.087044519146630084
0.097823463079338868
0.066966879986381886
0.169484151984373832
0.170638991732993239
0.062259618192968352
0.071187546249887074
0.077521166641542294
0.053686419218528916
0.095557005977870535
0.167097071788143425
0.208257077232059884
0.296858941606718330
0.390990931317234947
0.400000000000000022
0.185520473365971439
0.150796480775766767
0.284471730855809457
0.357603775414964298
0.400000000000000022
0.266449775878452699
0.124752188033391068
0.215108723417616748
0.090619632015540741
0.135119116759396141
0.155057037111671570
0.144833830096591010
0.167709280896633339
0.332918010456510038
0.221387180546166989
0.182851706959509086
0.141252836937589443
0.086424587269815237
0.096842283975767843
0.207456529533142114
0.066771311698006847
0.033034125075358231
0.135281288682883777
0.150895698618785573
0.063259331360037474
0.209606855590460744
0.194145762692950807
0.093659174798608677
0.035642025302610257
0.073809192577148797
0.121709353269221748
0.276331192757318489
0.269359862531482364
0.092485364835075315
0.035150293110179642
0.068649869842859951
0.124879924788217855
0.195093654296214447
0.162270760512300494
0.162271194906827843
0.094947959349229505
0.116502541108747512
0.106290254226093062
0.094890118246050120
0.245136856799197445
0.144791708722456725
0.183771185503754819
0.291471138434256427
0.158621202047753346
0.226509693990289501
0.161874959059630508
0.067833634382643920
0.126045813806539009
0.219974059711714354
0.217391738858989630
0.221165231910888799
0.235763991398728806
0.233592546716161975
0.236883959442517611
0.124880739259061915
0.119577809275105321
0.257982799606019775
0.197771203419980224
0.080870491555394192
0.175183963865203879
0.053376565290450345
0.116397703136986178
0.284803930172474240
0.259658596167345657
0.047113408482277637
0.064269896603331544
0.074718381035399892
0.090996170972818952
0.154289049878955364
0.098022069714156029
0.054490524287140005
0.088756956428485370
0.123506430734537667
0.059125074375897500
0.328298979477856467
0.375273140283991280
0.119631483633555677
0.123561163577335528
0.234872834663733987
0.144900026155712652
0.234968138041151270
0.345393888813300798
0.144262701103050062
0.262269571173126159
0.355429842997039280
0.198962110178418528
0.279645148870102722
0.277554658847716962
0.149324603335205558
0.236352830950393555
0.315169854426145313
0.222974669939188685
0.221568360208201087
0.170578017813034610
0.076655792713902465
0.126286414772808470
0.186121635939624108
0.166576233400193396
0.313375325070616884
0.286877487124200470
0.270661982451062100
0.230991714723704333
0.150748986533255969
0.214820807839177980
0.386934305952996715
0.312339228889141507
0.217374875133701018
0.297556659763468234
0.175113113583729496
0.155981127618879195
0.385564872701102290
0.333596012333584602
0.040607165882991653
0.017884567279688988
0.070792900984049612
0.127586479427617666
0.206210989315129378
0.101847323639657969
0.190090275852597690
0.219449892431081262
0.316615129478116986
0.081067883412323877
0.047051486215148583
0.400000000000000022
0.400000000000000022
0.400000000000000022
0.400000000000000022
0.224637381830181088
0.203986300616319283
0.400000000000000022
0.400000000000000022
0.400000000000000022
0.400000000000000022
0.318324261256575924
0.311782517491348499
0.301456652331083375
0.181368903834278006
0.395475848744408109
0.352235447566065729
0.374694911655594098
0.390246423742457882
0.121676811723875733
0.076274911279922142
0.352211456075562368
0.396769704165080728
0.400000000000000022
0.382135654604494113
0.400000000000000022
0.380303999189881392
0.400000000000000022
0.400000000000000022
0.291770287647616755
0.298615278156999953
0.384700789182193414
0.282792209251375548
0.400000000000000022
0.400000000000000022
0.310113432661176691
0.393840820630782962
0.400000000000000022
0.177663163837560839
0.069809771984957039
0.117962459737623981
0.212143064773839485
0.313421196054581186
0.133141209221355250
0.056439244187456473
0.115661673976678384
0.081883690040921026
0.039143246930852235
0.153041283010815959
0.400000000000000022
0.394162023441927301
0.400000000000000022
0.345217896444504291
0.223147842482712938
0.367280984382414355
0.400000000000000022
0.400000000000000022
0.400000000000000022
0.347058523309585643
0.293907448188559905
0.389893122795030744
0.135933125604022348
0.198646371933504706
0.388654971510352887
0.349174561123094418
0.330209631034687090
0.352362706504746603
0.184774991215202355
0.083701631972171564
0.363477697714881920
0.310962478259017183
0.320719097668642650
0.382489963336058669
0.400000000000000022
0.327343615289062528
0.400000000000000022
0.352281696206405703
0.311893874098494284
0.400000000000000022
0.400000000000000022
0.303495069575573317
0.397177790753415749
0.331934153652954422
0.208949933380410097
0.374362199423296960
0.400000000000000022
0.201373946317200681
0.118366781547312769
0.151427967792652690
0.295688538710781768
0.237607394839793623
0.096538769965837837
0.050065969112256130
0.046309547672245890
0.078501919536149878
0.062326961355681346
0.117861361525037026
0.171890069515005073
0.179678714690755498
0.202588988272331683
0.046242146002941117
0.129895868253706803
0.241258843299756665
0.190484281412625217
0.242975697845078997
0.391187608515215834
0.160792969120323148
0.275205283990080929
0.366912197673657570
0.171671721639074987
0.150798947145344669
0.288195057505171104
0.263135908751518044
0.273359397190689968
0.281141284285337356
0.199995042530663580
0.090364128575419644
0.115196915649926734
0.249136184018927898
0.242033184236973786
0.384712759554323269
0.296587069750866350
0.242588881596155381
0.350162409367390071
0.124415349535561728
0.267090726060907668
0.400000000000000022
0.390060120479907235
0.389958271304769566
0.324261050870087220
0.278289387301299207
0.265961342646972854
0.383551065072526343
0.393873644667389278
0.239590691737365524
0.188012559323079781
0.186106199919058968
0.352961721407227147
0.340512543170603532
0.134505469744752360
0.056583960297373878
0.105579121060275241
0.141336023361683105
0.124324691982803173
0.230371520995127144
0.136775595230522629
0.094730979137156057
0.083503572385397518
0.071121507384531879
0.192307225913793206
0.209609019401710006
0.242880581155784286
0.167383190646178126
0.205443609274850614
0.116798855910762972
0.123246072472334531
0.344713155535658844
0.208723409947950356
0.220658798695350794
0.204526505857543256
0.110055592003027586
0.161122879218938170
0.386870997279449180
0.125938655074572026
0.060904155475349400
0.099014923381315151
0.150834992127161310
0.182665130178718049
0.320041497884713477
0.228154105801619655
0.301533600497772114
0.203791677534315291
0.143338741653002616
0.174455329398838899
0.327262951524764867
0.373829532240331885
0.400000000000000022
0.400000000000000022
0.125732801852127596
0.201824266490961385
0.221897375375868650
0.341352272507173538
0.400000000000000022
0.400000000000000022
0.341272572952051101
0.400000000000000022
0.160582330988083055
0.345312246328855099
0.107905037424923619
0.087881928865675252
0.154224721268207604
0.288911320338540056
0.400000000000000022
0.153969344975111666
0.108278577481642838
0.066764095914363386
0.058806360967098570
0.170560285932796096
0.386688262209138323
0.080203082033327183
0.081686174934488306
0.184844519817816466
0.040986535679306955
0.092843372863240334
0.222798880452177994
0.264657734242113307
0.203078393989259892
0.150677180539056654
0.142734277485922767
0.126845871339551108
0.314778443472599423
0.390053885702442038
0.185166476387816192
0.135875010536469387
0.211810528248697311
0.189399445083663964
0.281854105001634048
0.146218201715730522
0.213987359229698304
0.033150589203024466
0.017664133535870739
0.071482727199415397
0.256822710080415517
0.204266773916442629
0.284111217143129979
0.396661833738806369
0.166033665223032340
0.122685578023598973
0.202367747212004234
0.119734717530477319
0.400000000000000022
0.400000000000000022
0.400000000000000022
0.342236058230233231
0.236961485644491682
0.185727204328671180
0.125419057422733321
0.126302915466950522
0.192464970994190882
0.229782222688222487
0.341030552084011618
0.293875111178436010
0.256083826290882943
0.271163306402360749
0.230106266998742981
0.341903888599211059
0.366855720475229241
0.319441746457724551
0.236238776367767467
0.327771328830551656
0.277176238578855705
0.301287737546775958
0.315829771716175878
0.259260370440173582
0.212379475454645833
0.343248423620938659
0.436736012459496670
0.328806194769807270
0.331577609767930270
0.254643575156023705
0.181881392738952458
0.284986515557033138
0.364667065953326708
0.338659067500577671
0.351584613531259138
0.291463356537798701
0.265136368156627444
0.314378500450272103
0.255984816498561862
0.313800882388588664
0.373753598627545314
0.285240452850369641
0.282888010555898295
0.395969679778498451
0.295332661338642999
0.230942320218536529
0.348076790567400374
0.300737096938545945
0.210564722798549375
0.258279779717412006
0.285254586371883112
0.274564612790656526
0.232271771864199034
0.209018953232673221
0.144957762886162717
0.124469319831986031
0.140316051657607577
0.128011457506057774
0.289203733908332650
0.291388819277417388
0.287816162612272330
0.283604984792831971
0.171779527927482273
0.095362769724430502
0.304139401685900201
0.254425706540153118
0.259569070792134926
0.329547183003387367
0.196541078042387435
0.122461040916081981
0.241037067021708351
0.233078576164247459
0.239879685495400008
0.287198473214744843
0.242629907594272359
0.172542601952678482
0.249191655902216702
0.259570708370338743
0.202620679011441901
0.249620011592615210
0.210580124019695725
0.171544751327767531
0.295721418225188937
0.302735076886400722
0.296188253395357370
0.286602722201208304
0.161316232218816330
0.129554130399642836
0.368166767857133037
0.327972308344878449
0.291844607916367849
0.320348856573727025
0.175187310249225625
0.113373628840786306
0.265295196879428263
0.328352591633577939
0.224366324795606198
0.227310292947748960
0.181615602623090594
0.204933914092752661
0.146498295974798493
0.224687047242179722
0.149281729551077769
0.167807846153369133
0.284912905013255557
0.218680376382108022
0.292146957368550675
0.286930924812338672
0.229154963670712336
0.267959015201630346
0.238016400827647495
0.249527528373267443
0.273885319469007626
0.295470024639782947
0.206693605833571659
0.275662828771784940
0.227295952032005227
0.333367820677656135
0.338357325015649635
0.313912141379437959
0.259533569769022643
0.361455685068217347
0.393399105083367340
0.355072797264063600
0.357584990133635816
0.262941537994611063
0.187829951413393342
0.299819860926084258
0.365794120802961031
0.319098654015900263
0.368293903446441639
0.271822037579914411
0.236045541517505675
0.296225107153894662
0.243096436875676586
0.265628747210363614
0.370520787796612516
0.321950613494565330
0.294381721836524446
0.379655693008780937
0.303697955665733321
0.286034905303724385
0.333569008875307216
0.287890458352096090
0.213256277909594505
0.269283998563873139
0.295572700879786487
0.404678333650501376
0.304704781481753395
0.264943646687126499
0.172456439222527097
0.148042472930820762
0.189168036742690671
0.185505758728620213
0.273233417759028929
0.335154157872675718
0.282129052464172803
0.263936208786780757
0.169521647572776879
0.099485563959612805
0.216359188186938056
0.293369060980200436
0.236718253129323236
0.294227966953403919
0.169865096723701203
0.095906999476972787
0.271462241065434651
0.246062410937315179
0.280508976908956598
0.363743001275208533
0.255499962803547143
0.155260913773292125
0.277100769325105245
0.241148498577863135
0.208838272590661872
0.258559092634278953
0.223712995443631851
0.172259801595544243
0.275879034444414639
0.277157070141100859
0.272377480496054813
0.260328814225021965
0.151899148302631321
0.119228261013320486
0.311648828282374946
0.336803623590676171
0.323337845909848265
0.335967216439648719
0.166221966372853053
0.118090819689536289
0.328582853264541619
0.323957270382909945
0.217776454407248937
0.231480559352237159
0.190638779137864478
0.213814225141230135
0.232238164634685634
