0.400000000000000022
0.342410838138145879
0.400000000000000022
0.400000000000000022
0.400000000000000022
0.400000000000000022
0.029967156726971946
0.006288710159962651
0.017228144011182830
0.018935534830255452
0.061038609001426110
0.084279095507436369
0.047921843188073410
0.022928187258507458
0.090957154600136064
0.077237633144764034
0.033207811793908547
0.051296663010961523
0.014689537274632909
0.016879040786487678
0.095590784986861604
0.080031040107200135
0.063612493200481721
0.155454004764055409
0.006733838896833495
0.001901916960610428
0.036119759730603891
0.034946783365167398
0.053016026304621475
0.255618523591695401
0.007621517648058461
0.010216728116764670
0.081480207579747527
0.056830562873609117
0.045119887429207216
0.070098943160831789
0.008935864567517009
0.011591488296290038
0.144310184682218456
0.169603330208262737
0.034326330811244268
0.226537039341912355
0.000487675447932832
0.032893689692863944
0.116626398889581193
0.074528406681783010
0.052339556373342019
0.092480669250030414
0.059907612850690642
0.064466923056430883
0.128700272947741612
0.210189274816604404
0.174438690822628750
0.266926022587216871
0.055255190524760418
0.008901203956093395
0.012779936327402900
0.013640593199511834
0.072210997156572282
0.204942314229193956
0.046938217659732218
0.028155521648976587
0.058792763384757141
0.027005409290707823
0.028042682823130671
0.092714637258198257
0.009337874156573446
0.021154232680913508
0.048363196450256704
0.027781715723017193
0.015955286457827639
0.081195260981385034
0.011633375433567777
0.014174621907922189
0.036938666761494404
0.125004052776282237
0.042020743356384380
0.066615434581420344
0.032733490265147672
0.001837468654326663
0.047382710951331536
0.127063452569923102
0.039526585215868749
0.074604071084462209
0.033203133533050037
0.011776699194801453
0.146373940172452727
0.127511307333707441
0.040509422531823269
0.136912782111865777
0.015184249935423250
0.042510749039900299
0.134091585867867125
0.071025841089319919
0.128844483024436907
0.115437475987931415
0.086696539241600368
0.031788847672404801
0.062071518993256462
0.074628300666000180
0.056848055025934645
0.327777167686130022
0.046913585863425616
0.015259787362103691
0.034097566294280048
0.043794622354007745
0.115960102500111267
0.161341488942158801
0.076401675540048758
0.036945773702299754
0.008622723640781794
0.056087143630086524
0.090417612777129244
0.151414028279341889
0.023691993638902641
0.021516375215749839
0.067274893129306096
0.056626138347990053
0.133151141106568366
0.335052524651768380
0.028770157379356932
0.053955168313871163
0.026452865755351343
0.034913961399150602
0.122249875657317278
0.160469827015155303
0.051054842660815829
0.013254945378482177
0.099052859973965207
0.190473422390649627
0.121111594275132378
0.111290162449388025
0.023643048855961031
0.011035866391815330
0.050526952076431694
0.163270490141797175
0.178095572076917508
0.323197135624426202
0.022225309960757764
0.065082371604788705
0.124846261162962283
0.034582908726252928
0.181720195533487755
0.329425085692128694
0.033971513238941438
0.024860846225716233
0.138273079723973680
0.131547613634957816
0.134011241941581621
0.191374168277495982
0.068379812151270730
0.039888785251884933
0.054880798863239821
0.096499964302463048
0.117648399576597840
0.192540621216616914
0.091092813490809152
0.062775048825085819
0.043210119097510047
0.062203487880291328
0.191906190329150517
0.272838983859487128
0.026111956095607586
0.063395359796564354
0.060449461618445471
0.220137260731432943
0.296205442629787374
0.376123628450977576
0.092925769703788408
0.107420177423393798
0.099612251685877451
0.151279125773393808
0.206877951330132537
0.274985800968615690
0.059614599318257418
0.039424376714604595
0.071260663038429178
0.105793865388468078
0.158810288791798093
0.108794738659027140
0.022634752278824128
0.066908926304389299
0.207024821455799951
0.098158961713656165
0.156770809016237606
0.325620502586630722
0.030866920953561021
0.048123724751556858
0.221509047123900876
0.160152911992738511
0.148767551393304914
0.347254187131416925
0.400000000000000022
0.180274162677223460
0.287448209117735387
0.146990474075445965
0.226420758979687775
0.158759126006204121
0.400000000000000022
0.046217998250217447
0.208143313832315685
0.188414021958329458
0.293254007056489741
0.395847467587353563
0.400000000000000022
0.039778376153961126
0.247527835393791695
0.255413093717732076
0.201539858361583696
0.261585323943742176
0.400000000000000022
0.159651506968553902
0.100094471416773301
0.136880800611606818
0.154896898059516119
0.302685657953072396
0.400000000000000022
0.098072925976986011
0.087430129721155186
0.114956553688030427
0.325606318576966203
0.333605184931125065
0.400000000000000022
0.092041205880769889
0.098764983103145923
0.166873024390781333
0.400000000000000022
0.260372721308968880
0.400000000000000022
0.255007760578708720
0.253426477833428254
0.155832208372891967
0.378203160556068729
0.365416711034082020
0.400000000000000022
0.223000929747380061
0.266495417782512733
0.174986165452785919
0.297858173996450926
0.400000000000000022
0.301075188779611425
0.211609449231880464
0.306198470414054069
0.095060494981630370
0.182313212766701843
0.127661622296742189
0.395014298288926424
0.074500707225552493
0.339308568956792234
0.199663502420522609
0.276630377407323935
0.172594147678642895
0.278105095153623638
0.057176824369102847
0.164010521801160464
0.179727094861055814
0.210357554141433839
0.133910075290320341
0.267433253251366188
0.049829956547317901
0.069107030610862388
0.291858592640339032
0.090071877839681430
0.114952915396479949
0.400000000000000022
0.094298940672615433
0.096413553112639189
0.154718133464587349
0.185135161987185992
0.106626052520861492
0.363505328218217683
0.129141671768707417
0.099308316891745851
0.099288408380390242
0.175206980689245617
0.054040516633258484
0.400000000000000022
0.112018717584307620
0.109364775286341462
0.106465908680418900
0.181259501292305281
0.127251242041356682
0.400000000000000022
0.095907772712819833
0.186387316202047154
0.073145924641935978
0.193776378053852671
0.184987394731125021
0.166237309930280241
0.092917262160155167
0.139482515912334154
0.018934707614575684
0.058980863966287794
0.105004516152577804
0.051562907618821582
0.033955122214411645
0.156714859796585809
0.091080484734428813
0.065793024434216696
0.180381702442667990
0.061347918850670202
0.039011555972141232
0.105955291004893093
0.106302813434305754
0.069142003605553129
0.142014655815089486
0.048291067990813799
0.051305164004148217
0.061716658356608944
0.140524249705507559
0.073812697074911254
0.133535364027746850
0.124302473142701084
0.056711967109985037
0.026220648548954621
0.202896793569476819
0.117542234278573396
0.106909427232372858
0.202686004085682631
0.094832668132471445
0.037019693223823244
0.071002290399216628
0.146784149765338767
0.093642418092900873
0.090799554704209723
0.117207948053923150
0.095185153517611421
0.086344689088060020
0.075610077587325061
0.112782777865730655
0.079823465698688686
0.060251794554515098
0.131951727922861473
0.172621566584350045
0.152347127398106963
0.119528379767010237
0.064354420846121294
0.019511603744388675
0.045591936072364496
0.034903462043178748
0.016037257746785962
0.058854742676168900
0.011749333448109231
0.015776956906678522
0.029675245230631902
0.014084350365572335
0.041538630553481462
0.083005991424533063
0.013726556222517443
0.025234578878298608
0.028197201838311106
0.047943377111372476
0.074879450969730157
0.176803252163530267
0.035069935504609337
0.035618874208646650
0.063701266901937892
0.112689432103639409
0.059690057145081583
0.071794128760131859
0.024406223804849036
0.032452586036588238
0.380239962207859217
0.092395269048544726
0.077335911015855047
0.117217361075713844
0.014914504186796754
0.018647323050727610
0.148900667624677296
0.178838481899152218
0.063196905241598156
0.147439903622727658
0.042410866652383659
0.026839220691115998
0.094909560136348187
0.109618558416782114
0.047120398581287887
0.127994078827680768
0.023028661639706176
0.018488271200323404
0.068986222162798178
0.068829739125745359
0.058550956967388358
0.100766456014185241
0.020091085670132357
0.004243827377111700
0.023287866832629636
0.029542858876617097
0.077883174345085696
0.082010108896701878
0.009728368548211127
0.017047398933306895
0.065735748792553353
0.029697186830512579
0.061414776409596770
0.063599721120501537
0.018524247234382160
0.010339451219632872
0.057989466618504890
0.090435231072923075
0.019288468700602565
0.081354021017000552
0.018604121149541842
0.020045937077531224
0.024705297742697734
0.036194116723961292
0.053427070432918319
0.112743202027520945
0.021784973489682082
0.044803206405863438
0.254776486293538662
0.130716706944086603
0.074812884696667512
0.095429532896629518
0.012999489883507468
0.014281287677316016
0.036668227964081555
0.034417193955603283
0.027517050251227575
0.099560886618227748
0.012682320730462784
0.026216825303358549
0.056748847994168322
0.053752233113265990
0.052377321863137621
0.114544269268534130
0.010900300358315412
0.035134327510712313
0.100611288742671112
0.080374276078008955
0.026805202572103903
0.046064806006606625
0.013276451076674214
0.006350924760168878
0.013385765710366600
0.025967101726483890
0.036229707866271374
0.061329155059848581
0.007173504856109963
0.013500964538941257
0.022787019102422364
0.003542222746372875
0.011887453746240634
0.070925389936150579
0.006413038137830692
0.006979957725860844
0.023747568851123974
0.027575246099792200
0.036618828129595417
0.047435242388493164
0.009253036636991917
0.018273209894857253
0.109827851729274839
0.010093775887534651
0.048808222047538104
0.077290288179683087
0.008483701145459203
0.017411710698664838
0.064347200571455473
0.026603508653618921
0.020884433495482288
0.097533477786860834
0.003071383875267467
0.038429496011815285
0.206351381526353017
0.077669821739415612
0.013287656906462149
0.156702426555954039
0.011834409766412427
0.040437937471899353
0.177191039085232815
0.120328207566250914
0.014930219793015981
0.172026719592648564
0.005099917377708653
0.024699321543381191
0.073007440685258468
0.193018759179838101
0.082743359024146312
0.038925208768348554
0.019816303191078147
0.000000000000000000
0.006005408153719429
0.000492018319983694
0.003109743307862001
0.017787968712036854
0.005788937475227735
0.005546107538720882
0.063418169431488078
0.006269883623341807
0.017600872229570876
0.032466379460160281
0.013690480801444829
0.004821472012469330
0.113507743671814154
0.045746806483605379
0.062363564315180461
0.102816084089425511
0.012512401697132958
0.024209743839729330
0.070515121944521947
0.054817211487727162
0.050405285611489825
0.070710724304946709
0.021166498244667348
0.025356389822819538
0.067637486113690137
0.100241202616912550
0.075174366647687452
0.096525959306218587
0.002545414197562031
0.226724028317294546
0.400000000000000022
0.281580900128228173
0.147972349438280637
0.162593850098527865
0.017970321213885608
0.036495091732243634
0.152776991977908588
0.097830787578679204
0.101160016559328991
0.123204129422242972
0.011648617757857711
0.037947071525902043
0.116358452337731927
0.071430640625906414
0.107300163901399626
0.019082573387529986
0.000142639079440384
0.000195369388469831
0.000000000000000000
0.001311463898213491
0.020034993428351924
0.055398048751990683
0.011156949641118729
0.012393347842591544
0.007725780585747692
0.060242719943662926
0.041925066568022598
0.180987734134643030
0.008222133361279757
0.011398131448410223
0.023184243694478111
0.139698802044131765
0.034302666494501519
0.128297160280511330
0.023732211479011018
0.252942927748187829
0.318811636058997872
0.074487994404820956
0.143319112479615873
0.225158311449632165
0.005779487589354070
0.068278055450441744
0.122037218041572831
0.151061078888663547
0.121694955259820201
0.200478094514249167
0.025204757874229048
0.367402189547834324
0.400000000000000022
0.138628624017498425
0.124153383767545866
0.262210112560101516
0.019273385484605280
0.107616245565587534
0.179778942787637730
0.036889811643375112
0.133951062756707817
0.181892418503836334
0.014356354164395548
0.018768789066985311
0.062847590659878660
0.051376129725521594
0.142731299188608551
0.138269997363007713
0.000000000000000000
0.001319329913377620
0.015340841162478656
0.087127557962384819
0.196769121661094754
0.206353254599538766
0.019885324181586218
0.017085143580924705
0.009706998931970053
0.080754867013779333
0.287747110239134463
0.302966356072481346
0.022582919770970343
0.025669096017988689
0.079753085532506693
0.055925867477330221
0.157150473635103760
0.126139760593911215
0.023149009121043611
0.184603181964385743
0.330507254999474531
0.120188914316593801
0.177332301914159968
0.398981892123391191
0.016124616366327341
0.081987001123567438
0.086857763059167398
0.087441306869522256
0.183227737558734727
0.138561484315154304
0.056087939063241721
0.363316939597253974
0.088325333893136487
0.101699632444742866
0.191452987300905098
0.139750422716630240
0.031451186086943611
0.276154842696107794
0.140998165418054794
0.111132469108574550
0.194423479378256603
0.176904313594495627
0.029708853628510480
0.075594492430440682
0.140026290768026918
0.150651143147424060
0.192748738059683955
0.144989318698914127
0.008299762303727792
0.013161366047250402
0.039379752229394764
0.222556227280493513
0.222075657737465126
0.147923964704527316
0.095362135972684697
0.159033948555130117
0.163098390811924204
0.229941222642892046
0.325783544648295786
0.103969258984466448
0.076673256956154151
0.131883322053391955
0.306368026475983990
0.313744215907207746
0.396488070550613747
0.236363083527661388
0.044466067580194411
0.163977217677848147
0.376835825072221353
0.347567134390444732
0.294546918767788823
0.196166447972180802
0.065188373843566030
0.185845774797729651
0.262864417463147815
0.261513738723586797
0.309861427686255464
0.163622263393076894
0.076501858106809345
0.182278407836514972
0.070041407260328856
0.233307248996173111
0.179797894464545194
0.211341191007414275
0.172923803677966226
0.199875389939614595
0.067814282137652740
0.240053973773688645
0.337526141589601980
0.100729080104537086
0.160243187603053450
0.400000000000000022
0.321062574918322519
0.348135998636646293
0.350025833246057294
0.141234882202860068
0.059010768155953623
0.384246595561667403
0.115637753156927703
0.269537136485883400
0.213747521707831428
0.170678752076791729
0.032735795745638542
0.400000000000000022
0.335191979940249019
0.399039566009351754
0.337035660852874619
0.128361608911925135
0.035498313037243420
0.400000000000000022
0.400000000000000022
0.213854270228661492
0.301568139672105717
0.164085810838635632
0.045555016424345660
0.254413631821689079
0.400000000000000022
0.214256841756840483
0.170361640446091395
0.075771201903071961
0.049593766977433076
0.392439977855854938
0.311100977272726509
0.223621083500019247
0.204325844465159612
0.176369506965129874
0.067644802156427861
0.168926585244409788
0.088071757965482750
0.248654861199730043
0.192829091819138876
0.136334675572899494
0.114559090168368433
0.400000000000000022
0.129207802108965181
0.196478318750948761
0.338571995295782080
0.308425730891984773
0.093174568299678628
0.385001076870901460
0.233373496870443564
0.325436663212433197
0.258017580887397846
0.063496319298229659
0.162668034045407278
0.400000000000000022
0.094229755382896865
0.151792357464894972
0.078944611176166898
0.137574184756912243
0.028295838376144800
0.365955489212872298
0.252536975878607239
0.124966120353623339
0.077597239043872585
0.078060025773720662
0.030406321653527624
0.243118036387650172
0.400000000000000022
0.089483252359597698
0.026192607463121305
0.075378421588095171
0.033725635993146340
0.088760296328507543
0.258369531782012885
0.186857896633595921
0.115813578517066681
0.073971292106395095
0.017544271487059615
0.346196607235004838
0.400000000000000022
0.225800335715911432
0.134308824988234349
0.097127605937924411
0.008538626905654512
0.093342284039224815
0.365411353918270898
0.169672263242135246
0.137239718667271443
0.102121705166032029
0.037645224250164137
0.400000000000000022
0.130482578777474878
0.160139647275966523
0.162958058576030795
0.115345149102243388
0.081943615214471979
0.278251869051542255
0.089124475379915316
0.065608932269651504
0.126341942568288429
0.033891440324286828
0.056744673859403988
0.389357780629185801
0.100083558846884191
0.121075348807383493
0.008728957166171556
0.191313020964492625
0.034031620717736910
0.331513512538714084
0.274306325191183975
0.106608770704081035
0.043840220045661217
0.070611918357117456
0.020656508418615528
0.124380636060510488
0.244579839473786032
0.051086041261053969
0.051374500428902917
0.045311148339267818
0.040652980669300065
0.048092680187385703
0.234485147585671516
0.090649521603786920
0.082138158280185447
0.091032356975505130
0.022914584225567587
0.108522566136589296
0.398453354793558367
0.120234652083059460
0.051338615946159780
0.117245146808531653
0.019881085103321212
0.045904290098421570
0.316373878775394357
0.099053822315793280
0.087671877230261180
0.072952305699138659
0.021381191046805588
0.006807848729605207
0.102049133961498367
0.101639262879966413
0.095652189749888830
0.074573674787848210
0.028362381052548426
0.034073698476277073
0.091133321282459573
0.046124068460002193
0.058915756630631089
0.046816458854211526
0.050666881790665738
0.056701551464355682
0.101695113084142599
0.240186878484041438
0.162471189205003474
0.187121635969839523
0.031845563675341373
0.021210373804530544
0.045164469536202539
0.027075129882582726
0.028745474233593415
0.056017035597931038
0.038081764872791524
0.072035713496454157
0.026471769283717327
0.019246729098178986
0.036465941862556750
0.084380651291390427
0.048674840701623111
0.028982384992488543
0.169117290189991165
0.103059972103193176
0.111428367602944778
0.114673374140755596
0.021094818879209335
0.017278754720203633
0.075957873463553954
0.109960160788784331
0.107448949979092254
0.138835832921557240
0.022695933246462539
0.005639690058794883
0.184626618974601975
0.072455505607587053
0.063230572954617426
0.033099337311307868
0.026389877695408320
0.014057727921097170
0.234451401525924863
0.207866841528724755
0.008117012870661591
0.102109685799033012
0.000310833328163701
0.021025073626231208
0.048196200301619085
0.063440833151086895
0.011420552088486252
0.035255479689373641
0.400000000000000022
0.346843599659755863
0.400000000000000022
0.400000000000000022
0.400000000000000022
0.400000000000000022
0.037140661583081915
0.019789674698903907
0.040015163113605194
0.022477757576628326
0.072926062747666748
0.155204485443586948
0.054334881325904097
0.029908144984368303
0.114704723451260024
0.104812879244556220
0.069826639923503950
0.098731905399454686
0.023942573911624822
0.035152250681344928
0.205418636716136471
0.090124815994734792
0.112420715248019831
0.232744292943738496
0.015217540042292700
0.019313627659275266
0.100466960302059358
0.061550292018786326
0.073900459800103763
0.353152001378556180
0.010692901523325929
0.048646224128579961
0.287831589106100516
0.134500384613024743
0.058407544335669359
0.226801369716785800
0.020770274333929434
0.052029425768189384
0.321501223767451272
0.289931537774513637
0.049256550604260256
0.386694594470366915
0.005587592825641486
0.057593011236245134
0.189633839574839619
0.267547165861621083
0.135082915397488290
0.131405878018378969
0.079723916041768789
0.064466923056430883
0.134705681101461028
0.210681293136588094
0.177548434130490734
0.284713991299253788
0.061044127999988151
0.014447311494814277
0.076198105758890966
0.019910476822853639
0.089811869386143162
0.237408693689354244
0.060628698461177050
0.032976993661445908
0.172300507056571267
0.072752215774313206
0.090406247138311135
0.195530721347623782
0.021850275853706403
0.045363976520642842
0.118878318394778665
0.082598927210744355
0.066360572069317461
0.151905985286331729
0.032799873678235121
0.039531011730741729
0.104576152875184542
0.225245255393194788
0.117195110004071817
0.163141393887638930
0.035278904462709697
0.228561496971621203
0.400000000000000022
0.370685386227532276
0.187498934654149352
0.237197921182990074
0.051173454746935652
0.048271790927045088
0.299150932150361315
0.225342094912386631
0.141669439091152261
0.260116911534108763
0.026832867693280960
0.080457820565802335
0.250450038205599024
0.142456481715226346
0.236144646925836477
0.134520049375461415
0.086839178321040766
0.031984217060874627
0.062071518993256462
0.075939764564213669
0.076883048454286562
0.381186940453939971
0.058070535504544343
0.027653135204695232
0.041823346880027742
0.104037342297670657
0.157885169068133879
0.342329223076801803
0.084623808901328521
0.048343905150709979
0.031806967335259909
0.195785945674218309
0.124720279271630763
0.279711188559853219
0.047424205117913662
0.274459302963937668
0.385919071756368803
0.131114132752811002
0.276470253586184267
0.400000000000000022
0.034549644968711005
0.122233223764312907
0.148490083796924160
0.185975040287814142
0.243944830917137478
0.360413594680025984
0.076259600535044866
0.373472153683380770
0.400000000000000022
0.329102046408148108
0.245264978042678217
0.373500275009489568
0.042916434340566315
0.118652111957402856
0.230305894864069410
0.200160301785172273
0.312046634833625325
0.400000000000000022
0.036581664125153311
0.083851160671774005
0.187693851822840929
0.085959038451774522
0.324451494722096279
0.400000000000000022
0.033971513238941438
0.026180176139093854
0.153613920886452343
0.218675171597342649
0.330780363602676375
0.388068047708293729
0.088265136332856944
0.056973928832809648
0.064587797795209886
0.177254831316242367
0.383456508721557621
0.400000000000000022
0.113675733261779502
0.088444144843074501
0.122963204630016726
0.118129355357621563
0.349056663964254332
0.383797865416822370
0.049260965216651201
0.247998541760950098
0.389525723022039361
0.332839747007774522
0.400000000000000022
0.400000000000000022
0.109050386070115746
0.189407178546961208
0.186470014745044849
0.238720432642916064
0.387496053925891037
0.387148953905836812
0.115702538381499132
0.382459124788861682
0.159585996931565666
0.207493497833210944
0.350263276092703191
0.248545161375657353
0.054085938365767743
0.340348052503816723
0.337702346670320841
0.209291430822230728
0.351194288394494181
0.400000000000000022
0.060575774582071501
0.123718217181997520
0.339212910786918675
0.310804055140162572
0.341516289452988842
0.400000000000000022
0.400000000000000022
0.193435528724473838
0.322906405649668993
0.369546701355939422
0.400000000000000022
0.306683090710731465
0.400000000000000022
0.205251946805347529
0.357965119175766289
0.385385369472158235
0.400000000000000022
0.400000000000000022
0.400000000000000022
0.171661698207353108
0.400000000000000022
0.400000000000000022
0.400000000000000022
0.400000000000000022
0.400000000000000022
0.323628724646401966
0.400000000000000022
0.399387498985097122
0.400000000000000022
0.400000000000000022
0.400000000000000022
0.283918700774715649
0.350294547184302973
0.349681526585161884
0.400000000000000022
0.400000000000000022
0.400000000000000022
0.274319613717284860
0.168806390363474779
0.367150051316494752
0.400000000000000022
0.400000000000000022
0.400000000000000022
0.392080820178184575
0.321240759971080980
0.378170011091256364
0.400000000000000022
0.400000000000000022
0.400000000000000022
0.400000000000000022
0.400000000000000022
0.400000000000000022
0.400000000000000022
0.400000000000000022
0.351456481734829573
0.400000000000000022
0.367244408632585007
0.364597631467513783
0.392273665967514673
0.298340374373533890
0.400000000000000022
0.400000000000000022
0.400000000000000022
0.400000000000000022
0.400000000000000022
0.300955756590568058
0.313603408190867072
0.400000000000000022
0.400000000000000022
0.355115008665517595
0.400000000000000022
0.297995886128956000
0.312988269675711861
0.304243588369007001
0.400000000000000022
0.397552381190084680
0.260433518285772825
0.190724117299551937
0.400000000000000022
0.400000000000000022
0.392685783957081203
0.350424595788237481
0.387186200939057090
0.282995559485991366
0.400000000000000022
0.298068257013117177
0.187380074857228573
0.344437341689571186
0.368036072508384493
0.190375192206157978
0.400000000000000022
0.400000000000000022
0.238572577395306629
0.302944227431367619
0.400000000000000022
0.400000000000000022
0.400000000000000022
0.400000000000000022
0.363617115725691387
0.380486799240290607
0.400000000000000022
0.248483714029354680
0.328905343975687547
0.400000000000000022
0.233712271295231033
0.170727065079470636
0.137925475142454679
0.242578700909490019
0.079858745994966382
0.380582797878790569
0.374138611547656097
0.216046605088052124
0.143390263478089280
0.258441728216388666
0.091754240504197823
0.282129592359791348
0.400000000000000022
0.195786065793903480
0.095334611068674441
0.217393077403184698
0.082016703983960160
0.140065460332655767
0.320086190138621829
0.325473036754419631
0.189626275591977922
0.207506656134141904
0.141846744629760713
0.379654596091477281
0.400000000000000022
0.370446492186838117
0.251851059266807731
0.204037033170297255
0.211224630991337148
0.188174952171696247
0.383515439910333766
0.240674553641351874
0.284023868432610183
0.195764123258932887
0.128444778954373867
0.400000000000000022
0.225667732295086298
0.246484336364026557
0.238568136163355815
0.228127926967974043
0.161767080913160638
0.338018370349653707
0.221076203302776775
0.238230498854001549
0.278689069966395420
0.153419820091297038
0.121099094705525295
0.393271995216563974
0.145675494919248694
0.155978810850562255
0.024766214912957517
0.250167763640661511
0.045780954165846141
0.342477170467690994
0.303981570421815894
0.120693121069653353
0.085378850599142672
0.153617909781650519
0.034383064641132971
0.149615214938809110
0.272777041312097179
0.099029418372426459
0.126253951398633102
0.222114400502798098
0.075722916173909416
0.083711554396032353
0.298186414487609408
0.203338953707426356
0.141828215425267024
0.162826485735636961
0.047320808030416626
0.140975152173177520
0.400000000000000022
0.212629921131604172
0.128674526962014812
0.234462507884245497
0.034795589290117966
0.064551613149149187
0.397028930864139262
0.277892304214945485
0.150868782471859336
0.220392209321866372
0.063792057699189247
0.033647069420721210
0.196958694097846526
0.211257821296748527
0.142772588331176731
0.202567753615529006
0.051391042692254599
0.052561969676600484
0.160119543445257750
0.114953807585747539
0.117466713598019440
0.147582914868396753
0.070757967460798099
0.060945378841467376
0.124982979916772222
0.269729737360658528
0.240354363550089156
0.269131744866541400
0.041573932223552504
0.038257772737837439
0.110900218328755892
0.056772316713095301
0.090160250643190193
0.119616756718432568
0.056606012107173677
0.082375164716087024
0.084461235902222209
0.109681960171102044
0.055754410563159322
0.165734672308390951
0.067278961851164956
0.049028322070019760
0.193822587932688861
0.139254088827154482
0.164855438035863111
0.227416576168276513
0.042879792368891417
0.062081961126067078
0.330734359757092644
0.240676867732870892
0.182261834675759765
0.234265365818186744
0.035695423129970004
0.019920977736110901
0.221294846938683537
0.106872699563190329
0.090747623205845007
0.132660223929535609
0.039072198425871105
0.040274553224455716
0.291200249520093268
0.261619074641990745
0.060494334733799213
0.216653955067567155
0.011211133686479113
0.056159401136943524
0.148807489044290198
0.143815109229095850
0.038225754660590153
0.081320285695980266
0.205395387084849168
0.272709419016863852
0.264785507685614430
0.266072319806020363
0.255874957419097937
0.318612853183764311
0.162294016686259507
0.211402126267579621
0.266986060043573115
0.238749654145253398
0.287817486626544328
0.305653413563391152
0.164827219075446119
0.179244375141968143
0.293400933509194384
0.274927744088575010
0.226977470700586159
0.245905010220073744
0.143220765751538581
0.202446895258720783
0.347937061413058080
0.322427601503242012
0.232378246712054676
0.326066047328796071
0.160759814561603542
0.215550363272602408
0.336802333641440466
0.324904108111223389
0.293236489529514033
0.336252357615161479
0.161369343308129853
0.238835656988111378
0.374480074279889497
0.329406641400427080
0.258758351647050411
0.267314467037702119
0.169944157574321492
0.262783072130453654
0.361361177057199057
0.296464904310391131
0.273339114117226611
0.354192470538088555
0.161864777214282218
0.234414793743706745
0.325485972413027180
0.267380112860699681
0.316424856350937034
0.283740428510459997
0.217025952387055521
0.229159632932775886
0.188093948580209530
0.251080439103917252
0.266132665565349313
0.331557252402232328
0.155632260438089504
0.177857469435585530
0.225830101142859591
0.177586372615209598
0.299985187787288277
0.339470012530708576
0.143388593541013076
0.147434403304336881
0.283173574759900404
0.170466004332097049
0.254205606117077321
0.298661849992571782
0.126471889482687366
0.157913477867195923
0.332405648808922982
0.217213760790429311
0.261867326787312948
0.377476041992338585
0.152623403091014048
0.181518163178729375
0.311952992239075300
0.213994717210982260
0.282672767244064649
0.360253444538479739
0.159478876952782817
0.181378546659823808
0.295839023338701490
0.256457073373778766
0.268082775007920382
0.255875805831832781
0.174241398274187081
0.220244685537199753
0.219021097121885305
0.254994687849866675
0.301360897428658236
0.355822706269880440
0.168755685154680840
0.202009828497136085
0.221144593989456961
0.212075559452855417
0.280903634124633372
0.295116356612180497
0.223501455329920495
0.289277312368947770
0.289485794455263679
0.274854805282654657
0.272702504521490308
0.359503522187233471
0.151525310616130310
0.196349916193022417
0.298071816991586414
0.206035245494201158
0.237114954127033789
0.275054268436467186
0.154079525127183342
0.167962702270380321
0.298526812012461673
0.255950984610659904
0.231747773320811062
0.269663549036024408
0.138638580012669349
0.198078618921878558
0.341362370626090039
0.334329450439395937
0.238993411579783904
0.328557782386469266
0.164938999495005317
0.233589233926492390
0.349608987046424735
0.341956102343296764
0.264005686849191290
0.272568282185955191
0.183328549112737965
0.258253596871102442
0.346546897065079740
0.344031032267270276
0.286515177378397712
0.270154499586064800
0.179270360254599526
0.280592298407821350
0.343041674822643028
0.310923962707523760
0.302720149190856214
0.411686328199520057
0.164414094448964182
0.249854132822599551
0.398916043032394085
0.305705649058693130
0.292392963977121390
0.275233162742711090
0.251132164563931004
0.256972257713208141
0.208359840161972620
0.274225356650625252
0.274917571816382655
0.354486064953366986
0.159794969304538015
0.161123706084973506
0.195516659242048113
0.195154537855004362
0.248767319531566500
0.287972543997281283
0.144058517646813072
0.138275094758286449
0.267042121765282581
0.174854232188127151
0.239912999103335856
0.304938717036614904
0.121970637569688775
0.150382429580908528
0.326250359631415687
0.212465997281162722
0.273188960408725201
0.385537848698321084
0.152621665941658657
0.192929115175178439
0.337329020793777190
0.226135789059849157
0.297508327264007388
0.324342165662148074
0.168653193927729095
0.219851643180633688
0.321457490856381922
0.226592467204614345
0.277891786408492214
0.289437640597410784
0.177863791574984997
0.235770824009348678
0.242169614409102368
0.242067522314521610
0.315958529458741089
0.394069846444724203
0.168397262897225508
0.207851562970391951
0.245509180976410335
0.263925665027318235
0.322368082264949896
0.276283003309665154
