0.378091375452112133
0.352159496056019261
0.400000000000000022
0.400000000000000022
0.400000000000000022
0.400000000000000022
0.030915708653949547
0.157016850653238060
0.206053092087709722
0.078610704197640546
0.069715498410787557
0.195966178092352589
0.000760533266351561
0.000000000000000000
0.003466301360244032
0.018454524235923635
0.028155818534675393
0.071020182545755012
0.008372785339555114
0.076035776635274555
0.126670782173406493
0.033099657574658742
0.076731137724563248
0.158561599420665666
0.062668170961870287
0.368138384718433187
0.388193159051360537
0.229055358277154286
0.107482384627707844
0.231304648942851798
0.008768231562159971
0.008419459096029796
0.015777688871396741
0.039146486966099646
0.071448981833234629
0.133973719961816423
0.076288155130554675
0.051946919674653459
0.257889623864620998
0.371032970129805739
0.076338985626559275
0.055261917145196723
0.137975440730241011
0.196438611193884283
0.289278452120201868
0.348225019443437644
0.152364520258997022
0.037030197287336614
0.182469607232895847
0.400000000000000022
0.400000000000000022
0.258218030972327039
0.048568347942215657
0.148817596861443663
0.129600221205707938
0.400000000000000022
0.279512199051695054
0.082859010226965110
0.088711375218171087
0.123830480806637222
0.006664397085737850
0.008689773809458274
0.012158063881644813
0.055257912258421089
0.085271729696694151
0.127998436057144283
0.003987988192625473
0.138264222249203067
0.145870942177808938
0.104132621390812169
0.085418163779084774
0.155212189648387372
0.008122394319052290
0.379959444323477280
0.365211077629987058
0.266527815014330205
0.332669423087582405
0.223543132890699242
0.008177102277911193
0.004389511973151871
0.006775549164115060
0.066196299611472678
0.296904998450221669
0.155043946543757527
0.140486596442347067
0.065750959433802131
0.400000000000000022
0.201963089599128898
0.066133150836220178
0.062893265914305455
0.208211952161026337
0.259433069651291648
0.400000000000000022
0.197191943173607609
0.028456243901757380
0.044818882235237868
0.065246373851577139
0.049671816901667352
0.079247343007870175
0.127658683344442053
0.092040737828177538
0.111207403449925163
0.053811497034128929
0.034555848579451001
0.020089555305242573
0.027789710356126852
0.206136167298003242
0.240950137440091250
0.005547612937685582
0.006419646091666030
0.032751918442621417
0.026916646616149911
0.142789146857163540
0.139667789689289223
0.009191650977345220
0.014371910378740655
0.027368703890645316
0.070070867549966581
0.049474295720788056
0.129900022011529587
0.024912978444742433
0.030239139590953083
0.030042033190199647
0.105758727200307226
0.165966871548868133
0.324386981106101369
0.005889339140580245
0.008027086258033342
0.016619283819431674
0.028245570489224821
0.177021125088039660
0.122378404871109125
0.083030821971137009
0.166264401845445248
0.269759566646277094
0.184879637723561280
0.132990184768268738
0.056914863731483398
0.072900439401484884
0.230081416788565335
0.366111878449697947
0.145726050514385502
0.054978983803420894
0.048472934507114943
0.025529024097990204
0.108135128953569082
0.071968213213215462
0.082881669137520375
0.096028615144313809
0.140224692018581065
0.033746555831218501
0.043310401991553088
0.061526287476154282
0.147134430757768414
0.221624873474275230
0.228179735778339443
0.004970753598127444
0.094506456097302446
0.105843428114538451
0.168352398176398715
0.223050585621762498
0.302633132044923092
0.009364775257437875
0.062061782606561817
0.093221720740014336
0.123041579824817379
0.141121158946077713
0.144727411504985720
0.013117469254464394
0.022507504625978676
0.075007789810761671
0.108580233261072315
0.113186068543246199
0.303268191454427072
0.000715267783126448
0.007903023533209525
0.041526096002201709
0.113758977523638907
0.117261890217876211
0.118187271072595648
0.009848198622264631
0.040260535320072760
0.080524412644252835
0.213178760040017901
0.162179677760603491
0.108526632663386455
0.056946770040510658
0.108740487281576897
0.097784596251526495
0.129559982485887931
0.074069567081240018
0.073274103612783734
0.106580813114403164
0.197780125722093469
0.120642086345601612
0.400000000000000022
0.066286483362379689
0.179976477361452863
0.107499658910904752
0.046484753784414259
0.104050766621677199
0.203182675330200291
0.109171093579300549
0.129353725470238795
0.131702494686491756
0.188420868452269075
0.295728252550880644
0.307140162491721380
0.245462284048093948
0.199361472957866215
0.079823478964654748
0.173321216515969406
0.392201825671496751
0.400000000000000022
0.276804040136331808
0.241098687492712460
0.080539779071590545
0.055208267719140253
0.114441388474386577
0.274039582447675623
0.093312302521377788
0.103381555725527416
0.031049937971203465
0.056463773496375554
0.171658494306751591
0.400000000000000022
0.377310795218161354
0.215932348474446839
0.117486965944118837
0.158198560396565796
0.184733041697762224
0.382170240286272112
0.396453354936716296
0.105886181619812669
0.179450955880424812
0.153726316735245311
0.123835999322503110
0.084488198626171560
0.128959837031497437
0.046059435918678358
0.122316595436786454
0.014902716084028853
0.008572106476892756
0.034030637295680968
0.038716807510979986
0.171418755319602933
0.150239874198245638
0.047852871968037010
0.313545471198278580
0.103469071456497891
0.044949491970625886
0.121714819628341464
0.186061015826187393
0.077254316273089582
0.400000000000000022
0.400000000000000022
0.138084228521537317
0.259668117067934912
0.290312710806301832
0.128024118253341840
0.392819882355936345
0.400000000000000022
0.123297842226182702
0.143382357445275332
0.316434829584537558
0.157465431977689918
0.062922652242353716
0.149313161106525538
0.073735132665179309
0.271761884399053799
0.368533036981548823
0.244683771935903932
0.104023109518148110
0.379423810133775352
0.212112570909753384
0.248644242258868720
0.323879725062423018
0.173002703296274596
0.089107782289804482
0.365032707139827051
0.295755772926438898
0.254162934068987711
0.127626538654250499
0.177691601869248150
0.038662741132014997
0.017997591828574577
0.096885343852908257
0.098443221161525360
0.014834450388020625
0.000000000000000000
0.026376853961719664
0.078899759745197223
0.017872305203237324
0.017224881026182800
0.023428426680001748
0.018326729247171863
0.103543156208530246
0.215812951457864832
0.074281313075547806
0.177755395260841165
0.003822382214348746
0.024638371146330610
0.065122922821115509
0.208582203125466076
0.057577002231097976
0.247590654646564823
0.046068607041268292
0.032442088380034248
0.044289188709482556
0.071911972684660305
0.042345325967109583
0.127227660155262934
0.049519209029239099
0.067590350050973635
0.011709904333789142
0.059427256592970865
0.044274434821172472
0.179294728855237506
0.071080652389839474
0.116783944316702623
0.026548501213726455
0.155322840699522374
0.110689146953267148
0.162400595853064489
0.080923914263136776
0.005927977709566006
0.001710325017034881
0.039804795184700523
0.088655949025974623
0.065390166877961148
0.131211577810746743
0.226472303283740350
0.065877025976534595
0.054772117069204873
0.032937140231178275
0.041317876470674267
0.015012797651152496
0.002012057416154962
0.020161692910979485
0.025865896316990569
0.008573594014147768
0.009638242981126839
0.033275924581637313
0.039808908235674963
0.128707337312961301
0.186724674928039513
0.020859176609036120
0.013350560329139212
0.001831335606844616
0.007765934359440386
0.030846328941917640
0.084772308261687843
0.078502206249191020
0.186284136177526122
0.026724897992688824
0.001671440225198435
0.015058680008359551
0.039440228197844568
0.060315061359885763
0.246953599075290353
0.014749395592296056
0.078075329936083460
0.026617767796281899
0.055596404985030969
0.032913278313344840
0.093840469343860131
0.001467587478672712
0.116998805788888466
0.034014715370739197
0.083209279010484694
0.039515572069608436
0.144072039060175072
0.010388959495930900
0.009301646019855310
0.002829534541328986
0.002196475772679221
0.053780611501078657
0.118258931540277459
0.168433185033351029
0.213659183464520008
0.039075009567768756
0.018038797801479513
0.000000000000000000
0.010025491818620273
0.002949017350569931
0.007297287356689918
0.042177901711748594
0.010556360899493725
0.019610798664341924
0.031597898872770341
0.003685559639212284
0.069323364783882291
0.305833400642706421
0.120339918436409579
0.034297165112402772
0.052031183584970386
0.001198881184208862
0.011180679440951621
0.039214663102203721
0.077160266275845393
0.055132174185401978
0.171733023215394798
0.000000000000000000
0.000000000000000000
0.008972268192028836
0.019579647927008333
0.097009816907694654
0.189964433169487357
0.003402286805119785
0.027363874146534850
0.079840363798229119
0.070759946240139801
0.149553048928251081
0.044754763671040879
0.001704677583334676
0.077494744955823425
0.192118026617494830
0.070281573965019245
0.044390665291561660
0.056412577981353712
0.035854721599857253
0.008570021846459963
0.001782783796746382
0.015180817171279046
0.041966224887605506
0.101576460164037957
0.090574480510388300
0.061010701034840478
0.039032162360572720
0.008624867549547097
0.017583863579063087
0.060309640758940117
0.004973796832758550
0.017045236341959175
0.020098010761041403
0.045257611070564620
0.017001764622028147
0.031999159530075316
0.209690960944493077
0.400000000000000022
0.299712462403427859
0.077205398021494259
0.051294208296153901
0.058581013491634693
0.015608048953147154
0.072379682234428921
0.017804408427011049
0.049476066054892645
0.050182768187264096
0.028915055661376803
0.007731372037980204
0.000207061955865340
0.001108195766473751
0.086549015025548154
0.056362289175550771
0.030638226953332542
0.015101310750743301
0.122805581567866556
0.202141277635894734
0.265019603909289803
0.131164110109618398
0.068440781118696281
0.004517994101882089
0.180471390427497325
0.357220939232508972
0.294515641638044667
0.026632802938672779
0.081245005580676238
0.035764677059484072
0.024851448262327283
0.003850360091826141
0.001034033686066945
0.023213500576643762
0.013710611512290008
0.054504323497999801
0.030008238104722418
0.062467110822330273
0.030190116957802385
0.027446260983810027
0.041712683899889885
0.004138685192291983
0.024295335042097167
0.042125647718890435
0.031441649012420761
0.061092739200548765
0.058368016096241947
0.032353448796526643
0.251876406544015552
0.266810699891348702
0.073056475529414786
0.098413361452971873
0.138160012033733043
0.005673820092648239
0.006950938290260588
0.000000000000000000
0.001952404074707132
0.020751223453464508
0.128011257962869107
0.000000000000000000
0.000000000000000000
0.003519779120824017
0.011951772510914407
0.060992633926421388
0.148801114671796603
0.011971438550084770
0.100286995336392404
0.209442841202520158
0.162841113423529443
0.087482225802111721
0.090766515374286844
0.007551731260397883
0.124314967475836827
0.342380741332308336
0.163584119167791309
0.024820312577407855
0.003645698281543511
0.016610384354979611
0.026613978517229103
0.001640625836332406
0.001753000619350399
0.055762263676967551
0.112377254743208352
0.086120058543328271
0.022583263166993581
0.007906965783177011
0.027601937966558743
0.065261315840944217
0.085953731493520119
0.000000000000000000
0.000000000000000000
0.011222166286054438
0.015693768416623861
0.099249157392008860
0.133980299986883683
0.000948141304244657
0.000427163358662325
0.039679159747091852
0.040479390398453614
0.099909113065425950
0.084832397138657437
0.001394108930563487
0.001943635158950197
0.001796516788314142
0.020932954820415555
0.029280780491854827
0.098888833046427260
0.004278740722433265
0.000000000000000000
0.000000000000000000
0.026167603171184457
0.086279207871067243
0.176796779362449252
0.009006318728653408
0.022123395905593007
0.024910159948861563
0.068579392617778984
0.152315299017179884
0.192164192753229157
0.006131642169096329
0.007225951495123163
0.014149158573701224
0.021705846812949240
0.089003907459514628
0.192633457308873823
0.032446425859132627
0.031265595260062583
0.006789189689697903
0.009174670337716403
0.048834294394196537
0.054047246330481830
0.058261852264242853
0.017470431419542840
0.036853146997509814
0.083525946389194458
0.036480363241096513
0.085318314280521834
0.000000000000000000
0.000000000000000000
0.000000000000000000
0.023523212526292005
0.098491395658837216
0.124256989914954263
0.034901609523880051
0.019438590375372652
0.000000000000000000
0.009532161928488478
0.046006262572344934
0.079327348633074488
0.010201662375047826
0.006781833678581184
0.000000000000000000
0.063202518818397904
0.099095133650295000
0.095559612254946413
0.001827027088421277
0.007018605454965553
0.000815077718651711
0.013976599046866611
0.114769654424621115
0.100280297650873970
0.014826067775335402
0.082929284104360679
0.053211475093114573
0.024917630022422723
0.103702943711673490
0.130838005974894922
0.010554844778630007
0.050848671420807422
0.022252544809751168
0.008479174541152223
0.138219606182494154
0.383340299227829751
0.039358956592042915
0.001219617165110585
0.004436294019775716
0.011369146163098986
0.089632613552804996
0.365068669730384654
0.181023237763384692
0.062493267497729654
0.026735582924395720
0.090375274375352158
0.080219703564282971
0.176096702078911926
0.092519754308475893
0.016879583824286459
0.008967411566855790
0.012363324260440752
0.062853679084235087
0.106673636156787946
0.057481018711230507
0.012993738674366534
0.058292882472203475
0.117804020018034375
0.096130350263618630
0.201847361787735685
0.017208797893929314
0.008755428356261400
0.108531795389489635
0.194471166483284580
0.168739563044652180
0.369138838364076183
0.016550586157960401
0.013735109739067580
0.105958905250540164
0.172038812684578823
0.136703230430784861
0.129928870684734826
0.031050385660728395
0.068804609590729982
0.074003201693950596
0.156702079606775235
0.075228715779285665
0.107400704617953813
0.043557031366997741
0.103296528095784351
0.018395345277306782
0.047989718798126954
0.132851065077249308
0.200777669397374903
0.079019796108286508
0.075825990449560302
0.005889620639254229
0.041171349447298694
0.169790354780759933
0.339117449495563772
0.169648233230210582
0.081700591231434375
0.014039366564317349
0.049563803975767109
0.217450426485992970
0.311134227854592993
0.400000000000000022
0.160176937672139780
0.058718743586400488
0.043532269232684093
0.064571263038257956
0.176647821967330476
0.391198683295427840
0.173445572904406958
0.125617033767926267
0.174274457437995439
0.099115527263960196
0.198806810550980123
0.397136743048267848
0.400000000000000022
0.197892129874403910
0.328317412812773823
0.108831784022567518
0.380717303122955930
0.379180963379751268
0.400000000000000022
0.214124028935901406
0.382281772584361468
0.178695289151264647
0.205313117293772052
0.304111973255048740
0.320673131244392784
0.054477224840167524
0.095450334351821042
0.096322983001214404
0.208609122880454773
0.400000000000000022
0.400000000000000022
0.017235687479042749
0.023170776519831092
0.070403804294720262
0.237380792015424613
0.376403441655005888
0.400000000000000022
0.097282429972377724
0.008994771315781198
0.121799501669293153
0.277232430236708793
0.095644470532668974
0.382228154964288747
0.128904668288348095
0.110327670493205660
0.236686103630648043
0.400000000000000022
0.191691508074232242
0.018081614773768743
0.026366339360009684
0.025950008916540934
0.062178436697178374
0.085748374752157686
0.070002445583451034
0.017425267993874050
0.076129881122587825
0.201513753574419807
0.053100984806133386
0.218302625529764371
0.046717591089940669
0.004617186762950760
0.066733598704567035
0.264766019851215784
0.118444878265629980
0.396373893902731145
0.054175045255211628
0.033266090165628842
0.028626416174578211
0.097668368952948281
0.158247534845085580
0.286601187956781245
0.054282191597340337
0.081938044715724093
0.072404581491654185
0.081171646913826528
0.093757062100337088
0.084286621921146818
0.070275767309764481
0.020344216257276258
0.007079082213659826
0.017700974229094269
0.099594766526593256
0.212028240271193880
0.102302183408873454
0.229359426652387705
0.044504385416976218
0.075999262606388979
0.054500587489597907
0.252518697019946448
0.184883128184088585
0.380150428844275690
0.069005913260052093
0.320390777541200322
0.400000000000000022
0.225104465452840463
0.032517407196613897
0.000000000000000000
0.032532861967501568
0.051690439766587368
0.022606558651212329
0.073331436728455435
0.037193424399435668
0.002119226345721988
0.144186309267806345
0.267202307584929966
0.060628458000652571
0.175541427412329559
0.036531900854234814
0.003402434034580086
0.025897270896642226
0.113564615823904411
0.073915965868894803
0.211199231773987472
0.025234048146378741
0.005015743309104602
0.016292442182151517
0.037865815078339027
0.080358272916862913
0.100863710512067162
0.008998559209101418
0.033738247813659007
0.083731930808040506
0.040780289953321155
0.110554062566792247
0.063573864584374862
0.007510327828653194
0.030124461157740215
0.026610213478035515
0.035265520806674569
0.089217623141848584
0.175960462003085960
0.081060223845254867
0.357561246602336569
0.042035422124757381
0.298938248975391341
0.181670010211713862
0.277948976942935189
0.065060830515603740
0.204550215832374566
0.093546604527800892
0.400000000000000022
0.400000000000000022
0.136850608170981242
0.104527652111341476
0.023558083319680706
0.078928101080147584
0.056585992250504133
0.062230928601804680
0.148045634776707263
0.028099296658190585
0.037355128361768027
0.105110085752982113
0.088184063886621283
0.049115041439794428
0.176954990108350974
0.010151525343354400
0.002301890597994279
0.007038143321931657
0.088875494965538870
0.067599085456591143
0.123409863214620358
0.011295755483934848
0.024759197694536814
0.045598321008534462
0.042266202788326650
0.053260374949524583
0.089712361019960413
0.032166082560272313
0.079314059144691793
0.220480655215566479
0.208252831130943505
0.083130611583547814
0.050069911629069319
0.010047101525852066
0.010752889094181449
0.023576949406800995
0.047964652446638022
0.091974494219850114
0.083289688975980186
0.056879242837950657
0.198088481293120400
0.114577839567868905
0.368008687251887179
0.108072940618168856
0.122762821059204053
0.070118055105247920
0.108598277823494918
0.142177706029034345
0.400000000000000022
0.246097716452670812
0.088586353103648055
0.380053111965678148
0.358592951009913841
0.400000000000000022
0.400000000000000022
0.400000000000000022
0.400000000000000022
0.240606669598442624
0.400000000000000022
0.400000000000000022
0.155816102219134806
0.121009706706941444
0.254547191583987309
0.016368582219498714
0.072379682234428921
0.021270709787255079
0.067930590290816287
0.078338586721939496
0.099935238207131821
0.016104157377535320
0.076242838591139894
0.127778977939880245
0.119648672600206896
0.133093426900114026
0.189199826373998181
0.077769481712613595
0.395488565632168609
0.400000000000000022
0.396042844254469173
0.238646494737326242
0.299745430061548079
0.013286225664042060
0.188890849523527110
0.362830119266387974
0.333662128604144292
0.098081784771907404
0.215218725542492689
0.112052832190038740
0.076798367936980735
0.261739983956447153
0.371462638573157755
0.099552486203203033
0.068972528657486737
0.192479764228240841
0.226446849298606701
0.343344810280333923
0.364940685738039117
0.179810781242807055
0.078742881187226499
0.186608292425187838
0.400000000000000022
0.400000000000000022
0.289659679984747842
0.109661087142764430
0.207185612957685589
0.161953670002234568
0.400000000000000022
0.400000000000000022
0.155915485756379923
0.187124736671142960
0.261990492840370237
0.012338217178386089
0.015640712099718863
0.012158063881644813
0.057210316333128217
0.106022953150158666
0.256009694020013390
0.003987988192625473
0.138264222249203067
0.149390721298632956
0.116084393901726562
0.146410797705506163
0.304013304320183975
0.020093832869137060
0.397671786915030467
0.400000000000000022
0.383464689121615909
0.384154770640242171
0.314309648264986086
0.015728833538309075
0.128704479448988690
0.344789539946585788
0.229780418779263973
0.321725311027629524
0.158689644825301068
0.157096980797326674
0.092364937951031234
0.400000000000000022
0.203716090218479307
0.121895414513187708
0.175270520657513806
0.294332010704354607
0.282016332818285198
0.400000000000000022
0.224793881140166324
0.093717559742701573
0.130772613728758008
0.065246373851577139
0.049671816901667352
0.090469509293924597
0.143352451761065924
0.191289895220186384
0.245187703436808818
0.054759638338373585
0.034983011938113331
0.059768715052334428
0.068269100754580467
0.306045280363429151
0.325782534578748673
0.006941721868249070
0.008363281250616226
0.034548435230935558
0.047849601436565463
0.172069927349018381
0.238556622735716456
0.013470391699778483
0.014371910378740655
0.027368703890645316
0.096238470721151034
0.135753503591855312
0.306696801373978811
0.033919297173395840
0.052362535496546098
0.054952193139061210
0.174338119818086223
0.318282170566047962
0.400000000000000022
0.012020981309676574
0.015253037753156506
0.030768442393132898
0.049951417302174062
0.266025032547554274
0.315011862179982893
0.115477247830269622
0.197529997105507810
0.274017042173660630
0.194054308061277658
0.181824479162465275
0.110962110061965241
0.131162291665727737
0.247551848208108161
0.381578084887768287
0.229251996903579947
0.091459347044517414
0.133791248787636818
0.025529024097990204
0.108135128953569082
0.071968213213215462
0.106404881663812401
0.194520010803151039
0.264481681933535329
0.068648165355098545
0.062748992366925729
0.061526287476154282
0.156666592686256878
0.267631136046620144
0.307507084411413945
0.015172415973175273
0.101288289775883639
0.105843428114538451
0.231554916994796606
0.322145719272057485
0.390808806830187705
0.011191802345859151
0.069080388061527373
0.094036798458666040
0.137018178871683993
0.255890813370698855
0.245007709155859676
0.027943537029799799
0.105436788730339362
0.128219264903876251
0.133497863283495055
0.216889012254919689
0.390582234286628638
0.011270112561756454
0.058751694954016942
0.063778640811952891
0.122238152064791161
0.255481496400370378
0.400000000000000022
0.049207155214307546
0.041480152485183344
0.084960706664028565
0.224547906203116904
0.251812291313408432
0.400000000000000022
0.237970007803895323
0.171233754779306524
0.124520179175922202
0.219935256861240075
0.154289270645522947
0.249370805691695674
0.199100567422879043
0.214659709546379945
0.129609497912457378
0.400000000000000022
0.129140162446614748
0.286650113518240879
0.164980677622135252
0.059478492458780792
0.162343649093880688
0.320986695348234652
0.205301443842919179
0.331201087257974480
0.148911292580421073
0.197176296808530438
0.387302381875275437
0.400000000000000022
0.375697598899208951
0.400000000000000022
0.096374065122615149
0.187056326255036987
0.400000000000000022
0.400000000000000022
0.369767609858965118
0.363716029483422965
0.111590164732318933
0.124012877309870220
0.188444590168337173
0.383731533732315611
0.168541018300663453
0.210782260343481243
0.074606969338201198
0.159760301592159898
0.190053839584058387
0.400000000000000022
0.400000000000000022
0.390811765794178867
0.196506762052405359
0.234024550846126111
0.190622662337016413
0.389719482807104667
0.400000000000000022
0.400000000000000022
0.342659119663531908
0.235426907966679672
0.137875365886820450
0.134052002601938669
0.342180927086516706
0.347723066211292786
0.400000000000000022
0.175079653756168629
0.067290850063293231
0.077562906528365061
0.103288070549237943
0.348066577286933465
0.400000000000000022
0.221298444872443933
0.394445691244327656
0.277743528894493330
0.144065019234586089
0.320521630179321615
0.400000000000000022
0.400000000000000022
0.400000000000000022
0.400000000000000022
0.246916012544104835
0.400000000000000022
0.400000000000000022
0.400000000000000022
0.400000000000000022
0.400000000000000022
0.301993131377447377
0.347843008073917048
0.400000000000000022
0.385288127286676940
0.117399877082521240
0.244763495458346581
0.170058115666393700
0.400000000000000022
0.400000000000000022
0.400000000000000022
0.121258796997190832
0.389734007435194152
0.282516375204473646
0.400000000000000022
0.400000000000000022
0.400000000000000022
0.186390212262182220
0.368770273373533852
0.382533952133038424
0.400000000000000022
0.223271009186919472
0.400000000000000022
0.167567409420363078
0.128325262321780237
0.333205106514057214
0.400000000000000022
0.206525958462252884
0.018081614773768743
0.052743193321729345
0.104849768661738146
0.080050741900415709
0.102973255778340489
0.093430872263452786
0.035751997241045913
0.179673037331118085
0.388167728903113074
0.127382297881681206
0.369283793221028223
0.050539973304289415
0.029255557909281370
0.131856521525682557
0.400000000000000022
0.176021880496727956
0.400000000000000022
0.100243652296479940
0.065708178545663090
0.072915604884060764
0.169580341637608573
0.200592860812195128
0.388290094849721212
0.103801400626579429
0.149528394766697714
0.084114485825443314
0.140598903506797407
0.138031496921509567
0.263581350776384282
0.141356419699603941
0.137128160573978863
0.033627583427386282
0.173023814928616654
0.210283913479860418
0.367530414377780335
0.183226097672010230
0.235287404361953695
0.046214710434011090
0.115804057791089501
0.143156536515572530
0.317908863897907623
0.316094705994835357
0.400000000000000022
0.134882939236586674
0.362618679882170558
0.400000000000000022
0.266422341923514716
0.047530204847766391
0.002012057416154962
0.052694554878481056
0.077556336083577940
0.031180152665360096
0.082969679709582272
0.070469348981072988
0.041928134581396957
0.272893646580767646
0.399307044873721151
0.081487634609688692
0.188891987741468786
0.038363236461079427
0.011168368394020474
0.056743599838559866
0.198336924085592226
0.152418172118085837
0.390468882869841938
0.051958946139067562
0.006687183534303037
0.031351122190511067
0.077306043276183595
0.140673334276748663
0.347218832801945487
0.023747954801397474
0.111813577749742446
0.110349698604322422
0.096376694938352131
0.143467340880137101
0.157414333928235006
0.008977915307325907
0.147123266946628667
0.060624928848774712
0.118474799817159263
0.128733195211457041
0.320032501063260977
0.091449183341185764
0.362036479324082172
0.044864956666086364
0.301134724748070570
0.235450621712792518
0.386281302640262503
0.233494015548954770
0.396709145128135821
0.132621614095569634
0.400000000000000022
0.400000000000000022
0.146876099989601494
0.107476669461911423
0.030855370676370626
0.121106002791896178
0.067142353149997863
0.081841727266146608
0.179643533649477605
0.031784856297402866
0.106678493145650324
0.381951303608473292
0.208523982323030849
0.083412206552197207
0.228986173693321360
0.011350406527563264
0.013482570038945901
0.046252806424135373
0.166035761241384278
0.122731259641993121
0.295142886430015183
0.011295755483934848
0.024759197694536814
0.054570589200563291
0.061845850715334987
0.150270191857219237
0.279676794189447797
0.035568369365392094
0.106677933291226643
0.300321019013795598
0.279012777371083320
0.232683660511798895
0.094824675300110212
0.011751779109186743
0.088247634050004867
0.215694976024295826
0.118246226411657274
0.136365159511411760
0.139702266957333898
0.092733964437807903
0.206658503139580341
0.116360623364615279
0.374316719737371351
0.150039165505774369
0.224339281223242010
0.160692535615636206
0.169608978858335396
0.181209868389607009
0.400000000000000022
0.263681580031733920
0.148895993862588172
0.184909196980253820
0.145405530043258263
0.164944044251241456
0.206551367914760142
0.165826189128669838
0.275058745674707283
0.182707127619400972
0.218262384424911388
0.336274417336973053
0.304134290321802003
0.223407213031111884
0.343679276120899768
0.121563706717180406
0.126973655462123580
0.167331595777902215
0.297598616393630833
0.244105055104548996
0.390830137340692108
0.142978916010818413
0.139846418194052385
0.206251755321084501
0.275967215901609164
0.276956061613105375
0.300143129621323168
0.154121613423008841
0.270488064245362203
0.308559328194200455
0.365014694015912300
0.252012080016344397
0.276081987874908286
0.135253933613615013
0.205589631369613862
0.206117992028088448
0.240991731035462897
0.250913585524709271
0.326266651930355422
0.247460533559324486
0.256446626477907502
0.190855846116668171
0.300908435561931031
0.258134091562275458
0.349076524544702005
0.307379246826643970
0.332093198222033537
0.257874738185278451
0.317153505751521569
0.264698473215934704
0.212955694994894945
0.172799698669477531
0.134443648548220746
0.148463434782898002
0.195341946606454597
0.165467656027740107
0.263917056885192847
0.122435979330227457
0.197243805364009761
0.277113245072665437
0.228450289933287309
0.178392285084530700
0.362275523276591682
0.077963842527890445
0.098274504072547619
0.175675170675260006
0.259400322067168398
0.164857084139713062
0.434477364460712556
0.081841285923854923
0.112159751274245448
0.179962711028547800
0.245064199400984783
0.198085598025093568
0.382570808328470957
0.085359529057978292
0.185363710600328330
0.201479381613906772
0.272198777084355747
0.249372950657816644
0.353715298126594635
0.115897676338435646
0.151139179677171831
0.125613638241137721
0.216529436274762344
0.236196924389175195
0.354868662186432871
0.193058999014008359
0.229800709022919464
0.149609539690358034
0.239158783457165985
0.210491536663541645
0.300108819156556517
0.236722615224090355
0.361070470478735639
0.204633584066983815
0.258972774183466148
0.250904282320342231
0.207810604754485095
0.238254491372107552
0.199906068456613462
0.180010836911326549
0.193980575519535375
0.147208162227224659
0.244225213727350010
0.190317563111735005
0.216677899323451856
0.356782234397165832
0.269266583933088999
0.158418925971386293
0.270094410428168730
0.124393297654230670
0.111053879296781940
0.172012752888047238
0.340726497949868090
0.242007506970810554
0.411437180769058608
0.146057542496851656
0.155069312425963224
0.195243665416364898
0.253773029346144985
0.244924444144510062
0.301693098768061607
0.172084770972959739
0.297781199046996237
0.269050709608500027
0.282870887346566513
0.270199924246935730
0.297532413764232284
0.138647821148892486
0.222928978015240364
0.206764016261144379
0.265867069891619678
0.278405158494226701
0.309294738881031539
0.214353640673057233
0.271120190616163215
0.259446424327833269
0.351710424542538813
0.283505698994021338
0.307977573997758325
0.270611285119070122
0.363420784148286546
0.279533226240443022
0.329422372972573929
0.306450401419991247
0.279813242242879345
0.225874834776643107
0.176431393687310117
0.189218607305287556
0.216890096184905845
0.152218753603503038
0.229911743323990142
0.177732685674355878
0.203023963227706217
0.273571759640913070
0.242382413555421589
0.157940366256970888
0.256890986304937452
0.092411904491625674
0.100218639021967412
0.150043735728692257
0.267667322013508180
0.193244755128479995
0.431149048438728699
0.088322627611112606
0.116270141089569429
0.202252457494222465
0.230240407289683896
0.165410460995617098
0.338324216592386706
0.085752055064267071
0.235911557575388064
0.233849943462198895
0.222011025638852555
0.193253447023513630
0.379243117046570488
0.108721282631506252
0.159753473899295395
0.139359699989938357
0.217507902345842163
0.275983295743254142
0.389521067840384982
0.145579766918770809
0.196750556776722596
0.158732592190786309
0.330035843988812860
0.269642304993714665
0.336196290090298777
0.193420785605822182
0.318506581623458629
0.220224881687382884
0.280776632437053364
0.260223444661215775
0.247174339375623164
