0.000000000000000000
0.000000000000000000
0.026799619571207758
0.078592560909384657
0.072057424860962810
0.054175265612829239
0.013329701458064112
0.015167786789083084
0.022186506236076809
0.061649307175440315
0.113450780030485671
0.021990379788489136
0.062077792324013253
0.064410250583975634
0.059769752689514719
0.062418796197715953
0.066523533628422699
0.026440852434810369
0.057273169656508610
0.049056126012347614
0.001154208730284512
0.021586506729460823
0.060709721415690185
0.051158825711286771
0.044758102106301885
0.052648009719571759
0.011375002266570679
0.008398750405578742
0.026982090052627188
0.036525768245217985
0.003255261704692347
0.058544941026552874
0.021009843616387500
0.058393724329774938
0.167964170929939816
0.067214857386845933
0.006289170137251160
0.001456513288623429
0.000736573945482508
0.154626778831516265
0.400000000000000022
0.160625705073143304
0.001079426107337695
0.000230447239725212
0.001605356944390532
0.021479826493437847
0.111432763934509543
0.033630485938683230
0.006136258516286439
0.005367739617330201
0.042120823281821568
0.084006140621179781
0.062351652156326182
0.092437604754952996
0.023488265536942828
0.008174340563312144
0.039817321092725233
0.113215106671577012
0.169775453689598232
0.133477552318768733
0.059467010396835496
0.049925376523077838
0.020145716125074639
0.026931253886724155
0.096403764585497376
0.050848127719082398
0.081529615419734747
0.017487553310575936
0.002086306685390529
0.038979194278754487
0.059421880055721965
0.025264353772974257
0.075011721431543901
0.030053526934888383
0.023581690614140553
0.011686338088282289
0.020587455905946395
0.012659410479993053
0.001136735779780807
0.075254096527566483
0.035541233908872906
0.013116117303013326
0.075257330890411728
0.032783233282019819
0.007139576618661546
0.017119352945282353
0.016797108506655480
0.253059120865374854
0.380641351304244258
0.085336570015515534
0.007236723026244644
0.000930012194732446
0.001872857387294553
0.018290438473256954
0.162093177070308680
0.084927497482417541
0.004714946698874715
0.033712384126410783
0.019878368397446059
0.110011024979916203
0.165038495016972764
0.040455484047300094
0.030497157876396071
0.013755530396339703
0.057485044112274911
0.133779742849898298
0.171645008912683444
0.107563303861822557
0.123296940322828549
0.043202422316160304
0.046349449603165421
0.030286202085608380
0.085599529227905521
0.073898832936155956
0.126625593785544055
0.021322329368053811
0.041405471864857255
0.069292847572937882
0.072083970644473236
0.045136858649987496
0.032683901111767048
0.052154515024517803
0.158515244296582314
0.039409973300595327
0.072813247427779740
0.054170727958587558
0.005415723447112154
0.025633213185503372
0.034546947702068093
0.006671806421197293
0.033696333757566005
0.086986994675720741
0.009106907232555665
0.013908586852767095
0.010961217187761736
0.355462132356864413
0.167660300251740224
0.135488169908753037
0.002986251194141009
0.002289109247937103
0.008122469317576642
0.178941347238002368
0.053480185093329594
0.058286733033031710
0.007421206187416321
0.070304691327109259
0.065007243285461369
0.245174853678574889
0.162552770533440277
0.119877834767329078
0.019625718691099248
0.091057817325372215
0.096749188795364482
0.208507962800821511
0.182894108608632533
0.185606591623186712
0.267306930101793572
0.178765445428433589
0.090540293518131171
0.267485225175199126
0.090447829889873849
0.081951121784316044
0.202571395318260267
0.049168720600144170
0.048709938374288886
0.197204108593653116
0.082667108299854880
0.067148188803085540
0.075820799586370530
0.084933761630342677
0.232990763618838220
0.051100084637583656
0.088365481450512845
0.127445979225022710
0.059740354691212125
0.026598013002962446
0.061753800546557241
0.029127037082382790
0.085768809265766549
0.076789953458407972
0.032202404306512576
0.015223098484954213
0.030117609230404647
0.400000000000000022
0.175231064807557207
0.058172956052245775
0.033512754481520794
0.008242237544623082
0.025702937876301311
0.211508309676547046
0.100269228077231765
0.141722705195679838
0.400000000000000022
0.394198873888400692
0.173888294772800739
0.400000000000000022
0.306114757853115260
0.205874506504500565
0.360415311312834385
0.367959380016851911
0.216109807595416120
0.301199818728130342
0.252796332422327297
0.120849865553055102
0.383736519108939689
0.256555549938570215
0.047375250359223769
0.338497067136570462
0.141893106426792759
0.050911606786368198
0.284284143843363535
0.105914763319034572
0.098251509083405769
0.162419496961219101
0.125905303947568742
0.136504303643675023
0.220028809970609723
0.060134363956318417
0.108194212394693873
0.039497146710851687
0.134765326102154637
0.114200762830873201
0.371518810738792893
0.039913514771313607
0.021659037394136705
0.058737327885373128
0.097478633373759324
0.122749075661046120
0.392093887299819310
0.035439526042325642
0.057386336081410999
0.332019730844279215
0.161528500224396465
0.148309340072509066
0.400000000000000022
0.018972878827637901
0.148368929966815527
0.400000000000000022
0.107127967307233993
0.348191233008037337
0.213102359596709534
0.183247976888608971
0.059015669275943552
0.056845075682834152
0.136422390297608609
0.112532590951206435
0.241913853951387370
0.269308052279351506
0.161052660811437237
0.140360407588265762
0.092170379600725355
0.065540674994951698
0.387569439227813062
0.123268197311840119
0.044713371099258548
0.171530516524945525
0.121641860631830884
0.109375048655038179
0.398222231331254339
0.088978495878967750
0.129554207970968616
0.143736358105302969
0.207089174622663796
0.141297656663613824
0.212438536581914833
0.054319599067539429
0.086627497063574865
0.357767801921229867
0.189792819335155905
0.089371663224766834
0.289663247291136405
0.025579689484885197
0.030054915365761128
0.313040913960867473
0.120619986569994633
0.112218367850824882
0.164919653167198504
0.010230434257793734
0.003497221438042913
0.103542116050936633
0.179196043854144144
0.113233383040846458
0.191370744579781343
0.008952375738945237
0.064461718165323437
0.225516044949445715
0.050908468742690047
0.069785065606269181
0.011251671109373067
0.100393732835062227
0.048400190204835894
0.052086613467557032
0.106266337198520633
0.027693807544636365
0.123140287788490302
0.133072220062084690
0.106814717465621795
0.125576589289391527
0.069906715231178876
0.026918820153217213
0.149086117059040069
0.056210095686675662
0.073762268567467010
0.147305225425262476
0.126048197251322824
0.048540760436677266
0.063555569822052543
0.156352185398124843
0.392588368283935618
0.389318819175972552
0.065364849539385095
0.069718292573427071
0.121665880958813824
0.070479073888706875
0.301600541520171794
0.400000000000000022
0.039919788551201374
0.032636520054031760
0.018565591563717804
0.027556604199324517
0.116054521619856632
0.359109718939910838
0.096316331540583361
0.050217191176606113
0.008749555594429109
0.008039731589070110
0.005561995816698369
0.104932278122549794
0.129239332591244149
0.085320077663443322
0.018776525289594698
0.001544563551309977
0.064730966421917058
0.307656953278098388
0.020776849658788982
0.048415318847841657
0.001787942641144030
0.025079491214537862
0.014119507085157332
0.022434348486354345
0.073738857419392553
0.015558618641074648
0.075820230617331702
0.053274313360017207
0.044528624040909778
0.019125610408243277
0.014886885086288656
0.024855519229906399
0.076378006870389675
0.127817750796365176
0.243089853746686207
0.114588409637173122
0.086379759097181041
0.061230664483487969
0.060344497153270255
0.290404251175393147
0.400000000000000022
0.264178301994867692
0.045187964330322947
0.039982095855496405
0.054816782664894328
0.023013683130955080
0.242395597289722597
0.400000000000000022
0.071824866602131332
0.023507249608618441
0.029350195459588731
0.005869201929073565
0.055362253925396843
0.400000000000000022
0.399178989953413610
0.026381571493218375
0.008116705941024680
0.001135820930414088
0.002763007682608776
0.047928945791773273
0.264181230932303612
0.046490015139150430
0.009735637423472313
0.001981846261636821
0.014811855301767776
0.383837196226145427
0.070419715445316514
0.016214809775004960
0.002420376626568620
0.013255315529868307
0.015700816933763885
0.040446863547712902
0.060957102484717904
0.022094861995592054
0.044528790086686712
0.013629864256678599
0.008646501303048323
0.005630015989792448
0.019837820550704908
0.040087437082851826
0.020984387988382879
0.281096154654483510
0.316424069066405078
0.006645289233105170
0.102153761988313108
0.067163575895505118
0.030115995420431203
0.369484481467744208
0.400000000000000022
0.083817890611813065
0.064716700589553450
0.041968981232596347
0.028893352327660111
0.021391799522319697
0.188334182958955598
0.110955292769821481
0.034874198204591422
0.054934928215672765
0.001684068227386042
0.013223379811967060
0.076901112991301576
0.216045611834024265
0.400000000000000022
0.124391844646060401
0.006684236266696245
0.000280053181025766
0.035414059816412588
0.087722050114478423
0.347608689345524580
0.118220701922504404
0.000664330145755908
0.000000000000000000
0.006106396663554558
0.378133102369599516
0.184624611957723866
0.094468526270364395
0.028173121967510300
0.014578499412878487
0.021365217368396399
0.049915422232403223
0.025727417308000891
0.037271304274053930
0.038254490966990080
0.015887322128693617
0.011990321650256271
0.031200894497683079
0.035921789531253703
0.059820110204026063
0.178180568337787837
0.081946633716004677
0.118405751470128939
0.044779424559832248
0.064950942973483930
0.007581600913896105
0.008311570461184808
0.138165302843961169
0.138103743422685554
0.020324629531269928
0.031290292582433210
0.021378126593564542
0.005433005433505377
0.027111134957629745
0.025244330006163964
0.030147455985419503
0.040317448746686420
0.005339008898596386
0.002381260796546826
0.015796273077634239
0.132635571230450250
0.152163818859810063
0.136827264489388978
0.064725718096353413
0.000000000000000000
0.017011387893975743
0.074085186645314785
0.043913131408053738
0.060832293742709806
0.040458704203095788
0.000000000000000000
0.006499225906737777
0.008256926155248532
0.166018236019523702
0.400000000000000022
0.051877198211046568
0.000690175408145821
0.001316362720256908
0.010673184066054168
0.068904572435662018
0.060099544721603795
0.078307827745997011
0.025449038254169942
0.000562075337968312
0.012905766654076573
0.081683342666612702
0.074086754352581566
0.068707739102281090
0.083171338346925833
0.131821544385753997
0.017613546196632905
0.063584626505806943
0.117764358916546144
0.048918716225107350
0.070493482643918609
0.155366243004609161
0.055143524965537018
0.011013191950718912
0.106841127685723181
0.049306419365880941
0.005793796117961822
0.035527951615091903
0.197937886345822600
0.029037619845570767
0.035496123138494484
0.039706030517072340
0.019687758279906108
0.028195393829710026
0.214009549184630526
0.178584158409828359
0.067783601661434725
0.041579183651938759
0.007762209641318429
0.021362773176691802
0.188519212331983238
0.134149794834692693
0.046172969049479005
0.032080135425487905
0.000000000000000000
0.033312249021960429
0.034908718985361117
0.005879179414065914
0.378844541438820959
0.285419686017629737
0.009159463225001004
0.032262921954422472
0.033979200114723628
0.019702903238624017
0.087366823293641205
0.076149976204307843
0.062814886190699082
0.034324856161753639
0.026389081250338113
0.075560649301413763
0.124248105821500032
0.129280037420189370
0.219232443963814971
0.323037766297543771
0.032176562038609559
0.087597367514515190
0.154596883229641546
0.089401000233770761
0.400000000000000022
0.400000000000000022
0.020924185565930290
0.029475517535225676
0.105539021141407105
0.040037569287341354
0.015030225285092819
0.055192708119862315
0.078731478005485356
0.037495212946737036
0.045925190964680139
0.038057592904432974
0.023486421181553349
0.084377330038338458
0.200604162906192540
0.279059005288114392
0.068815892904066076
0.064523377110911731
0.001968330023026250
0.044503292860390786
0.217488037569192050
0.118570900363986806
0.044787143032314028
0.095790067849961774
0.003242495253550658
0.102834466962426624
0.095223173915088527
0.012093845825256138
0.174196755197243619
0.231049656804822062
0.052834461939678029
0.098976993749533643
0.112903863763412618
0.187846973980040299
0.225133517939712202
0.108496768499850876
0.038638586729063167
0.086086485543896835
0.125935444777850486
0.142678463535321681
0.314468490294133929
0.198341662496797411
0.109147840125924545
0.045079070015637240
0.105188681212156243
0.154808037849367336
0.145736917297128565
0.094147208484972142
0.170147660925153543
0.077169846657577326
0.032011975885458711
0.114324526668036261
0.108679653784743147
0.063416881041018419
0.110062849464028362
0.098115474129233313
0.008797059749605268
0.062660347031508856
0.069452402851764683
0.146166759625398823
0.060578920595827160
0.190880016033029370
0.166128521254759243
0.076915297210360833
0.052985651215268818
0.071625774298274172
0.056923709290207819
0.195291379138671117
0.258603689215975874
0.066185625319439070
0.016734128494334803
0.077428225521184321
0.053590573157011982
0.112947452011646549
0.202701426179199395
0.033091467963190409
0.032267137657666971
0.031441122850247166
0.400000000000000022
0.238398916099146235
0.373459793510003246
0.400000000000000022
0.236270480064865868
0.309937506556763498
0.400000000000000022
0.236157290818545973
0.246923643535826687
0.346387144885930420
0.247923224253270236
0.296106245366719922
0.400000000000000022
0.045058519668530292
0.100649458039629242
0.183807661433976754
0.168752947426337729
0.308736671702490306
0.388798839638953508
0.020892612427708707
0.028697411789414911
0.109420121139206683
0.286136849952528416
0.315472046047483801
0.304044839657320098
0.400000000000000022
0.048127743027110675
0.046043018288135770
0.177059169360728741
0.319147308183948208
0.400000000000000022
0.400000000000000022
0.063828258230474610
0.019340723844505726
0.083885304467734623
0.306389876826543617
0.400000000000000022
0.400000000000000022
0.396117286486113107
0.040432491381983224
0.063318881885168488
0.280640538187687305
0.400000000000000022
0.400000000000000022
0.400000000000000022
0.048726713991006657
0.070445484803704966
0.237420128661752272
0.400000000000000022
0.102889503654452513
0.224795543354987193
0.275419302728395821
0.080011166004754872
0.265188038252629099
0.306105482375142346
0.056856944299596410
0.175197622299195249
0.251623464604379954
0.125893259780217787
0.263937446963059652
0.320238842269222945
0.067716023221455451
0.144752100529710354
0.312811206925444896
0.319196637285604823
0.256145466132600086
0.400000000000000022
0.098103044206172385
0.062372577153384692
0.195734416342589368
0.318723066261135890
0.251623105004156411
0.330410749419726368
0.359630596998370911
0.046163107861390315
0.010446785776255752
0.240492901917131824
0.198810028745842582
0.339056694108184065
0.164151566707011615
0.013050513329811469
0.003864210279446514
0.044066041256910896
0.170295069270136351
0.247339968413575251
0.281792505121250814
0.173006316535209759
0.018258804136262251
0.016733291788708061
0.181496879568340874
0.367684650763394294
0.400000000000000022
0.346063610215901152
0.041903375442952306
0.009768859686305448
0.161477838133249313
0.026237989806532275
0.001425785504340729
0.096101596189826291
0.162265857638948324
0.051937197092435786
0.024756630257762740
0.218063461466643960
0.030293587456821227
0.069299827385940149
0.070061296986495311
0.052772358336970547
0.034038934681158095
0.188242484693236067
0.059079276306860294
0.059705298656328482
0.093960582783486540
0.090604534574279638
0.062944736495881129
0.127068163977519133
0.071474593194621794
0.013671599626920123
0.052133681554041626
0.139974804941429970
0.098025044146429541
0.081235215069419525
0.180810165679854251
0.071385750778722779
0.055375933646539865
0.063485190567550975
0.075848668008962172
0.008710497078087034
0.053395020414588885
0.064450771171461432
0.078033912319800849
0.045218985527726865
0.074081593886255445
0.029231662853065388
0.060476642116379487
0.033431760151679035
0.036825770060121263
0.074596022933122397
0.062916765818011131
0.039929560849979610
0.076313059899126734
0.025172423097987302
0.027186112547897021
0.019586894155324441
0.062476710295000182
0.002148063299042985
0.008145721482494237
0.062967313054091478
0.104940459053487756
0.085941582081580689
0.031200063399458945
0.102924586819358371
0.013538312629861932
0.052836858687225430
0.087710322321621237
0.075896715926210445
0.042580640938053367
0.104572421616227748
0.064096319072505889
0.072141282435104412
0.022169374441281631
0.013254415552327922
0.037884915984043463
0.073239922379718062
0.198759600454412738
0.025616019793390274
0.036500727805384395
0.050390022849597045
0.026900237519610012
0.055547466491097791
0.200377328278935951
0.066339998599665537
0.100766989986508321
0.090316370974048793
0.037270489951923294
0.009521602785366907
0.087392570346230491
0.099349679192560811
0.130443619114902432
0.053234008784365995
0.032314411174179394
0.009882538473189912
0.012582580208007971
0.021659710000281898
0.066940452674637704
0.072908879311903665
0.056795802470723203
0.014374990727290107
0.015636937057077464
0.022743326313455787
0.021169034887288454
0.020765732376463703
0.019225221990521461
0.002293043746833692
0.007495829836709057
0.005466128577016292
0.046871082204210962
0.035866649641226933
0.049660228004416211
0.017852452695406130
0.014677919257066194
0.011498953153612783
0.040351635678681448
0.051055065674434769
0.031888774130307440
0.072725747909572591
0.127293846104211794
0.027109365878483616
0.080276736303125540
0.041989662854473128
0.061702443384843160
0.212879241281565629
0.268413837051929172
0.005419916380104205
0.017877190834091245
0.082507754972816510
0.052241817223826523
0.175686165547459944
0.230389789963031610
0.063869324371562300
0.032391519116854811
0.045339512254119474
0.037496391051823508
0.000000000000000000
0.057109937487283519
0.073151400377268694
0.010423197000623968
0.058337283855238092
0.038085225721506452
0.007651980105650947
0.003742588969220762
0.004852403836495306
0.194051018274622067
0.400000000000000022
0.044672780532386012
0.007664624904748351
0.003509285526197218
0.004845316232934414
0.038460807062424052
0.056528997972528056
0.012872059359659222
0.028173121967510300
0.014578499412878487
0.048164836939604161
0.128507983141787879
0.097784842168963715
0.091446569886883183
0.051584192425054187
0.031055108917776700
0.034176827886333083
0.092850201673123411
0.149372569561739388
0.081810489992515209
0.240258360661801063
0.146356884299980339
0.178175504159643672
0.107198220757548188
0.131474476601906642
0.034022453348706475
0.065584740117693413
0.187221428856308825
0.139257952152970099
0.041911136260730751
0.092000013998123395
0.072536952304851327
0.050191107539807267
0.079759144677201507
0.036619332272734645
0.038546206390998247
0.067299538799313607
0.041864777143814369
0.005636522501239173
0.074341214104187120
0.153645414846837747
0.210557543189584973
0.304791435419328738
0.131940575483199346
0.006289170137251160
0.018467901182599174
0.074821760590797287
0.198539910239570044
0.400000000000000022
0.201084409276239107
0.001079426107337695
0.006729673146462990
0.009862283099639066
0.187498062512961583
0.400000000000000022
0.085507684149729812
0.006826433924432261
0.006684102337587109
0.052794007347875732
0.152910713056841813
0.122451196877929991
0.170745432500950006
0.048937303791112774
0.008736415901280456
0.052723087746801803
0.194898449338189728
0.243862208042179757
0.202185291421049795
0.142638348743761328
0.181746920908831822
0.037759262321707551
0.090515880392531112
0.214168123502043534
0.099766843944189748
0.152023098063653356
0.172853796315185049
0.057229831650927557
0.049992386229473398
0.166263007741445146
0.074570773138855184
0.080805517549505712
0.065581478549980282
0.221519576959963188
0.040723957933853049
0.056083579044440876
0.052365440997065402
0.020824494059686921
0.103449490357276505
0.249550783093503425
0.191700275712841678
0.143040932551846467
0.074362416933958564
0.014901786259979972
0.038482126121974151
0.205316320838638711
0.360256469048618189
0.400000000000000022
0.117416705441003466
0.007236723026244644
0.034242261216692875
0.036781576372655667
0.024169617887322872
0.400000000000000022
0.358232751463517629
0.013874409923875720
0.065975306080833254
0.053857568512169690
0.129713928218540192
0.252405318310613969
0.116605460251607951
0.093312044067095173
0.048080386558093338
0.083874125362613031
0.209340392151312060
0.295893114734183504
0.236843341282011954
0.342529384286643479
0.340679847875013819
0.078526011641775001
0.117883569600123583
0.240196412457547082
0.163299833169926717
0.400000000000000022
0.400000000000000022
0.062329657430787548
0.098768365108163558
0.177622991785880341
0.085174427937328837
0.047714126396859867
0.107347223144380111
0.237246722302067670
0.076905186247332363
0.118738438392459900
0.092228320863020519
0.028902144628665506
0.110010543223841836
0.235151110608260661
0.285730811709311694
0.102512226661632094
0.151510371786632458
0.011075237255581915
0.058411879713157880
0.228449254756953796
0.400000000000000022
0.212447443284054238
0.231278237758714811
0.006228746447691667
0.105123576210363737
0.103345643232665166
0.191035193063258502
0.227676940290573226
0.289336389837853813
0.060255668127094347
0.169281685076642902
0.177911107048873973
0.384579795386737811
0.364366675606223878
0.228374603267179954
0.058264305420162421
0.177144302869269077
0.222684633573214968
0.338090258638245378
0.400000000000000022
0.298930675498069509
0.370253738723367642
0.223844515444070802
0.195728974730287442
0.378496635980187901
0.236184747187002386
0.176098330269288172
0.359764082020193887
0.126338567257721496
0.080721914259747590
0.300526894222358232
0.191346762084598027
0.130565069844103959
0.185883649050398891
0.183049235759575990
0.241787823368443483
0.113760431669092499
0.157817884302277556
0.253842098762253277
0.120319275287039285
0.217478029035991782
0.227882321801316512
0.106042334292743609
0.138754460481035402
0.148415727756682131
0.089126113596720402
0.210514477623625351
0.288721298446380503
0.400000000000000022
0.191965193301892018
0.135601181573430069
0.087103327638532776
0.121189689556269631
0.228404364055500742
0.244599777639737448
0.132536365734898742
0.173163828045926976
0.400000000000000022
0.400000000000000022
0.400000000000000022
0.400000000000000022
0.400000000000000022
0.372919245190121540
0.400000000000000022
0.400000000000000022
0.396993887419038183
0.400000000000000022
0.400000000000000022
0.327245230125010833
0.400000000000000022
0.282681717563584678
0.148024708398853011
0.397086948192559741
0.310646053853130488
0.320620296411901040
0.400000000000000022
0.126807375746743251
0.126948920872820697
0.271839618100425784
0.374591811325547530
0.347704422547391812
0.400000000000000022
0.400000000000000022
0.156321955421804548
0.085540164998987436
0.307626347969225389
0.351260618226494570
0.400000000000000022
0.400000000000000022
0.085487295624611326
0.078078051729878861
0.181363937841493988
0.364231237893385962
0.400000000000000022
0.400000000000000022
0.400000000000000022
0.356377824880990013
0.224847382109564953
0.377984428149874097
0.400000000000000022
0.400000000000000022
0.400000000000000022
0.400000000000000022
0.177573452110938945
0.400000000000000022
0.400000000000000022
0.286137480543061484
0.283811212630930731
0.332264378411229966
0.216433556302363467
0.319173801216847741
0.400000000000000022
0.302314081936026491
0.328369855354761486
0.354132250661911563
0.218063639380943142
0.288322378356443920
0.400000000000000022
0.190984220533295557
0.189465471628968929
0.390030316096921514
0.395654092017496684
0.285540377469771345
0.400000000000000022
0.187081540085140136
0.191926785124353294
0.318512882522378860
0.400000000000000022
0.293270787963148039
0.400000000000000022
0.384326658686061473
0.132790604924965167
0.365018594117182515
0.369416576763268778
0.262033670303093935
0.400000000000000022
0.189731256191896791
0.043105428695572594
0.316905124240313918
0.164686027826905529
0.278862839604450685
0.379729207164007709
0.292022939379044555
0.176503537973252689
0.121800920187198874
0.195929335642852198
0.294730262609187332
0.400000000000000022
0.400000000000000022
0.400000000000000022
0.267419420392398022
0.060677328428995495
0.231262903739518466
0.037489660915905346
0.101819518339402948
0.144501786394662185
0.214352471106505349
0.158203534290956432
0.052450437802399101
0.341203749255134303
0.163365807518905892
0.176114544851561944
0.195637886275886852
0.122679073568149444
0.060957754834375308
0.337328601752276191
0.115289371993535950
0.133467567223795491
0.241265808208749016
0.216652731825602490
0.111485496932558381
0.190623733799571649
0.227826778592746637
0.395208916991329096
0.398532802473343550
0.205339654480815037
0.167743336719856639
0.202901096028233335
0.251289239568561085
0.371166793766781744
0.400000000000000022
0.103404979118752363
0.108485188062993926
0.027276088641804839
0.080951624613913392
0.180505292791318050
0.386955005623693782
0.141535317068310240
0.124298785062861572
0.037981218447494497
0.068516373705449593
0.038993755968377404
0.141758048182671070
0.203835355524366546
0.148236843481454467
0.058706086139574315
0.077857623450436703
0.089903389519904342
0.334843065825995434
0.040363743814113423
0.110892029142841825
0.003936005940187015
0.033225212697032096
0.077086820139248821
0.127374807539842122
0.159680439500973215
0.046758682040533586
0.178744817436690073
0.066812625989879151
0.097365482728135208
0.106835932729864524
0.090783601012499104
0.067436160167959766
0.180950428486617410
0.191914069868871051
0.301622467575626940
0.136757784078454764
0.099634174649508966
0.099115580467531439
0.133584419532988302
0.392650804306454826
0.400000000000000022
0.293543145569871211
0.095577987179919985
0.066882333375106420
0.110364249155992133
0.223391011409891038
0.308735595889388148
0.400000000000000022
0.162141237576180097
0.060777739560541735
0.038871798244955638
0.093261772275304078
0.154711933117957667
0.400000000000000022
0.400000000000000022
0.058695982667397770
0.017999244414214591
0.013718401138422060
0.024422717682890671
0.114869398466410977
0.337090110244207264
0.103285817609873626
0.024110628150762418
0.017618783318714283
0.037555181615223560
0.390002473761124735
0.091185447821780230
0.035440031765526417
0.004713420373402312
0.020751145366577361
0.021166945510780182
0.087317945751923851
0.096823752125944837
0.071755090000008265
0.062381242782092852
0.028307783513744793
0.020145454456661108
0.045981651668473893
0.070892886225139687
0.071976211213159280
0.093710135897955460
0.344545421436571908
0.333763273908398439
0.086922025536230713
0.144143424842786250
0.128866019280348298
0.242995236701996825
0.400000000000000022
0.400000000000000022
0.101695081445904306
0.147224455562369960
0.094210798456422870
0.204579517875120076
0.251781589485351343
0.252203507330517884
0.143346811886676279
0.080213710458710896
0.092431319267496259
0.001684068227386042
0.070333317299250575
0.150052513368570284
0.226468808834648205
0.400000000000000022
0.162477070367566867
0.014336216372347192
0.004022642150246528
0.040266463652907890
0.281773068389100489
0.400000000000000022
0.162893482454890409
0.008328955050504259
0.003509285526197218
0.010951712896488972
0.390696530768420147
0.241153609930251922
0.107340585630023605
0.183927219623954807
0.194297147701353839
0.158495807374955083
0.290694808166419072
0.275037714018398383
0.127568314705678393
0.231616411645657522
0.217260753381577104
0.224799786408274721
0.304294233709613837
0.263798439149732056
0.117713786464483133
0.336525111737129401
0.264208353452948352
0.179131087079601209
0.272947019799870405
0.218462033084038748
0.092536010052253134
0.366493711269340827
0.328931370241234200
0.220845783761068365
0.205477223832717493
0.221773338106440648
0.094850263964081888
0.217455806089341785
0.273082413217872300
0.240059032951209422
0.192734957227004983
0.150478454737544148
0.101354759131016561
0.172143094261218516
0.179037986029346535
0.180327674427545853
0.229468925451709077
0.230316623280773458
0.137792930153194659
0.153245378289094569
0.142075389403389651
0.171056344187018372
0.257643642681786300
0.348305540014916926
0.176388822288462699
0.171738261299286654
0.144428265863060762
0.171234231969433937
0.251209955040591071
0.227581427617396637
0.197795588479661860
0.186145448397225577
0.116176646889321070
0.180012669717017793
0.314233014061785998
0.277237830507621630
0.302957514122658256
0.239791670099002485
0.110275248973476361
0.159373076844902678
0.330577851805038403
0.335916568825062434
0.343095286810777278
0.366446779409414058
0.154065413230434239
0.118148816754758912
0.193605252471351713
0.265867770772550915
0.274369371743585333
0.412628732223560335
0.268327841357993868
0.201458304754688511
0.172742987932113068
0.180596430568777694
0.255590422148959828
0.299511388520227517
0.235833108973967864
0.229962183444740065
0.211683640413849961
0.125665727403750038
0.196081163657061353
0.205477231650723124
0.145944765514150726
0.174286454017994613
0.315712263043913699
0.222272645452561063
0.199334407518691914
0.173329979215655100
0.121998822813954202
0.175110155449369476
0.327693616426295631
0.346360344878836435
0.242120701818645229
0.194069133105392616
0.135105627325894290
0.171062811075609167
0.325496353364479962
0.225448111429019105
0.250914068301674953
0.183971802914362492
0.200685026517312792
0.138802257433056353
0.242104699945205504
0.197830003123486614
0.122341001204957264
0.263717580098207949
0.228313320832405520
0.146773581502132683
0.197807720122155584
0.215376675610316787
0.118141720585515558
0.398337549697897475
0.392114521671769189
0.268591679988081200
0.273520789625245953
0.208042213272977727
0.094066692879481426
0.343282579457402426
0.370968463207039856
0.255000317936005583
0.310513840286637088
0.246836312292447485
0.095737006457731352
0.177973265971110878
0.249415620186345138
0.252249650798075764
0.237382979097764152
0.234361732482762625
0.103825987787887875
0.178691979035983994
0.174178640028955001
0.175235839834891494
0.268738327873185689
0.281117752071388893
0.135304732330335964
0.155710548414013578
0.149393433387448232
0.190168983393183527
0.262770233248526219
0.367680499888031698
0.180280111426997819
0.173620165909112167
0.147312654965579048
0.175156679712281299
0.279856023212721405
0.251033155688814569
0.207579571526677359
0.185285656539018823
0.116298497653324923
0.185780480016166732
0.286903233299513283
0.208653306188222976
0.235157897918817527
0.275019627704927216
0.129464500931846360
0.169727378990058297
0.221512851560022733
0.217099543970736136
0.293889550446652048
0.409723110329978824
0.191987357736887687
0.197754966556186823
0.301477226009595256
0.266426659103777219
0.263957852839496354
0.365079336317441605
0.246341018369199971
0.216333742720743655
0.233954858357607265
0.299830195787010922
0.278166498027280107
0.223988880134214974
0.201572891327548603
0.201772791842377203
0.217645602755033890
0.190847523465547342
0.279107488060326092
0.218552927005873449
0.151121125574468412
0.167865444806630792
0.309459775950759464
0.250309659272375418
0.264532684888730329
0.175817954395912524
0.123738034685804577
0.185377319460427320
0.358026513714234718
0.352499491459164038
0.260797336690290316
0.192114194004070926
0.136097515537362962
0.178190507311327018
0.331314753344133461
0.249832821753914719
0.281279173304650854
