0.035759816272298774
0.044346353206267265
0.046545648623069799
0.022150504726669643
0.007749681879246437
0.035241208822522893
0.345691595145671271
0.075073777859131691
0.053672703496360399
0.215140881330995820
0.211658209663074193
0.047152948809366914
0.400000000000000022
0.335840664731525240
0.392747439788589114
0.150950893031110922
0.107593921440144111
0.290923373854352185
0.036562901623304091
0.187035753979313352
0.225916047513959273
0.071878501736247241
0.002109148701723948
0.058238277069821237
0.068472849719019610
0.019145607589067481
0.027571067166841205
0.067315832080261762
0.003409741480062276
0.047976648996600264
0.032534074308021348
0.010419442922672481
0.031151323815850819
0.023922895383969599
0.000313600836860070
0.014551890827425484
0.052470112702100585
0.112262158933193829
0.146585193780233353
0.041065487234483444
0.000000000000000000
0.006234366973236710
0.109437182353923357
0.119529348012346992
0.093189015722695001
0.042552956239718442
0.027136397969127840
0.008494187754498199
0.027075908593024129
0.033327750118564002
0.042917796685900358
0.013161661448735831
0.001436013781225570
0.019429511314368150
0.016951560280366814
0.001864752049415003
0.023964389854659453
0.060732213390253018
0.120746152467694309
0.168166357438630371
0.033668687568539794
0.007124598161341707
0.107388069778656614
0.068668540335198924
0.077477091033895593
0.179657780850379062
0.107880564367115794
0.019252490791269977
0.053218731623544582
0.065695502306334752
0.041689494379891286
0.027976168452646603
0.113628991500498794
0.024307413502877108
0.024120591789125748
0.023813844296722647
0.016901829291058570
0.044946035192556966
0.098779812272327350
0.001270686481822531
0.030773498171992757
0.043623074946863911
0.004297607006295610
0.011384420375987966
0.151743698402811433
0.047705693265723721
0.033141250805223746
0.036470863452792587
0.004818150125751191
0.008722034592118809
0.078252603833697087
0.102084298320413852
0.063214818360534275
0.048558918884385904
0.014873659542349815
0.025718405700474047
0.066329939712592809
0.018710457757125248
0.006881062347755419
0.012183808929130806
0.011018164013060473
0.038601218418961539
0.006681303257411050
0.002315328195191731
0.035046971004067284
0.063442623659936581
0.062739199047096531
0.065011791263317908
0.001596856393185103
0.009875464934579421
0.081546845253953781
0.013571261969790128
0.065589894528165132
0.121480910874110809
0.033373965966530805
0.044271428611346489
0.110139008944464115
0.073477689687634143
0.045961511159246932
0.033385073873219429
0.023636559521965285
0.025797428247464657
0.025126108536367354
0.056629873244009886
0.011305620103841580
0.003925562088436189
0.052116239067764872
0.017020053974010442
0.052529682171708489
0.039934282438074439
0.013972781045822738
0.004832241865380659
0.094149972500873966
0.066330481569933847
0.073687291737471697
0.040270737395871857
0.015509091676836981
0.010085321099016666
0.060213470629465402
0.114138015365710221
0.071293490563680006
0.063719511372188190
0.033791461690709214
0.025252849539121838
0.023488824877625436
0.003657747530757589
0.088054045642196516
0.070603298223588531
0.074780787765106563
0.088675373330770288
0.001675577476218341
0.003280017836128512
0.122700846127618363
0.083051242125687735
0.062034945019887044
0.045544809613325951
0.001099409403487289
0.002747194905763697
0.161103255188516176
0.054259677186982373
0.057760442320661964
0.070748319794487508
0.027123684846170195
0.008077845492954400
0.065436621137070272
0.132806353210275230
0.076796097884353196
0.111277247207484983
0.035784359022941171
0.008318528954526647
0.061328310313334147
0.131061627785056645
0.221885850880816193
0.172388343462618110
0.031846468243941821
0.019193109821280328
0.066381790124881435
0.089455475214244629
0.141894493958746482
0.132076131944104169
0.034244826084131388
0.013137487531744287
0.018067303274880490
0.036560304873450744
0.034931859920979969
0.044145947967232112
0.039482849593888515
0.006760143956068444
0.033299048207674195
0.060178651386449108
0.074100535495898415
0.033625578203290679
0.032429999953755340
0.004828384826386149
0.127534093423081835
0.246849481614017319
0.400000000000000022
0.346034722448942067
0.001959445235326384
0.005976796631904277
0.382297481019863050
0.269385476259877410
0.400000000000000022
0.210470358767701732
0.009469734044698631
0.004433083457728308
0.400000000000000022
0.244037188897386653
0.277274630350997808
0.236725105376141498
0.018103780967044757
0.000237057049473215
0.286508663373757744
0.247100752386520961
0.387149324721974997
0.400000000000000022
0.076358472084470552
0.005346490424593786
0.119735740604215490
0.259641275058485999
0.395683866461476907
0.369690891160782797
0.085907876429319713
0.019888200414544144
0.085753804078961202
0.368887030302844865
0.400000000000000022
0.383179364356931895
0.044189805165693055
0.018593096300600631
0.005825398179013233
0.078891360390392046
0.245345831654565000
0.351121562741421589
0.082110352989601121
0.014514724291426152
0.017189483091651914
0.053341476970442087
0.060374694507293596
0.118711014799365147
0.025637510893433711
0.003343678035424907
0.081593006604925689
0.131102553844371611
0.374200504388803090
0.313275332301648723
0.002991540664887241
0.003954531590782247
0.341106645295161603
0.119852566397794250
0.344171720466646625
0.384344130489376823
0.000077258617689487
0.006233659299772586
0.275326215293467236
0.165032798792499574
0.090946451020952973
0.114387176149268549
0.006004431661305033
0.003779257429999854
0.065550972074442243
0.131698568701439367
0.221198027293752264
0.294342972548282455
0.024648690275736081
0.012281541224542343
0.024728059019954878
0.058542964875199117
0.160598092299926776
0.256803860443593657
0.039305644467653306
0.028308801703064587
0.161417918901073293
0.070999361194679950
0.112417081174320602
0.285622251668207039
0.022359023397238154
0.016704895619543136
0.078386162897946171
0.050389887490248836
0.210382563648193854
0.343255285981568403
0.043107484809989230
0.004330841755991644
0.004854087442153914
0.024689023049342382
0.317606573678758664
0.390115139932905142
0.026473482804612161
0.002801985073039598
0.062858512544266332
0.064363965611103274
0.131129498298444891
0.212613670607310790
0.006046064931933860
0.004360888890127534
0.040387978034142270
0.076024154233338276
0.136931925474458455
0.152433330884056251
0.014525777803492214
0.011233755995479405
0.042695512948015671
0.110324283457876759
0.071037755739364314
0.064380008836107741
0.067947878938292655
0.030013741849345282
0.104245378897544677
0.081716764307579653
0.070280824356163285
0.082121601761049504
0.058052320759497539
0.010875613934707002
0.098555476040808776
0.046028700389409427
0.040673736142540620
0.075328954676011042
0.059597563758943650
0.021332856665285359
0.138081230954877843
0.175646193125503669
0.055771412354114258
0.065689510060005923
0.019077137734804579
0.006753197289116427
0.046831087528012343
0.133957390271347315
0.178629239715910243
0.130673927869121992
0.027935425605883357
0.005007037540827469
0.011289083608359314
0.022177425288219116
0.400000000000000022
0.400000000000000022
0.044601229045829541
0.008977879335029120
0.165077943521349635
0.077292552731847403
0.027642084669688170
0.035484460628472179
0.009712805608640494
0.005213410465454177
0.042362712716947443
0.056610698514490077
0.032317601873890767
0.155233536226116187
0.004740439778755060
0.002840383102832238
0.058381142144090112
0.073703958449175405
0.041495941473432850
0.092751826234399509
0.051618322415288444
0.012694512516954132
0.022020644564241538
0.027037491054393511
0.025766959028309382
0.061678241130940781
0.028865545987607058
0.022950116466529502
0.039450508257875369
0.025340113398851331
0.039383414918416543
0.144619839006283279
0.053870148235026602
0.026750190073038221
0.146132571441969311
0.165105473863907393
0.092484232157963586
0.040142659672768394
0.048620203039024423
0.009423002507294369
0.060698770834446289
0.377534527924760444
0.400000000000000022
0.102822264640186872
0.109454534522280628
0.021724459165828668
0.009033591244545263
0.051717031838587599
0.275924915269601445
0.165373674811769317
0.044259681827698794
0.238641212132915531
0.184503492477859882
0.013569425951267998
0.003302738445853107
0.019217843706678596
0.166204319391631383
0.107882283626321795
0.101997524854557348
0.098089321918094580
0.113125938478054230
0.211538322656004085
0.071540036986468880
0.019879360822603553
0.036047617990516784
0.157421130921198305
0.263894613280280965
0.162378264404316380
0.078627936453933484
0.045541594282582351
0.136152491474471893
0.064532584865985870
0.032970496022751358
0.034938244691947166
0.067612493548713876
0.018390591766124342
0.153564949941371431
0.051967379921367338
0.022722788299426876
0.027932975429317143
0.124554306063504427
0.018854699238403817
0.284483456681685343
0.267443407615395590
0.111635161576822961
0.036157263612926004
0.105427270532507167
0.015218302780084576
0.085608775059006700
0.310672920373435635
0.304492982554033120
0.042893767006130221
0.022588036287492556
0.008354100384565834
0.005670823976159069
0.010573635456068349
0.044825452789292050
0.252262296002728259
0.126996802945037846
0.399730422056531087
0.381218086453973259
0.004956838540611414
0.003677182485561523
0.048755252962805688
0.400000000000000022
0.389748897091815483
0.227119847769070321
0.068408977366382864
0.077301238163940605
0.303569296830908886
0.105648131818710675
0.039097808247402104
0.022903816024464507
0.178449600766955707
0.252651463513086982
0.388421002483387845
0.021182023686184302
0.018408200959356504
0.012160727631049077
0.005856081814660598
0.009627080283809562
0.034706126706564810
0.039934437494604166
0.020640879738703731
0.116176381399556397
0.030152677724050107
0.002014169257250606
0.059889613315819434
0.038607141831981995
0.034160767773171605
0.214200678132291378
0.251348875518340453
0.030350219580941029
0.015762637212858126
0.066982921823268080
0.007554639767562589
0.123020780781041006
0.260668739840818009
0.050692486776138815
0.000552341466326530
0.103242239511919354
0.026492308946247579
0.029216658964449228
0.045916503239399227
0.017195205604031632
0.054323768683116676
0.148729866190175197
0.106670367852868125
0.085772376616791907
0.014984283499524142
0.007275070354696292
0.084560431102327582
0.140984977666992195
0.180028385705694849
0.029543941238554829
0.108724587081517263
0.073278196072010540
0.280381723761525925
0.059946399301375144
0.030631644799040805
0.007201919979988945
0.095620250226745182
0.198626174290627955
0.230568669928126302
0.120592964655387588
0.039358591818069590
0.070057754554286145
0.012688453653538113
0.010255223734115070
0.030184149001628153
0.194290679803853228
0.148221704602306437
0.268772093807568724
0.067163387065774877
0.021620333546902914
0.076109680500212662
0.132049624664600573
0.159972110405535523
0.235721995735545614
0.053301696699316774
0.018065431283390415
0.033507556871006053
0.169475607724662192
0.012340635082038295
0.060547140914931415
0.112660424651069277
0.002908472255534254
0.041534758533022596
0.178347737918038984
0.074551771438040731
0.076590767643255328
0.083958148485536954
0.021173834823939586
0.030981228005898181
0.074788382523461316
0.261662184511794127
0.186839060350074748
0.060290256513485095
0.038752783922578408
0.097198662289392654
0.008748373331444091
0.120987203647047750
0.053244517106405383
0.159013676347660754
0.087636320349999297
0.065985865699450544
0.030365110825416500
0.059062593905500796
0.022049894327102141
0.098946221829562614
0.138701682443235497
0.044401900014354373
0.139253567329834044
0.137567786854752017
0.102299294262110457
0.083952344317376484
0.032398583262981243
0.078574995821522442
0.116818138733524923
0.233108169662242404
0.339249175969861594
0.183264620063259331
0.020242458251498091
0.104934885443013146
0.126582888888651046
0.204505752275345259
0.277374645216999505
0.043157854498979249
0.033025110590940328
0.098911307404146775
0.125036085271028080
0.028071802252231395
0.020113028405655261
0.046961033146448110
0.032694444579194903
0.057447376252674688
0.118555603049994157
0.070188410544447410
0.087652804297487133
0.097111887464157887
0.063874377601206400
0.040434819741191792
0.091376452268079666
0.154417934877355889
0.400000000000000022
0.187605868126758391
0.074965554702751847
0.090504655311224078
0.028331610317444546
0.185124003118939534
0.089475003353715180
0.089160799434593055
0.036081312781692534
0.160743507662959306
0.026646629419711312
0.052031135135882596
0.063055752524662001
0.174251180383336646
0.016466235841070688
0.053568567313271552
0.107893403898540116
0.154161739801958297
0.329931795036419229
0.361261264044696495
0.063659817194764948
0.125934559872740798
0.180296304419471254
0.114576999455178602
0.389289022979521504
0.400000000000000022
0.100894820833912505
0.199062779303961740
0.190418397549526108
0.310586219881226533
0.242366497044817025
0.076027344581038922
0.114102025319270245
0.238780104795925097
0.137064632395823616
0.227196163853023408
0.117876392916633668
0.048058617234549510
0.021511367891216059
0.107857999852888728
0.140835031095016244
0.272961005126449385
0.393272710198781794
0.150727509433262907
0.042621759154896820
0.048377800276962250
0.141125240433804089
0.400000000000000022
0.400000000000000022
0.367761826425282157
0.177833085565464538
0.323301129562097056
0.044811587213583609
0.400000000000000022
0.185212406881947733
0.146223760678530490
0.043445849481029225
0.206081287670543400
0.084096058430348369
0.387777909530092613
0.224561154364930876
0.338821611771363607
0.054434879939283531
0.153205846216036667
0.115641016195666690
0.278753316144876750
0.391346805937596520
0.397640824922917524
0.146340202747270526
0.317219844410536522
0.188993940215982204
0.393000356572473897
0.400000000000000022
0.298832484756360095
0.262051367670510904
0.240698979709991101
0.245739509854582816
0.400000000000000022
0.400000000000000022
0.103667608558997301
0.374502053849465333
0.245781574429929678
0.156784568173774591
0.400000000000000022
0.370001683401660564
0.052132935484494783
0.157591403787066098
0.361411070994785866
0.180386621695587168
0.400000000000000022
0.400000000000000022
0.138383783196154658
0.086856167569479892
0.255826511741136242
0.112144828518492806
0.106679653273110270
0.281024737358034404
0.192883245226163708
0.145205610940242758
0.190389624878162078
0.023654302393471896
0.167478673801327305
0.029170694956345510
0.132486518987677770
0.084133869101512465
0.156227061789159488
0.054802755608045942
0.399082079610045937
0.195320187315817378
0.293309522009095269
0.038229524691828692
0.130797497065633928
0.108698465437816277
0.148561497899332290
0.237756715440142347
0.238551725390133945
0.097193804286823712
0.147834012194874770
0.135505172428726478
0.193402435732787870
0.289434159445390637
0.154398590839129934
0.218647786348013212
0.177376219459068202
0.116772608704864181
0.360570173019842399
0.213187904514301224
0.198556872689083841
0.226460286800769850
0.211920404560136555
0.067650608761554348
0.400000000000000022
0.354336149852663707
0.060743410919180472
0.152969401392424154
0.266875839120948144
0.149102178183773859
0.196466846224285563
0.400000000000000022
0.270422020146432518
0.047042765173126500
0.138405116725165533
0.059483650208349670
0.088508102565548530
0.234113871000192847
0.079999104726805131
0.051224086964138632
0.076573036446070511
0.012547785791435699
0.045544597181690613
0.021089816379978636
0.130405491325217060
0.043121632089284871
0.095680054022757782
0.052305352422805484
0.339549317576088638
0.105658158266590058
0.182334764762866031
0.008583967872855909
0.098536265410072515
0.173016807702446734
0.272695182146734105
0.221143365412568932
0.234809813731837264
0.067112154358438120
0.140345494098884721
0.123557855246241410
0.170512912030294117
0.196536551488371292
0.067729089436365977
0.043854136311037878
0.091213142591556592
0.108073209849271268
0.093136752401147660
0.077001401816437443
0.075356543876332172
0.100603580752706090
0.079732594801252943
0.176749512930036795
0.386068649602979597
0.398349649695694696
0.027525445317301004
0.088854117645800590
0.090846584883572251
0.133372758880681869
0.314126849889752313
0.400000000000000022
0.110170672948676190
0.101147462912680564
0.086705547403459968
0.130385038306226081
0.063900771433341719
0.085368124463253647
0.065537231139238414
0.021214041171641451
0.123804316570002473
0.027679103632251664
0.055911372111766215
0.072464977353611487
0.316549972603005769
0.103358781740360159
0.201952501231882964
0.038863073982545626
0.145393002213055456
0.077080762972586522
0.114666285314121194
0.039813206550656781
0.124243285876712850
0.120438409183301953
0.232819315155975842
0.149587339874749592
0.101278374256716333
0.078835029949443580
0.067901447446082480
0.122405698135696295
0.093769892702757734
0.092962909698187601
0.035788498759231506
0.046329639881806252
0.056772822061482917
0.135230747904002552
0.037148077342675799
0.024188412689447217
0.051090805769360745
0.073462729798843024
0.099890276073975437
0.098735210110744168
0.094482990596188948
0.206583416127426145
0.082151892934824763
0.093584249525773849
0.069412006894743486
0.065475771575704764
0.062945437278068839
0.260901475905801261
0.254242935593557928
0.080494220170806957
0.051616789055744607
0.077955777274340610
0.062268806755947030
0.067017982234977860
0.027426863754862599
0.003119941386774691
0.050412734221433754
0.152456151716079402
0.069996724787472347
0.016082560338426411
0.216273754797665058
0.280346313950085912
0.126201930002593998
0.325858569546034926
0.400000000000000022
0.268392837597358380
0.084926037062526438
0.125684729596681810
0.237518425455328808
0.123884559605755257
0.400000000000000022
0.386439328138084903
0.149587968344810557
0.018452235777912666
0.063208702180721749
0.202986321070014075
0.107161768533288015
0.106737933771514776
0.041233450244088761
0.007903575391666950
0.045151657039643925
0.080936810720246499
0.022597307415377334
0.020557635787665195
0.026964767790336429
0.001355394874185463
0.026223956477425259
0.131657204035141834
0.107421539172822461
0.261929006089396288
0.122427905060497680
0.010226276188640349
0.011335116021959999
0.160452506114499627
0.179125298031818730
0.394366107081583372
0.280520032301867450
0.027133560872918128
0.008127380629760686
0.158200540654102439
0.400000000000000022
0.390127702968735113
0.027107343267281061
0.011426864364807960
0.083996461785328588
0.400000000000000022
0.400000000000000022
0.280792551265430734
0.283549858697378643
0.288959447827014770
0.350722245640275765
0.400000000000000022
0.360890276722840131
0.397322246560273207
0.317434525706332515
0.345030674631129686
0.400000000000000022
0.057744925309488382
0.205443954938669848
0.238076775145008329
0.077734583550907829
0.011736228985533510
0.092944403776386048
0.108407287213623763
0.039786487327771208
0.143747448566397595
0.097468509804311862
0.005423910737312881
0.107866262312419692
0.071141216140003349
0.044580210695844086
0.245352001948142190
0.275271770902310142
0.030663820417801101
0.030314528040283610
0.119453034525368679
0.119816798700756413
0.269605974561274331
0.301734227075301453
0.050692486776138815
0.006786708439563240
0.212679421865842683
0.146021656958594565
0.122405674687144236
0.088469459479117663
0.044331603573159475
0.062817956437614869
0.162866820358515241
0.139998117971432134
0.128690173302692279
0.028145944948259973
0.008711084135921863
0.103989942416695708
0.157936537947359013
0.181893137755109846
0.053508331093214283
0.169456800471770253
0.194024348539704850
0.396212624349681908
0.093615086869914946
0.037756242960382505
0.114589989758645566
0.164288790561944092
0.276103265324523561
0.396415032298951031
0.194045055353083862
0.058611082609339560
0.123276486177830713
0.078383955959872853
0.051944718114006361
0.058160317454274760
0.268233527745504574
0.172529118105183565
0.292892685596694513
0.090977231362497524
0.038522162837961477
0.121055715692769642
0.230829436936927923
0.161242796887358014
0.266495493907538405
0.096924771646180685
0.022363038289686027
0.044891977246994022
0.251657209150516759
0.060046328347762017
0.093688391720155167
0.149131288103861837
0.007726622381285447
0.050256793125141405
0.255714070286343409
0.176636069758454584
0.139805586003789589
0.132517067369922886
0.036047494366289394
0.056699633706372231
0.141118322236054139
0.272632368767987354
0.193720122697830177
0.072474065442615906
0.049770947935638882
0.135799880708354193
0.015429676588855138
0.123302531842239493
0.088291488110472660
0.222456300007597335
0.150375519397095814
0.130997656962768438
0.031961967218601603
0.068938058840080210
0.103596739581055919
0.112517483799352752
0.204291576971400601
0.165882810888465182
0.171057535609404981
0.181839215466098519
0.212438303206574558
0.157430034005010627
0.078360094422228188
0.111960069694741871
0.140454698255490201
0.258905597909707019
0.364375284506228969
0.239894493307269197
0.031548078355339668
0.108860447531449342
0.178699127956415904
0.221525806249355695
0.329904327388708007
0.083092136937053696
0.046997891636763066
0.103743549269527432
0.219186057771902032
0.094402283822165242
0.093800320143126961
0.087231770542319967
0.048203536256031881
0.067532697351691359
0.178769073679459545
0.184326425910157632
0.158946294861167153
0.160831398836346062
0.097665839291915621
0.065687669280313624
0.114865277145705089
0.158075682408113483
0.400000000000000022
0.258209166350346908
0.149746342467858395
0.179180028641994338
0.030007187793662890
0.188404020955068058
0.212175849481333556
0.172212041560280804
0.098116257801579579
0.206288317276285244
0.027746038823198604
0.054778330041646298
0.224159007713178177
0.228510857570319026
0.074226678161732645
0.124316887107759039
0.135017088744710301
0.162239585294912669
0.374466598598542366
0.398679905339756169
0.140455915079118143
0.237211807080225795
0.216080663442412446
0.122895528409705246
0.400000000000000022
0.400000000000000022
0.317738078520802825
0.360390326233375524
0.222264865793467936
0.323403299571449088
0.308748287169698543
0.165482819795283537
0.255996519278016699
0.346024410072680699
0.171309458479954990
0.240333651384767699
0.135943696191514141
0.084618922108000247
0.056443227812196024
0.152003947820120833
0.180317880688904753
0.277022078905540647
0.400000000000000022
0.210906160819712002
0.116722294650795241
0.082003378480252923
0.162062046216506384
0.400000000000000022
0.400000000000000022
0.400000000000000022
0.400000000000000022
0.400000000000000022
0.046771032448909990
0.400000000000000022
0.400000000000000022
0.354730439130053532
0.400000000000000022
0.389349456080095302
0.093565792475047010
0.388631582061248926
0.400000000000000022
0.400000000000000022
0.328038293071841403
0.387858665934772917
0.133744797162711454
0.278888986221431989
0.400000000000000022
0.400000000000000022
0.400000000000000022
0.400000000000000022
0.258144371097035252
0.393941686067103114
0.400000000000000022
0.400000000000000022
0.400000000000000022
0.400000000000000022
0.260158768174044930
0.400000000000000022
0.400000000000000022
0.400000000000000022
0.400000000000000022
0.400000000000000022
0.200974373339467632
0.400000000000000022
0.372495616685720177
0.131024295874886815
0.394521819249691319
0.400000000000000022
0.256994370302564668
0.400000000000000022
0.400000000000000022
0.191725260166596745
0.147230862076773494
0.358541097518092711
0.137782339411926524
0.110023331308535172
0.359848253338598378
0.317999280434593801
0.400000000000000022
0.393334609315491912
0.026645843058359136
0.171433205392109544
0.352833848201434874
0.252339085385472062
0.392382299250688404
0.400000000000000022
0.054880014225735442
0.400000000000000022
0.394006882845455930
0.365937506110690647
0.129175975712781665
0.245184673214902449
0.114702897099121306
0.152340755329332139
0.303307687514584590
0.341317626650225414
0.318118255452275067
0.400000000000000022
0.160153862704462580
0.205683976957330261
0.314162218465345477
0.212941555714329045
0.355827799307377179
0.383591173920096007
0.156078253172517500
0.375782419502174725
0.365851913022872732
0.269556233883763763
0.333368438137161660
0.381871970368310665
0.090009632158792513
0.400000000000000022
0.387894347018512886
0.111133298409429315
0.363351965040618008
0.400000000000000022
0.192209662993763075
0.200797687980277251
0.400000000000000022
0.290704214892839985
0.349030626474096328
0.400000000000000022
0.085957133012961845
0.091310087638588139
0.296972383544459206
0.144363070337908433
0.182353585262583495
0.289186707053381342
0.018593850723369561
0.049905486071818148
0.061477794414120907
0.206429645558555308
0.180053557563743361
0.248113384906814033
0.066831130226297691
0.347184809873190892
0.148353671214605742
0.292659048220742790
0.079621723612220224
0.162916274246180270
0.200985746000095111
0.289872341246024012
0.325388744310113665
0.316526578039416973
0.137392978714601405
0.222467095859934239
0.181610176005738949
0.181388525965001102
0.295092027529180068
0.113757789825775391
0.084527872453578498
0.166542097267567635
0.167670773608214918
0.114469609066433026
0.215082632771315313
0.251002737001835841
0.156374993106820348
0.145422104861258866
0.195826650664841395
0.388972432111325039
0.400000000000000022
0.161482835588648316
0.267483357361710805
0.221520512752694271
0.161308184486565254
0.317134766437110249
0.400000000000000022
0.132348098236895306
0.400000000000000022
0.400000000000000022
0.162573770676161466
0.072878650768370842
0.250446067984603282
0.142829783871085830
0.048856125841329610
0.159288777198474646
0.037391909240892161
0.061124782577220399
0.114827690070558930
0.339166476106443127
0.135676383614250939
0.357186037457999150
0.043603513761300686
0.148233385315887700
0.135461905116676634
0.188370243763296585
0.081309148024089631
0.216995112111112387
0.170822580262531748
0.240509973737431881
0.171607984438991140
0.128315865311109834
0.104601988977752969
0.129579688577023289
0.151271244123303339
0.116720009169287223
0.132413417956062984
0.061128612158082837
0.085713054800222802
0.201392661067766182
0.189100896139029140
0.063898267415714027
0.170320984131416497
0.216196279633268124
0.165946961956806582
0.140032935746743803
0.147355413149768605
0.103905993103483321
0.267282186961872448
0.400000000000000022
0.400000000000000022
0.172234271534930344
0.174930306097985377
0.084669896443897524
0.269935067150346542
0.297714916886653358
0.338084085578926941
0.216990463867513944
0.122215459102039403
0.276427450070714009
0.251521474712837700
0.040996289706130604
0.006422679832627797
0.069630577928112350
0.318660471107710785
0.177879008413794115
0.118080085192983769
0.314363076715759582
0.375093875694047618
0.337740252658598028
0.350613721468913064
0.400000000000000022
0.304440455587875192
0.242347167983724771
0.356840190824743941
0.392659901354369789
0.183358886183041137
0.400000000000000022
0.400000000000000022
0.214120553210796427
0.051422731800664020
0.098146946872668922
0.259963404244276552
0.125552360299412358
0.260302883712886179
0.093200830165456106
0.030626363691093825
0.073084632468961075
0.205491116783750927
0.041452006653781154
0.305041092469350572
0.294408175405731998
0.112990556451008417
0.062381220090351262
0.235952989947556729
0.122639841952907058
0.346909174128364584
0.398414034103943604
0.314719258742673480
0.054228883028090216
0.183040542401992190
0.187479398416384557
0.395614869611173814
0.288108139800202279
0.071959013662210164
0.260389676632488964
0.047744410536902822
0.199383746150411240
0.374698266354775267
0.245294599905741595
0.202745573820236419
0.298078219539879730
0.158895217785610110
0.218657432179894529
0.248667172456218000
0.360198603666169181
0.315130078244291789
0.375368668866384647
0.175055080828125958
0.276537947609310608
0.314660293450095385
0.364741810412060830
0.283795396612320339
0.342489113376817589
0.140943160482229879
0.224263691086474870
0.373221669984922344
0.344898244558609735
0.197574721064294523
0.275317250036634931
0.077708384364650690
0.145827766843116380
0.345040368924635465
0.277953363459760405
0.200259342309706073
0.286937638946056117
0.060156709793578067
0.178204543175755820
0.359392375382545204
0.261820406591331822
0.206084143880422621
0.253159192881504791
0.070802041798527671
0.224205028154501523
0.324170040023966599
0.249745769303752363
0.225074838339134942
0.263518760226551796
0.115630963417737154
0.195536268953540260
0.326934416199472611
0.301691096358375155
0.189734717705902056
0.231338020759284696
0.046864500195837287
0.186499073411035693
0.290123695291485240
0.164169232196134302
0.186695848831826494
0.235060662703297563
0.156634664197916940
0.196296367187884985
0.175920759221818546
0.202591703870217577
0.250352690996433147
0.359417922698060499
0.195202861694286772
0.294675506248912200
0.287437249923157834
0.213149170354386436
0.170791363700972060
0.339623342214812718
0.403500784976449534
0.359521240172811007
0.392705810066438954
0.253409995550451406
0.136686370739607266
0.235731144613314680
0.343172320395461528
0.198229253606230338
0.311299413178892481
0.208080115379790015
0.171269456129269720
0.201310131366062378
0.336721841447412185
0.213005320999239467
0.271017330849962601
0.228069433217789858
0.202882266013425849
0.166500753431676030
0.342325420662631441
0.256873195737200855
0.270180723520963839
0.211720505806115455
0.247313477498582207
0.194434312202267895
0.332296813106733036
0.330801587301309041
0.323415099399751882
0.159836491735067171
0.253695791580092589
0.248724502163957972
0.122683796507736059
0.233141116684234290
0.365534583452865658
0.211909378148958383
0.180179140847642777
0.308723453741234277
0.172695118376486878
0.230906642519484590
0.262241891862917353
0.352679278937561458
0.278653240197030083
0.388404810213904661
0.125669759303421058
0.256599473011063672
0.340431537869598344
0.409341971764279833
0.258678192607704027
0.325378412857996568
0.063475635071195469
0.173555889897226701
0.336985988412020987
0.345777414395473714
0.201636082642229153
0.242720349566584837
0.110512721678772810
0.158452401372785018
0.316628441849912901
0.265070609401676094
0.237433095300530056
0.296208272395193872
0.080656893609963906
0.197255642560547756
0.339425826597671787
0.298108693777314082
0.260160684225389738
0.307520889754934024
0.058256033042371175
0.210818098918998914
0.319620478029153166
0.236768427700292855
0.238343664873814393
0.298176480006020650
0.068843791451082673
0.181206813750389745
0.337369812358699395
0.213098560800734943
0.179245341858223994
0.290532272725323171
0.390361895510185963
0.324942161852940448
0.349582027640781501
0.157720304014340368
0.163183384508904489
0.192423763388380770
0.170381187891413988
0.214322769372561339
0.193246172241213404
0.220404877661862869
0.245943118374691405
0.308317847527646627
0.124081281086013906
0.234172858771219183
0.255515436998485335
0.238074808128169890
0.194775239513096832
0.309927989751113742
0.079308403947974171
0.201123476890003761
0.297102900265401093
0.225726942582247514
0.137165867092621518
0.240822634285727977
0.317998112008296085
0.262011082045483790
0.334383799610918353
0.191179450603369799
0.162306595642790152
0.250183467582566932
0.348792491673673932
0.253320639396957537
0.303559383617850620
0.213485846914875321
0.228754709756792990
0.227001657632584564
0.331136538626621568
0.236415073798190739
0.246421568973338473
0.206449724105537857
0.234491929492429613
0.208933525425956085
0.332857348034734601
0.232097372497518384
0.309118083760049456
0.178118596026825032
0.195756122186813125
0.235538788537139970
