0.032945730140364247
0.015069271445538848
0.014818701318109450
0.092418959668326903
0.346103429761183523
0.128108839708672484
0.022499357709552754
0.074453949273202397
0.260998421488736088
0.019093236427764410
0.029543911893282995
0.033562754881005165
0.123906004281044119
0.138097468055589034
0.238902394819968944
0.036395517168169779
0.039319461679148612
0.117951816599130899
0.083642109966064040
0.307133014128756709
0.400000000000000022
0.119283888346999933
0.005011145306722578
0.007648181162508971
0.107957146530223494
0.385163547052854716
0.352470287090302814
0.097513290586662374
0.022159788732131324
0.032959216322799051
0.218400230972368131
0.170412410495529798
0.106862016652052305
0.038491899533627111
0.017548353307962849
0.015358561756754381
0.067497829019551939
0.192146595269771292
0.087672166157346118
0.017481067835003028
0.000990903487431305
0.000454385647441916
0.125238199506810560
0.124271273384028616
0.247173798138737022
0.039143717057835398
0.001125469711960554
0.004451001262918450
0.070945532391927246
0.093793119160279367
0.022782490119215598
0.040428342175302417
0.079391135263751744
0.044463866613130190
0.078543621198892105
0.101001995868518421
0.141177641132834875
0.021421148370492804
0.010145754659031170
0.051646172085102811
0.157515007012273944
0.190923006837858761
0.150603702598109734
0.036492658254019983
0.009609638351934513
0.047910523473668386
0.099610346481767212
0.240982356584877239
0.190904079551782346
0.101557721295226708
0.012330739850396111
0.002181267076687388
0.069599209631916764
0.180465834295164829
0.258823021309630863
0.116548269876827371
0.007073833439493419
0.000000000000000000
0.066271924774877450
0.094179768164716390
0.214132070799431473
0.142713051148494141
0.024152917595581275
0.003139529165962282
0.061432281426270531
0.120534328147546416
0.341431246904672636
0.056948000888707981
0.002853980426522363
0.002878707874208031
0.082724157298229462
0.053124549678713918
0.179420088114655096
0.112942037987886934
0.005338048383729429
0.012307606988973978
0.112192736105371060
0.087239376272263011
0.026475444574030893
0.008317803132823841
0.025967869449511554
0.108057568286068967
0.146954825875679346
0.055790998245350207
0.033089454404223055
0.037779540536363357
0.015730141318117195
0.052604892139138312
0.060083994248100091
0.063078676050043636
0.008344229839345445
0.094001162616426173
0.019325602832684384
0.043111617625685744
0.062928397197179811
0.100059056033802135
0.063594887589069907
0.101930169626013117
0.011174420477354239
0.006231549715952710
0.157834583401766121
0.097109553375874152
0.034506211463440614
0.047557888634335695
0.016814487641099322
0.040536171575019014
0.151228799435656314
0.044981627307726986
0.058224463116157268
0.090722239524751461
0.012886830348333425
0.008692266130173086
0.168173994209214278
0.104282700099726192
0.180246641677917263
0.068482822470284699
0.011990381801850518
0.035564711384767356
0.082869187744053288
0.082146750223232923
0.182408903137696671
0.101303131506811958
0.019693128481593412
0.208346944661221584
0.357584360563336479
0.103465097678276052
0.036069964694716641
0.010328154225650235
0.019464530410085321
0.030936455284261845
0.274505692688794822
0.047842423728761060
0.059167451313524994
0.038834657231468638
0.012458827730307402
0.007310019957851228
0.265773270867852296
0.103806519264108332
0.058799144723635996
0.083148690007035675
0.024336280730483984
0.013180567715893272
0.106710460302062909
0.068976310257997109
0.059831003125529358
0.085342093324564772
0.015491865414983146
0.003460974545685239
0.063118038101147272
0.091200152009679583
0.141702929671841393
0.140502407865285672
0.251837171597841247
0.003310667534392204
0.096793869466626464
0.075879118912688948
0.068770300056508762
0.157358274966794803
0.129501001434191187
0.009388191840969923
0.161951197188205609
0.074028194561127109
0.083512155874826841
0.179434695603609529
0.077980322973103186
0.083762268954147068
0.030451583207882688
0.031996379465493351
0.101220945015413399
0.299506476749471617
0.131576884481032330
0.189513908031575168
0.400000000000000022
0.109433316401376268
0.197155430529720593
0.064202221738720144
0.029347543483936193
0.033760995340433496
0.347076514451764795
0.072880574993663280
0.063062730736030567
0.282991610684360795
0.400000000000000022
0.037447879858546515
0.202550112353531375
0.039146503944810410
0.005179809164534019
0.350169821422164240
0.400000000000000022
0.028016751189543790
0.147614786898377481
0.149510876496685596
0.071110431253820744
0.343655005768605415
0.400000000000000022
0.017972981563904217
0.150672894990835637
0.221148144904753485
0.113014422778914964
0.320724887264083658
0.400000000000000022
0.019707254376215292
0.144420386511612431
0.055628810907189873
0.026734779734544686
0.331566045701216838
0.400000000000000022
0.021184873454935089
0.153494446769006199
0.108339664843979583
0.084422635521837056
0.254441613790799603
0.143619036808508904
0.063010075002772475
0.034072712812537341
0.074662600040307642
0.081738359492539686
0.400000000000000022
0.183073917157785315
0.395103417048083938
0.046922251647218437
0.094420413505171732
0.344381512479158380
0.183677982145543484
0.128517871855843291
0.020184392412190378
0.178932241684382543
0.062242343077513265
0.067708201027736031
0.277779103223719237
0.400000000000000022
0.015518207942540220
0.239644804252569260
0.095248962953900396
0.009474624651016193
0.313413480236055031
0.400000000000000022
0.023022466194053917
0.283133617087560796
0.162013626267343475
0.036448145394933809
0.342179417569362099
0.400000000000000022
0.004511210479651548
0.281951187654186308
0.246353654277623374
0.054475224371697606
0.315450021350168752
0.400000000000000022
0.007481680463322203
0.220681003028818490
0.077426792172949760
0.044025863578493155
0.277033178461035035
0.295357953051550548
0.011415585788238961
0.185635132734443847
0.122366848846711382
0.036703457931838712
0.166773254243948899
0.088594231660956049
0.022904676401733392
0.147711623849152568
0.071181648918346566
0.043352989837390013
0.099798431004543969
0.038932332772406902
0.192894120641183636
0.154540236295836630
0.108286025450643281
0.383417512793968518
0.110886012419597765
0.060957880484334377
0.043645157613338342
0.228998901328195670
0.114154257825525296
0.100651757170903605
0.065062690989687116
0.111107881679578677
0.087837305626255566
0.190677709092243852
0.123972482991427158
0.096608992643663905
0.031842757796409368
0.038807866752020082
0.044552826426498132
0.182740791108552680
0.136158600785098227
0.043310423519534069
0.040206205818886627
0.019720395142405346
0.005773322552287173
0.187989730061289773
0.030455182270431709
0.075404378183294873
0.049688432877906023
0.042177312076338694
0.011112239770927462
0.082134186810897986
0.029880444123435594
0.078069274262090954
0.300331958553753109
0.370498714740375878
0.032430407082900022
0.041883062629020494
0.079298212453104408
0.065930174240921693
0.153666873744149890
0.102702694850217782
0.061453412138440279
0.039078165914224583
0.036397653534144037
0.055435709750008111
0.213460443444456277
0.102629127505333054
0.031254975934166873
0.195387156873251533
0.120647390079446346
0.382315474526099486
0.392015695299134048
0.085324003372988871
0.053290376803034369
0.172223867698927779
0.068209273106851404
0.147265233355291486
0.207222209598994622
0.078318078479777106
0.073022741388095183
0.189505638399315557
0.058667010207567621
0.080974566784284815
0.040178455687591680
0.007061248748465802
0.090197199026318398
0.160609968682504045
0.196679258134051904
0.087332183197910862
0.027994125311490356
0.002445653624283642
0.023615605052661508
0.099913585099122335
0.173546557615571001
0.158160833587133842
0.080233378188319937
0.018674636995187472
0.018958119032136213
0.126484608201326038
0.130279961394040439
0.102651226565267747
0.198334035096666694
0.400000000000000022
0.371003073593541455
0.076566578188463005
0.174083150344337662
0.091284234371666509
0.130569205836070540
0.263071474268333050
0.285907903271654440
0.122982779386184515
0.327946184856845679
0.194728696170140297
0.148641750439181458
0.035437899260242108
0.012477722592898815
0.102285920178286319
0.140578869667878137
0.312067980934025935
0.400000000000000022
0.328385821148335200
0.225218757830895899
0.096111258401745336
0.120528685414162728
0.248564018891672678
0.400000000000000022
0.261487203836124282
0.030446161872021160
0.082002110539726072
0.114298535835274995
0.213280302080444073
0.068860651372034315
0.023219802827977025
0.055918572014676905
0.095345225169014253
0.263900019453250256
0.131156495249030364
0.053229401964934649
0.009346432919345889
0.042381473828268880
0.044952817566477149
0.209657266214683224
0.357361674936292617
0.238829955603009125
0.011892880037462916
0.008361925470628634
0.101188338114856308
0.143209654245904872
0.368957317255960537
0.188466907284784047
0.214537888312717667
0.382665701056656204
0.033735022605661386
0.064349073229830980
0.303912236923306933
0.114343531756646355
0.126826215216410576
0.338043694972669451
0.105151826560861500
0.137829185516200908
0.320741041317197606
0.146024486194789110
0.068367849275664444
0.069233431709945878
0.056158815966317346
0.081824481642627803
0.169059114190056925
0.127576845200047057
0.038776606300012194
0.036575227529286679
0.054656955183530496
0.178633705431595707
0.287371294173993930
0.157458115188865821
0.043923477178586766
0.091435110599116950
0.067263682497200494
0.198573462714164928
0.360709382148971858
0.023509612000711146
0.007033239898286589
0.035909755564863449
0.074511115028048122
0.146251376012409895
0.085902618690654603
0.028469132995630284
0.005154411969383259
0.027121763810873271
0.029881011184184750
0.163583746370920213
0.253250352822626978
0.171176164635894162
0.047416656268236559
0.035085113776433925
0.035540727565315774
0.215543171399650624
0.269730659853942234
0.178944441453880443
0.400000000000000022
0.400000000000000022
0.030581568159353256
0.297767731975051464
0.343662491082573351
0.146821129691387747
0.347437447876852878
0.400000000000000022
0.127000511537211702
0.300518542706186498
0.389437811211819862
0.106094879222471003
0.063070158071281676
0.102450684195066255
0.034978720083410450
0.067537870615340820
0.034859803249930058
0.017451603379668203
0.010722388668142071
0.082522389043689678
0.066507815054640693
0.111033045959323701
0.105038887292364269
0.047278406431054146
0.052848512053955535
0.057468271358884535
0.062067729032226404
0.058706604678837808
0.138869794357200954
0.063396786620890877
0.041358676913197820
0.082901015483956134
0.111287326477153697
0.175437136462268745
0.158028090090621992
0.042863884475863770
0.013879949454551996
0.107497338082754870
0.101503651186896124
0.303896032606941091
0.230291338894200337
0.063865896611780007
0.023168593584447606
0.021558497129344177
0.114071460707726280
0.267848596358594759
0.210294943580909027
0.043352758884606088
0.199150252886270279
0.212172998205631735
0.108989686068020980
0.160891028350661547
0.080125643482979916
0.053280505887396294
0.163122106307475395
0.207425834493624561
0.170492329381333824
0.224277302095779868
0.101856750405060217
0.071559145448116118
0.030018010116011240
0.043817636179698298
0.088983138207514662
0.047443551839533603
0.022927363854548882
0.005143370062813048
0.004312944548049423
0.067890074917393961
0.184170136418508157
0.123103805991859216
0.038572830838662586
0.024432156577091805
0.062721543849841008
0.136513150021203178
0.207059865117870417
0.213873993663727613
0.062972614526645404
0.026481076935285966
0.046725152291944710
0.078823648208431907
0.155442121607019312
0.241634568517792359
0.168846327389472417
0.007927576088605002
0.017877650346417775
0.149402315078896175
0.095976641783980979
0.227179145453176440
0.172699223038495664
0.003079479798141617
0.041731255425459253
0.160880124521861179
0.216887403941807166
0.140510009534218550
0.092637152328050934
0.044712564660196158
0.090646112464457931
0.018625770463419955
0.289119766963369773
0.199183143098336485
0.176621955051932067
0.075780336429004919
0.093313742103038888
0.032444582879498869
0.152808376567987791
0.085177934602259892
0.053798756177756882
0.032816854557817798
0.072620736031408548
0.013245307043992184
0.107345571399742656
0.097262009753674772
0.036821986554443645
0.014866077102588887
0.000886031633957303
0.047066374675043370
0.106848400836048046
0.121400005450416681
0.100250844014307283
0.028189372421610827
0.046484450525820731
0.117678722757426746
0.101389659568737162
0.309945983400778335
0.111316281982348803
0.025178472887479854
0.030296228305106199
0.133491583649775897
0.126412525153245858
0.234232739863036943
0.134776308601202988
0.026222109416995727
0.027754020234352993
0.186701190398758599
0.240562744293404324
0.250747613419449844
0.062435014858337065
0.034190813474005391
0.090300358775356568
0.321364242967508484
0.196823600252605674
0.255440390393395889
0.034325128299921126
0.012638046039680478
0.133580610725407500
0.101138115833421166
0.331073097566344066
0.181596168828127680
0.030449287983698167
0.134278559983466550
0.148859486617299364
0.041052272952561877
0.347157083771145181
0.097741843496682732
0.054076690049030963
0.110701353120693763
0.132373727381468742
0.026051608924518199
0.179477608515621001
0.280287366025510742
0.051041691037003747
0.055317447189854846
0.007125925357947129
0.060774807578701878
0.152853840913807548
0.224462043026414759
0.052418225753657829
0.029728251601840464
0.061268672984000037
0.230789332848214734
0.139550865511571837
0.232712640693706896
0.045242344878628861
0.034064478333990747
0.043161820838339839
0.228968021970062913
0.110248104283147963
0.051069310332738004
0.011543452952520282
0.031572651834914145
0.072284063445951230
0.320306251893605953
0.125932992061227100
0.055949628182840383
0.045977249013849801
0.021751251974965441
0.060823528458790924
0.263598039757885871
0.324016788359322794
0.126929170311094103
0.026980072142027807
0.034727278563066406
0.133511261485302513
0.107967524807971893
0.360489500220861625
0.135018948278472245
0.044810344078609898
0.170560851755060167
0.192810799163512570
0.052008343883343675
0.346528652705988649
0.101106672024078956
0.040731856299989835
0.154554681754820927
0.260682763709132126
0.063118211864249180
0.165832844294356629
0.186426948079352589
0.087054304923426820
0.069282434028798523
0.031484350565615007
0.237390265291552105
0.161099771669562686
0.233438123408219983
0.085241411227410982
0.044540906101548067
0.157883382548744927
0.290351722838478488
0.074107631447601921
0.222149616322220966
0.116150866523197449
0.040991944422283579
0.124514363340867795
0.136644825088405641
0.181657505903503269
0.227314712150422704
0.101155533872879719
0.017156081003874203
0.090757827194621860
0.246466120498284813
0.258836179294317237
0.058133350820306476
0.046564479104274234
0.032008748800714838
0.070655144637901915
0.337284433559446650
0.271597713084099635
0.055551801002828617
0.056128581944204739
0.029203194868561533
0.048007474671814085
0.236520101331206101
0.198045963410816622
0.091764352924201514
0.044869825766455887
0.039061255665486308
0.091669608357601740
0.100883548794041628
0.374146646870730626
0.061100826079614159
0.031004713869006460
0.123000152400924601
0.345396308436084765
0.096123208581346348
0.186638047432601262
0.173996138705652725
0.010944263658797025
0.024847620764694024
0.043347687766603846
0.216254296610057628
0.127349416042945307
0.185662343648503925
0.014550208693813786
0.011579301197029629
0.061448977440643149
0.286833200606431693
0.097696670600708302
0.212057524196266445
0.025821406919184005
0.010334656214306442
0.095952752422969689
0.267087459934917060
0.111032994351136727
0.161720322575404279
0.081027182895961058
0.073620032180404679
0.092098618198144702
0.202616199725920709
0.103954999152928482
0.092929980595772260
0.132432194503128930
0.051214180398734668
0.063389513430925110
0.250637390713129460
0.135672233460412905
0.155185517768296533
0.028584258199904053
0.026991025222403833
0.115350804518152120
0.212075010993079516
0.131013441126464986
0.153536617220028621
0.121864748445672938
0.068926420813076622
0.166818271645376187
0.073582566560477458
0.176676584939616188
0.193004056197057544
0.128290934455462330
0.084654719527809369
0.328511976149543472
0.137323124264054852
0.050191249964681127
0.059518529304332810
0.053211658167417270
0.247679411004166988
0.125494321866100933
0.191038828723452070
0.054542750043590091
0.174317357648724858
0.256280114978623019
0.101266632747976204
0.060566651709746594
0.162999675157955465
0.077334052655850832
0.204770230785777940
0.129927988720994814
0.033927702165598775
0.026886744204938248
0.152120882201313978
0.104390338054865806
0.120161609329868163
0.073762836808505983
0.014991398877795412
0.039121148447927627
0.081280110289721916
0.172561578148841821
0.069556911146179887
0.045661256903359815
0.050857398519896110
0.019740139703723101
0.126043295468585143
0.170966360762258546
0.114182431051204000
0.085937776042995739
0.048949921594687182
0.014930534430166394
0.140075330622018102
0.140029804864610669
0.205539317705065644
0.109228710948990379
0.114559233968075547
0.084516819559093889
0.026737471519296507
0.098079292949419958
0.099597772946168520
0.083997802413487740
0.120148133157047088
0.141996221452619087
0.053632264506493832
0.041345134953018683
0.096785333397642268
0.047042159472299325
0.350108449037576874
0.399724269011797917
0.328756866692577365
0.049990329967640343
0.161619823615205271
0.148096807761268212
0.043955052787163947
0.072181176002213174
0.118491184969411648
0.071917419938579419
0.201284323250471076
0.089539786745717637
0.026854976891201469
0.039114019641100194
0.157125111010492369
0.083481373005258652
0.146090822274228066
0.174386923862804577
0.060422575286857697
0.025865911336127468
0.050705075912986119
0.049862829249388500
0.246180418908449355
0.211989451447478106
0.080965078984181552
0.035520085544291959
0.125129442561876969
0.048704038770159122
0.084399821300185959
0.026743188513225522
0.027687586716187165
0.012598759859926019
0.106796088821675683
0.085894787620868357
0.192783258657311107
0.142784260080916492
0.088757094129329056
0.027873940075920593
0.027075372812325603
0.107022954856613117
0.158510123230609479
0.222110457962238855
0.049871240429637358
0.034744629427219398
0.052461041493744212
0.089104546106681587
0.096893753088166640
0.183877815508166370
0.219995804868373945
0.363828008343074216
0.164684067237959170
0.077156312893083251
0.253087654704798104
0.372412549902906287
0.176551351616630214
0.073467389071869768
0.124997865480122122
0.191169686778244613
0.336475292584614616
0.400000000000000022
0.059905129168880925
0.046352701577435207
0.153861572163994348
0.158153224994112163
0.398897614316252924
0.400000000000000022
0.147753021342630214
0.010165557276105835
0.034769944973382240
0.137838157714408244
0.400000000000000022
0.400000000000000022
0.265178184928482497
0.069576445000367887
0.068044330099232983
0.253940958537683892
0.364203959187070214
0.353505624999587820
0.217436340987507581
0.400000000000000022
0.400000000000000022
0.098079397178905181
0.400000000000000022
0.389457750298855987
0.164302197526390803
0.347759008568094385
0.400000000000000022
0.252238711044022235
0.374209131424471708
0.400000000000000022
0.145238596280306387
0.064195627783242226
0.106901685457984702
0.105924252475337696
0.161330989775620187
0.057642293369145649
0.057879945554970613
0.090113523931893827
0.126986255656819869
0.145051436253532784
0.212035041827842108
0.246216528425199144
0.068699554801546950
0.062994266712986705
0.109114443443987352
0.219582736044500321
0.249629611516696603
0.289473496955310661
0.099889444874910846
0.050968315265132333
0.130811538957624540
0.210897672958920923
0.390236193625324246
0.345727132903983159
0.144421605771090478
0.026210689304948107
0.109678605159442250
0.171102860818812874
0.400000000000000022
0.400000000000000022
0.180414166488607364
0.030242427023941025
0.021558497129344177
0.180343385482603702
0.347824702457744273
0.375883043225672231
0.186065810033100215
0.223303170481851554
0.215312527371594009
0.170421967494291532
0.281425356498207990
0.387429865428329578
0.110228506776104268
0.165976086733997746
0.210304542367832581
0.253216486679563313
0.277401851774493780
0.281276838519715300
0.184501183436003052
0.035356058499740668
0.056125243168672276
0.201175874312885722
0.134682928111796607
0.049402808428579775
0.013461173195636887
0.030280813997560972
0.175947643203462928
0.331124962294187530
0.178894804237209409
0.071662285242885634
0.062211697113455165
0.078451685167958196
0.189118042160341504
0.267143859365970515
0.276952669713771249
0.071316844365990867
0.120482239551712139
0.066050755124629101
0.121935265834117637
0.218370518804199082
0.341693624551594521
0.232441214978542338
0.109857745714618094
0.029052070823772008
0.155633864794848864
0.253811225185747114
0.324288698829050537
0.207205434501936264
0.050637368432477306
0.058545743066558575
0.201416296096880193
0.353924659520739593
0.185491636841945529
0.150861615444208202
0.135434804184947605
0.103532942812791351
0.027318036593593043
0.380137750380075246
0.303465843198062690
0.356868596729849274
0.144263158899289617
0.105304123904889385
0.068009294264266218
0.235677564312041093
0.167324684825492787
0.236207659315453566
0.134119986064629743
0.092313864513001970
0.221592251705213794
0.400000000000000022
0.200727107431950824
0.072891951249160286
0.025194231328239121
0.020350562044042623
0.078002829959305214
0.379446118370394880
0.169242429179177756
0.159418295327832277
0.067024029653079464
0.058943278256128134
0.124988742715277962
0.366646097147586003
0.378830880362197142
0.170115426705984785
0.108327162894515522
0.054632509035590193
0.146672151365669190
0.233122985455308768
0.303209050121034052
0.194607311726732346
0.111564202741560481
0.043245885649336138
0.190162164944443823
0.303680782394551596
0.341947765429129413
0.204137944530178417
0.174693221339291049
0.342137530373197774
0.324173228421944737
0.293617469719232138
0.326803109530770686
0.103095428356429875
0.169996321006475298
0.263081612159598632
0.110526307674391089
0.392533253586386355
0.255624363389254761
0.113961443858524997
0.304154682067249937
0.226839809590402508
0.124814541906708959
0.358433672551526916
0.129738222962176075
0.155297635064444328
0.379589171230845568
0.263950611862501017
0.215565516956093411
0.400000000000000022
0.315905310943193962
0.248197121566724355
0.119519668928574962
0.036473468841883322
0.094535802919135381
0.400000000000000022
0.297342618020078053
0.115480956489688411
0.300899999668364282
0.400000000000000022
0.268237212706761208
0.342100977865103240
0.271859144638517347
0.050422154043162873
0.360405561918907047
0.400000000000000022
0.256984773159606716
0.257862891181525444
0.200580186829423579
0.082653884206341025
0.352416978251150592
0.400000000000000022
0.331943780906958863
0.276605887052062738
0.277097773087593868
0.158991671792764772
0.326820859697770416
0.400000000000000022
0.283305294134101104
0.393545262184447076
0.182557981218283982
0.053714851876572489
0.341352831516890998
0.400000000000000022
0.129152398262906976
0.400000000000000022
0.243358613122451800
0.129232979600446940
0.347590253527506554
0.294808872758973994
0.115018418886116150
0.359146189482190348
0.175769272064386584
0.122470215792529535
0.400000000000000022
0.376415080519844070
0.400000000000000022
0.212755095941575073
0.273149038603116567
0.377350970074793457
0.252960416174342062
0.160002222421458284
0.257574657703742549
0.340032013353945173
0.295680466485733207
0.152949612255147027
0.304610680231669373
0.400000000000000022
0.300394328132178090
0.313752435700171195
0.317398579276121307
0.125625491174213649
0.325730795107268656
0.400000000000000022
0.159667291282459545
0.400000000000000022
0.377446975352564551
0.137603679267813528
0.346940535211625933
0.400000000000000022
0.250977330977936341
0.400000000000000022
0.304487005097929808
0.101039703475971840
0.324420744072269507
0.400000000000000022
0.342450192936700815
0.398306334417830588
0.132978593175778370
0.100154445522697894
0.293929005737118276
0.331328892288928700
0.247935687119445136
0.351140154078953715
0.214131201770912938
0.081573283698294613
0.205834509909435193
0.180263840018557803
0.123788225195775037
0.400000000000000022
0.132282474997960725
0.074357703706396480
0.222798583405468542
0.361146705003772439
0.282135764783905008
0.341178283728437837
0.274033628312223720
0.385183890773522886
0.135733633184291769
0.104305568250938216
0.259899454223395998
0.356348317371140977
0.299816601474029276
0.115201965864717371
0.076641992186716759
0.172556859120221839
0.337679543828046991
0.288374379692952154
0.336025112370820667
0.122430399562847930
0.042177414010715814
0.134760619174989771
0.298213314434805976
0.293773785459689463
0.297878923360502534
0.124337606415495142
0.113826237999291313
0.111819013340550055
0.208389522278207895
0.291944729214218268
0.123385162866203976
0.207836572686423804
0.100902613276640712
0.105566825507263817
0.261749630484056917
0.217806420271310891
0.185065961891732134
0.106653532461994993
0.307938525890073644
0.400000000000000022
0.244505418075979503
0.172896503755485487
0.232834829673133015
0.187794922686594645
0.222593294557226484
0.256065455717436219
0.135035978698917758
0.215754750853840799
0.229401709731201581
0.183726644205470468
0.298115162972265590
0.374755737377987952
0.168578100198221725
0.245578406837932695
0.180165919383779127
0.390903708890040003
0.400000000000000022
0.210818325239089832
0.244329205526486404
0.226766617742517884
0.242526630755576206
0.344115912330719698
0.285834614829230726
0.138884730189523686
0.236022416546050662
0.266839691055166361
0.263437240993345589
0.210902555505279643
0.074106157853190455
0.033947992953404046
0.242318081227632320
0.265000306737369851
0.316840867463920040
0.161095020006416872
0.042985524189285765
0.041566802072211272
0.104895715342383428
0.272475163247964169
0.243103468761750902
0.203822090490493657
0.131090776708216061
0.038414776698910573
0.145001414500721376
0.297450968963584583
0.244462392445244453
0.188589002608263473
0.243068833365949144
0.400000000000000022
0.400000000000000022
0.216596383053073688
0.358643565693669175
0.200512945320656888
0.245128439804146114
0.312010731691535925
0.302780709165025697
0.221062072335604459
0.377123350695113713
0.278726498583628024
0.268789883596228518
0.177434120712861215
0.066109987099392656
0.143631055131305002
0.237364203065520418
0.340488904256722180
0.400000000000000022
0.400000000000000022
0.400000000000000022
0.146101588369385693
0.282148509029367944
0.339943025180709124
0.400000000000000022
0.333668379838337525
0.148937346841432811
0.153919530478305477
0.315582859085746126
0.302820088826161682
0.095715628263235777
0.062333822469077219
0.213043683025169295
0.178826598174272877
0.387299342258811685
0.305543419111834968
0.113651977251792366
0.035212344255473357
0.093086549741254992
0.094815646815865656
0.400000000000000022
0.400000000000000022
0.289625264675207772
0.047412965581754882
0.133491368032505581
0.149892376885015444
0.227609475546090817
0.379155463241283464
0.216154494000971253
0.227136648172643646
0.400000000000000022
0.119629810226529743
0.257132331887142074
0.392643758199449411
0.203100625885975383
0.154700155292331165
0.355129735050293438
0.212174781417474589
0.296339308746810359
0.400000000000000022
0.195895726624426447
0.103112478702883856
0.121694473203690118
0.296339940112806011
0.166388128668355367
0.241458190992667021
0.252142846247425501
0.220516534628006966
0.255696824665059663
0.315413566052510586
0.237894452286206343
0.242306964664944696
0.187005000103879049
0.228714619449749662
0.311307329097434138
0.282356880743431626
0.294244030683856239
0.215460082448816315
0.110756193470663594
0.166770350710677667
0.242531161364604980
0.265918613309078067
0.321780408802941287
0.217517239297651405
0.124461892560011902
0.149042706273663728
0.203294080020434559
0.306178572478689404
0.378538610886811677
0.308438566329037711
0.148528816708616423
0.189411163856938541
0.231028109755503391
0.377946905017042922
0.332724003805093926
0.233866330043840498
0.188864212533526921
0.359203758046712007
0.287430167756759336
0.368650726821153796
0.372512404343424364
0.287131257009560437
0.246463642353577539
0.263857427137691225
0.209267042642171247
0.393792938960141892
0.333237527380032539
0.273750322673011193
0.264016279831798040
0.220443549508461428
0.161979052853848643
0.282581885027608837
0.351508734477315510
0.339755052962870674
0.282534606835234237
0.173966849978182819
0.179822326928664955
0.283971179959092934
0.340718144384020927
0.403069744549432951
0.305951416040957991
0.221396577327769933
0.149198556437453306
0.262694330582270374
0.354230685141850410
0.280140828584295343
0.223054480006948247
0.166335000566573188
0.136631898523355333
0.232559894100723613
0.377335082954632250
0.260312800052422133
0.235472924537403178
0.149806168816626728
0.135181567987415485
0.232799136021124953
0.383314356584925020
0.383716757085055427
0.326730600318517972
0.200289609304757504
0.177985959070669719
0.256229767408710951
0.245846243568140582
0.283001762321752115
0.392393895206656296
0.410321363401970340
0.294139161354070366
0.235802042631297254
0.259948684933286767
0.305581139443838135
0.334880273403764084
0.396805624192336504
0.285989647384441881
0.252069502085801644
0.232333251196595952
0.332179646185586486
0.310809904258794234
0.287830586968265911
0.275284250206668524
0.260354469023881985
0.102294661604509327
0.197255288963541636
0.265421324739462894
0.253739874903881391
0.247951396332531521
0.298714625054910254
0.150295120123184328
0.132717544661902442
0.175026764344965641
0.253007797486875130
0.250488741429419903
0.311024729945491074
0.272440568501193248
0.157320981113086067
0.109202068866360053
0.169413894779944063
0.298013404561997597
0.298747053942900187
0.352130433751605021
0.219018220962001908
0.119227487669038595
0.147792319538465861
0.229869859712031277
0.301694144528600994
0.322658028437272149
0.267807836845112335
0.131907455439088078
0.187131954163427927
0.258245569707451550
0.368633394708609896
0.236384865811715583
0.166494246495946518
0.128930356794528800
0.315286026362022243
0.300162173148917855
0.372476445472446793
0.356715502919330185
0.231662539950562157
0.107374866078005518
0.150376852576886433
0.187207306949636360
0.364683501547133027
0.294536709430890442
0.280468675247594501
0.245957029949058270
0.163370718853665081
0.149693238834349235
0.284425838768763317
0.305645197643988509
0.273906915507003912
0.243839351408277338
0.183955476090908426
0.238557466079356045
0.282222918578579784
0.322679503050079419
0.263466654971552861
0.198738701154166170
0.210510134465243220
0.176159670391972778
0.280019850333182163
0.390195921185155392
0.262875483412263078
0.188306361202350309
0.165323928898844952
0.141614526438284538
0.277943137572294607
0.423918216852960217
0.280419057683319761
0.236716799551109663
0.147470944406547733
0.132094992269078532
0.263847488633036698
0.378364221673035850
0.335076132772165358
0.296109794456509201
0.188426429799647244
0.173721664314088031
0.280285896893296638
0.239788007627147359
0.212198230115630215
0.313798121525836637
0.335167966268198891
0.245220498069401410
0.260782000662338198
0.263573308244419380
0.292622550466472453
0.270187284811947648
0.195423355845332575
0.192072488670322894
0.248182881978919578
0.205535250339078129
0.297534855513439056
0.317280864229983472
0.269075887800656555
0.216217708291769367
