0.062228587091179476
0.204259922921205705
0.202162314853699149
0.030137549707952009
0.038942254790540594
0.052415135981149587
0.054509568825311112
0.220745759138111813
0.348002637019668604
0.113137986403019808
0.051725699351037477
0.059516695504938592
0.099333792217830286
0.161932785093444276
0.258086798137357465
0.075708790337417453
0.017211163076953820
0.034298229619017961
0.111273101223587856
0.113711678893204798
0.270822534686016692
0.114122343582008956
0.057689104892052916
0.047109588841856259
0.101383379839230167
0.125922013222897783
0.189124548928388231
0.153427792635691618
0.286978658712306933
0.209386424164983376
0.032945730140364247
0.015069271445538848
0.014818701318109450
0.092418959668326903
0.346103429761183523
0.128108839708672484
0.022499357709552754
0.074453949273202397
0.260998421488736088
0.019093236427764410
0.029543911893282995
0.033562754881005165
0.123906004281044119
0.138097468055589034
0.238902394819968944
0.036395517168169779
0.039319461679148612
0.117951816599130899
0.136577913063575834
0.082680398644518163
0.102601590840888782
0.020169643368864044
0.037473337366346497
0.117269137162640494
0.133006966037291008
0.205665691304275450
0.241318149522830039
0.074670742310362165
0.091530831875924812
0.184111443316738288
0.120174778216664196
0.299888713353446357
0.217777385862345130
0.054885030876198629
0.004340362785725508
0.045878538289778344
0.103991253226271355
0.116481396044622487
0.290124798165168007
0.147739305689393086
0.010896090969366759
0.031313206871378112
0.141830439651652318
0.224165675820832799
0.198518515629012959
0.164357988102089181
0.270657233780951301
0.095730539076325505
0.070945532391927246
0.093793119160279367
0.022782490119215598
0.040428342175302417
0.079391135263751744
0.044463866613130190
0.078543621198892105
0.101001995868518421
0.141177641132834875
0.021421148370492804
0.010145754659031170
0.051646172085102811
0.157515007012273944
0.190923006837858761
0.150603702598109734
0.036492658254019983
0.009609638351934513
0.047910523473668386
0.383883835991834621
0.087662468085909453
0.116023371043682544
0.045513249061250385
0.185178679739961993
0.263303148126118158
0.240649214994042293
0.075589337204641643
0.079969700223858034
0.195949983388545357
0.400000000000000022
0.226206064542721852
0.123883389699862151
0.079653368307373462
0.030262750576078482
0.024582685984466175
0.046150249511431554
0.062321656628387449
0.178785824290989770
0.070574506463017259
0.313804485485814910
0.200213809262529102
0.065226613149373031
0.052450691301440304
0.143212037082626309
0.098247677895009489
0.246597772460235787
0.078512776620033364
0.028641886041991322
0.136588473628464491
0.112192736105371060
0.087239376272263011
0.026475444574030893
0.008317803132823841
0.025967869449511554
0.108057568286068967
0.146954825875679346
0.055790998245350207
0.033089454404223055
0.037779540536363357
0.015730141318117195
0.052604892139138312
0.060083994248100091
0.063078676050043636
0.008344229839345445
0.094001162616426173
0.019325602832684384
0.043111617625685744
0.345854778759120074
0.114438796368529688
0.167261676913426360
0.118047964157390856
0.400000000000000022
0.213623729108347760
0.178503186808018161
0.083891049758656772
0.146891066503546525
0.191743725285744515
0.400000000000000022
0.223861429166741954
0.116621864038196590
0.116017221285516059
0.088068667707079218
0.157584758764523464
0.154112351045092882
0.201190024589482819
0.184402050342326373
0.097826021939443106
0.377052870109905180
0.283006203879444473
0.190777349598314522
0.151672573669499322
0.400000000000000022
0.219781690523172396
0.321910170688949449
0.133782961727069410
0.165529796345526170
0.117591775284175915
0.357584360563336479
0.103465097678276052
0.036069964694716641
0.010328154225650235
0.019464530410085321
0.030936455284261845
0.274505692688794822
0.047842423728761060
0.059167451313524994
0.038834657231468638
0.012458827730307402
0.007310019957851228
0.265773270867852296
0.103806519264108332
0.058799144723635996
0.083148690007035675
0.024336280730483984
0.013180567715893272
0.214244470606760440
0.076216410988707434
0.204920785409256179
0.164778126093379329
0.400000000000000022
0.159458145128411888
0.222806893340592282
0.052448831401469526
0.167302921608293992
0.322491626061052583
0.400000000000000022
0.219295191206862500
0.102323883184833778
0.026794738361988577
0.071369754907418093
0.388878093301582961
0.400000000000000022
0.245643831582287309
0.132091386242374792
0.117319799203710592
0.245148159855662962
0.234194535878309157
0.400000000000000022
0.197239309220894388
0.145618634301578675
0.229679054904089408
0.297831170820832103
0.148285311995202479
0.384171257430268809
0.078367949123953951
0.400000000000000022
0.109433316401376268
0.197155430529720593
0.064202221738720144
0.029347543483936193
0.033760995340433496
0.347076514451764795
0.072880574993663280
0.063062730736030567
0.282991610684360795
0.400000000000000022
0.037447879858546515
0.202550112353531375
0.039146503944810410
0.005179809164534019
0.350169821422164240
0.400000000000000022
0.028016751189543790
0.073445795015223608
0.141520871832771789
0.236347277513787313
0.261454426162449682
0.299540113683777920
0.216472970489700600
0.066219776563131258
0.034214664064974934
0.283483510853705711
0.330045605346796278
0.340312606949712604
0.180117964219914883
0.111285177319566289
0.021190817378732973
0.080826623853359106
0.289634583398859391
0.400000000000000022
0.282897147598558552
0.066928416168311924
0.070332025452711139
0.109123920146483769
0.175694093955912900
0.400000000000000022
0.283899181913664811
0.108459813803618535
0.228233383956663177
0.397178846762419990
0.102286324141536003
0.307977067063825882
0.082816795247309852
0.046922251647218437
0.094420413505171732
0.344381512479158380
0.183677982145543484
0.128517871855843291
0.020184392412190378
0.178932241684382543
0.062242343077513265
0.067708201027736031
0.277779103223719237
0.400000000000000022
0.015518207942540220
0.239644804252569260
0.095248962953900396
0.009474624651016193
0.313413480236055031
0.400000000000000022
0.023022466194053917
0.003474820652369296
0.288236127150251653
0.296118404304475447
0.169952499864078704
0.400000000000000022
0.106040521872742627
0.022516957457641470
0.058578541898506649
0.129799741777298111
0.108968190026015627
0.287660431483921009
0.088023362718995635
0.109788190796174717
0.038526752921911885
0.093986974519720393
0.117668134761433479
0.223347682657228042
0.147141779907058234
0.098605037786787517
0.099531618943389799
0.159431386306879835
0.053318900144030679
0.263146384631326113
0.113602631479382432
0.150612446338984796
0.266497488573043229
0.400000000000000022
0.059579340177145237
0.072066144099238741
0.085481020418474524
0.154540236295836630
0.108286025450643281
0.383417512793968518
0.110886012419597765
0.060957880484334377
0.043645157613338342
0.228998901328195670
0.114154257825525296
0.100651757170903605
0.065062690989687116
0.111107881679578677
0.087837305626255566
0.190677709092243852
0.123972482991427158
0.096608992643663905
0.031842757796409368
0.038807866752020082
0.044552826426498132
0.040529601242662777
0.146178226377959714
0.209099051926208479
0.056918686169766544
0.077298785331390715
0.147283520256493689
0.028296223355968181
0.090944903480173825
0.107076938653721740
0.093822159827582394
0.138665095056829307
0.157266552215448580
0.052044331508827237
0.120648262447356228
0.106503542226165038
0.069655514872395602
0.060280075630591609
0.158164326497136493
0.048581039310453357
0.046692553703518505
0.035514364106167824
0.055852843895676269
0.069962525090324787
0.123756548629397972
0.154477974024007425
0.084537477551425433
0.252566575446290853
0.088937408606742152
0.085404360177878655
0.117342350349398633
0.195387156873251533
0.120647390079446346
0.382315474526099486
0.392015695299134048
0.085324003372988871
0.053290376803034369
0.172223867698927779
0.068209273106851404
0.147265233355291486
0.207222209598994622
0.078318078479777106
0.073022741388095183
0.189505638399315557
0.058667010207567621
0.080974566784284815
0.040178455687591680
0.007061248748465802
0.090197199026318398
0.025923899695007850
0.330238207327876954
0.246862313457836213
0.029789825481815718
0.027890843514413590
0.124388364609619190
0.018697527618972420
0.082522766770351474
0.157331399102457609
0.127883741705702519
0.044458225197938052
0.217917116174796671
0.061070173768174849
0.063569277888325754
0.194465692082781305
0.150863256441109428
0.010020389379031779
0.117250731508836858
0.081011346985181712
0.075221455679774257
0.085407313789636244
0.048514795359338905
0.021022428068715661
0.043887767097877270
0.130666769358011470
0.103130995017390481
0.088616291411285728
0.022087574549393668
0.098668421314317273
0.171349303195962671
0.102285920178286319
0.140578869667878137
0.312067980934025935
0.400000000000000022
0.328385821148335200
0.225218757830895899
0.096111258401745336
0.120528685414162728
0.248564018891672678
0.400000000000000022
0.261487203836124282
0.030446161872021160
0.082002110539726072
0.114298535835274995
0.213280302080444073
0.068860651372034315
0.023219802827977025
0.055918572014676905
0.046707923508447283
0.218999734092315712
0.230790712646838037
0.019974272434516053
0.052168071758307143
0.125810553471194159
0.119785650404172578
0.074620110498043499
0.132147378848427199
0.055167721851171234
0.019265469449889976
0.058816160091462628
0.101964802881072500
0.124574344837085224
0.217874095674953028
0.064275321017936829
0.014303548444210234
0.037086433906267299
0.075991215650086708
0.129788281109592035
0.073612528041544001
0.032571429705186103
0.020409621335663188
0.041370391428426280
0.071785841182172530
0.036274421832524398
0.059379241707271227
0.033904889678400357
0.010256742144452572
0.061568088049022279
0.056158815966317346
0.081824481642627803
0.169059114190056925
0.127576845200047057
0.038776606300012194
0.036575227529286679
0.054656955183530496
0.178633705431595707
0.287371294173993930
0.157458115188865821
0.043923477178586766
0.091435110599116950
0.067263682497200494
0.198573462714164928
0.360709382148971858
0.023509612000711146
0.007033239898286589
0.035909755564863449
0.066968050630216963
0.079217719798598221
0.221288596221034251
0.083113174973401885
0.056227210952807347
0.078299927761647722
0.117982013710175276
0.077622186135591381
0.094756908509165336
0.054111822200948956
0.026675448286286145
0.075007528710284530
0.073430068429322023
0.093792308279100789
0.128344103332669546
0.068834126917341434
0.014966952663608897
0.020011898426408513
0.166111275932161073
0.145746360299455757
0.037120376686670037
0.035187740866061260
0.008036921764796662
0.043058360407895138
0.146690814638993805
0.056323355002755218
0.014328612829113758
0.032671867259759964
0.016025330935540278
0.083318827794863035
0.034978720083410450
0.067537870615340820
0.034859803249930058
0.017451603379668203
0.010722388668142071
0.082522389043689678
0.066507815054640693
0.111033045959323701
0.105038887292364269
0.047278406431054146
0.052848512053955535
0.057468271358884535
0.062067729032226404
0.058706604678837808
0.138869794357200954
0.063396786620890877
0.041358676913197820
0.082901015483956134
0.130256546919051225
0.057163084168927111
0.076875451015746138
0.143508578564535555
0.114008082577047809
0.110392888952214205
0.122310345155976233
0.090960792812533359
0.033657086998255765
0.114002827994532804
0.025343476680677865
0.095978287281383953
0.167312084831357705
0.164632600222710618
0.055085952939974051
0.017556633297924243
0.009592540840067077
0.038783162309241344
0.213135041894798649
0.119088558776923287
0.010426014588927477
0.018926763222673879
0.023872193987181836
0.120215290656928764
0.131550319866129389
0.068947716188786770
0.008291586660298441
0.019799925160058893
0.039274606388302408
0.132125227111287741
0.088983138207514662
0.047443551839533603
0.022927363854548882
0.005143370062813048
0.004312944548049423
0.067890074917393961
0.184170136418508157
0.123103805991859216
0.038572830838662586
0.024432156577091805
0.062721543849841008
0.136513150021203178
0.207059865117870417
0.213873993663727613
0.062972614526645404
0.026481076935285966
0.046725152291944710
0.078823648208431907
0.121924757553345947
0.096259291035063990
0.218633564455706697
0.097851782824196168
0.024506928736883492
0.043614670233695550
0.215013198133408828
0.181511084043429582
0.048907690739248624
0.023530066266110893
0.018377495437432532
0.046593612613546928
0.236313661111943463
0.200653045357186477
0.075918543792990359
0.047347784924785391
0.015606585247468621
0.037557713742741368
0.219482093179750926
0.183146376110509934
0.031770504409897746
0.032468989787529046
0.035170867489741103
0.153479329879265353
0.063937018692165060
0.049484705761605782
0.070954433651328183
0.040295349761192908
0.023686500504353655
0.074781990846739019
0.107345571399742656
0.097262009753674772
0.036821986554443645
0.014866077102588887
0.000886031633957303
0.047066374675043370
0.106848400836048046
0.121400005450416681
0.100250844014307283
0.028189372421610827
0.046484450525820731
0.117678722757426746
0.101389659568737162
0.309945983400778335
0.111316281982348803
0.025178472887479854
0.030296228305106199
0.133491583649775897
0.241515608485118466
0.254925116506429961
0.094288173987293028
0.252922297740884428
0.028913963034192091
0.101129813661745060
0.204167970998871906
0.400000000000000022
0.089343334130594504
0.187190627673286397
0.058039209169814587
0.163070390659207615
0.205900825165208912
0.221135975666944290
0.078511610111344957
0.067716554165545895
0.054798517391574486
0.183095564564332153
0.122358996359444833
0.113051262710249678
0.040229787586332624
0.153977666474829411
0.066347686162334024
0.186996314792892748
0.174204509807328212
0.152477601553791531
0.158789291033046287
0.383015893386190243
0.020881670853562878
0.111435145326204382
0.179477608515621001
0.280287366025510742
0.051041691037003747
0.055317447189854846
0.007125925357947129
0.060774807578701878
0.152853840913807548
0.224462043026414759
0.052418225753657829
0.029728251601840464
0.061268672984000037
0.230789332848214734
0.139550865511571837
0.232712640693706896
0.045242344878628861
0.034064478333990747
0.043161820838339839
0.228968021970062913
0.304445356933367051
0.200687002334143494
0.100212595928231243
0.327512727815717219
0.130325016445000469
0.120796087402177149
0.230178054423048090
0.354277877740048874
0.039306499678998207
0.139990315797133891
0.091017681244032977
0.110271019287468366
0.074781527770276704
0.123689579842247349
0.042451931898633277
0.068411419234998938
0.053987892089628266
0.276809706957868218
0.075333345702423921
0.093685676433542212
0.060647203009016437
0.229910401062818182
0.050304521840977764
0.219593290590806622
0.255750968347872087
0.213441010192411018
0.241012985849133110
0.394507013437833010
0.047169392411902822
0.095925622692131354
0.165832844294356629
0.186426948079352589
0.087054304923426820
0.069282434028798523
0.031484350565615007
0.237390265291552105
0.161099771669562686
0.233438123408219983
0.085241411227410982
0.044540906101548067
0.157883382548744927
0.290351722838478488
0.074107631447601921
0.222149616322220966
0.116150866523197449
0.040991944422283579
0.124514363340867795
0.136644825088405641
0.080144281598593256
0.146019500057615936
0.093222199518975021
0.162136753999597760
0.090278174217008927
0.041096125186826322
0.115326489602778831
0.205123447756060395
0.019111627014287980
0.262426006688189162
0.094013135641985907
0.075453111244984342
0.094242143326069366
0.143434127167217290
0.061286471103905199
0.050566346741466497
0.058502328082525326
0.243740586470616000
0.044767756012581157
0.085405200627330591
0.205567073546205820
0.393552662883613458
0.041885063054677117
0.153955321243056331
0.211725229057771497
0.114762629157794685
0.080750986393775981
0.341621843546215775
0.021764678913365906
0.058491809554437814
0.186638047432601262
0.173996138705652725
0.010944263658797025
0.024847620764694024
0.043347687766603846
0.216254296610057628
0.127349416042945307
0.185662343648503925
0.014550208693813786
0.011579301197029629
0.061448977440643149
0.286833200606431693
0.097696670600708302
0.212057524196266445
0.025821406919184005
0.010334656214306442
0.095952752422969689
0.267087459934917060
0.223751990026513137
0.177219451859333632
0.078079326338160004
0.061327746176602652
0.020146151123092985
0.066644452413137406
0.117990213723549744
0.156837010170825436
0.043332243093966979
0.140032848169127200
0.040122529467545964
0.141882008557545569
0.156656594103553037
0.347695125051890819
0.051433172146194209
0.057814812786893821
0.026596717115174407
0.067257785935433828
0.103694593095399287
0.162378738144709100
0.183870866541778449
0.130522276873400789
0.018077557832594231
0.062297225454199093
0.052704060463750979
0.089258728740905124
0.199938023151230382
0.179356401317361247
0.050151282111485007
0.107666353240980006
0.050191249964681127
0.059518529304332810
0.053211658167417270
0.247679411004166988
0.125494321866100933
0.191038828723452070
0.054542750043590091
0.174317357648724858
0.256280114978623019
0.101266632747976204
0.060566651709746594
0.162999675157955465
0.077334052655850832
0.204770230785777940
0.129927988720994814
0.033927702165598775
0.026886744204938248
0.152120882201313978
0.063266724329828869
0.210839810743552236
0.078929346646643098
0.011317402189569477
0.028361685428813743
0.063900200645829380
0.080370212037264105
0.084192357279680941
0.108760035348928225
0.023612193089035002
0.068669440577645291
0.068925424162626814
0.168457570466190698
0.079516111734674516
0.097232430823769839
0.055838449466896665
0.026331294711000000
0.102429932507707794
0.146815046481233641
0.193349157948089739
0.331225541844825888
0.206992720950119585
0.018520518137341430
0.115594803856228098
0.122595285122825248
0.114245584003206918
0.250728638372555046
0.374349721848973416
0.229388942828666509
0.354198053680899072
0.041345134953018683
0.096785333397642268
0.047042159472299325
0.350108449037576874
0.399724269011797917
0.328756866692577365
0.049990329967640343
0.161619823615205271
0.148096807761268212
0.043955052787163947
0.072181176002213174
0.118491184969411648
0.071917419938579419
0.201284323250471076
0.089539786745717637
0.026854976891201469
0.039114019641100194
0.157125111010492369
0.108936510599626765
0.397151528983026303
0.384398036426495837
0.050111822142468065
0.091110326548847737
0.178225689452343766
0.174295219229483656
0.295365869636155298
0.399764020304771650
0.168305708254191055
0.070991168800927471
0.118332855596401221
0.201298595098902799
0.286507129930529569
0.373534435628904760
0.139984111355354296
0.031514711521164050
0.071384663525285261
0.187264316873674591
0.243499960002796834
0.315638708036046767
0.146693773287195045
0.078098726227716103
0.088479980270282532
0.173169221021402697
0.162196435055422195
0.248503790635659472
0.187332682314092003
0.297235400856759480
0.270954512214005683
0.089104546106681587
0.096893753088166640
0.183877815508166370
0.219995804868373945
0.363828008343074216
0.164684067237959170
0.077156312893083251
0.253087654704798104
0.372412549902906287
0.176551351616630214
0.073467389071869768
0.124997865480122122
0.191169686778244613
0.336475292584614616
0.400000000000000022
0.059905129168880925
0.046352701577435207
0.153861572163994348
0.203545963693792797
0.161898118443116412
0.323890187061923074
0.103282818342265936
0.093700548319153837
0.195569064924288216
0.250988979747466256
0.283287877439866831
0.331964968549340433
0.128782564511311148
0.118206280162210992
0.259118972027022831
0.193604846645986234
0.358940239930062965
0.315506078415545899
0.123719157793540063
0.019307315449334405
0.065890436716186856
0.270102529158432469
0.256176818747823387
0.312724120327685706
0.182927046555454331
0.018933012734163424
0.074371567279273257
0.288521254290646123
0.269397965323334265
0.212847128458126755
0.197029855361849138
0.286682564716491561
0.179049366871188553
0.105924252475337696
0.161330989775620187
0.057642293369145649
0.057879945554970613
0.090113523931893827
0.126986255656819869
0.145051436253532784
0.212035041827842108
0.246216528425199144
0.068699554801546950
0.062994266712986705
0.109114443443987352
0.219582736044500321
0.249629611516696603
0.289473496955310661
0.099889444874910846
0.050968315265132333
0.130811538957624540
0.400000000000000022
0.144825552254836537
0.192898822059428682
0.189021827625785954
0.299186762317009802
0.347379763740126746
0.346026756855639772
0.166550130017175002
0.113626787222113806
0.308921765008832006
0.400000000000000022
0.322184351824105764
0.291195474531219856
0.244285968530084108
0.085348703516052532
0.042139319282390411
0.055742790351498629
0.101104818937628793
0.373468425463512999
0.189663065239940531
0.319524742374720283
0.219140572485202995
0.089098807136554881
0.172665981958369075
0.274762356948755726
0.167195394083796300
0.254889359120534231
0.098312701780092271
0.067916492430293726
0.268713700739752204
0.201175874312885722
0.134682928111796607
0.049402808428579775
0.013461173195636887
0.030280813997560972
0.175947643203462928
0.331124962294187530
0.178894804237209409
0.071662285242885634
0.062211697113455165
0.078451685167958196
0.189118042160341504
0.267143859365970515
0.276952669713771249
0.071316844365990867
0.120482239551712139
0.066050755124629101
0.121935265834117637
0.393182254796773600
0.210698087403593637
0.364355762068688915
0.215899746981587037
0.400000000000000022
0.257238399342043289
0.358320451564359155
0.265402133802086326
0.195798757242795107
0.215273791551855415
0.400000000000000022
0.270455041780288841
0.345724818985045701
0.316670266642702536
0.163987211500069563
0.204932543689308855
0.169718936292561517
0.238747738332224180
0.381815974417406612
0.267340696100112685
0.382331849773186683
0.308873937381686392
0.225948217088055625
0.305151903548764647
0.400000000000000022
0.262907395094994722
0.365086794589503771
0.174078311488262305
0.189216296849879784
0.192373766130914919
0.400000000000000022
0.200727107431950824
0.072891951249160286
0.025194231328239121
0.020350562044042623
0.078002829959305214
0.379446118370394880
0.169242429179177756
0.159418295327832277
0.067024029653079464
0.058943278256128134
0.124988742715277962
0.366646097147586003
0.378830880362197142
0.170115426705984785
0.108327162894515522
0.054632509035590193
0.146672151365669190
0.389651907408576581
0.331141527495137367
0.299208959396549234
0.344362033376441889
0.400000000000000022
0.260587958790156948
0.371781546882518521
0.400000000000000022
0.256646255738888496
0.389028649855187258
0.400000000000000022
0.352890836232673477
0.308224708350042675
0.247930714028932853
0.149881365018763091
0.400000000000000022
0.400000000000000022
0.369249517612805556
0.254450382601819569
0.230371061913960257
0.273741452754052039
0.352422994368426501
0.400000000000000022
0.361287339436828114
0.319823144108906943
0.294552340656863476
0.384928821800277543
0.400000000000000022
0.387640425082598328
0.189803094450158333
0.400000000000000022
0.315905310943193962
0.248197121566724355
0.119519668928574962
0.036473468841883322
0.094535802919135381
0.400000000000000022
0.297342618020078053
0.115480956489688411
0.300899999668364282
0.400000000000000022
0.268237212706761208
0.342100977865103240
0.271859144638517347
0.050422154043162873
0.360405561918907047
0.400000000000000022
0.256984773159606716
0.360232834650674683
0.342207874166915227
0.336559873442018542
0.400000000000000022
0.400000000000000022
0.333013543460566053
0.296397830986179334
0.379651227525279467
0.322790010532703897
0.379805249239862697
0.400000000000000022
0.290388983507383236
0.186066705089842993
0.144880397220980339
0.123278555751992397
0.332333042932501543
0.400000000000000022
0.400000000000000022
0.142261761870735859
0.164017701886253364
0.169771123155500220
0.359268106487967476
0.400000000000000022
0.400000000000000022
0.364210782151490664
0.309278085490052868
0.400000000000000022
0.400000000000000022
0.339783195992895137
0.178742417939441206
0.212755095941575073
0.273149038603116567
0.377350970074793457
0.252960416174342062
0.160002222421458284
0.257574657703742549
0.340032013353945173
0.295680466485733207
0.152949612255147027
0.304610680231669373
0.400000000000000022
0.300394328132178090
0.313752435700171195
0.317398579276121307
0.125625491174213649
0.325730795107268656
0.400000000000000022
0.159667291282459545
0.083619102250962557
0.399675453244011103
0.365823168533130127
0.314773836019012432
0.400000000000000022
0.147136647059568942
0.137843447060420288
0.263701989654567037
0.148911368791586091
0.332012295759309128
0.381673567125906887
0.163476473963979990
0.204030334122244084
0.181960880089129140
0.155273445623625606
0.168234481502899991
0.281850010739753354
0.354305045319766254
0.143372793799368681
0.184936819570720390
0.320644997539416832
0.400000000000000022
0.305031447686003210
0.267557952722438763
0.362337675396756320
0.296483773476525547
0.400000000000000022
0.377326023464746751
0.093830823012604647
0.143972829972912331
0.341178283728437837
0.274033628312223720
0.385183890773522886
0.135733633184291769
0.104305568250938216
0.259899454223395998
0.356348317371140977
0.299816601474029276
0.115201965864717371
0.076641992186716759
0.172556859120221839
0.337679543828046991
0.288374379692952154
0.336025112370820667
0.122430399562847930
0.042177414010715814
0.134760619174989771
0.298213314434805976
0.264281591269175942
0.323397678237293318
0.287178378264368428
0.118246432346369224
0.097444936454483697
0.213927972669631067
0.146286437079517939
0.247781913650999219
0.150409181747688719
0.233855007996709607
0.178787624524375299
0.299148560772994121
0.208700925612380295
0.372014574343941362
0.157936714372359233
0.127470327659289423
0.086876792745766013
0.225422112432570348
0.152275632405852623
0.209071291848227619
0.219385230647946239
0.186375120769077085
0.088040082922919011
0.186053774083597051
0.207182034487758404
0.173796206292330557
0.384163294527070653
0.268293809924103455
0.135555642289363676
0.225008703590378667
0.245578406837932695
0.180165919383779127
0.390903708890040003
0.400000000000000022
0.210818325239089832
0.244329205526486404
0.226766617742517884
0.242526630755576206
0.344115912330719698
0.285834614829230726
0.138884730189523686
0.236022416546050662
0.266839691055166361
0.263437240993345589
0.210902555505279643
0.074106157853190455
0.033947992953404046
0.242318081227632320
0.089190624024836712
0.400000000000000022
0.325791660104479297
0.041107227671385194
0.056252528943227340
0.188288565255448542
0.099067739656236525
0.166715124050032415
0.266091434451385833
0.151495934794737525
0.113127665775583336
0.286842540337423457
0.229527744234365561
0.143085389623000270
0.281620386226144159
0.206701705908006128
0.036351684090031783
0.219680664016544680
0.227826393466415311
0.259954478619394358
0.359455702503986729
0.255507516309458504
0.039542946206057090
0.159482570954105368
0.253262054480836718
0.217376579020597399
0.337766218539028884
0.383862578519220343
0.321207742702010413
0.400000000000000022
0.143631055131305002
0.237364203065520418
0.340488904256722180
0.400000000000000022
0.400000000000000022
0.400000000000000022
0.146101588369385693
0.282148509029367944
0.339943025180709124
0.400000000000000022
0.333668379838337525
0.148937346841432811
0.153919530478305477
0.315582859085746126
0.302820088826161682
0.095715628263235777
0.062333822469077219
0.213043683025169295
0.330536599999658010
0.329392657548687184
0.292754925103346664
0.174155648178830752
0.288729403323677580
0.310044580266179426
0.346492143512746376
0.298350620078291218
0.221977669878548639
0.222770804921581356
0.307049496262663313
0.342499413540339026
0.304940643084983642
0.172206165768253289
0.141980696666961392
0.168281644393082630
0.188023945980745455
0.330022485272789767
0.227365000875659751
0.092049620635208412
0.215770295996375122
0.266871447015545049
0.222585221577918407
0.262352402661635953
0.292640260952733544
0.140145123802197680
0.327868462239429725
0.309111599007605542
0.280834210975299814
0.232047786074847218
0.296339940112806011
0.166388128668355367
0.241458190992667021
0.252142846247425501
0.220516534628006966
0.255696824665059663
0.315413566052510586
0.237894452286206343
0.242306964664944696
0.187005000103879049
0.228714619449749662
0.311307329097434138
0.282356880743431626
0.294244030683856239
0.215460082448816315
0.110756193470663594
0.166770350710677667
0.242531161364604980
0.243028016733064289
0.347657059616790942
0.411266494454567366
0.308655962039157683
0.287658550379352451
0.207523373341370998
0.220559745856659356
0.328413336542910050
0.327884730264877577
0.387184906099853121
0.308701390205062376
0.227168935561977120
0.234282467849764864
0.340143171302971503
0.199590158852285787
0.205648940870952091
0.180142384806151301
0.211651298055967579
0.249611336750151958
0.284636385608969700
0.275760204333551528
0.222937800214851184
0.184437400777158672
0.216964658490980011
0.320356614260801920
0.418738215577378003
0.448498911945964862
0.277798693062547952
0.178687504570720912
0.223256382799717185
0.282581885027608837
0.351508734477315510
0.339755052962870674
0.282534606835234237
0.173966849978182819
0.179822326928664955
0.283971179959092934
0.340718144384020927
0.403069744549432951
0.305951416040957991
0.221396577327769933
0.149198556437453306
0.262694330582270374
0.354230685141850410
0.280140828584295343
0.223054480006948247
0.166335000566573188
0.136631898523355333
0.354809535802358189
0.315164551322523467
0.304286807583034780
0.167630625979049902
0.278100192436636140
0.304306893791865651
0.298234041071000988
0.276519841284522006
0.216963397410927655
0.215683875524592644
0.304565699602876772
0.334305882338571503
0.297178481612097534
0.299216294930761961
0.230619813292109510
0.189790940856309931
0.190236364597922203
0.326634745807730831
0.309646830972324039
0.194181734926805988
0.385750659764636183
0.320612798483484618
0.216787756144663363
0.323021065703725352
0.318323069696735073
0.149583881845733901
0.390107550614143206
0.374581468652717964
0.319448876166390838
0.309244589084047838
0.260354469023881985
0.102294661604509327
0.197255288963541636
0.265421324739462894
0.253739874903881391
0.247951396332531521
0.298714625054910254
0.150295120123184328
0.132717544661902442
0.175026764344965641
0.253007797486875130
0.250488741429419903
0.311024729945491074
0.272440568501193248
0.157320981113086067
0.109202068866360053
0.169413894779944063
0.298013404561997597
0.280835173171904318
0.380861804446453456
0.393501850233569039
0.318957313381867058
0.282179487267318119
0.192549382207967801
0.213433049907459982
0.289238660455283458
0.303487369587933153
0.380568452259738510
0.303379726074833378
0.223762287253023079
0.189169109908031569
0.332684874157951227
0.346797268088485988
0.297913904822998732
0.191193378541637732
0.216646407524314938
0.237898179095259565
0.387644335952276431
0.471346972112165696
0.390124145995232596
0.206487865689713418
0.207161120549419736
0.344856747389937324
0.458441623120751651
0.472355515112704183
0.335226112271577559
0.238637746715699955
0.260352976018925930
0.284425838768763317
0.305645197643988509
0.273906915507003912
0.243839351408277338
0.183955476090908426
0.238557466079356045
0.282222918578579784
0.322679503050079419
0.263466654971552861
0.198738701154166170
0.210510134465243220
0.176159670391972778
0.280019850333182163
0.390195921185155392
0.262875483412263078
0.188306361202350309
0.165323928898844952
0.141614526438284538
