0.000000000000000000
0.067185859754037028
0.168188349236336382
0.210202704952674069
0.004550971811265217
0.011149979274522215
0.002358624130091564
0.062469482944319275
0.347063588797077105
0.270016473328915152
0.010734598186765587
0.015451500400492443
0.004598611084709346
0.021009448208296054
0.021031235026787151
0.002669484777308398
0.004000154631888308
0.006265375728235129
0.400000000000000022
0.265184202442842465
0.262508940336605101
0.395740460364940927
0.400000000000000022
0.400000000000000022
0.222102951911242463
0.391479900945579828
0.400000000000000022
0.272007313092356817
0.400000000000000022
0.400000000000000022
0.272679036661014562
0.275754972396795250
0.105752584463314495
0.038068143501673958
0.081587076526731861
0.051301349925503816
0.251369332152820035
0.294476292857400790
0.206498067215791337
0.361599788336319339
0.305831758261195685
0.026036449930702105
0.323792476445342647
0.356946603186991618
0.125645284878567937
0.262059741637620469
0.173020231289906928
0.007560467316691542
0.000000000000000000
0.013841865398525440
0.180935721871542970
0.195620340532435155
0.001912385679765169
0.004781317287001248
0.000000000000000000
0.017556590693000619
0.164145363273301870
0.052976773378835419
0.001906414472798263
0.012118788724825160
0.023593712145450994
0.072213536988201169
0.038732711479560832
0.007553461783500338
0.009982520912785890
0.006577972469495863
0.082060957810707075
0.187037056278294839
0.241024899225562000
0.052509529411366031
0.016791322168401308
0.020999468452742184
0.049640316268858349
0.204728383474512027
0.400000000000000022
0.235749766199757710
0.027657966899501830
0.025067770812848191
0.146089069589623144
0.178959197896426059
0.089358465362816220
0.038653877246437221
0.031686877163664612
0.036165115784365341
0.146619860437837674
0.113350039857160453
0.157706620762500332
0.153395649644417931
0.100941669104763737
0.355203539669999846
0.319834767252477170
0.159640473681824879
0.121448584735362963
0.117051876422908749
0.055383313013711306
0.174810255696055239
0.001721765476548434
0.026006976451099176
0.156174380898574383
0.127723285132693321
0.013983650733086616
0.016112504818335604
0.014639641647183434
0.115305029997304617
0.358069479076084107
0.088056240126262439
0.018909370921634104
0.006674903876214920
0.019911728521360739
0.382836305477224192
0.180115474074715010
0.010653730107049959
0.013196793605307736
0.004463905439582076
0.007773637179101437
0.027457404512816794
0.088200409797550838
0.049293273208429314
0.026985625037001477
0.004523616133076749
0.032529479669995948
0.224978075620934526
0.162552822476409758
0.276799672192081236
0.084744179542091458
0.015718680016817595
0.067323698012564534
0.190584702436559866
0.075411564150356158
0.055794587766179252
0.020914269585673155
0.010127678255101998
0.051053134600268224
0.009336592700998209
0.074069752663849325
0.082605518733267977
0.084248332021172184
0.357293960165681712
0.013100329259174905
0.001214330365609834
0.077198907287689925
0.107378988005920745
0.133775684966732755
0.377449357767933980
0.015487330920437551
0.021220650164869338
0.086561380855240969
0.020581175463942586
0.043532762947839178
0.011809594932141823
0.016279348608804620
0.310872689241707190
0.332622879297973850
0.047463526358349037
0.076318699058180728
0.013789082400295806
0.025307908118475872
0.400000000000000022
0.228892765134999066
0.033881666274992499
0.080395142170807649
0.013040195409576412
0.006041388560443851
0.013664558910802104
0.002881625887693522
0.033808511312917545
0.023900603671623975
0.002661006123598105
0.037620974911519230
0.308700509576783966
0.074285854932712794
0.268526072239884672
0.059356879374851804
0.002512656787435470
0.016572884668135252
0.257530680296993830
0.049404820088154056
0.119373039414110149
0.024926032657804069
0.002560619291955190
0.016336072289037776
0.014222626138390549
0.058601659112778218
0.046575789605277362
0.035065264938076088
0.046502396371181129
0.001030579237006919
0.003084837722038791
0.135862315838382680
0.034930270290523549
0.040576161857771145
0.072133911333977341
0.037303764661774680
0.101309130259925717
0.080553960139444991
0.400000000000000022
0.400000000000000022
0.049929250717534096
0.016781119106471599
0.400000000000000022
0.235679294979221465
0.359559447239811647
0.396436411717206560
0.048469253756364711
0.058316160416481300
0.232832546599545498
0.235317501180925953
0.400000000000000022
0.400000000000000022
0.023711622507848806
0.046306340958179225
0.046442804560063021
0.034313219228507108
0.314523213007893154
0.157553868833245292
0.002065332288849780
0.036556888070811998
0.126857077990867845
0.054375278077862632
0.376815744095243765
0.173652888404528083
0.016541937738452184
0.066591889295123941
0.061360584144037056
0.052762562954837076
0.075705327969194353
0.013770441374303792
0.008466304494898854
0.006999229434924223
0.016781891536674649
0.030819195763798442
0.023300291295093072
0.006512849318502319
0.008733399887565000
0.000265146922297500
0.002090972865989542
0.069153217182870902
0.036255279359635892
0.003023654179922253
0.014309156709141155
0.031822118779795280
0.093621883922740692
0.112206719690062295
0.397204049874254006
0.389758662323613392
0.050620833797057854
0.043051087550906593
0.049054138567302355
0.100982616092454000
0.400000000000000022
0.400000000000000022
0.078166600592842223
0.075106780961074232
0.099786425292019545
0.157237804252136182
0.146938513087234129
0.209597035613140137
0.075920257995467894
0.034577578931980109
0.034078609396336945
0.105808294214367049
0.110517558203519883
0.062577116782972661
0.003766140948892293
0.061726647322999914
0.000000000000000000
0.074494733093659338
0.134179573833327015
0.065030085063177812
0.041168702522184387
0.061748043267308809
0.004095340062150293
0.041826828515861232
0.069884087779236825
0.022223483408666152
0.010291397532526392
0.002496111637301348
0.035885104172048841
0.007040301337459533
0.013983380200588716
0.005682185610990877
0.020432275244210200
0.000287448847042689
0.002600274078367648
0.008615197919427527
0.049904355944836901
0.000837602032280593
0.001704453484241716
0.037341094489195134
0.127439944630090396
0.186527229811762368
0.058400694620205626
0.072755274165822822
0.023464378409071063
0.025891248521984635
0.011316979480835442
0.080319361456160587
0.026632344695945730
0.039275221474595938
0.020194126171593729
0.038675154155406871
0.124853224808282370
0.139263688465500468
0.044752035259446765
0.024875181309339984
0.051168990833506095
0.020538691079124854
0.059878117093680787
0.157210604999143411
0.057439556739643252
0.010213656364464177
0.016138024403499193
0.035662692524583178
0.010258790532947081
0.039058512878399426
0.063583931336382016
0.019590398716582545
0.014194104573309564
0.010657214483955790
0.000743205648291232
0.009415387454567561
0.081515624810279699
0.020905785320436035
0.006913927875238238
0.003292856918259649
0.012306431585080487
0.019428473268154871
0.045544300407414452
0.042293895049689043
0.011895586508997250
0.000606934873859273
0.000780656841403649
0.006557550159813885
0.007572581198606832
0.042878488975155622
0.044735200051693812
0.046509420773282385
0.070073122794517495
0.258224017426445407
0.155690662344104558
0.040758947528515430
0.039701393546373961
0.015423479018145898
0.002794979888901194
0.074645824873931246
0.081325234154352458
0.026225328891103204
0.025252007258819518
0.040437966167996234
0.162920664807299526
0.225342719728895136
0.037407417087622324
0.044919080592058257
0.030879206033485915
0.037818433154204661
0.169142467334467445
0.296189579319224239
0.077225351832635861
0.063748588885909882
0.025057755960766925
0.075736696979371076
0.041480811806783265
0.054016018975688744
0.039163788803530913
0.018745821431144699
0.018992253740670678
0.020052616458164529
0.004906298629342444
0.034082085008030102
0.028564192745598894
0.012191533198139339
0.004807558578635612
0.010283696358423286
0.009154699745287357
0.020899738271924109
0.019483335465455540
0.017760449444666388
0.016345382218478758
0.035861765405768006
0.011924118616205832
0.108700338911976863
0.000000000000000000
0.040242136780563723
0.063534992675898072
0.000556108893437445
0.024760184114638144
0.263614736413509632
0.151754608042166700
0.010205780530841837
0.001915188638692678
0.016602043840815362
0.004113000206204962
0.003245435920772379
0.006240994306557628
0.010624137018529451
0.011538282621773874
0.087321540961479066
0.400000000000000022
0.275531936528217725
0.032219271552322848
0.092784732554418325
0.079408580669829573
0.141396547179774512
0.331938638931664087
0.350514665771489042
0.108603573740149756
0.337834720269145905
0.134939367819086414
0.041473837291290026
0.034861332692571176
0.061910403663225963
0.075651959086899673
0.065047827214464657
0.036467174435396467
0.034258312089467044
0.169274959391982838
0.100422244274867428
0.082936441947586731
0.061191610292791049
0.017419410140579083
0.021675115482918641
0.050899824615404154
0.030108146901405442
0.022749021381705897
0.012287046631691608
0.014443921317540903
0.041776871374451546
0.080875398881880639
0.128611071151565753
0.206536868549214270
0.000905231351797414
0.001044226770212756
0.022564818151645103
0.006889144574046720
0.079338401143631707
0.146706072739187898
0.005546469436383081
0.000622957785962074
0.070344541536362284
0.013192394779598472
0.023297860239367273
0.061701656639975878
0.001206653326017669
0.000755038869739295
0.119679420674788872
0.097444780603178460
0.081555571653567221
0.058025188556849551
0.101807699701711316
0.146004591084970325
0.264147677094158706
0.139845474413115095
0.396541333668349538
0.312388221724092974
0.400000000000000022
0.395628224965189790
0.048469885218033290
0.083895841652778996
0.179575920356386171
0.171003728401402350
0.153654688566582931
0.200223155617464621
0.376491908786096730
0.400000000000000022
0.400000000000000022
0.400000000000000022
0.400000000000000022
0.400000000000000022
0.222222467640224297
0.155029922538459819
0.142077806564451237
0.088392777631904590
0.059663053976072342
0.068907520434440678
0.400000000000000022
0.400000000000000022
0.400000000000000022
0.400000000000000022
0.400000000000000022
0.400000000000000022
0.025400077030060145
0.045549484595623593
0.036739548208392744
0.101022832454982767
0.006334087894302103
0.006466270035226943
0.024162497842389264
0.005031695084845191
0.007434550603852490
0.023612702780883555
0.005715384219794788
0.001992756406683994
0.065797067420511682
0.018175862921479401
0.025213269155796195
0.018947822752376896
0.016172959910278149
0.042526414742973806
0.110230035733448167
0.051307586242450867
0.140877781699500770
0.108440091229272492
0.069267389094489568
0.247799026474370937
0.056814889625232415
0.027290890167338794
0.058484839353901960
0.080101761875577979
0.185496816000814302
0.289799846951837914
0.400000000000000022
0.376994530351826007
0.328948582924626587
0.400000000000000022
0.400000000000000022
0.400000000000000022
0.326334573138255868
0.106237732147146796
0.039179226850866694
0.027345353762435888
0.017959789877045829
0.015374010483785644
0.069333983981371486
0.157829545941061133
0.146306745671145294
0.081332975465307836
0.094950073222340392
0.007866084118998775
0.175454324890433028
0.118520113149289952
0.040323396048626940
0.114156831829382174
0.005600723941256734
0.011024306061644359
0.051781153876534126
0.011754921740626138
0.012629335814960667
0.055171170969930253
0.000261991723496303
0.001588390953214443
0.091065836770880426
0.044284631703582419
0.038704001789881530
0.032977117467072423
0.008090901538408119
0.101986494742512548
0.038568894081489058
0.045944566757131815
0.038585605755545864
0.099613358962243631
0.031582553753310580
0.318344882144405261
0.002995144507218646
0.013041573186290937
0.018458619904608325
0.077699038572413975
0.012798134868034262
0.079283553080249813
0.066131267649736036
0.113326845425074485
0.077202665589013106
0.043959873242705949
0.014083686708487930
0.144058325261356424
0.015238377318872679
0.043849987944693677
0.020774207063813624
0.012659450788123441
0.039676132211956178
0.038410291171035102
0.000493350205901213
0.029406431682887528
0.077551509583660513
0.002151412896526622
0.076989304895424965
0.156348001882389509
0.212756998775142481
0.129199611798845482
0.034999023398195585
0.106585206298352775
0.010866004337220016
0.003496373266989960
0.169441779122153302
0.029661382743975770
0.005657549869199198
0.090394074103810021
0.007068924583752619
0.014863598425580061
0.274444120306907735
0.055057270538674832
0.029246151654722233
0.209069850624974490
0.016587561673658074
0.061204171851702460
0.105421671146660331
0.016508876154561682
0.013701995606289860
0.191515554585608594
0.016968654336685287
0.051617718180081491
0.027118154401390364
0.016001261700774289
0.016775938436747979
0.086546041025765699
0.016728591636283381
0.082861635656723359
0.020969351882145552
0.001943984707282843
0.008207237252044858
0.022057279410039148
0.019757686630341664
0.097826159110543487
0.011493777584278705
0.028949533708868859
0.040233493917011559
0.005356802528856433
0.036246564136372776
0.026446053472368003
0.000846088622918234
0.022940043672323662
0.070619779069301669
0.004469901940899041
0.008609461423776093
0.003154482963378701
0.400000000000000022
0.262743512986583605
0.047404519160070317
0.384586107160278634
0.048400513163564141
0.400000000000000022
0.400000000000000022
0.184679382401167991
0.026324994233053151
0.396296925263069921
0.039910232486823113
0.400000000000000022
0.400000000000000022
0.089620905282946250
0.065019270016813832
0.400000000000000022
0.045678871529295964
0.400000000000000022
0.153432751603642892
0.038999747410832231
0.046356397230294680
0.235372355084432355
0.010186100062896926
0.385654762471129842
0.133109497339403526
0.045859491414227238
0.047409222085217424
0.139252397776740450
0.014182015180894354
0.400000000000000022
0.012433646010439392
0.050044883728658347
0.098258595192552770
0.064919487118128019
0.015803429233455870
0.362352702373136937
0.009554677048889008
0.017211275914001397
0.032488426772180709
0.037000422234299168
0.016699239964480743
0.373985901462367543
0.000487563123402381
0.000770620009121260
0.061337990648039957
0.055102837831782985
0.022359440754946978
0.370190237850766546
0.400000000000000022
0.183204809221505338
0.041270597558575872
0.057748549202119998
0.027674999564151682
0.400000000000000022
0.400000000000000022
0.284721048180780423
0.017713263059282461
0.231296994022131969
0.047958317565723302
0.398001196432810733
0.379479819667952023
0.068653874130440162
0.039820921833702297
0.372355911026145348
0.036365636016992942
0.210349828919388276
0.307983808009239024
0.061338631309838507
0.016341253258804044
0.036459332430645239
0.005569566921295935
0.091122946307625324
0.400000000000000022
0.156184151607678262
0.057529456399931740
0.066358941602744609
0.011578029368813863
0.312401268046044234
0.151140136930640240
0.033137388189480338
0.029866211522168194
0.038648303098242562
0.008619773111631573
0.124861098871892784
0.002617840914179277
0.015294606961338495
0.050782203331112219
0.041712077436794406
0.076034701938948526
0.275196646463944150
0.000403804850220573
0.022376048616626912
0.075208392382738826
0.041342611566339900
0.130118429861325685
0.205344424922187019
0.214702866392271763
0.058932899669069089
0.062211188729870359
0.136845958544528495
0.028937934709025153
0.127466983439300380
0.162628483975983812
0.079455766127225907
0.037641218314879002
0.286232886240966822
0.025945855586713532
0.072597977108015480
0.053957388074387685
0.041714936319875037
0.033378206549353119
0.038473392755288868
0.012836709693517013
0.020198520862125275
0.069616152218057309
0.047471814179266443
0.008504073216623474
0.015991419810370049
0.003739950181731503
0.035117733998549928
0.354555260283580920
0.086087721947579465
0.119096701567723562
0.067807745548086065
0.014337700368888425
0.082838966367221670
0.222187394516769748
0.058486139692041528
0.072868570574912778
0.053433271745182101
0.020433771413985197
0.023355935687606799
0.005437582402748269
0.019819228902361007
0.023573308837463197
0.048243373526916551
0.072079068886179889
0.019705662198168890
0.010438960735189167
0.023210745894901477
0.000192530102016362
0.002894152342269199
0.071641403361740852
0.012619806225600884
0.065666869973432074
0.051279508309874156
0.085112938913623509
0.032761183928937489
0.011786159807557437
0.116417427900995546
0.016738601824254309
0.060769109186829900
0.094854683036097870
0.039299291639652581
0.006427093925159950
0.018283965096562098
0.011303198606601280
0.008812871080029179
0.018468085603973082
0.017399968117485166
0.003847941502393749
0.010877065839324847
0.044509869837938934
0.021637668779534089
0.007027238472602105
0.028990076957666745
0.040286411424816239
0.066277954465939454
0.282499475155177981
0.062409569471627777
0.051116165716699385
0.115396116549220301
0.021394020893982891
0.084353329192317611
0.286370632785712897
0.055855303331344544
0.038143039572332331
0.040627290277911940
0.025956333015867476
0.013162202536072625
0.005656603637881801
0.040399580062363542
0.057410796123081857
0.062109533036536005
0.074613684462775220
0.114308119822739085
0.001059145459252724
0.024625835076892241
0.030118753066352897
0.034111240266063172
0.054859470945383286
0.045041630257167231
0.022705310362899887
0.060637386175423191
0.133853128732718679
0.178477750804723612
0.011895791519207409
0.009637899835919787
0.005355355930775198
0.054149276334950751
0.215427671175191737
0.134219715396888262
0.002001197216351156
0.003832114514700778
0.001795841539310574
0.009081975781555894
0.005866255525603135
0.008293050286027040
0.000200042064402578
0.011528242674534088
0.205362704314176747
0.109454868107468101
0.020843812444390077
0.100140464987512834
0.240588874543638170
0.124106107339339911
0.138592577177358012
0.087896454550334319
0.182166447800743259
0.128614412119414850
0.132261972009416001
0.160867314969784264
0.118597932826487354
0.056901053864436488
0.043439513323717309
0.035075602766068872
0.032636931256270096
0.017372002085962748
0.028760878296563687
0.068816888183638875
0.068101426610672769
0.071220621525800609
0.153071709744773826
0.086975903867962404
0.026646425722451961
0.043339594296644419
0.018357902700634397
0.030193970528681717
0.076734869964475372
0.027169312636330104
0.022564818151645103
0.074075004328083741
0.247526750379968102
0.356908777691862023
0.010097441247648300
0.011772937060484288
0.072703165666453851
0.075661877723917748
0.355140362715695046
0.331718129968890996
0.011941251512783255
0.016206539270231739
0.124278031759498225
0.118454228811474493
0.102586806680354359
0.060694673334157956
0.105807854333599641
0.152269966813205426
0.400000000000000022
0.396238382190695848
0.400000000000000022
0.400000000000000022
0.400000000000000022
0.400000000000000022
0.270572837129275767
0.400000000000000022
0.400000000000000022
0.395568147767416556
0.400000000000000022
0.400000000000000022
0.400000000000000022
0.400000000000000022
0.400000000000000022
0.400000000000000022
0.400000000000000022
0.400000000000000022
0.393206549851211729
0.381595446131555827
0.342594321325578433
0.392604850559125085
0.343255615595716990
0.094943970365142794
0.400000000000000022
0.400000000000000022
0.400000000000000022
0.400000000000000022
0.400000000000000022
0.400000000000000022
0.025400077030060145
0.059391349994149037
0.217675270079935701
0.296643172987417936
0.008246473574067274
0.011247587322228192
0.024162497842389264
0.022588285777845808
0.171579913877154350
0.076589476159718978
0.007621798692593051
0.014111545131509150
0.089390779565962697
0.090389399909680590
0.063945980635357030
0.026501284535877231
0.026155480823064042
0.049104387212469666
0.192290993544155242
0.238344642520745720
0.352185165831243596
0.160949620640638530
0.086058711262890886
0.268798494927113163
0.106455205894090757
0.232019273641850848
0.400000000000000022
0.315851528075335675
0.213154782900316142
0.314867617764686081
0.400000000000000022
0.400000000000000022
0.391129422452919484
0.400000000000000022
0.400000000000000022
0.400000000000000022
0.393081111222207458
0.219587772004307236
0.196885847613367054
0.180741003406853840
0.118901458981809580
0.361154784546805385
0.378629173330494617
0.317470019622886013
0.267755330406508230
0.198384851888216612
0.150333386236051691
0.182676339815054017
0.177176090366981454
0.144527089600389125
0.196497776947201330
0.241880116962075481
0.019584374674343347
0.027136810879979961
0.066420795523717560
0.127059951737930776
0.362447747684090493
0.143227411096192692
0.019171362645130408
0.008263294829429363
0.110977565292241176
0.400000000000000022
0.218819475864596547
0.043630847574122389
0.021287695143715857
0.106450400182094645
0.046342531260590500
0.073401971269948615
0.126786015553096709
0.148906632170672959
0.058568178790312064
0.322868498277481986
0.035524624177214595
0.238019648807225481
0.181011442381018073
0.354498710764495240
0.097542314410125716
0.095002233097067387
0.133454965662300556
0.303911547861634379
0.152614229739369278
0.099754461008885215
0.034997956294161081
0.154186003516458420
0.066291511919140900
0.053186580645691893
0.094843959727662963
0.095264969521391421
0.123924464233128362
0.372096844330444432
0.013593679465076117
0.030620762048497362
0.154750416871350438
0.109530400902447353
0.210764989862157692
0.400000000000000022
0.228244329695580034
0.150420261963714830
0.121560404253436546
0.127166381762295361
0.054398767285059199
0.015305968199131785
0.185721127730957947
0.340534071985682973
0.334584207538307976
0.137857600462159058
0.083387623641933348
0.028652680825875871
0.299752028425383621
0.400000000000000022
0.258138916789721340
0.242951516899966968
0.096982703844465723
0.074244367261278879
0.111463059707104184
0.030173435065363782
0.016583621493983382
0.225324065898526105
0.040869258008309262
0.054278724303679596
0.064739129312909593
0.324701771277558227
0.091061793369460783
0.355072113265650302
0.076085471011135192
0.085374292444158839
0.037542236550280800
0.259474665004276739
0.057612057340198905
0.141430318824149304
0.044683719288145740
0.100386778402498683
0.027829849873316485
0.043172159847259403
0.098835153029789777
0.051932592134133794
0.071311829074448871
0.072948449843549146
0.001876667859925152
0.026024881394362459
0.206482094907684322
0.039400172231422587
0.049185623281547242
0.075288394297356037
0.400000000000000022
0.362051483929388296
0.127958479299515315
0.400000000000000022
0.400000000000000022
0.400000000000000022
0.400000000000000022
0.400000000000000022
0.262004289212274588
0.400000000000000022
0.400000000000000022
0.400000000000000022
0.400000000000000022
0.322453451882491748
0.300336771197739771
0.400000000000000022
0.400000000000000022
0.400000000000000022
0.199739092561822096
0.085442551970895245
0.080669616458801788
0.400000000000000022
0.167739968896142205
0.386541922353996759
0.169666385410215503
0.172716569405095083
0.101784500163080049
0.400000000000000022
0.187834903585422403
0.400000000000000022
0.079025535305563346
0.111405467872695410
0.151021158147389867
0.140624815087322358
0.029573870607759668
0.367987386957507434
0.016553906483813233
0.033993167450676050
0.063307622535979158
0.060300713529392244
0.023212089282983062
0.375401635572597647
0.000752710045699880
0.002861592875110802
0.130491207830910866
0.091358117191418883
0.025383094934869226
0.376121437832660388
0.400000000000000022
0.276826693144245961
0.153477317248638168
0.400000000000000022
0.395856350494281251
0.400000000000000022
0.400000000000000022
0.333775186748082708
0.118695879151736461
0.400000000000000022
0.400000000000000022
0.400000000000000022
0.400000000000000022
0.168440299422459749
0.197058726085838493
0.400000000000000022
0.245962671630133078
0.286270086914856225
0.342561386941219181
0.095417240706175452
0.122149547473171097
0.146976890634165108
0.068146683704268601
0.094889087256517624
0.400000000000000022
0.156184151607678262
0.132024189493591071
0.200538515436071596
0.076608114431991670
0.342562176280187813
0.212888180197949056
0.037232728251630633
0.071693040038029426
0.108532390877479401
0.030843256520297721
0.135152496404419176
0.005113952551480626
0.051179711133387339
0.057822504668571750
0.055695457637383136
0.081716887549939415
0.289033080797392428
0.000691253697263262
0.024976322694994561
0.083823590302166351
0.091246967511176821
0.130956031893606273
0.207048878406428716
0.252043960881466911
0.186372844299159457
0.248738418541632728
0.195246653164734135
0.101693208874847979
0.150931361848371443
0.188519732497968440
0.090772745608061353
0.117960579771039575
0.312865230936912542
0.065221077061309474
0.092792103279609212
0.092632542229794543
0.166568161128157421
0.172641895014853608
0.083225428014735633
0.037711891002857004
0.071367511695631367
0.090154843297182152
0.107349931272947230
0.165714678215766881
0.073430976550013308
0.013953606546195678
0.051255758402049115
0.378477228095690177
0.096346512480526544
0.158155214446122988
0.131391676884468067
0.033928099085470967
0.097033070940531235
0.232844609000725511
0.059229345340332751
0.082283958029480325
0.134948896555461828
0.041339556734421232
0.030269863562845039
0.008730439321007918
0.032125660487441490
0.043001782105618065
0.093787673934331003
0.114372963935868932
0.031601248707166144
0.011045895609048438
0.023991402736305123
0.006750080261830246
0.010466733540876030
0.114519892336896495
0.057355006277294694
0.112176290746714466
0.121352631104391651
0.317376748654100926
0.188451846273042095
0.052545107336072865
0.156118821447369494
0.032162080842400208
0.063564089075731106
0.169500507910029075
0.120624525794005066
0.032652422816263155
0.043535972355381619
0.051741164774597510
0.171733535887328703
0.243810805332868252
0.054807385205107494
0.048767022094452002
0.041756271872810773
0.082328302992143595
0.190780136114001519
0.303216817791826299
0.106215428790302602
0.104035000310726114
0.091335710426706379
0.340299135378760054
0.103890381278411048
0.105132184692388136
0.154559905352751215
0.040139842325127593
0.103345582932988289
0.306423249243877427
0.060761601960686987
0.072225124580362426
0.069191483023510830
0.038147866214006815
0.017969761114708237
0.015940299996305085
0.049554279807650904
0.078310534395005973
0.081592868501991545
0.092374133907441591
0.130653502041217867
0.036920910865020737
0.036549953693098075
0.138819091978329756
0.034111240266063172
0.095101607725947002
0.108576622933065303
0.023261419256337335
0.085397570290061342
0.335882505054718061
0.330232358846890284
0.022101572050049246
0.011553088474612463
0.021957399771590561
0.058262276541155719
0.218673107095964103
0.140460709703445902
0.012625334234880606
0.015370397136474650
0.089117382500789641
0.400000000000000022
0.281398192053820884
0.040512321838349893
0.092984774618820917
0.090936823344363663
0.346696473044884934
0.400000000000000022
0.358820758427663145
0.208744038727662590
0.400000000000000022
0.259045475158426297
0.180066414468648017
0.122757787242905508
0.244076851463969235
0.204266371206314523
0.197309799223880644
0.197334489405180724
0.152856244915954398
0.226176013256419312
0.143861757598584744
0.118012044713655617
0.093828541549061159
0.034791412226541835
0.050435993779482331
0.119716712799043029
0.098209573512078208
0.093969642907506507
0.165358756376465438
0.101419825185503285
0.068423297096903507
0.124214993178525038
0.146968973852200174
0.236730839077895994
0.077640101316272775
0.028213539406542861
0.204888648861175110
0.193152998041861701
0.176360818425097821
0.359776350387529087
0.138094090827707267
0.151472437751856481
0.175607420151841637
0.203139649686881418
0.185053559308428123
0.295352008054328374
0.133084785629910857
0.134486237437992789
0.225781572087430382
0.277275394624600380
0.156206897451858812
0.207263668754669839
0.129227913658933075
0.162774733664953486
0.274946736499510180
0.186755506738092103
0.234290397922106319
0.271426536326224044
0.228727604615033997
0.301903386383524874
0.232198799282656659
0.207814926957554186
0.232642656156104299
0.332845435081017493
0.188219006056823734
0.310850241819666695
0.291615203919852961
0.293826321492998921
0.214063697350510174
0.207441040192824278
0.150678616703672830
0.231081405967410530
0.105526411177282980
0.113193663802942698
0.108253716275598613
0.107219706569886816
0.108292634293793599
0.216519462231037074
0.141265176848839713
0.172960199350320781
0.203463901531884789
0.168065449228674557
0.173920635619860375
0.262292219828026085
0.185023892175520011
0.157782395939579684
0.338830361372656430
0.371078891717528392
0.133477328360866093
0.148476091838904228
0.161465538377048218
0.181757775524243714
0.300347794676539437
0.309451337223189682
0.126419834057775293
0.131774703165023266
0.189075462052412074
0.267954845243504325
0.267134525313946158
0.227738894238422973
0.123322346946624167
0.136824937189218176
0.206662222182497607
0.196144399236129113
0.293467685576733806
0.311584157093977410
0.234763290956248510
0.255794341887889354
0.207031269117480737
0.194188148264831856
0.236778451543004559
0.335380821106371074
0.188023825474189443
0.260431359922490668
0.280055481483848734
0.261372370854169367
0.201606058624966056
0.212451079241240598
0.148808569689300479
0.200517584719447917
0.121702318575221471
0.090021185395492975
0.102787565906257192
0.121080094800052024
0.105419169614970318
0.156914079945023877
0.160335739736369887
0.148929296521871202
0.195293654806190486
0.184874601524102067
0.168383091342450886
0.215650138364051891
0.212258715402702552
0.170151810108360363
0.154695683013523710
0.332338604297153117
0.138451959223105769
0.156701004603419097
0.181400306915222104
0.223673738111304116
0.201069026830670239
0.316567332545098390
0.135667949089435858
0.137542145349754702
0.222988106936826136
0.288535931005919510
0.155883123926981393
0.219815835345575417
0.144262936912410822
0.158135848072466251
0.275096999649521612
0.206807136324244190
0.207399096462226706
0.238787664008116768
0.224980251438393342
0.288715169783426373
0.293337505019865996
0.246992977209411185
0.226566635367625058
0.272087120044137210
0.157358605255845357
0.271547918296334123
0.284252551909848827
0.269417662828563054
0.180345239294363274
0.187823893640611111
0.139418162287490072
0.205107743603122228
0.158250391530916856
0.157710127655909055
0.154761517095190038
0.157589605990123754
0.168565218567281211
0.275650913815179754
0.136124254955494850
0.168140416732790177
0.195991534745016877
0.163277600831916031
0.166756604234627376
0.251666100006165572
0.203919382276067845
0.168295739779588421
0.298481514093467071
0.339724615362020255
0.124780449600357890
0.148918759210447366
0.165753938235476350
0.191346491464010920
0.321267312095564750
0.328073349012067750
0.131346268604286276
0.135275615761232731
0.196906328210236958
0.264265500545771359
0.287556343642651591
0.227462271007831396
0.131785990592650448
0.153251412854431363
0.221820098942313498
0.196273777654604437
0.314854137623413632
0.275890437925582488
0.215577417089454021
0.249978682225284771
0.227771037365409407
0.257040328161494747
0.270998346431635617
0.320803247019455562
0.162306591738722666
0.224086493991336982
0.252005842616019382
0.254842537913118283
0.184326874437035215
0.188580612422628663
0.139355714350971632
0.179306364481473718
0.150711125806821555
0.134998316307574528
0.143211550857978015
0.162479600266862562
0.162975987800062033
0.235354819562576062
0.149764452248061314
0.143369776311483288
0.188475442922800968
0.178290813301408169
0.163582666417799477
0.206128085456936505
