0.001808039904019933
0.013747752904190846
0.027250812313743083
0.017222373390639614
0.106423641545229403
0.036562901623304091
0.000250523988204223
0.017355211424619234
0.033579883826477773
0.017632609103063857
0.107784345824503983
0.068472849719019610
0.000850808088538717
0.037522903716253567
0.059281215776162202
0.034565275226723036
0.122109033695391569
0.032534074308021348
0.002058131873546951
0.023368188607699101
0.049349831749628759
0.036163978324345036
0.107071135322675384
0.052470112702100585
0.000906152517989348
0.055814231832286738
0.040091722780608505
0.041171529821938217
0.061137027701480204
0.109437182353923357
0.000133143904543170
0.008605403867783270
0.041946234122507468
0.047933375971634121
0.052764786792235820
0.103309387087955756
0.000506762297921205
0.008903231833947509
0.010693328596146828
0.052504718724875304
0.078658799447317754
0.126739247461978150
0.001362969912407923
0.014185601571412118
0.038938347005904796
0.093271208167098260
0.053932718701655044
0.043282132382157050
0.000043740805131291
0.032163460422348154
0.005924466732733031
0.012495979650015041
0.109339228786194995
0.107880564367115794
0.000053635085197564
0.017000643278323742
0.009241124058629129
0.063901062218027105
0.135371279565738634
0.113628991500498794
0.000000000000000000
0.004211902068232282
0.028104148102385391
0.099173097528012649
0.038780034606600781
0.098779812272327350
0.000000000000000000
0.005310516332830565
0.029534740120004711
0.079334860447739380
0.211135145975990701
0.151743698402811433
0.000131735576446881
0.001646174521348802
0.032798011216617427
0.032029764609926778
0.063095447610942351
0.078252603833697087
0.000602053616504283
0.006271156987737470
0.035911328333001147
0.027690795952002120
0.026304777512176608
0.058027717580754090
0.000000000000000000
0.000000000000000000
0.000000000000000000
0.000000000000000000
0.076250015457724904
0.055369868492214161
0.000000000000000000
0.000000000000000000
0.001398221064860252
0.017104975595334110
0.119367724291328664
0.090020492876754704
0.000248977027628029
0.022501700319347524
0.018640889587067118
0.043456980415784510
0.044727400055989013
0.033373965966530805
0.000237452644410077
0.026486645240102104
0.041477845215087725
0.038082891038705491
0.077767592482492154
0.023636559521965285
0.000287496080710451
0.003128955817371135
0.008825189099446316
0.069973454619541964
0.092566662189656826
0.052116239067764872
0.000000000000000000
0.000787835101486713
0.035627623107153984
0.053404855688923933
0.052711016923382363
0.094149972500873966
0.000000000000000000
0.006362474449955176
0.059512364878910637
0.073146402467907448
0.108884514206767979
0.060213470629465402
0.000000000000000000
0.004169624233204985
0.041056990438735674
0.100830562738270471
0.147616960943936393
0.064403111298149213
0.000000000000000000
0.001752365580567279
0.007374295919457385
0.077428544030452517
0.101573644257163920
0.065107894053051743
0.000000000000000000
0.001293218735827723
0.014957874624424446
0.038023782049904843
0.117175151313298642
0.076722791490176676
0.000093730296709910
0.014200115801417874
0.002980500103155222
0.001163250958789263
0.014241348349059879
0.027123684846170195
0.000196661979057734
0.017530770670237686
0.007841353785171366
0.069035401415647596
0.085193031474942477
0.035784359022941171
0.000000000000000000
0.004211902068232282
0.030477434126510033
0.151486756319567983
0.093406696900384556
0.031846468243941821
0.000000000000000000
0.003212534571712317
0.048825500462287175
0.086603327916978320
0.076530982166983355
0.034244826084131388
0.000000000000000000
0.000000000000000000
0.039317381686168947
0.038110861330923500
0.041166246837251591
0.039482849593888515
0.000000000000000000
0.000000000000000000
0.169169262051156039
0.107044480539995948
0.099071472544255204
0.010833538214023957
0.000000000000000000
0.000567603065138261
0.032523524341502859
0.137819297487753040
0.088653663591672330
0.061776559670725789
0.000000000000000000
0.001611530007652211
0.088124697511625771
0.051986452475994219
0.071613753318344561
0.046647011864075508
0.400000000000000022
0.031435161119937938
0.047563552949928450
0.069928881988892300
0.068118132834694464
0.018103780967044757
0.400000000000000022
0.030322675426142712
0.097725532118520406
0.089009438205317315
0.064374926391081153
0.076358472084470552
0.400000000000000022
0.053608419412942344
0.112634054275206730
0.120187827384243107
0.097508453606658191
0.085907876429319713
0.400000000000000022
0.032647641562456711
0.122360838138282052
0.082811381639056547
0.062649553025097379
0.044189805165693055
0.400000000000000022
0.010718666773190045
0.173165158862853497
0.079456477470627326
0.148170272364150202
0.082110352989601121
0.400000000000000022
0.036866604870893223
0.240796027170918220
0.147942574324522402
0.083864831165919043
0.042856893576469254
0.400000000000000022
0.039720346145781280
0.400000000000000022
0.144250106824314495
0.022852711851694654
0.002318971559054524
0.400000000000000022
0.118479082215447021
0.373302656608660910
0.075911835543158238
0.096021083171004107
0.018154241449833016
0.344206215038241725
0.000772384475139756
0.000000000000000000
0.012165255073414604
0.026755711146194711
0.006004431661305033
0.153395373253617073
0.000000000000000000
0.000000000000000000
0.001058946418572415
0.037433039754856637
0.024648690275736081
0.000000000000000000
0.000000000000000000
0.012365398697815286
0.036244291032414430
0.044368153749892003
0.039305644467653306
0.203074412942491123
0.000463592853153878
0.038308236615694352
0.045815673298734400
0.043933369386374280
0.022359023397238154
0.259153255921023451
0.000948461691680357
0.051224710831023014
0.012440323704324994
0.095402474678342536
0.043107484809989230
0.357751051696756917
0.011521801710273748
0.091146544005182462
0.044612060606784576
0.111321186783930826
0.023733975634805782
0.400000000000000022
0.009070390184211394
0.039153167101539821
0.032387054050032144
0.063562235091078181
0.041210961230719732
0.400000000000000022
0.029909382350283700
0.075836275130812453
0.018636562930307469
0.020509506008761769
0.029465116692150684
0.000449905424207566
0.035110176432077152
0.009051889202175119
0.011396138829637661
0.040428677764885380
0.067947878938292655
0.001162093512613880
0.010113906155906353
0.045741230413499638
0.014145014741547697
0.076851818985973416
0.058052320759497539
0.000353555390773132
0.005415302659155792
0.004470719334378807
0.055189168713103476
0.113901461137514606
0.059597563758943650
0.000289107712845627
0.004130401592201550
0.014713277129379636
0.034626076167938086
0.067253534794467065
0.019077137734804579
0.000000000000000000
0.000000000000000000
0.024952478937356162
0.038978410154978778
0.050040777409429402
0.027935425605883357
0.000000000000000000
0.017775390986251867
0.096319781730469067
0.089837241532286810
0.063140647802120808
0.061850133202301580
0.000000000000000000
0.008494879353279625
0.081466681269114993
0.092738377073504824
0.083676123210161740
0.026707293864369978
0.001387822834593459
0.011695415273285482
0.053293135475826342
0.051786520243201892
0.033257222202848463
0.015445605250746421
0.000304305255989813
0.034844762384694652
0.037104158592799780
0.051158746402557465
0.055374690153125156
0.051618322415288444
0.000373139869787264
0.034569094560023092
0.041156101433881695
0.039642391077299610
0.053007981438222225
0.028865545987607058
0.000656626851005351
0.006384761194905966
0.018025511241885908
0.016677640296386638
0.053105357682661981
0.053870148235026602
0.000761243786896640
0.024671678178136522
0.043383073393879430
0.054437516974708847
0.047870902506148685
0.048620203039024423
0.001017475293000783
0.006902320766921071
0.071885825761737063
0.073727006861274452
0.083519697695989492
0.109454534522280628
0.002769174188618819
0.027560199199964656
0.044349995589168315
0.068186495448709000
0.069275015386379035
0.046849193890765931
0.000000000000000000
0.011195668986957619
0.039489889017963818
0.038171852344591056
0.115676793294375607
0.166749234357577769
0.000102380373043780
0.011412947716146952
0.080785622080820518
0.040377541580929571
0.121439949176953096
0.084130896341072417
0.000000000000000000
0.043597612636988164
0.024987115237631866
0.010096507366816297
0.057095994989438799
0.078627936453933484
0.000986069043770603
0.032200675038289960
0.068051277447414377
0.029699220986376854
0.068191235474028417
0.067612493548713876
0.000410706588118407
0.007133389981711028
0.001834583548298106
0.062035457117833231
0.075793228595793946
0.124554306063504427
0.000495613222021075
0.018160654619679834
0.032073297714667853
0.115789079600335160
0.088271032784731709
0.105427270532507167
0.000156828067198667
0.003780104456430582
0.057761987558274400
0.015482412914437789
0.084789881317179877
0.022588036287492556
0.002282510963670083
0.032695775748032965
0.024783271199180178
0.010859998251719752
0.112536038034361074
0.036435879129389039
0.001202794316184288
0.009466542411424065
0.027619703926444888
0.070597869948370487
0.149096393828537344
0.162541373224100588
0.002074175048749573
0.014661421299615247
0.048726031228735561
0.104521402679141909
0.142422044757204935
0.111889942031985712
0.000955718156375297
0.070553188762116456
0.153137717023969278
0.022798489957786650
0.082466831519852318
0.021182023686184302
0.001297927470802731
0.012664613742289709
0.108231366067302576
0.022259460007826450
0.134105444345764574
0.039934437494604166
0.000981315523948786
0.032619512314288952
0.114013872837627289
0.106584964208619598
0.088526002718066266
0.038607141831981995
0.000496062554136957
0.038556045193380580
0.104070086366128883
0.073631807693873105
0.136465011280415244
0.066982921823268080
0.000106606178586982
0.020095304768146229
0.099486867640769236
0.050449619841450202
0.027477975867381120
0.103242239511919354
0.000091721356463073
0.003907188942753963
0.016913804081656235
0.039055313058195817
0.097277658290517835
0.189011510956421408
0.000613780422948043
0.033478905272498492
0.051275077402725251
0.116410964378433429
0.088834920664880676
0.139829594052455652
0.006136519628781044
0.032193109020741885
0.030113366574442475
0.219196933174077568
0.157867953815805540
0.117613536147203074
0.003211824833926235
0.055491369378653031
0.052800159510423203
0.020172777241907407
0.134475096893695911
0.120592964655387588
0.007216038693215093
0.083212944053636911
0.065135020452381218
0.082673283763167627
0.206063158076828790
0.194290679803853228
0.000671535111203611
0.005078342642142259
0.020230004988064102
0.057436171859646376
0.301264720858385848
0.132049624664600573
0.001862323384066957
0.047917857032389780
0.052805027107439687
0.093092169931434404
0.371152332956809605
0.169475607724662192
0.003806461143904853
0.072106600991958897
0.047764881765408079
0.080365551547899414
0.336066455146911192
0.178347737918038984
0.002078208640859162
0.032894396018931044
0.019151653681810502
0.040181415497356078
0.292079141947737875
0.213497218844411890
0.000000000000000000
0.005387536902101570
0.011828768023115685
0.052317335486030833
0.314835949648595070
0.196485681991106609
0.011408353915814188
0.011889792414082256
0.049521052575237111
0.128921947157172256
0.304601540581147634
0.147610103493007877
0.001462246035275723
0.114815298380512271
0.142439661375679733
0.104622731479540654
0.147194178373664081
0.139253567329834044
0.005896473485000546
0.125048409923747661
0.212699375352130876
0.141589063577311963
0.267794920703670225
0.116818138733524923
0.000731027787023970
0.043831030496894977
0.160016953729253120
0.177009626642899542
0.270931786017806653
0.126582888888651046
0.002130196046960145
0.106551366376193862
0.133355261921224544
0.121416529326907247
0.223388875589865421
0.125036085271028080
0.002930089114508702
0.098845369002908523
0.123081610180548806
0.173202387729059659
0.240160500596035054
0.118555603049994157
0.005991930823796365
0.053432657624745646
0.040733757101828645
0.183757369498839918
0.297701500254966667
0.136405347774202379
0.010485896315993897
0.022795661136996982
0.047336918361319806
0.204997157748287834
0.192929837115704772
0.064157322206432291
0.015968702695397363
0.033448879647640574
0.040912731179998912
0.122230091177963324
0.154097613579422615
0.066249696344313769
0.009956244037522023
0.145720561051511238
0.167343055458145096
0.152070474235413228
0.152720949787100518
0.107893403898540116
0.008253194716206419
0.126927115249911765
0.247751094652698733
0.355528857291195099
0.160601159007914551
0.180296304419471254
0.004774764272590088
0.081034108274575856
0.060980005218882277
0.177764877665631427
0.253879430967955844
0.190418397549526108
0.014292384469929989
0.053112717008784026
0.052145585120301360
0.247487474320229772
0.248045539830750561
0.137064632395823616
0.009333049812990983
0.103845644336981971
0.103138116990853179
0.211169201376307958
0.204855577801189903
0.140835031095016244
0.011063247621389154
0.104418599695365349
0.067705282923263707
0.207837145170887805
0.199279298996082793
0.119814808090689895
0.032034502293532961
0.060677697898591496
0.072768825286236821
0.281821391622483042
0.207394820618783920
0.281827567642441323
0.026822521541844172
0.045495012254848546
0.043689658230039202
0.268884503707644273
0.147806133562610353
0.228978350288616572
0.041723509305358980
0.214710047241058577
0.357095005803452770
0.354499335987590980
0.242103346133102720
0.115641016195666690
0.040177127913335962
0.221518586848999610
0.400000000000000022
0.400000000000000022
0.366390106666908077
0.188993940215982204
0.069169632266369172
0.226487244598953419
0.400000000000000022
0.400000000000000022
0.400000000000000022
0.245739509854582816
0.066121636476208057
0.224583441996132949
0.400000000000000022
0.400000000000000022
0.400000000000000022
0.156784568173774591
0.064783627977707176
0.226115554213652425
0.400000000000000022
0.400000000000000022
0.393237282090653228
0.180386621695587168
0.076554475545993567
0.234327075320003797
0.400000000000000022
0.400000000000000022
0.400000000000000022
0.202857992468606863
0.082876767028542825
0.233177042102888921
0.352969827806305481
0.400000000000000022
0.380116720533103081
0.146397067058313235
0.070368019477967850
0.228075097768267898
0.394932621099138514
0.400000000000000022
0.280804448425621689
0.260492501669697174
0.005353365042960210
0.017213139731685981
0.029862502294307286
0.117314102970058329
0.090645854776569015
0.108698465437816277
0.006795735570700357
0.030998907436913262
0.039105288256580974
0.306495713551228843
0.246541825318723484
0.135505172428726478
0.006741263458170631
0.023814865121818941
0.016565094404429756
0.240154779838476218
0.239074295558171335
0.116772608704864181
0.007202979433360530
0.015894811677415827
0.037012892622254802
0.180283602958845629
0.083066836270551975
0.067650608761554348
0.020775455819169290
0.004417653564623668
0.012044027703284384
0.162170713811435552
0.251128155589316560
0.149102178183773859
0.041701986751935503
0.066047374895357031
0.067876079567047748
0.294017349877585321
0.165799154964335060
0.106722836769896301
0.009787925624360485
0.106470955356092786
0.083863736081945126
0.195008359028410100
0.111502058582785002
0.249355136477578954
0.002349442356803694
0.036735913415892933
0.180024965916364549
0.270146816022507619
0.203827248955634727
0.194536373219903691
0.001505933433805880
0.065851086463718025
0.127351375422488172
0.141676023392868083
0.191770904959343236
0.173016807702446734
0.006028177069273327
0.051093955543171372
0.052552373959479162
0.190159194751335803
0.196226299094721751
0.123557855246241410
0.000621851454038163
0.016981319449698409
0.057586786147260677
0.124410673328617438
0.120316087199815153
0.108073209849271268
0.002506859070427031
0.013702443377303556
0.066522273211910538
0.089516472420677534
0.108799898713462975
0.176749512930036795
0.011911167835417829
0.040849515900136933
0.043890701795102793
0.169553787355054608
0.200906579925809681
0.133372758880681869
0.006543237108684985
0.060940738262858903
0.059279764088086093
0.244718149079978353
0.253827461711296554
0.190126761597698424
0.002196311221934035
0.097250783602493146
0.045167478873033698
0.172464861061911390
0.312337512319154520
0.262470424423054127
0.002207026004927645
0.073524642872572654
0.098696592803519528
0.203908948785260502
0.190860791573797650
0.273505806571049281
0.006836988218991896
0.058869580002152630
0.079311050827371721
0.066715863015535129
0.065012874302574658
0.120438409183301953
0.003377104276054425
0.040653920601086954
0.072661370150343865
0.068109259620812879
0.280037550576338168
0.122405698135696295
0.001685933806635360
0.023044336763071199
0.065029370725543295
0.064315869332887007
0.250198850087354208
0.135230747904002552
0.004011456229970039
0.034125699395977066
0.150884733159116741
0.125640989726048258
0.232336557234995855
0.098735210110744168
0.004733193078511598
0.035976900980655625
0.042825957012453189
0.076268575812609526
0.142757645296377411
0.065475771575704764
0.000313823192587100
0.022610889134534348
0.039509767644157562
0.063936106356244943
0.211819912315353825
0.050645749936699250
0.001453417187416885
0.039805279944961816
0.027340925084021757
0.046306616862375770
0.136942655938538882
0.070591945426306105
0.002617863729823114
0.076218502028298732
0.066460269945417608
0.240513128021151129
0.145762994498441101
0.159929928425542434
0.005473189743403739
0.023601643791955486
0.012656285648268704
0.036869094414231446
0.196307967077142237
0.123884559605755257
0.000000000000000000
0.020660211367252171
0.007560919684332921
0.066471313649279357
0.145630511427961323
0.202986321070014075
0.000819350588140908
0.009385506820507880
0.010756845862789417
0.027621972754624420
0.095226037319609699
0.080936810720246499
0.003947205303953563
0.023536732882545347
0.032347572512386111
0.073633231587069220
0.295542769581038478
0.131657204035141834
0.001785547349793652
0.021789917624966848
0.016601447680095832
0.109092425922367425
0.268366880739815072
0.160452506114499627
0.002265282793692892
0.035089532977943635
0.013971306499993862
0.062966964994578767
0.249478535416639280
0.224259010861231844
0.000985402399251242
0.016554598158166636
0.011913259223280799
0.099289220896982028
0.321512918841336481
0.128248397350783805
0.001777456175599067
0.028332587012498103
0.040761219299358380
0.223294609838417257
0.320927014782715958
0.190512168114888747
0.002763758060395230
0.084300941666307319
0.180388529337712378
0.040020863348426271
0.188890473065081721
0.057744925309488382
0.001548451459006955
0.030019825166908938
0.141811249893780356
0.039892069110890313
0.241889790170268626
0.108407287213623763
0.001832123612487504
0.070142416030542512
0.173295088613789505
0.141150239435342606
0.210635036413457849
0.071141216140003349
0.002554194427683909
0.061924233801079684
0.153419918115757614
0.109795786018218156
0.243536146603090614
0.119453034525368679
0.001012758696576330
0.075909536600432967
0.139578590421377741
0.091621149663388399
0.088615003568861331
0.212679421865842683
0.000224865261006243
0.012512592810537234
0.058860038204163703
0.086988689029829938
0.150042445082753662
0.279949394749114067
0.001120542720869248
0.042382137106445998
0.061968405998872080
0.168915683103308734
0.167493720112198430
0.266568841514433830
0.007499489541188967
0.046378710592154003
0.069051713580347271
0.312468141341175898
0.211800672517460598
0.160895668529360131
0.003255565639057526
0.087654829801001186
0.058724626243156233
0.032668756891922446
0.236626032828927635
0.194045055353083862
0.007269673778412656
0.100213587331960646
0.074376144511010364
0.146574345981194731
0.341434437642567423
0.268233527745504574
0.000671535111203611
0.009290244710374542
0.048334153090449493
0.156609269387659011
0.340044755464986637
0.230829436936927923
0.001862323384066957
0.053228373365220356
0.082339767227444405
0.172427030379173785
0.400000000000000022
0.251657209150516759
0.003938196720351733
0.073752775513307695
0.080562892982025514
0.112395316157826192
0.392898133744558509
0.255714070286343409
0.002680262257363445
0.039165553006668512
0.055062982014811641
0.067872211449358205
0.318383919459914511
0.268227399180120729
0.000000000000000000
0.005387536902101570
0.011828768023115685
0.052317335486030833
0.383096771440638695
0.251855550483320756
0.011408353915814188
0.011889792414082256
0.050919273640097358
0.146026922752506394
0.384742571780618992
0.237630596369762581
0.001711223062903753
0.137316998699859777
0.161080550962746871
0.148079711895325122
0.191921578429653100
0.171057535609404981
0.006133926129410622
0.151535055163849769
0.254177220567218587
0.179671954616017426
0.345562513186162379
0.140454698255490201
0.001018523867734421
0.046959986314266108
0.168842142828699443
0.246983081262441534
0.363498448207463465
0.178699127956415904
0.002130196046960145
0.107339201477680571
0.168982885028378521
0.174821385015831166
0.276099892513247791
0.219186057771902032
0.002930089114508702
0.105207843452863700
0.182593975059459457
0.246348790196967093
0.349045014802803033
0.178769073679459545
0.005991930823796365
0.057602281857950625
0.081790747540564326
0.284587932237110319
0.400000000000000022
0.200808459072351592
0.010485896315993897
0.024548026717564259
0.054711214280777180
0.282425701778740379
0.294503481372868692
0.129265216259484006
0.015968702695397363
0.034742098383468305
0.055870605804423351
0.160253873227868160
0.271272764892721230
0.142972487834490458
0.010049974334231932
0.159920676852929128
0.170323555561300299
0.153233725194202475
0.166962298136160397
0.135017088744710301
0.008449856695264154
0.144457885920149437
0.255592448437870101
0.384703352731629478
0.245794190482857056
0.216080663442412446
0.004774764272590088
0.085246010342808140
0.091457439345392300
0.329251633985199410
0.347286127868340344
0.222264865793467936
0.014292384469929989
0.056325251580496345
0.100971085582588521
0.334090802237208162
0.324576521997733958
0.171309458479954990
0.009333049812990983
0.103845644336981971
0.142455498677022147
0.249280062707231465
0.246021824638441494
0.180317880688904753
0.011063247621389154
0.104418599695365349
0.236874544974419732
0.314881625710883739
0.298350771540338011
0.130648346304713864
0.032034502293532961
0.061245300963729758
0.105292349627739701
0.390864689719993996
0.296048484210456264
0.300569612233756001
0.026822521541844172
0.047106542262500758
0.131814355741665001
0.320870956183638534
0.219419886880954901
0.270605842038169064
0.400000000000000022
0.216184659768147713
0.363691242302853213
0.359396385660322171
0.257597496640428303
0.133744797162711454
0.400000000000000022
0.222927244100237204
0.400000000000000022
0.400000000000000022
0.396820355357233923
0.258144371097035252
0.400000000000000022
0.229104004112449411
0.400000000000000022
0.400000000000000022
0.400000000000000022
0.260158768174044930
0.400000000000000022
0.226294606149666178
0.400000000000000022
0.400000000000000022
0.400000000000000022
0.200974373339467632
0.400000000000000022
0.226759028259355983
0.400000000000000022
0.400000000000000022
0.400000000000000022
0.256994370302564668
0.400000000000000022
0.236981187848771008
0.400000000000000022
0.400000000000000022
0.400000000000000022
0.245714886045076131
0.400000000000000022
0.236356874146875451
0.400000000000000022
0.400000000000000022
0.390815794731715571
0.148716038617367763
0.400000000000000022
0.237396541889601492
0.400000000000000022
0.400000000000000022
0.364199916332847651
0.272476008266485770
0.346423978662074528
0.017985524206825740
0.029862502294307286
0.129479358043472936
0.117401565922763712
0.114702897099121306
0.160191108824317446
0.030998907436913262
0.039105288256580974
0.307554659969801192
0.283974865073580107
0.160153862704462580
0.006741263458170631
0.023814865121818941
0.028930493102245040
0.276399070870890662
0.283442449308063338
0.156078253172517500
0.210277392375851635
0.016358404530569706
0.075321129237949147
0.226099276257580029
0.127000205656926268
0.090009632158792513
0.279928711740192682
0.005366115256304025
0.063268738534307395
0.174611037515760514
0.346530630267659068
0.192209662993763075
0.375130384127338568
0.077569176605630771
0.159022623572230209
0.338629410484369897
0.277120341748265886
0.130456812404702083
0.400000000000000022
0.115541345540304166
0.123016903183484932
0.227395413078442243
0.175064293673863197
0.283794920876531576
0.400000000000000022
0.066645295766176629
0.255861241047176946
0.288783378952815140
0.224336754964396534
0.224001489912054375
0.001955838858013446
0.100961262895795184
0.136403264624663290
0.153072162222505748
0.230117488886996513
0.200985746000095111
0.007190270581887207
0.061207861699077729
0.098293604372978793
0.204304209492883498
0.273078118080695154
0.181610176005738949
0.000975406844811294
0.022396622108854201
0.062057505481639491
0.179599842041720914
0.234217548337329773
0.167670773608214918
0.002795966783272658
0.017832844969505109
0.081235550341290166
0.124142548588615648
0.176053433507930041
0.195826650664841395
0.011911167835417829
0.040849515900136933
0.068843180732458958
0.208532197510033407
0.250947357335239096
0.161308184486565254
0.006543237108684985
0.078716129249110769
0.155599545818555146
0.334555390612265191
0.316968109513417362
0.251976894800000017
0.002196311221934035
0.105745662955772757
0.126634160142148677
0.265203238135416242
0.385403784797481719
0.283234561848241806
0.003594848839521105
0.085220058145858132
0.151989728279345870
0.255695469028462408
0.224118013776646113
0.283066285581442145
0.007141293474981712
0.093714342386847282
0.116415209420171500
0.117874609418092580
0.120387564455699828
0.170822580262531748
0.003750244145841689
0.075223015161110060
0.113817471584225560
0.107751650698112489
0.333045532014560441
0.151271244123303339
0.002342560657640711
0.029429097957977161
0.083054881967429217
0.080993509629273652
0.303304207770016210
0.189100896139029140
0.004772700016866679
0.058797377574113595
0.194267806552996164
0.180078506700757118
0.280207459741144527
0.147355413149768605
0.005750668371512380
0.042879221747576697
0.114711782774190252
0.149995582673883965
0.226277342992366903
0.174930306097985377
0.003082997381205918
0.050171088334499001
0.083859763233325876
0.132122601804953943
0.281094927701732833
0.097494943827465180
0.001453417187416885
0.051000948931919435
0.066830814101985575
0.084478469206966819
0.252619449232914517
0.237341179783883860
0.002720244102866894
0.087631449744445672
0.147245892026238140
0.280890669602080700
0.267202943675394211
0.244060824766614864
0.005473189743403739
0.067199256428943657
0.037643400885900583
0.046965601781047750
0.241999769471070519
0.183358886183041137
0.000986069043770603
0.052860886405542123
0.075612197131747300
0.096170534635656196
0.213821746901989740
0.259963404244276552
0.001230057176259315
0.016518896802218911
0.012591429411087525
0.089657429872457645
0.171019265915403673
0.205491116783750927
0.004442818525974639
0.041697387502225174
0.064420870227053964
0.189422311187404380
0.382853316655328957
0.235952989947556729
0.001942375416992320
0.025570022081397428
0.074363435238370232
0.124574838836805230
0.353156762056994977
0.183040542401992190
0.004547793757362976
0.067785308725976587
0.038754577699174036
0.073826963246298519
0.362014573451000299
0.260694889990620904
0.002188196715435531
0.026021140569590699
0.039532963149725681
0.169887090845352501
0.400000000000000022
0.283859424789085768
0.003851631224348640
0.042994008312113349
0.089487250528093920
0.327816012517559208
0.393845962354099077
0.287110546224736418
0.105380605954134607
0.231110218090347624
0.137831285568946249
0.170966256098628921
0.330162921241485385
0.140943160482229879
0.077488237015718012
0.185229416774281563
0.159607541663020269
0.213060585687825099
0.308527161643811221
0.077708384364650690
0.059334036792786760
0.125685703034566748
0.124695115732425768
0.201943029028878090
0.301537959383894660
0.060156709793578067
0.091631484357235948
0.146448856682822925
0.149525772833303539
0.205310083169269325
0.327532227601289194
0.070802041798527671
0.100452153933562272
0.145772094028929405
0.148366644329461811
0.192467882296544379
0.319548642751812217
0.115630963417737154
0.115988463120086524
0.155095586133628727
0.155771772885477555
0.228773281762265246
0.321483630947438037
0.125171526341270878
0.114352281361517288
0.150313510414316759
0.146157572694314952
0.244085671736419985
0.305275433766253823
0.147620328798231948
0.113762268915654871
0.166291758774796072
0.194569228795218846
0.281836690292340375
0.256096360868977801
0.137250272351237323
0.089367995328672151
0.012245839054301313
0.203478616003933771
0.215573570864715736
0.375224656159405812
0.403500784976449534
0.068949523645266603
0.011676809630222362
0.195154220958789343
0.269811944000143078
0.353171097302438564
0.343172320395461528
0.055928471124664647
0.010379850250398533
0.149833010346169360
0.263986973905382172
0.331781551063986158
0.336721841447412185
0.078890685601939417
0.011849160742988973
0.187875960367582112
0.259623904850192655
0.349912390815211527
0.342325420662631441
0.085211534817713916
0.013214181343635400
0.175484251148002951
0.231202112918327624
0.337278721720166819
0.332296813106733036
0.101209153729925408
0.017611917466542913
0.184745403716215839
0.265470736868845480
0.346033106763320164
0.306962887625730263
0.108572720577230136
0.017162262894068671
0.172397488233935248
0.282549362885795852
0.360144838921063581
0.366685196734750252
0.108081777125773715
0.016280779805182593
0.219790780909507072
0.340011431740970649
0.363959576663254347
0.337256570075168238
0.105110253638426396
0.213833176033946387
0.080592374194604161
0.055115070378002520
0.064564119968343672
0.063475635071195469
0.081679053006748714
0.213290598857325403
0.150916971950018630
0.201554653528674188
0.285894429926487392
0.110512721678772810
0.059275747615327057
0.128851752503358591
0.128315829922435454
0.212579531766287300
0.312142038599114990
0.080656893609963906
0.087552238672605587
0.147123306087222266
0.154147485148573460
0.205675553020931406
0.318367627577218260
0.058256033042371175
0.098767010206124994
0.163012532221513740
0.156831555829118591
0.195610805082607225
0.320087673426778074
0.068843791451082673
0.114470428920399048
0.168768110083171857
0.169416429149747222
0.241177335643997154
0.348729084237393683
0.117423379630320582
0.113313904186251396
0.148478136812681322
0.144264721143639779
0.239237534250101913
0.323936635522540428
0.158665046821849759
0.114648706162860645
0.162988941862054149
0.180360369165394024
0.272514647378440777
0.294874602614248638
0.156331743353719688
0.088402180887337908
0.011947594889991725
0.188796517609002096
0.145626068050727864
0.090448916432484719
0.079308403947974171
0.071550624180752628
0.013289271022863145
0.225232224778543544
0.256248274219197436
0.329602550351532575
0.317998112008296085
0.055861260297011085
0.010330233134792598
0.153972398476822925
0.274110624783406753
0.351339247422160716
0.348792491673673932
0.076265858703931488
0.010762758737624821
0.188831759153491374
0.269215466770047152
0.350611980639920662
0.331136538626621568
0.083982847419097173
0.012796494321794262
0.197918238290582138
0.246594004120632371
0.343553385502528619
0.332857348034734601
0.097372821473659388
0.016380347415342587
0.202173063046115348
0.292894093566159863
0.366445038790310207
0.337447805346160756
0.107887567638552909
0.016274426492010260
0.170169258464602680
0.278049202303618459
0.352439716591677998
0.386682200056791603
0.108783793587888727
0.017021550281935079
0.216311695630515305
0.316530546551211434
0.349503272280122845
0.385116422079381349
