0.000552596842499089
0.009136199323647773
0.002591834266801681
0.059832801447256972
0.068902470690401146
0.009875271952881013
0.001336058443685458
0.007324711925113523
0.024803855238200605
0.046731258592217183
0.035453908398100781
0.001574968927586472
0.000846867001174971
0.000341207187180165
0.006880649778148364
0.026417610368128598
0.044666688921051197
0.019234621858170667
0.002044214459487356
0.003261049027243295
0.003406492568287412
0.025816461738155702
0.145184382230243020
0.108507188696728804
0.005768820355297318
0.016753827015132779
0.014108438104845848
0.032285075940947698
0.116444606230330941
0.043611741192909233
0.012690059516633967
0.010814595185606119
0.024891856772750104
0.040473593981964165
0.133229792593904689
0.028283850078532929
0.007819864151853309
0.004217894667608870
0.052124349129053324
0.046922239855174019
0.122287884109698625
0.064966260835914474
0.004406419109772851
0.021517770836440329
0.065287078025441481
0.010035660326979232
0.012139396766528273
0.006901553412516567
0.003159155965051274
0.036943946859992367
0.002261671729709515
0.077982809955720350
0.102818876157833861
0.005044032399062440
0.001938729010416180
0.007617750351331323
0.051810309833898838
0.040423607839690026
0.202616422996657081
0.038383846498406295
0.001896877617704378
0.000356049150308293
0.013985739544687091
0.086184541957248229
0.210174565602985308
0.084750124218603090
0.013513639648627604
0.002470688506721913
0.004097077993207640
0.007940535150618901
0.058306603798704920
0.068276658287562395
0.009603852680246348
0.015036234594240541
0.000231536573250426
0.014699041094040188
0.086606493056606421
0.052329816052857414
0.009243837300567201
0.017958163153805301
0.003898990535623485
0.006349779518950945
0.066644499784312250
0.037083560939305212
0.009182743761322418
0.024886943347224126
0.085650921892568094
0.010729593905316520
0.044536677938649620
0.084763255458207523
0.008645612787352215
0.037079193881224042
0.098874012992413662
0.030872159646655781
0.072869829971218006
0.094193240180527757
0.004753919397675495
0.016268047245050293
0.008649345688141033
0.033455662857425704
0.080167848886321627
0.016614008696322572
0.006886202397135191
0.013771769669828817
0.005038862237334950
0.014371413028182688
0.127910722204445410
0.033432126187884555
0.005419637133392332
0.005915665704959369
0.009815286542474938
0.015691888557154580
0.162764972379597583
0.059507759152744782
0.012290884817162192
0.034257418668976213
0.001208554992347036
0.057756019057145662
0.096665433967238104
0.072873023246664934
0.015598510821488056
0.040407590147194042
0.005654758171711662
0.087884753669705842
0.133922978088885092
0.127437781703477804
0.018091325994776145
0.012846030254978075
0.061420004612124844
0.078274631106276776
0.082677899720881631
0.097366940444587075
0.010768250250065475
0.124574313548167975
0.383657034180583278
0.041585234188087447
0.050968805794576681
0.133865741115641340
0.012645161857671445
0.101247711523825445
0.283373188690144329
0.132233933176890556
0.070886995961325555
0.034964640177206421
0.044943605605511888
0.084306005923070026
0.001223168472807417
0.023440146367035657
0.160232455151733261
0.089637579146450611
0.033523506804047004
0.016733167965817159
0.002695249620801307
0.054154085086504142
0.134009341284749339
0.166193353705595653
0.042099722199089064
0.006688368797737311
0.010320969482343754
0.100206719317307263
0.265430199723476312
0.170318997884453371
0.055561397468273432
0.036943695550484067
0.026744000332046429
0.182947824141518084
0.222085444965544831
0.149259761008398606
0.067694009346796327
0.110897192755686033
0.007367324435704429
0.147093972985798904
0.179877114820724132
0.148614078664525084
0.049054768701844102
0.054937643410474156
0.028915118274855940
0.180434527849160919
0.197345135951043082
0.128462660609962670
0.051270197472629300
0.184740429980118248
0.304544404104865551
0.094041138998014001
0.111069879308965516
0.188501102624052952
0.041411235639242983
0.304450536705589525
0.291951903163334248
0.151063196888924556
0.069600690205225996
0.128042419446289357
0.331226863097833113
0.400000000000000022
0.063055249536113467
0.135496368373663606
0.295457640773182761
0.340026978215828335
0.233753098940523152
0.219880466448655471
0.034079638234019827
0.164090899629978360
0.229345658918793133
0.376263686256116392
0.112658290674274755
0.010560159545360806
0.012273329187936041
0.188696841246934643
0.228749554990381826
0.387249720002532882
0.157763668594126383
0.073419045458240698
0.023042202598016450
0.224077569514289643
0.208274839219567576
0.400000000000000022
0.199496702492786948
0.169240410617019693
0.038881769573741162
0.318754419646139375
0.255518950430198011
0.365491166513086774
0.240842077518509584
0.263491899427707010
0.088880096853909990
0.295441108223387872
0.320840592984738382
0.256472662205866175
0.211898825736806379
0.281129561230214153
0.218357420928226797
0.222671390499254523
0.148769219871688341
0.312823566312317780
0.149488454300056028
0.338802813373915601
0.200912031848333811
0.110237196335037951
0.212568719872449879
0.366531584450798587
0.208379920230683108
0.374047714332340464
0.118231701858217256
0.193773451944682207
0.307450019804817787
0.381177358784521636
0.273345992920208891
0.400000000000000022
0.097174807277029318
0.382683189506524191
0.291774039156357134
0.400000000000000022
0.118784138394080446
0.302736050802526691
0.092779668461419412
0.400000000000000022
0.230935882329931341
0.400000000000000022
0.071280312553799879
0.116828063870264245
0.068998277757287688
0.400000000000000022
0.263994066181825804
0.295911520349347146
0.128966108005160007
0.102709161557282283
0.039199690694044477
0.355122754756354075
0.241731620448950357
0.357700854329655038
0.132361021124694223
0.260502385913560952
0.057514621594144916
0.274916096321333570
0.221926936091293103
0.270945014059935041
0.075732657499405706
0.142116132943944207
0.022394582601170672
0.365993648162892593
0.353066957406880211
0.339938283812277642
0.066231333732285722
0.223600510993508084
0.137567910162340601
0.161282798093601659
0.383317100462620797
0.392334463764062003
0.016705007740409838
0.085929324405610380
0.096335897064196568
0.205528669766143340
0.048750772218979201
0.107918080270598404
0.126707571244446315
0.400000000000000022
0.057889605145961531
0.208425515843194464
0.173231274150547426
0.157530868806903090
0.071545028545308850
0.400000000000000022
0.185827257457927136
0.241925367361250782
0.227371503735142866
0.194151665552286801
0.031132882662535159
0.387974801563723104
0.297430894744988294
0.321000750736264551
0.208884882360830360
0.140922332330636058
0.020789070787073764
0.196949800833742639
0.085740652111075885
0.249197001466940959
0.201836131744374758
0.152024463912430130
0.060877817760678486
0.131904882300832138
0.082675624636531997
0.352341313444831883
0.246845900851307504
0.242724859884786481
0.050148301200186436
0.035492079111826690
0.017255863563721361
0.186322955036048982
0.271017574064658984
0.237700606724689956
0.055391940237048375
0.122983759507385784
0.054484088112058557
0.113643695397624714
0.252649056939565075
0.146532011964447428
0.002096203754229645
0.037947843173448924
0.016997707891618877
0.092632608645152423
0.030900295932611389
0.021068920741735608
0.005830585664178998
0.151841135240428193
0.145056488729308874
0.069325395346712254
0.120316801005879243
0.113469609145826142
0.005051378281030868
0.070596390436001827
0.092711631517798057
0.046691036519641127
0.122420299396121743
0.065606075310035025
0.004203463153620929
0.141509012638747406
0.129695308366671702
0.069178144348202297
0.125748381837042456
0.137848379884784683
0.008609742889029468
0.033998737735372896
0.037702768439291962
0.105294235028382976
0.137956827566728890
0.204646493783101346
0.020390447703924515
0.051361006371703904
0.036479793950113533
0.085060735561874073
0.090431630213995098
0.171063150420474042
0.048087362248804576
0.042390338879970110
0.013078859197259828
0.093624525402555045
0.161310329382029605
0.131804367952630008
0.026741744090587410
0.026087847406433926
0.042392637005059748
0.054885521446690212
0.160747325857183099
0.046464629768453773
0.002522088802243102
0.018490372813245736
0.006057559399993391
0.059628694351616031
0.077606014313185839
0.024321970746569933
0.005657781047048714
0.127569497120747777
0.204717641263933159
0.073567531774854422
0.135937745508380115
0.067144364658235742
0.003530703282923633
0.069465629808938001
0.165353466296777607
0.053992085180504919
0.068956141621624945
0.028719961029804765
0.004224311841309481
0.041227906355108944
0.077387084654623337
0.076132682618106198
0.182781883781939963
0.053609616749055823
0.002483978012375663
0.023209970055002627
0.031706230446958028
0.041672138865349123
0.198747030548938497
0.108261033243353358
0.003660605646700467
0.038986514679790786
0.022379917111213770
0.035655438051215238
0.078381861857650864
0.078908876265160466
0.006255584994845932
0.013817101408616937
0.037145148659805526
0.038632543933591862
0.064238046147000294
0.115812939217941516
0.006782785063159120
0.007222970603776706
0.010605794887023488
0.024794181854573560
0.100313327252550766
0.029543091449197055
0.002166998747104585
0.012280089139489940
0.007305631090509459
0.019994654844452866
0.087002290788115139
0.009604076739659162
0.005582265240925885
0.017210843994924348
0.019769256845532938
0.000726758926655463
0.056970747980822897
0.007038107959546703
0.000000000000000000
0.002563523079010450
0.049006281209203896
0.004790761325466237
0.136213684000273755
0.067015393583780461
0.000822385127379971
0.008046207544401883
0.029305728669681105
0.028695352369386591
0.144081271270183220
0.061609126212355037
0.001870294783777949
0.019234953260604627
0.041487661891801100
0.017588500064683193
0.098824112917052898
0.017434164230775654
0.010371262101857561
0.036195803434946210
0.003747386365907291
0.023236732780018438
0.170547905055380367
0.031844114401898535
0.026695274229224263
0.018596462676333116
0.038440936824414122
0.027261644263005879
0.107411153053676697
0.020693811037047864
0.008728772990106475
0.006580979134281170
0.009176362143696959
0.005408079771068939
0.016104993031640969
0.017069054100476329
0.010324311685864427
0.041033843093368855
0.064089298496680575
0.028193799435779245
0.109423393317423012
0.017298630457549345
0.002923084916083425
0.036884120635251941
0.042399634620844180
0.042182256790315828
0.113371725167987089
0.023691945590280442
0.003965685946906205
0.005466725983343897
0.011209156902134358
0.037824317619787801
0.126331855291052675
0.083657096359497571
0.000359430669617054
0.012180883930074635
0.016951457360724120
0.044648530111654351
0.098043001874986893
0.109851898368624579
0.005140948629705484
0.006983744423472604
0.001071127812295011
0.050529284720789311
0.206381665657321828
0.045549756911108852
0.049710405582333403
0.018749261254716175
0.000397287811472810
0.021177758586241699
0.135248609734610864
0.086827820704248548
0.023117472068251214
0.023604490182389654
0.021674049632794418
0.047398345162866826
0.060374996570718667
0.041965710303189241
0.004934358648718529
0.006945836279419164
0.043484272303634317
0.027345199801735352
0.006551571251697244
0.063311561938695957
0.000000000000000000
0.002340314055932807
0.192117308702158707
0.105810047180538311
0.098467682702859272
0.042926577448563812
0.000000000000000000
0.015527861581756439
0.346429371110640649
0.114712266059391749
0.094265113011346491
0.061240381430157254
0.000000000000000000
0.020340224003508857
0.206505378227957115
0.057118560720948661
0.059891000000398098
0.139537018128218726
0.000000000000000000
0.043866457775614501
0.075354744878573077
0.017334381117503739
0.085598970471390506
0.083280439031905601
0.005975166023255287
0.007150344732382675
0.006607226389211596
0.044709461332104988
0.062247688066746840
0.045875325313632011
0.063961632657181230
0.056390262410808231
0.027930416208792545
0.020968763145526287
0.090552718840816920
0.047687742051922916
0.031201711016354147
0.129728959431225033
0.349126160592036272
0.130245131872067377
0.154259995876931233
0.039382388666110456
0.030169669887012890
0.090570049099548841
0.336319669729019777
0.127733671037885715
0.068877082686947491
0.034013292481611737
0.020123297423457281
0.036020834394047282
0.166817809481978135
0.068673055295541172
0.100299490641046624
0.074506131217256882
0.012293427575847726
0.028098130026021358
0.149204753547936719
0.074505312133087254
0.068557882856725580
0.094467581766390168
0.002101761533167909
0.011248546673550523
0.057444490103885408
0.029924189885497891
0.093544773148396404
0.156134404043382496
0.003341389568504270
0.044533351785141506
0.076778962570455370
0.026794355849770059
0.098204236687879073
0.128089250648798031
0.011083372535416070
0.020485848655318516
0.057956195523028997
0.124768160719531951
0.120460792084351148
0.027397513956072605
0.065710180292369066
0.038870241088870300
0.240072329579333721
0.108003913659443423
0.165975328766367808
0.080725493939502763
0.036823201163637242
0.261028536528233490
0.400000000000000022
0.133722493409069471
0.157490507671333574
0.065243785939114896
0.093391801547919581
0.221040775798265032
0.400000000000000022
0.124907943317550757
0.077288209091276150
0.125441078417216412
0.056040044495229847
0.108572875087289522
0.392992377120817138
0.158256386488122347
0.025035233078479553
0.223272407317355620
0.048045837584955155
0.099281385191929666
0.354298495631064747
0.258178038826651468
0.053280258101520081
0.237603097664519786
0.013422833196384647
0.070812854776911363
0.197467182954453063
0.228211113669292226
0.259249441748390985
0.206315502785205218
0.049973742822511089
0.108830991810149630
0.197625419657568663
0.159523613301181366
0.131282811253895904
0.135676281284361488
0.179820258657008181
0.144316287343819266
0.041110891205569912
0.306037024683265879
0.125900495998797712
0.108962679698815484
0.117215003574521900
0.106107144151243366
0.299112807472841968
0.295703580173658387
0.170445132990869719
0.151255200365960851
0.071119791012668826
0.208133341690279194
0.353550604500076360
0.163138808085382364
0.261499064874257892
0.172530116848943871
0.076779451127566151
0.244210012626910389
0.353650079868767953
0.204414177311057932
0.238072940046921977
0.140339254791579271
0.046335577143467394
0.083880384806383435
0.384003660392162605
0.323964694978909951
0.053965864297723785
0.262761855706404923
0.087285390323482037
0.345933983825549629
0.400000000000000022
0.261436977686696603
0.089570467486677158
0.240696295939693439
0.028924204482990365
0.400000000000000022
0.400000000000000022
0.253788208276690685
0.139307919652345402
0.119545082473135833
0.031451715787619600
0.220952281588223359
0.379180741456075998
0.234171121644403651
0.237644831650058119
0.144975857798760432
0.032289537748813726
0.192981534659757037
0.400000000000000022
0.145235064499474709
0.203227530771716070
0.226387292468709866
0.000511939893670203
0.067625190117653916
0.400000000000000022
0.273770395315733661
0.083074016567893511
0.086251514244742936
0.019986647931105606
0.050321547466078961
0.284944310131279022
0.310173723646007038
0.094822262064270801
0.103046089041045841
0.021873813858003532
0.073887200317203791
0.206865639205979335
0.284441716221266516
0.201121163647809714
0.153853484936669171
0.000214531285943816
0.016450449667573575
0.261494487784121710
0.175599304609504792
0.038961715777601644
0.052560823073153906
0.027841343213300149
0.261295800826008229
0.274902135421776606
0.113033087288736817
0.045722472572214512
0.089669080599260265
0.035937294580764979
0.330433125025944852
0.340050623839734889
0.172191643489895796
0.090851900321047868
0.066048152863166495
0.008393579921458510
0.340976407501820122
0.384768454880981547
0.103984034657378377
0.139201465723902545
0.066534493765032537
0.003894672467816507
0.242051766901357296
0.400000000000000022
0.094608617167906847
0.107307380363087873
0.142545091032934557
0.025168663654500815
0.066338140149623456
0.327340383827814940
0.161091435673765271
0.188576054917986902
0.063065112267460838
0.011249717643522159
0.028618821732146318
0.166199745016964495
0.128935086151623801
0.067101052581946208
0.087128934046539985
0.000203640198201082
0.010664791954373105
0.096470461036003846
0.140228728313303075
0.118561218829481008
0.127734805033773297
0.009307728675612444
0.014243249536701598
0.084461456050864039
0.136597049502712176
0.117400449081513814
0.033555039257528119
0.008723630497436522
0.021651466645016656
0.018202658228064550
0.070360882815973469
0.149784272310940159
0.064443162396497042
0.006156899712402425
0.034579046609555741
0.016206745289778373
0.049926003237233153
0.058509333050869895
0.049524036237085109
0.006574066024347643
0.080340018817069966
0.184382936176643364
0.098388722045859980
0.108897509723516722
0.064167992551806274
0.002333102222521311
0.052346355164837766
0.085465695394143948
0.091339390275824189
0.132753358617471118
0.058904410470078564
0.003833672447458456
0.018773599075088458
0.038436282079176314
0.075798806214391612
0.123022945015695079
0.038573616440094952
0.002968709060788435
0.004678099521865643
0.039100550662940242
0.105120219306708479
0.176973447791757360
0.068676566443153050
0.010765777026768401
0.030470021517335986
0.158000043252740890
0.063443515632237352
0.120229852390658976
0.040312078992223943
0.009984675761005915
0.054718043020979351
0.004185714311093834
0.060127703370084606
0.090601031932083159
0.014102840830551744
0.004543207220716565
0.040692754562271991
0.112851590774800559
0.078050805840157333
0.146968628204596163
0.025310101116858295
0.001693906823533224
0.007519500464267893
0.061804626807227231
0.064099762600018664
0.097820876027857384
0.049512762509000004
0.000447184317655579
0.011681226338389458
0.008730547818580865
0.078587790196059396
0.162130020104816586
0.086477271981863960
0.010849136001318533
0.030973532782689994
0.014413966359697125
0.046540843818412919
0.118855721693712502
0.034382970666101818
0.006327598833383958
0.003054005394095633
0.008190876957374707
0.101631205343088171
0.256017729192159316
0.031841964065411191
0.004974577828665876
0.002980958597128998
0.002013112686395193
0.026129385955507393
0.077319731306613113
0.020165656425182713
0.003446218738787544
0.035821007222692360
0.128630251524056383
0.023920451423698093
0.029276137851423481
0.033754518385298402
0.002719595589603674
0.021416288463137714
0.009897465357311140
0.079827456291709842
0.155904761478516257
0.019479348692540175
0.006918323684611342
0.024535555920037873
0.044573112083733546
0.047458017518872651
0.092424656378923692
0.008613076887133173
0.000846867001174971
0.002904730266190615
0.055886930987352250
0.031208371693594836
0.180880372921324917
0.086250015441951142
0.002866599586867326
0.011307256571645176
0.032712221237968520
0.054511814107542300
0.289265653500426212
0.170116314909083854
0.007639115139075265
0.035988780275737403
0.055596099996646949
0.049873576005630894
0.215268719147383825
0.061045905423684890
0.023061321618491528
0.047010398620552327
0.028639243138657393
0.063710326761982600
0.303777697649285083
0.060127964480431464
0.034515138381077573
0.022814357343941979
0.090565285953467439
0.074183884118179902
0.229699037163375336
0.085660071872962346
0.013135192099879327
0.028098749970721499
0.074463440169138445
0.015443740098048171
0.028244389798169234
0.023970607512992893
0.013483467650915701
0.077977789953361201
0.066350970226390082
0.106176609391499602
0.212242269475256873
0.022342662856611781
0.004861813926499606
0.044501870986583258
0.094209944454743025
0.082605864630005854
0.315988148164644156
0.062075792088686736
0.005862563564610583
0.005822775133652191
0.025194896446821446
0.124008859577036057
0.336506420894038039
0.168407220578100647
0.013873070318244658
0.014651572436796550
0.021048535353931763
0.052589065262273256
0.156349605673691827
0.178128556656186959
0.014744801309951833
0.022019979017713145
0.001302664385545437
0.065228325814829513
0.292988158713928248
0.097879572963966266
0.058954242882900604
0.036707424408521476
0.004296278347096295
0.027527538105192643
0.201893109518923142
0.123911381643553753
0.032300215829573632
0.048491433529613784
0.107324971525362509
0.058127939068183337
0.104911674509368308
0.126728965761396778
0.013579971436070742
0.044025030160643200
0.142358285296047965
0.058217359448391140
0.079421401222915258
0.157504802119223714
0.004753919397675495
0.018608361300983103
0.200766654390299754
0.139265710037964036
0.178635531589180913
0.059540586144886387
0.006886202397135191
0.029299631251585256
0.348494517474946641
0.129083679087574427
0.222175835215791900
0.094672507618041801
0.005419637133392332
0.026255889708468233
0.216320664770432047
0.072810449278103234
0.222655972379995626
0.199044777280963509
0.012290884817162192
0.078123876444590706
0.076563299870920115
0.075090400174649408
0.182264404438628597
0.156153462278570493
0.021573676844743345
0.047557934879576720
0.012261984560923258
0.132594215001810817
0.196170666155631918
0.173313107017109863
0.082052958651957386
0.069236292665786306
0.089350420820917389
0.099243394251803063
0.173230618561698524
0.145054682496509990
0.041969961266419623
0.239385020732815257
0.400000000000000022
0.171830366060154810
0.205228801671507921
0.173248129781751775
0.042814831744684340
0.191817760623374300
0.400000000000000022
0.259967604214776271
0.139764078648273060
0.068977932658818158
0.065066903028969170
0.120326840317117309
0.168040977954785564
0.092113201662576832
0.260531945792779884
0.164143710363707479
0.045816934379894730
0.044831297991838520
0.151900003168738001
0.128659397219591382
0.202567224141474878
0.260660935471985822
0.044201483732256977
0.017936915471287836
0.067765459586229163
0.130130909202805151
0.358974972871872688
0.326453401927835840
0.058902787036777711
0.081477047335625566
0.103522962902501792
0.209742179991288136
0.320289681653423919
0.277349011657196609
0.078777381882212380
0.131383041411004542
0.065323519958733423
0.271862133705330855
0.300337906905075225
0.176011592620597679
0.114764948994213190
0.093807884499344463
0.268987447854189654
0.288438441508604315
0.356486873573631236
0.209188154549465488
0.088093398636266529
0.318582412808277871
0.400000000000000022
0.227763632407083472
0.268560386980299104
0.253744888563167847
0.134803037187162578
0.375266352565624683
0.400000000000000022
0.275971140206475340
0.146888899296502146
0.253483497863505769
0.360030923201149933
0.400000000000000022
0.400000000000000022
0.287462969255600498
0.312863498909763615
0.400000000000000022
0.281798936525478272
0.319161851640585081
0.368265823508056533
0.372531628769272316
0.282625917020313255
0.400000000000000022
0.126081123870659395
0.081373014322272161
0.209740512142389091
0.376173974000909517
0.400000000000000022
0.400000000000000022
0.207737411416637430
0.182250037268390286
0.220667622255585116
0.365322625276607194
0.339557650473463479
0.400000000000000022
0.275351903278747645
0.260737395305218389
0.079992660779311067
0.400000000000000022
0.373541949518695127
0.400000000000000022
0.256861603922785953
0.288538019612509355
0.375568966887354194
0.400000000000000022
0.400000000000000022
0.381672161681190225
0.246120923835222327
0.333467192330958007
0.400000000000000022
0.358552755126232636
0.384400906770584416
0.400000000000000022
0.222168719335341103
0.400000000000000022
0.400000000000000022
0.310819996352131811
0.384034611759680233
0.396507208366103425
0.254715497374150501
0.400000000000000022
0.400000000000000022
0.398226857926372912
0.330922340201403986
0.400000000000000022
0.357832553381388918
0.400000000000000022
0.400000000000000022
0.400000000000000022
0.375582386088827658
0.400000000000000022
0.147708342877070797
0.400000000000000022
0.400000000000000022
0.400000000000000022
0.370243801982276688
0.400000000000000022
0.102732028341419479
0.297011933233013115
0.391634084182886366
0.400000000000000022
0.400000000000000022
0.392435877129023947
0.161255645753973748
0.251578813767995124
0.400000000000000022
0.400000000000000022
0.400000000000000022
0.400000000000000022
0.132872961018364405
0.278133226428629809
0.400000000000000022
0.400000000000000022
0.305000952659186586
0.353662228574646909
0.095719305430511326
0.192437680410023182
0.307338892732449687
0.400000000000000022
0.399612791772898102
0.400000000000000022
0.088105147590289257
0.275072198546850721
0.344433549368319936
0.394672907946985840
0.400000000000000022
0.400000000000000022
0.016919539026353656
0.102379774073183952
0.340986263984726035
0.343222848331918573
0.087712487996580837
0.160478903343752283
0.154548914457746461
0.400000000000000022
0.332626517047862003
0.321458603131931253
0.218953746722761966
0.247199949406163355
0.107482323126073823
0.400000000000000022
0.400000000000000022
0.374994596871350450
0.318223404056190706
0.260199818415453366
0.039526462583993671
0.400000000000000022
0.400000000000000022
0.383157934780640419
0.348086348084732822
0.207456826095668623
0.024683743254890270
0.336759527716734453
0.400000000000000022
0.343805618634847820
0.309143512107462604
0.294569554945364742
0.086046481415179316
0.198243022450455608
0.385534545118222827
0.400000000000000022
0.390845032194254260
0.305789972152247291
0.061398018843708595
0.064110900843973015
0.183455608580685825
0.315258041187672755
0.338118626646605192
0.324829540771229941
0.055595580435249467
0.133648551461758885
0.150954549148062389
0.253872423710927830
0.351596146247515451
0.274266816998220697
0.011403932429842089
0.052191092710150516
0.101459163942482916
0.229229658147864612
0.148300745014125213
0.054623959999263727
0.014554216161615521
0.173492601885444853
0.163259146957373424
0.139686278162685723
0.270101073316819373
0.177912771542323211
0.011208277993433293
0.105175437045557568
0.108918376807576434
0.096617039756874273
0.180929632446991673
0.115130111547120134
0.010777529177968573
0.221849031455817414
0.314078244543315066
0.167566866394062292
0.234645891560559205
0.202016372436590957
0.010942845111550780
0.086345092900210668
0.123168463833435909
0.196633625304207194
0.270710186184200008
0.263550904253179841
0.024224120151382974
0.070134605446792356
0.074916076029289846
0.160859541776265658
0.213454575229690191
0.209636766860569035
0.051056071309593005
0.047068438401835756
0.052179409860200074
0.198744744709263510
0.338283777173786993
0.200480934395783017
0.037507521117355815
0.056557868923769905
0.200392680257800659
0.118329037078927571
0.280977178247842074
0.086776708760677723
0.012506764563249019
0.073208415834225077
0.010243273711087224
0.119756397721700616
0.168207046245268999
0.038424811577121673
0.010200988267765280
0.168262251683019726
0.317569232038733662
0.151618337615011783
0.282906373712976278
0.092454465775094030
0.005224610106456857
0.076985130273205901
0.227158093104004810
0.118091847780523590
0.166777017649482356
0.078232723538804783
0.004671496158965060
0.052909132693498395
0.086117632473204198
0.154720472814165594
0.344911903886756521
0.140086888730919762
0.013333114013694197
0.054183502837692611
0.046120196806655155
0.088212982683762042
0.317602752242650999
0.142644003909455169
0.009988204480084424
0.042040520073886416
0.030570794068588480
0.137286643394303409
0.334399591049810208
0.110750840330571670
0.011230162823511807
0.016798060005745939
0.039158261346200721
0.064761929889099248
0.141557777453613365
0.135978595643124228
0.010229003801946662
0.043043977826469057
0.139236046411079867
0.048714633278271649
0.129589465103974233
0.063297609834495450
0.116265185127614287
0.179315459092165286
0.262966598573961263
0.326023669588982323
0.274516444208587451
0.259223721276815366
0.097551307715280713
0.236661847141204862
0.317441026999600806
0.282623547604574310
0.296656229985400421
0.290647251183556998
0.058115534231881025
0.204580425742951794
0.268120658285697755
0.269063725410572052
0.330470244893820042
0.259384771748606635
0.096953425490279119
0.206695176079897791
0.250733786003214776
0.286195880224133115
0.343378416670147735
0.235700841035320158
0.181806242152346642
0.108567076189426293
0.151145937752579756
0.304289253371785362
0.363795700314485104
0.242187352982835696
0.182226963504649370
0.068646528691776523
0.189396464633042549
0.330755449758540820
0.391139266800457353
0.223742309442432091
0.113744164619090482
0.089727518152564079
0.306189890270458676
0.303004691322562913
0.303177454991193585
0.268035101281367150
0.091854064328751414
0.147001105882312327
0.331209050468106281
0.196920240205761127
0.227305324081561205
0.237377768516993576
0.099439611847819673
0.194645615369977293
0.223184475486835565
0.230024326493428882
0.298214975506007507
0.247554667584362537
0.105673678156371353
0.255344723361536463
0.222922675353051686
0.209367708319435047
0.266357090758322479
0.270281478393058439
0.052505603725013332
0.223572756067361628
0.199572863651041099
0.216251572096557876
0.284582541830518732
0.276318755669769711
0.035519497083551073
0.286873140354061640
0.255742472241861529
0.227123339274156344
0.302436521289454308
0.291088104228670153
0.031993534026388805
0.319087066057639257
0.163736001151260635
0.233791844087665956
0.294455663314017790
0.309252319632072004
0.029997019903607893
0.228866991972415890
0.217579931913524316
0.241932795492377700
0.294851148190624635
0.263624219299743834
0.026031103494580855
0.235438972476096603
0.325893005661052948
0.209254940868348865
0.268969942334817635
0.253298711409044197
0.035594708907436108
0.259541478092579658
0.348406378664422811
0.182514925510483594
0.210995009237049114
0.183364624374845298
0.076933047045213809
0.151151699771698872
0.218080841204113363
0.198601669626047583
0.143646247040117248
0.148720533306844011
0.119084341052554749
0.260865463759777594
0.310532469593886029
0.281223005663939540
0.241861589993491194
0.244625831503631236
0.049638999790962236
0.191904578673983861
0.259884834672351961
0.276435569259371294
0.327483477286069635
0.296343914425270361
0.042685002411643982
0.144401742122210852
0.248112085954964146
0.279372803279810733
0.341179144598858064
0.271615823599309081
0.089261507247927446
0.090089536482114832
0.150127079297160126
0.303977653549419413
0.333912054086714316
0.226312094675646114
0.176253009944508071
0.071920777407531444
0.193340741071855587
0.324328479995890040
0.356029320559790086
0.182184718308308097
0.163848336053595639
0.104554089795854871
0.318243789617249473
0.292934863817268520
0.340669848912864337
0.243048909176839523
0.134905919115216100
0.152168783692811227
0.336954084862738423
0.278585119612294707
0.317262909222893685
0.261218975129316189
0.069791694643964092
0.150219361450529110
0.178639888655015983
0.168817234789461840
0.176191620615630956
0.158265973459117942
0.095453703004940910
0.289541784146902681
0.252804128416467100
0.201150344425568894
0.264772927955497173
0.230654564495249015
0.053772069393721235
0.204714553794051263
0.182055110161781331
0.208239792271875557
0.294035781030553389
0.274247453655759421
0.038564591227616012
0.167793729859337742
0.181182557356504181
0.224107353906760565
0.293804448932161122
0.289525663998218663
0.032701514467727781
0.154344167301757762
0.151914958674771061
0.229603030773916195
0.294098857563348748
0.291174430044751298
0.031079528439296962
0.222128752257648748
0.225709443176751068
0.248640749521027965
0.288169567848237385
0.239960442857492989
0.026026835034675705
0.315589224076989860
0.364529561250217404
0.218991822024377641
0.258384343714623377
0.286372206906555182
0.030874110810695101
0.338449470364192428
0.358997098854785812
0.186206121446343492
0.286784941010225614
0.252040782382802753
