0.063223811151547127
0.049925769961568035
0.058219597004577531
0.159697898233840313
0.037445733336190987
0.019101879518477655
0.400000000000000022
0.400000000000000022
0.400000000000000022
0.400000000000000022
0.211245470139007019
0.079335371626972337
0.358894313175794233
0.196474217510207216
0.250500846681414313
0.306950273139049989
0.194467554369068596
0.028848648964585964
0.158547330593652003
0.036531284064023783
0.043862253121110611
0.176758214663395002
0.158994591103494121
0.065384771357131610
0.241189986384509808
0.135166918421784688
0.081257695553092715
0.110400996851997404
0.082623559654029344
0.089998086188232393
0.400000000000000022
0.342363485530851719
0.078226271933444530
0.043371096616720478
0.112952287879169222
0.036392902225670522
0.015895539391060403
0.017016621057344510
0.021168493350626996
0.071726561222544255
0.151260315229423958
0.084361776800960048
0.173034127049237929
0.070662274459103086
0.041220177071374486
0.039517175719299552
0.057406866257256571
0.023894052761599709
0.064242815985877610
0.035270248717250138
0.100058990596614578
0.112522045700200357
0.035123522481902300
0.055677836835844395
0.036968833494482788
0.186029624066976124
0.354393854919075157
0.211619969242960726
0.166565967040258112
0.051971581445727243
0.000711359649253088
0.039762377240189661
0.124260764227792614
0.059939186841471093
0.085553864424427084
0.025548383280019155
0.018591274043232554
0.014614391980986371
0.046982943687055231
0.097662510323672638
0.105950504788481781
0.131832753418010151
0.085406045297025834
0.301545704739731191
0.078655163082379298
0.101639903563314815
0.137817605033473373
0.098628604854751847
0.315288950958836911
0.137769469061636285
0.066431864817326852
0.092455928577039326
0.106151635334799932
0.054825501570857541
0.007088240210619676
0.042363415348370015
0.052544654950967364
0.116635882291151183
0.131571980910450942
0.017451477113178675
0.034674013310771877
0.017724379331038320
0.057974121491037339
0.142091634751604967
0.110052950328786203
0.024527330781952156
0.029253497605251647
0.018982195371154149
0.056302064788541849
0.094266532495108329
0.030431082015392914
0.077647578238324147
0.010398366896301699
0.053225789264967308
0.078901994518059237
0.110202016358969784
0.157734445204583545
0.052942619897370147
0.006338664444026539
0.029514381516934016
0.031737676656596644
0.050813606502285419
0.060380374406926979
0.040236925289715023
0.038676080224485779
0.031734810091837297
0.017404899389280793
0.064216459970512244
0.099974314263186037
0.040646582334070112
0.039413659597988433
0.046372072471936900
0.088027684333701728
0.102981708088856858
0.131631296491504263
0.065178469581026494
0.003215821311180117
0.078654195963465151
0.127152029393533150
0.048251138056939605
0.082838407077476001
0.036202408541794434
0.089612480961190386
0.020891336870685714
0.042590453582669163
0.086653012455024381
0.091098220976684269
0.057793921129255632
0.062619979899570022
0.011962595195551071
0.068867881769433037
0.169857631871043829
0.072049977019716022
0.041267910879972128
0.007979285705788087
0.022395039295027775
0.033002977846225946
0.088165442472707911
0.221685343540126534
0.084175920828265777
0.049890951894876343
0.051944666806653161
0.033861486110041715
0.132522193784431419
0.280857111318335462
0.021696316510972903
0.027084275024184500
0.070994075648629626
0.062616043971659346
0.055421165015013735
0.122819358919061011
0.061672491473487162
0.112743429125645445
0.162355289662721031
0.092493270702897673
0.102924547542803960
0.179820544076163380
0.033398349725511145
0.084044285239404853
0.082855397043443441
0.113405348390415842
0.090889689294480810
0.188877548336657874
0.057333021130350374
0.018203709774719110
0.039135500245029424
0.116153170322590371
0.167096977169812144
0.119262143457988107
0.041219344047028449
0.076120406515901060
0.044157071827589822
0.104121773686971522
0.205039274736296878
0.089590016969504485
0.056778641603134936
0.088037715227312768
0.051100376981983428
0.050760389431563503
0.229140895680362056
0.054110129317599134
0.045005909276683798
0.026193601281880204
0.032810103684224295
0.026624305993195471
0.048631940031248259
0.400000000000000022
0.092443033390506218
0.102023006804351987
0.046768760017905663
0.021420281085662386
0.023203853222449420
0.319796388695104739
0.043342916422953542
0.400000000000000022
0.200388205262432340
0.105629075313028994
0.003494624250072794
0.034769287972115120
0.026220277691418062
0.249941325631366507
0.140296438062828766
0.287374760098326854
0.040824862814304835
0.048028914996187708
0.015594607400938872
0.232341505311777552
0.112913370924318635
0.334389241181029473
0.154013734443495032
0.111327022785923796
0.006428562692852573
0.123380184080663730
0.117513234367021532
0.373018065070890470
0.093413873668222333
0.112729829957587180
0.064937211824637603
0.203187669394638448
0.180627082714287429
0.129260341720397076
0.129535456391069392
0.105293483481515904
0.076876872178043149
0.147291902859419871
0.318268860968321798
0.111563906948866087
0.202377030515079215
0.065435957932589953
0.075734818624921790
0.018441212651589899
0.006163970130090044
0.010316438805255639
0.063417437308598765
0.174356711871420655
0.016095797929760104
0.078540745683169710
0.012658910584339288
0.009363079462055092
0.023742267805356768
0.277562582904064881
0.068742337657364150
0.375947672937755994
0.117901228268322847
0.052923623063503962
0.026974133541666230
0.042143636688205387
0.112169495811428196
0.334406362701678339
0.129027764042597831
0.198216880046500010
0.089658235453340590
0.080016339142123916
0.043584153734419692
0.217714426324792293
0.091076045772728917
0.304332855703342620
0.085241584909517137
0.094719031243585980
0.095389850803303755
0.225799457915910634
0.064500820658187907
0.279897568706064304
0.109388408040049512
0.118942696349107924
0.071198325182669900
0.385893450045724784
0.098537110188397448
0.224785069181413055
0.375564168359020178
0.054940009345810878
0.022992125364525280
0.245853180425826212
0.115111460681126238
0.059040150740860012
0.292570561216856095
0.095708320768442351
0.020551473058244393
0.007827477285146153
0.022885850747226429
0.029647389044244840
0.073761808767145651
0.090245150642227767
0.030669798248673011
0.021936532258457399
0.009096779580969718
0.019137579227487753
0.046323260855016736
0.078555257554442356
0.033002243371428125
0.147110664026870508
0.018722083602971628
0.061258253836847597
0.025076886624130493
0.107275812080786598
0.074583225503732475
0.248180331808967897
0.052741436771651752
0.094321114370333928
0.018018863183130202
0.073866706904180776
0.031490862741153341
0.126231184509278005
0.049987288159237975
0.201404150946116328
0.029549798700414825
0.052635274297859566
0.037976695942494705
0.037231210767585760
0.016774806859292474
0.086605677584746923
0.125687050096347286
0.116097161035816784
0.079082442422964194
0.286030186285367971
0.057091990652637301
0.074415931055037465
0.188242609024022123
0.062757736037185582
0.040153252960252510
0.092740062664971923
0.043155656191921660
0.115886393426693129
0.236330323714318918
0.048408525374646683
0.050713695988065660
0.033826320588160305
0.097505980565253267
0.147760382492064218
0.258895004813710750
0.087300572317662015
0.035676945860841601
0.008717613893748012
0.016931545404991227
0.035287419887480159
0.045283235422525360
0.099321581635396020
0.026196586324184614
0.050335458043174283
0.021366651268358405
0.057834764211679747
0.023881534283351814
0.165577397094917700
0.084480277972172044
0.143396243536708823
0.061498310126307826
0.055941013149095518
0.036955036287166454
0.084111153432347319
0.073411471257316216
0.164590530659971312
0.063471483861927261
0.076505774264150089
0.058077114615609764
0.067001786592257861
0.063229206184360814
0.034621166371033352
0.026197771808452210
0.066361510162883608
0.081531591013712407
0.098853248602180671
0.072951019581455376
0.057118025578382005
0.038093755660172597
0.111220182569806481
0.091454536721724294
0.088900504276019310
0.049487904544692742
0.383304722866392000
0.060924013352012127
0.108987567231435406
0.124110504964344087
0.080336766241818375
0.058768658362139875
0.043198315626738266
0.113646359434557323
0.206766052172751957
0.362347244017814929
0.085059215808527128
0.013854886021440695
0.004849256031808417
0.012554085154867549
0.044075791459289908
0.123928485842501185
0.079129640025268122
0.028896210899030030
0.043765127486725820
0.014918753298978311
0.084115099985430181
0.126546055560862014
0.067271410382177266
0.078795113830556124
0.079611027729827685
0.021504989008520766
0.049193425146099298
0.051509966010668151
0.000000000000000000
0.019949374990765059
0.071444134545986790
0.066647903829240490
0.029943918295944949
0.136155118031064476
0.092128978072632220
0.023031920278068212
0.028063809731419063
0.018445097928001919
0.047546034000526649
0.159003386973438243
0.038690648981600177
0.029005830899448807
0.032190232827970552
0.011316421214162868
0.051214880081359673
0.077818671005030760
0.102750399626678007
0.058476461439092825
0.310805744763622271
0.085368573597299852
0.030371129055974409
0.119423942428099047
0.079897520002490091
0.021478400090566035
0.328003021358182489
0.211347091906321310
0.335740716184662835
0.320638039642503148
0.057010236585174776
0.036100062161793685
0.024673447659183480
0.055495940201894689
0.039288879648045873
0.016505013774423895
0.024953026746792971
0.039416398726408730
0.024587690722065129
0.008550567044242910
0.037653672656178611
0.061598870530330987
0.026063960940170133
0.046054533731712713
0.047046796237280523
0.019400530947905757
0.051190810638144887
0.066122854849384613
0.082200053905652187
0.061226924435132841
0.272432822019217147
0.181722760422284663
0.078721814117469133
0.051654659968847078
0.119707531691073066
0.109649040609438586
0.091951113232098092
0.051737923725827473
0.045239473789811697
0.103571059332032783
0.111038340088090950
0.104813544445318513
0.037243207146695087
0.002753314138815209
0.037430489181927845
0.058691170008772359
0.067059681063877261
0.060021553845946735
0.051753718113378457
0.023996160261255388
0.019124796487322630
0.108165027119240822
0.050509167737335568
0.034048501372633551
0.244571118121451547
0.174125344145210165
0.163708841661411614
0.262090074864956113
0.154809324945722249
0.045532893167245778
0.041076052072214694
0.081743927683605708
0.046127518886372010
0.231296734142102528
0.086792202937247570
0.072659554784004571
0.097112103430085792
0.027204502746192225
0.045223387756581197
0.110699804891522133
0.060036767943299429
0.051995942039377754
0.058929892598309733
0.039072027237542550
0.048574062290815304
0.069434561464470773
0.068222405732325311
0.060027789545824009
0.344092944613448082
0.268159081917435205
0.106865310283592169
0.049156577212451938
0.148174132919540680
0.058196030438580876
0.191096745857616462
0.128680306816816387
0.058320323216064202
0.122652794840577423
0.154472585429223264
0.062639385704573239
0.147968796901051886
0.102470414748220967
0.115164625945665955
0.216282128165358911
0.117464607038224672
0.078090148453779443
0.106578823626817559
0.068700207938776930
0.038868162484730504
0.065364894781537175
0.126995465760102372
0.117960152632239315
0.061098483211332419
0.063035942180322671
0.085706923798485379
0.238803664707135627
0.167776462741378363
0.051234104837106581
0.025243658406308558
0.020583403312181468
0.042807358751162504
0.166129176398348732
0.072858974508317201
0.049892387383504072
0.028811628666153111
0.039135488325925935
0.093142248131621211
0.144280047793929056
0.105195468401842684
0.045530143252030093
0.056271879124743719
0.084767731016910236
0.088885354836812272
0.030673658275537891
0.038668576996923124
0.060368324494404865
0.144357525905766393
0.245099065962319507
0.070593517714051646
0.123527985901432644
0.089742089642563014
0.014526875843050315
0.122829992495358892
0.141319863748249230
0.090239709465456494
0.172914093853949152
0.102568839680465568
0.023913549005277264
0.147271478481327212
0.103989402388376201
0.076987355692436171
0.171329787150995394
0.048663959816408170
0.064662648706247480
0.112563983965633857
0.041413970094899270
0.047529821367553148
0.114946298301430438
0.154355787976743541
0.066794198115321876
0.020566272843406393
0.056953645856371575
0.114218384928623018
0.172993656964913645
0.296677479580450210
0.134714114006173780
0.038866004533609014
0.071561763927884506
0.025263588265855782
0.195776785693424993
0.149855146600062217
0.094752275398102520
0.096476888553151036
0.163878759015104375
0.082283982184053278
0.179546973026137480
0.112687920415529524
0.031429732584315216
0.149526142047480715
0.227363327062389486
0.106468839475520882
0.176720601327298721
0.049371497350377852
0.041839424376035224
0.152308545710988702
0.237829295284292197
0.109569321548772858
0.130678670913720235
0.101186479159961040
0.071249121091593592
0.108082704998089349
0.146986135694594705
0.050423063077603025
0.146278347900804739
0.103005489552135926
0.078342467566121343
0.154871308207803260
0.106591914705666188
0.110699034152206444
0.192210010400158782
0.291661296480970833
0.125387191758411287
0.209518944536155383
0.124012736601746068
0.105220738187315713
0.182250026963089035
0.206851642782582251
0.085317113611831419
0.042962191007424259
0.051903380014445735
0.028294473523147505
0.037305292105503915
0.108581415428605721
0.400000000000000022
0.117426885626729302
0.288328884655527862
0.059647602326661484
0.023847632992699170
0.034943438610365536
0.400000000000000022
0.400000000000000022
0.400000000000000022
0.119008306517152093
0.200491676366246457
0.100847077843027100
0.400000000000000022
0.395755219414241521
0.400000000000000022
0.125341609483471200
0.270957654677043691
0.123998726097457837
0.400000000000000022
0.218327369079677841
0.293160896668113791
0.133045818015066153
0.288557306207149145
0.136864818769005192
0.400000000000000022
0.228831271994898694
0.358377953412497896
0.125247433222219678
0.318104987882808887
0.151616718879083678
0.400000000000000022
0.400000000000000022
0.400000000000000022
0.179493582091832665
0.169079821765930560
0.117435508596661201
0.400000000000000022
0.366355990336675652
0.325875798873894174
0.244488533933047869
0.248804167589117636
0.316511962138874225
0.400000000000000022
0.008666175372443435
0.022151058947794025
0.021207380960548351
0.059303308634691160
0.148558915457834007
0.291020818817184002
0.037120928293508687
0.069224779456581731
0.029780167468797147
0.129299015205459195
0.092190579618551954
0.345027297577260583
0.136362275004487249
0.247089915198451526
0.170224219419208955
0.352859295870465550
0.087099468969614069
0.392179618684202702
0.176033709078711575
0.243687755295828201
0.182096542074765888
0.345452246240487371
0.177079793211763759
0.356809943848927280
0.200758273789510805
0.305876174584862048
0.085417180784114061
0.273795382621109140
0.155818283678670705
0.400000000000000022
0.139827768686933696
0.252020106889341400
0.100208071133899138
0.302930981700630542
0.150318026321446835
0.400000000000000022
0.203269144667253293
0.318341990939245534
0.147716582079496561
0.181440292348475196
0.172888705895139716
0.359828711304818416
0.191830389635843090
0.256108734559254203
0.149909782639550099
0.084761519774946920
0.203288231355295612
0.387840739620040065
0.028742842219169083
0.053954242493855553
0.031487865093373459
0.112215730427601537
0.079818200597026934
0.072165628364400186
0.024373015413788491
0.069405139955180162
0.043189382128193593
0.071538100670020310
0.085001283641762751
0.181290763084425766
0.055478324245461209
0.027520062399969486
0.068637614416859172
0.216181956675626175
0.115595718672995076
0.221185773067587160
0.168391134253624647
0.108051532348671417
0.210250881435997405
0.357017294170240640
0.159007961928736952
0.135304084981662298
0.161963872995893043
0.213148620592280069
0.072469414143567029
0.251591485584922447
0.177490983587282464
0.149752929747394070
0.077965704882340989
0.232361377159635396
0.155427506652226849
0.291654544501401936
0.173945352459530633
0.220210370880033979
0.064132223082022113
0.067323358882924442
0.194603414625548587
0.274464186485134320
0.145568126167758050
0.137951850489282102
0.231520988205115297
0.235133731109377520
0.152735074755526778
0.165378329182290146
0.218496561845206716
0.095811683082741461
0.038999490205665163
0.040088855762493318
0.033528883485599119
0.104051200283696396
0.132726497748092920
0.125637578211575618
0.096861507166527222
0.124404477956691878
0.089037272095323028
0.185088285572601791
0.116047020577790982
0.111446793823447340
0.033168114342223248
0.049754856116173474
0.134472461702113466
0.185727485118358182
0.196835872049249155
0.062456093464136678
0.062047365738141833
0.055300545784455153
0.067305059323238992
0.308742858184049229
0.334524274871016991
0.087793769385550890
0.039935975197571930
0.046584108141100346
0.084617104954788067
0.361859156056716980
0.333702995164429472
0.100936092871433347
0.064393757010281813
0.124637220318709066
0.116303620015834469
0.238509906871001098
0.158217648778752967
0.130731118238368860
0.146673651955933321
0.105244985992830012
0.063235146829032390
0.235808414803040545
0.181004086145081622
0.099854910733781332
0.104597380831473713
0.064808788500115483
0.092836699259525965
0.097786870411524549
0.071046670004827603
0.057117446379261194
0.149642311065777522
0.084991275272479655
0.040632711633653083
0.125394621359986386
0.039802408823853351
0.069507460853190373
0.083032672833866825
0.141670636113340048
0.244835528879250142
0.400000000000000022
0.120708021863778284
0.116896466498755902
0.022998968427637576
0.043887607668120249
0.086445185947365916
0.332901298422333791
0.176339411683384961
0.074699714535390843
0.105233492087988767
0.019481546670786186
0.043649947717141035
0.171288914441509815
0.276570921428993144
0.097898425438784797
0.079233045993069864
0.076086373656682249
0.096901953043606173
0.178623325441534975
0.216999325486382566
0.198087538965515675
0.107811200805050328
0.193365430320695447
0.141853411083137315
0.122850718028195804
0.162646582124777506
0.107192664742083665
0.000960356375053907
0.006347712321707871
0.020267847118055717
0.179004039075384758
0.224240353222891986
0.033009238476224917
0.124553982510494571
0.080665091625732488
0.092314448967624557
0.082943804783905228
0.074575301681639880
0.006926099573374107
0.372736727398212175
0.261272861867889339
0.373399050576001867
0.400000000000000022
0.094455969921365776
0.055201941680271337
0.400000000000000022
0.400000000000000022
0.400000000000000022
0.400000000000000022
0.236198496885799969
0.118751770353381053
0.381052637451087195
0.205024784554450140
0.271544150551915109
0.348667407649266126
0.220531515309238757
0.074903182696298684
0.205594126830932533
0.055931815011929530
0.095053063759255499
0.242881069512779629
0.241194645009146280
0.126611695792264445
0.400000000000000022
0.312623513679730070
0.159979509670561848
0.162055656820844496
0.202331091345102410
0.199647126797670965
0.400000000000000022
0.360501206411035002
0.123465745723256221
0.146942155948753261
0.223990627967260159
0.141206446670989028
0.053138746537755480
0.019769935196159723
0.058598982532554834
0.130417731231316614
0.218319996293301233
0.144383330646906810
0.224787845162616406
0.094658434720358495
0.060344973558697113
0.147682202838540388
0.107916033994592153
0.057942554134233264
0.308813934107329158
0.209395592862460317
0.263767832258026136
0.372503790461250428
0.189932847427624563
0.101210730003090166
0.078044885566697475
0.261952299760167540
0.363084781490348729
0.396838087795060135
0.253358169977505709
0.124631136229731820
0.097823463079338868
0.066966879986381886
0.169484151984373832
0.170638991732993239
0.145590632367726514
0.077544325319396909
0.077521166641542294
0.053686419218528916
0.095557005977870535
0.167097071788143425
0.174172910520807078
0.191860542963834146
0.390990931317234947
0.400000000000000022
0.185520473365971439
0.150796480775766767
0.285991737953014025
0.156824635293332737
0.400000000000000022
0.266449775878452699
0.124752188033391068
0.215108723417616748
0.260624220764023196
0.117464887275430779
0.155057037111671570
0.144833830096591010
0.167709280896633339
0.332918010456510038
0.249036587948675614
0.095541625566958110
0.141252836937589443
0.086424587269815237
0.096842283975767843
0.207456529533142114
0.237048416088888547
0.142487483414191485
0.090351980816584049
0.082018137551476827
0.142008988587027235
0.333070197202243956
0.198207544756771242
0.128881683075430742
0.035642025302610257
0.073809192577148797
0.121709353269221748
0.276331192757318489
0.230593419712900732
0.102835007280874219
0.035150293110179642
0.068649869842859951
0.124879924788217855
0.195093654296214447
0.165575842808769635
0.085767068541745123
0.094947959349229505
0.116502541108747512
0.106290254226093062
0.094890118246050120
0.138642891260109147
0.101014906828474971
0.183771185503754819
0.291471138434256427
0.158621202047753346
0.226509693990289501
0.221373386134067263
0.079705345424076798
0.126045813806539009
0.219974059711714354
0.217391738858989630
0.221165231910888799
0.185407246757941568
0.060115957547071698
0.236883959442517611
0.124880739259061915
0.119577809275105321
0.257982799606019775
0.139762180793092439
0.122456569835503098
0.175183963865203879
0.053376565290450345
0.116397703136986178
0.284803930172474240
0.226405764996459563
0.108062108995294004
0.028545558549194480
0.079348685151399367
0.147221362774848957
0.261159099437621556
0.400000000000000022
0.218890034834439556
0.088756956428485370
0.123506430734537667
0.059125074375897500
0.328298979477856467
0.396212418058744520
0.116448591909075402
0.123561163577335528
0.234872834663733987
0.144900026155712652
0.234968138041151270
0.235507279334590508
0.093102224057802399
0.262269571173126159
0.355429842997039280
0.198962110178418528
0.279645148870102722
0.229192041426541204
0.075237774101546362
0.236352830950393555
0.315169854426145313
0.222974669939188685
0.221568360208201087
0.290064027496618970
0.128582142221943946
0.126286414772808470
0.186121635939624108
0.166576233400193396
0.313375325070616884
0.222267633010124033
0.119561811613149799
0.230991714723704333
0.150748986533255969
0.214820807839177980
0.386934305952996715
0.345267483695513189
0.182165833361546237
0.297556659763468234
0.175113113583729496
0.155981127618879195
0.385564872701102290
0.260961772100181399
0.130323022888515216
0.069155792289304463
0.084713483698670031
0.054918779516342969
0.085937232136752181
0.400000000000000022
0.400000000000000022
0.219449892431081262
0.316615129478116986
0.081067883412323877
0.047051486215148583
0.354739827305470268
0.400000000000000022
0.400000000000000022
0.400000000000000022
0.224637381830181088
0.203986300616319283
0.135616365815142192
0.400000000000000022
0.400000000000000022
0.400000000000000022
0.318324261256575924
0.311782517491348499
0.172027641093645545
0.400000000000000022
0.395475848744408109
0.352235447566065729
0.374694911655594098
0.390246423742457882
0.248191841554928960
0.400000000000000022
0.352211456075562368
0.396769704165080728
0.400000000000000022
0.382135654604494113
0.264346548836670858
0.400000000000000022
0.400000000000000022
0.400000000000000022
0.291770287647616755
0.298615278156999953
0.222728992078177146
0.400000000000000022
0.400000000000000022
0.400000000000000022
0.310113432661176691
0.393840820630782962
0.342847528766935583
0.400000000000000022
0.027107388024033327
0.028315029077884066
0.031523819765803991
0.122720745943289938
0.322915627329254717
0.307116616746944016
0.115661673976678384
0.081883690040921026
0.039143246930852235
0.153041283010815959
0.366011471180996251
0.381149914787233035
0.400000000000000022
0.345217896444504291
0.223147842482712938
0.367280984382414355
0.129243105657819463
0.400000000000000022
0.400000000000000022
0.347058523309585643
0.293907448188559905
0.389893122795030744
0.257096132353887619
0.374260913447404198
0.388654971510352887
0.349174561123094418
0.330209631034687090
0.352362706504746603
0.250537314922256671
0.400000000000000022
0.363477697714881920
0.310962478259017183
0.320719097668642650
0.382489963336058669
0.269260722670554786
0.400000000000000022
0.400000000000000022
0.352281696206405703
0.311893874098494284
0.400000000000000022
0.227828715240950636
0.369087856546568172
0.397177790753415749
0.331934153652954422
0.208949933380410097
0.374362199423296960
0.298996552123737991
0.396083299921559884
0.036570319504315246
0.076840093241081986
0.061135254137618306
0.185977539194747160
0.170063351239254701
0.102835426613073211
0.046309547672245890
0.078501919536149878
0.062326961355681346
0.117861361525037026
0.163556541196205107
0.214293006455853891
0.202588988272331683
0.046242146002941117
0.129895868253706803
0.241258843299756665
0.222871530753781660
0.295768998571319663
0.391187608515215834
0.160792969120323148
0.275205283990080929
0.366912197673657570
0.232874668832917686
0.166794947722815640
0.288195057505171104
0.263135908751518044
0.273359397190689968
0.281141284285337356
0.230126257885142044
0.187729625689888741
0.115196915649926734
0.249136184018927898
0.242033184236973786
0.384712759554323269
0.290042513495347376
0.299292813302998173
0.350162409367390071
0.124415349535561728
0.267090726060907668
0.400000000000000022
0.208325862204943646
0.178105103449534619
0.324261050870087220
0.278289387301299207
0.265961342646972854
0.383551065072526343
0.266905087219853399
0.146525379070807149
0.072825810793825468
0.137594836327746606
0.181289265977663316
0.362946205097407160
0.220027070065754948
0.161314524072417226
0.105579121060275241
0.141336023361683105
0.124324691982803173
0.230371520995127144
0.215368602213186988
0.137643380147631944
0.083503572385397518
0.071121507384531879
0.192307225913793206
0.209609019401710006
0.344640929976923194
0.146936371436308721
0.205443609274850614
0.116798855910762972
0.123246072472334531
0.344713155535658844
0.369601347138284964
0.161205240642867120
0.204526505857543256
0.110055592003027586
0.161122879218938170
0.386870997279449180
0.359537989811377301
0.164165299055794134
0.099014923381315151
0.150834992127161310
0.182665130178718049
0.320041497884713477
0.257070897380933638
0.203682137819824194
0.203791677534315291
0.143338741653002616
0.174455329398838899
0.327262951524764867
0.269904590421100932
0.149342815278474067
0.400000000000000022
0.125732801852127596
0.201824266490961385
0.221897375375868650
0.151383436246645964
0.115886104741401069
0.192840626692515754
0.198637634707036936
0.247398763806405020
0.400000000000000022
0.124861624632380472
0.083362346874631080
0.087881928865675252
0.154224721268207604
0.288911320338540056
0.400000000000000022
0.199837661889046447
0.145792677397785952
0.066764095914363386
0.058806360967098570
0.170560285932796096
0.386688262209138323
0.243610822065562255
0.153494828365946967
0.184844519817816466
0.040986535679306955
0.092843372863240334
0.222798880452177994
0.276570921428993144
0.117847800429549870
0.150677180539056654
0.142734277485922767
0.126845871339551108
0.314778443472599423
0.309128303559014772
0.221119459243583893
0.135875010536469387
0.211810528248697311
0.189399445083663964
0.281854105001634048
0.201337231106377690
0.136198495641532469
0.033150589203024466
0.017664133535870739
0.071482727199415397
0.256822710080415517
0.324592682522860110
0.091485699915317742
0.396661833738806369
0.166033665223032340
0.122685578023598973
0.202367747212004234
0.154472821684129985
0.028404499663940139
0.137997923019203189
0.164233327505328514
0.207411676967561798
0.346216105631184767
0.289018453160384159
0.182211121783388941
0.126302915466950522
0.192464970994190882
0.229782222688222487
0.341030552084011618
0.305271158839974965
0.193702997862668397
0.271163306402360749
0.230106266998742981
0.341903888599211059
0.366855720475229241
0.196552050838865955
0.189972502895511541
0.327771328830551656
0.277176238578855705
0.301287737546775958
0.315829771716175878
0.185659134514275487
0.170278154929680542
0.343248423620938659
0.436736012459496670
0.328806194769807270
0.331577609767930270
0.210145179601626125
0.208581491549551662
0.284986515557033138
0.364667065953326708
0.338659067500577671
0.351584613531259138
0.192637492514252079
0.207237061742849921
0.314378500450272103
0.255984816498561862
0.313800882388588664
0.373753598627545314
0.199693907591393716
0.183086342255602774
0.395969679778498451
0.295332661338642999
0.230942320218536529
0.348076790567400374
0.182226667407597714
0.169375880814838758
0.115393886075141963
0.093812729578162057
0.154110733558619428
0.313122292927970114
0.283164434868831361
0.216102806328989955
0.124469319831986031
0.140316051657607577
0.128011457506057774
0.289203733908332650
0.324583523710546273
0.247927079781025267
0.283604984792831971
0.171779527927482273
0.095362769724430502
0.304139401685900201
0.285079449899503012
0.245042201534008686
0.329547183003387367
0.196541078042387435
0.122461040916081981
0.241037067021708351
0.292178207418786751
0.224242864947161114
0.287198473214744843
0.242629907594272359
0.172542601952678482
0.249191655902216702
0.338617888289709623
0.257307243825317500
0.249620011592615210
0.210580124019695725
0.171544751327767531
0.295721418225188937
0.308743056230668278
0.260172872537482391
0.286602722201208304
0.161316232218816330
0.129554130399642836
0.368166767857133037
0.328824729034021268
0.242606231005517065
0.320348856573727025
0.175187310249225625
0.113373628840786306
0.265295196879428263
0.314723638993926913
0.210377382545982372
0.169649142253908397
0.172569792574264386
0.194592185304524518
0.317080199721700762
0.271083634786763061
0.176513767479690692
0.167807846153369133
0.284912905013255557
0.218680376382108022
0.292146957368550675
0.266736119908126068
0.189687772525269971
0.267959015201630346
0.238016400827647495
0.249527528373267443
0.273885319469007626
0.191747352274882377
0.199530388336212589
0.275662828771784940
0.227295952032005227
0.333367820677656135
0.338357325015649635
0.218025735121258085
0.186622382931384861
0.361455685068217347
0.393399105083367340
0.355072797264063600
0.357584990133635816
0.235452677120707110
0.218634563117909742
0.299819860926084258
0.365794120802961031
0.319098654015900263
0.368293903446441639
0.200190656720797000
0.215151086593967228
0.296225107153894662
0.243096436875676586
0.265628747210363614
0.370520787796612516
0.203392663907819321
0.188400311154390987
0.379655693008780937
0.303697955665733321
0.286034905303724385
0.333569008875307216
0.183782917818058472
0.169603468394683071
0.150859436537158859
0.115329627846778277
0.161933376907411275
0.293769146169848949
0.263301737510658496
0.203574541806815223
0.148042472930820762
0.189168036742690671
0.185505758728620213
0.273233417759028929
0.260280488558753187
0.225455478274040028
0.263936208786780757
0.169521647572776879
0.099485563959612805
0.216359188186938056
0.203877862226003154
0.241356832034571089
0.294227966953403919
0.169865096723701203
0.095906999476972787
0.271462241065434651
0.313124914845824498
0.246899741779475240
0.363743001275208533
0.255499962803547143
0.155260913773292125
0.277100769325105245
0.365268992252817948
0.276940392567882776
0.258559092634278953
0.223712995443631851
0.172259801595544243
0.275879034444414639
0.323416272968007290
0.266677401280132786
0.260328814225021965
0.151899148302631321
0.119228261013320486
0.311648828282374946
0.325980533956292839
0.245353548589916454
0.335967216439648719
0.166221966372853053
0.118090819689536289
0.328582853264541619
0.302624996833951276
0.211368876281838675
