0.013711781960179855
0.095653067161815292
0.126740107270932489
0.070580990516220798
0.033040499636540183
0.042304981172835050
0.024608524969226764
0.341146497925418735
0.400000000000000022
0.371450047107426129
0.011071494756970997
0.018539688066048429
0.014321960714259119
0.069155278095449232
0.121387671866156288
0.077832484275204741
0.020162602607590945
0.027026143392824515
0.013884893187101581
0.029987894931970908
0.032365093274428429
0.083004864789889790
0.165400946708589569
0.284180417278655173
0.016717257993634889
0.027514307019313101
0.047623397835900791
0.063375455529201000
0.032668882830929696
0.245053696511485952
0.011871883849054306
0.012002921989870349
0.043886943163389619
0.089376756379193428
0.024320616532592251
0.049756845786872672
0.098418797173260048
0.058078859177652854
0.005167851515469952
0.043597131847834175
0.313886926296549129
0.272229354362461595
0.078426640844904888
0.093974356904379580
0.106236223901741672
0.311121267615230734
0.384820587896011701
0.235413999269879132
0.051094736992874840
0.035914020026753188
0.031004239791171485
0.010993528264507313
0.028535787948857624
0.064805553869896990
0.072421788376791210
0.327591297266761616
0.136867828829101590
0.011445371384426967
0.025435423930845802
0.086425745525302411
0.036149178146846699
0.071132877692975160
0.078914427951612146
0.007063304404490084
0.029716040068307231
0.020819692511066128
0.026761657529770756
0.032330930951270348
0.055453242326196125
0.076982651294942028
0.149901772623376062
0.078417524841447914
0.010374675364279334
0.047133193055034217
0.034600202580356156
0.079350992890474259
0.051191119585909509
0.057327490402489162
0.022240996132751469
0.044170044363413583
0.038947153604894161
0.080698007011236444
0.033671226504331797
0.025330210957909573
0.160842197626016203
0.169348502682988511
0.022006021106574510
0.118470426669959272
0.319324456209505836
0.095878505842953460
0.154507007066074287
0.111429467541926619
0.035827698729174857
0.400000000000000022
0.400000000000000022
0.042493455548239009
0.058438089958376335
0.053045389870957374
0.022098883821210009
0.036226093238112586
0.034318254245553993
0.162702220035160300
0.059685156005736623
0.314549167726968615
0.063275021304243784
0.001801010458045464
0.037220181317799195
0.103588916926153310
0.035863137211189278
0.055859507170727289
0.040060537060121339
0.003542013768214807
0.025317875136789774
0.048556570183699771
0.013677284302760771
0.021154300295651886
0.072903028863130923
0.034211403584200550
0.047965704163856232
0.079900503610671511
0.040515146115387562
0.064541146558911716
0.033823832538095268
0.114785775797635894
0.039375173323266566
0.067442441384789803
0.042917297044200178
0.218359770305349310
0.143829872535294889
0.228537886157545389
0.083303405385320453
0.150485394866001376
0.179772582633197398
0.244264787482756596
0.099897261288032571
0.015882439008818895
0.162530725958432626
0.119923211911467126
0.306050668010398264
0.057124007100164798
0.005459268709461590
0.152314914704800158
0.161708751934580452
0.028706106051792912
0.039376101524179349
0.108975558268509590
0.016351706259004957
0.023855442814010638
0.067862298866146448
0.168785824855548494
0.013701813899561136
0.060730285106741402
0.006288531113580216
0.000915990658153626
0.026439852792077546
0.245296853696143680
0.003334665195991113
0.008530174780142301
0.029840795203422893
0.029830556793561020
0.010985400172357612
0.092698020786268015
0.006860169056284350
0.024266423390124442
0.294959415874519737
0.256057373196577454
0.026224594624042981
0.020236107391868839
0.014951642193382783
0.023648615479819585
0.261833364483497699
0.259139868923394578
0.081528912822644684
0.099900905402770163
0.016993470968450580
0.093252594867618693
0.368124961362698899
0.271243641963903881
0.042226248735935064
0.152836522995401680
0.058981696539531281
0.129212537133075428
0.071369163831028426
0.020493788037954330
0.055888632137991702
0.201444513481557036
0.089613933856004954
0.055900441743046689
0.035979313084421982
0.153791786792718349
0.098261246627957960
0.048911741943992407
0.400000000000000022
0.117314644799919848
0.172643955011542977
0.040580457587577029
0.100114766421063206
0.278775247643229862
0.400000000000000022
0.087132671149401722
0.004676120300363385
0.004250424100311820
0.043747688184769658
0.281299730910203993
0.400000000000000022
0.017070606511611720
0.081277187969638551
0.175400955512345247
0.033709979752816054
0.333748934139827536
0.400000000000000022
0.043595285949392500
0.393442688588081846
0.400000000000000022
0.011108424417181632
0.088614680060151413
0.400000000000000022
0.041835932529071265
0.400000000000000022
0.400000000000000022
0.125902772252153877
0.037142337834880870
0.400000000000000022
0.065664005364028111
0.400000000000000022
0.382189705393353174
0.113233802340130335
0.203869958223612230
0.400000000000000022
0.034295720377404942
0.400000000000000022
0.167804045648495603
0.039434088848926095
0.224545338112906612
0.400000000000000022
0.026464116638401494
0.327154427746393917
0.280285019260522572
0.075143889311335185
0.060451589944216899
0.302077568564092402
0.079408267880076461
0.169929976114172571
0.042800328692069026
0.051221279011153420
0.207587402754739553
0.287197941867184559
0.259538584225019298
0.004524190072594894
0.005277592749337778
0.058742833998661335
0.256840103165535072
0.365829187767543917
0.115729806612255084
0.042473826150267312
0.081491872208001845
0.021305697721753326
0.180230527103537264
0.400000000000000022
0.006019930289805150
0.076306389170928385
0.093999056267008066
0.009696065980965691
0.067691774970418062
0.400000000000000022
0.017730684740835806
0.400000000000000022
0.263884481036334551
0.062510788469167439
0.015812808977208045
0.400000000000000022
0.076108054649899406
0.199420863919140656
0.087927856567140805
0.060518084105299082
0.092699643390923320
0.259921997538645755
0.016259480491525501
0.369602209021225869
0.066789269282458305
0.043759273247928256
0.109013866712833044
0.094755463545557819
0.011084007948922999
0.383231368581954834
0.102816384137315586
0.009839014162564550
0.021580073677675490
0.033736721293277511
0.088796733288076093
0.171860175130321535
0.166793609041370083
0.060410672850862442
0.093098550598197383
0.217357238699625588
0.263393847984079887
0.020254054170130757
0.025744586267188684
0.070099705425092904
0.274409171406177321
0.061198483915192517
0.105273514058652193
0.064841787829824513
0.168611521660504388
0.002708995981409069
0.170279917446218926
0.018362179676120739
0.008626465663244350
0.028006947638014902
0.138864827703089916
0.091434003159121188
0.065786725704502530
0.003699507240133474
0.010037852901604295
0.089419184820504510
0.158803735762435200
0.110542456709049164
0.052814918550036609
0.038180857916564261
0.023336494153721424
0.053785692723170034
0.056969303059445690
0.024567560223289195
0.035658705311775916
0.069910581053037102
0.015756088562095476
0.084795649297339210
0.041131871608508938
0.105553977778111097
0.106328502831269239
0.004261597825751612
0.014087897351268548
0.369842184120246942
0.236815212832464039
0.043274940225473402
0.039185190823206928
0.024843380815403465
0.054665151101500636
0.085811401732411807
0.184465980480792879
0.078945412851310681
0.103625088742398522
0.107853398005037349
0.358851756637777020
0.041394299001708150
0.074651781780655416
0.080212483721039535
0.111785933767658482
0.060287847454342347
0.390268433893948163
0.171579356898981739
0.248082333568483082
0.172405928455752311
0.052556411118415088
0.012915807109661503
0.017965822653266982
0.022942753313807317
0.098030727025269743
0.223933225886019216
0.298525527854250405
0.028205929129947009
0.023980042333809806
0.068427590765066895
0.112031477816409986
0.131628649993919239
0.313229800398045599
0.013572478065216787
0.024625753966710979
0.083947156102550796
0.102438459079429681
0.080401946864336230
0.050628931280679093
0.022723368646500319
0.017398333881572817
0.028132230356782771
0.017950291722846696
0.183952248369675164
0.096893154100921336
0.026278963012682694
0.021265979491314285
0.144909381223824352
0.121346351645118478
0.071398213343070588
0.330284654538547884
0.034225660424247149
0.043426212919985531
0.059635098811220921
0.067227870703757561
0.044441718274998959
0.046243644418238736
0.014938480514910920
0.146554221478911173
0.139307587111992981
0.052022475210708720
0.067708417438871321
0.112826343146712887
0.025336296956706368
0.373890246696367501
0.400000000000000022
0.210734771913273333
0.069934925322998276
0.074912469164488918
0.021595060905003620
0.032594430777230073
0.044949399512025340
0.060286420071092930
0.269082687618348970
0.260186567650551592
0.039156779086722993
0.031980182994907166
0.060466965741431358
0.091025326876573179
0.260724901124807396
0.368644562603368975
0.067641821487769566
0.074807600171945821
0.030565079960429162
0.063799622299383879
0.158620490579816198
0.037943300872338090
0.022258331468858049
0.032889879750224782
0.004295416984222250
0.028967163712917375
0.192475414908178766
0.074479117307843040
0.007039065282584772
0.041653497272524827
0.056613252258804314
0.140069877897253170
0.099943150332748781
0.219662190609693692
0.025190794124358727
0.029586665910240367
0.157203910930074076
0.082250669950356667
0.029810509253940604
0.007559220345337870
0.010054662869095825
0.059306974013217655
0.129261826372366606
0.079453944890837999
0.070788887517956561
0.028155314298899246
0.012450059486931654
0.197563791459942018
0.400000000000000022
0.247725255404542433
0.081628950913835929
0.013267883183494545
0.072192056973310242
0.062334908734380648
0.066905397468882397
0.039446876419443243
0.166849824710236350
0.143549233672255694
0.050768145509760783
0.057111736697956821
0.024919758302353004
0.038813131360121232
0.233502021885194644
0.400000000000000022
0.048709994569795842
0.061714154849424621
0.062957484426469770
0.231096134504536699
0.206997319427556808
0.028854760509270293
0.035975772982802905
0.011520295514715232
0.007966387811836539
0.085384281325044650
0.108497608355978131
0.103479742957644436
0.063042607842141246
0.055929108481669612
0.072914941880249842
0.296914259243052536
0.283726221450211979
0.348280559118752775
0.026666032847026559
0.013578378958426254
0.032612530135381367
0.058583412152834538
0.018831051992803410
0.113757072260117054
0.034781874576922403
0.038368309297382747
0.031840480316954606
0.038645150420912766
0.028917262006615783
0.028652952096457844
0.035911527095545778
0.057746651639906520
0.041089025519912115
0.067938279654699785
0.003847886356157149
0.028691505925429059
0.040210492496789735
0.065230955903108762
0.027373999576228575
0.051491279558192722
0.001991402141346146
0.012165084180928182
0.067559507318499690
0.102965865941028203
0.078491113807188484
0.117075644083905125
0.049201166877962839
0.095268313898118170
0.199083007707683890
0.303336551470843152
0.101817829967826776
0.383861247156973784
0.345686380177827990
0.116873185987482531
0.067770442324227437
0.055100611798152767
0.015684502426848383
0.200277164479441078
0.131776322257308648
0.081165927307812774
0.083777677839447506
0.071553823249378090
0.005726798427335694
0.280058289731077603
0.235817706974298602
0.026409219220819801
0.033225891525386728
0.136272951002575277
0.069141896056624269
0.175725346187943110
0.046645917776351062
0.106487950887923330
0.018368290881748225
0.171415461669386066
0.062194248939920156
0.023487878863657170
0.032973220732803427
0.056337781050075766
0.060016204178532179
0.083289592676050739
0.033025097000314550
0.097664108942930358
0.053999389988176785
0.030498643152954905
0.083133463105306185
0.094342218183703447
0.033363388103258868
0.070240162306674653
0.051793905456005949
0.020374836896128019
0.065954492898275707
0.047335222615479455
0.063654699151825950
0.196225907392435228
0.110888902017125729
0.035098327972877166
0.122677884103479157
0.143128322870903824
0.031899094367031255
0.150654209024959351
0.201443460575746969
0.072397446901115339
0.149637945867028610
0.123525738311017846
0.020936700403308032
0.061579252207310135
0.086912273666162318
0.061783538123298454
0.048690744218850071
0.050841110342909925
0.051011676516903803
0.049462544443198975
0.050772203947448330
0.042086209234575803
0.065171371573763709
0.259175804651945119
0.153524998090831311
0.070106088820837756
0.057965170370274668
0.127982804843004422
0.067758123839040341
0.074719654888023262
0.014482552851605221
0.032074323972727123
0.060621552605815282
0.083063980493748885
0.114077911421710448
0.040715237474754057
0.016232370651282094
0.242438509678884195
0.257270935637685549
0.068810053087645734
0.046393346017183826
0.100684972474237480
0.046334247436626140
0.143332647253619966
0.059657536755661343
0.003782508448632864
0.084589763144532870
0.075751932054980584
0.070510051149255515
0.065390069306833609
0.019506712370965081
0.006567527477923778
0.095123648006674083
0.162076554026288178
0.089232886576990716
0.115715882797668770
0.117144050696169150
0.096639382120754500
0.091630399557247499
0.111432912626578146
0.075075953149746091
0.088993926510504404
0.101027477659047349
0.112682093365409700
0.051936868572698178
0.095587031302142050
0.098767220439257022
0.006692983889866838
0.013167370565936845
0.044816204417538842
0.069794087193961782
0.291531815998221366
0.294850354722294650
0.149668818164230721
0.158650514489417832
0.081018316835331311
0.025498721233799662
0.095146930963734125
0.062951821720314827
0.013258341370481434
0.039864319746676632
0.047370083788668374
0.110892116465222290
0.086905539294509893
0.040797098989541737
0.118736791167308495
0.149605070188299299
0.044584983033104958
0.078146385246403799
0.157480536912097069
0.070690863475730656
0.132888761400889871
0.042777806372109900
0.003576567308896070
0.078522588737103827
0.088599381093515700
0.071866093023235059
0.057841829749777168
0.124798146533417392
0.064736672658987443
0.127773370648312734
0.076320778114950694
0.070501096627755486
0.091495450341594425
0.151502726663098997
0.174587765346142676
0.018146463210711224
0.042219968763645310
0.162432043990951930
0.164687491917194451
0.054082232600116770
0.068023084995868149
0.175002286139095076
0.080221129199342295
0.093760836456663374
0.056654358285837016
0.101397577264076472
0.075104458413088243
0.046250342560853933
0.232123493879437370
0.193674520873468009
0.076752936193500029
0.129113966338900876
0.107464717737956669
0.024866724361124755
0.008837177496325729
0.016253297353766856
0.009618320720391888
0.072317866742402884
0.026765315946342301
0.021782253246189140
0.023975688031632133
0.013778778525747151
0.118532317371146903
0.296509742095318773
0.061080378992592027
0.022326139590418313
0.093030782406537019
0.022053234844219411
0.107712709250174121
0.198833738313603958
0.015649312633605118
0.027604543986962955
0.032756687896982072
0.055004168324123096
0.058058913396425632
0.199874827007213929
0.159597050540153801
0.008566406442630785
0.018109868091715064
0.079572732769862223
0.078919088360097589
0.207913834075429210
0.306966035690231176
0.005501759115792816
0.003487076001100410
0.219353907395364367
0.276862987746456513
0.048968194653834507
0.047651815883747617
0.046929210350502758
0.056242420244693302
0.070196432640058315
0.031762944517040412
0.012330361075042049
0.051023417695794562
0.013262686609646102
0.015955484584114787
0.054850346978419062
0.042536858919811051
0.084130275644586111
0.086616493680078427
0.063560807965721638
0.086486689134357572
0.056881979510453019
0.151875666127654768
0.255394982410521776
0.087197583615935187
0.019851678030431266
0.042029321859740489
0.023456525502847072
0.233401363677441270
0.395840917040086171
0.038953141132955081
0.043872444869014142
0.045350819710765169
0.026079064564793784
0.077805144365021728
0.222851479860120605
0.030412974668491084
0.011974188242507290
0.038266334679542560
0.053027628952040495
0.177981571545989786
0.259999281945097582
0.055261531664448679
0.032152181233189490
0.056409237618701091
0.101438439766732336
0.140362551878457475
0.118444707696274992
0.169738648368532530
0.000677836442388747
0.046547990755120630
0.082822518239065557
0.299969668918495525
0.106431053162514194
0.060431791946699454
0.064549915993915880
0.065430253125887627
0.095302863916699079
0.178739512711012405
0.068646651429374622
0.193931385123910283
0.041699142046874915
0.125718181644406013
0.122030020429912137
0.049372691012908393
0.099992225465474677
0.056080940541467617
0.099375182813627477
0.324946302183191982
0.210205993188633422
0.381645908308716919
0.357654434042951608
0.035259462764413829
0.030877042196379011
0.100223609241081188
0.021979767489974034
0.323231921255696109
0.391382888164089615
0.060373160079056395
0.004191353540301057
0.059727516353437315
0.040215717732546660
0.088257531145576829
0.383505175607947946
0.377659120494671874
0.013958062250111270
0.043670503000895172
0.038026556532097494
0.078099064460891654
0.382498865245144426
0.242141115174804605
0.003588416786572774
0.022565876474021761
0.032373603673883061
0.029684544328641080
0.042290801629147765
0.041748770730494059
0.033542829127979679
0.027253728486742675
0.043111013980089458
0.197579486056395942
0.031155794785998760
0.220281412874084315
0.078833759260957592
0.054904245255467374
0.025958963617117546
0.116097582402322416
0.192015495850225981
0.400000000000000022
0.037246534132957226
0.213521280563421290
0.176446104281514748
0.045221469638950969
0.111948055789956841
0.071993703030259454
0.070933864329527155
0.327434044753466269
0.400000000000000022
0.400000000000000022
0.107754215121860744
0.055550850370985352
0.016315736072288787
0.034426496316621515
0.242355421918135527
0.310914504713745821
0.067394204185597217
0.050231704202265109
0.006173200063784893
0.018882561996270086
0.044857205836332792
0.091772895682634428
0.400000000000000022
0.400000000000000022
0.020064156226961460
0.051805658135932443
0.065979919414117891
0.025235220605490542
0.175524676809981572
0.349053331483089868
0.012000301131531887
0.034614311905003539
0.026622343216438971
0.042133747750968953
0.045830375987908178
0.011524512510851050
0.114262597323911808
0.064590307152959311
0.022992718424354023
0.079770284489815907
0.154574296882501516
0.222207127863323362
0.069971616249416349
0.076445185600883592
0.087472892137236899
0.213901146129012842
0.400000000000000022
0.385314159895064678
0.038902576084538579
0.125239733072055659
0.283944018201006565
0.152831660466577479
0.062851008890480786
0.049864201518172925
0.034663187838322583
0.364013745270923339
0.400000000000000022
0.383445435196329454
0.081860382274927562
0.046695002364947669
0.026772020201190773
0.258507845563442418
0.400000000000000022
0.324046306669160067
0.101791553521426881
0.040294026576319059
0.086076950160411822
0.092322803666351566
0.099270490743310832
0.122451741209333012
0.332250771418825974
0.380202035160414287
0.067485403503395672
0.084626043717269950
0.072543156138253781
0.102188586889322239
0.266170904716124312
0.400000000000000022
0.060581878418850155
0.073717076839294959
0.106844427589859403
0.320472890883730155
0.231317935960149046
0.078611606296142972
0.134394570156062931
0.069599154692368076
0.013134239327306490
0.128981413172878812
0.348614538062316681
0.326182880454007118
0.141469248687046134
0.149903465386049206
0.179151165781991528
0.400000000000000022
0.400000000000000022
0.400000000000000022
0.077760769839901406
0.049492398985179438
0.063616769926552852
0.069576940417341845
0.047366839941661028
0.178562626130014057
0.107203662953713627
0.344157840289549655
0.168708309146056168
0.050090521805339738
0.054352685937461585
0.115078697621760248
0.072060705242392470
0.128879529332881687
0.120003453471524274
0.075001584059189857
0.033563926424464374
0.049511198436495187
0.066972150026560498
0.097561886854379096
0.082827241902424700
0.128473930853134743
0.151893174764722194
0.090582609022376095
0.077934182682779019
0.150099058996062462
0.113091316387544633
0.196426636974379398
0.100392286463872341
0.152595804300607318
0.221324003840435352
0.316917232695991480
0.140764983572720936
0.400000000000000022
0.372874526525824534
0.142203396945392108
0.228612639950243668
0.224449114481141299
0.037690523533422893
0.310010712717949333
0.361503053771378591
0.177044433150766262
0.238284684905521765
0.182983290791304709
0.041554497156510550
0.400000000000000022
0.400000000000000022
0.068902674769058814
0.091663981483763063
0.189318340873532664
0.091240779877834285
0.211951439426055710
0.080964172021905062
0.269190170923083616
0.078053446887484848
0.379722374050041278
0.125469270244163933
0.025288889321702635
0.070193402050602607
0.159926697976229076
0.095879341389721456
0.139149099846778035
0.073085634060435889
0.101206122711145138
0.079317265124966549
0.079055213336654676
0.096810747408066958
0.115496518479355340
0.106266416966389804
0.104451565890875203
0.099759609619862175
0.100275340506799551
0.106469639013663270
0.111876369174391158
0.097478531689921211
0.311011683190071109
0.150264075340392295
0.102540769357666983
0.165595181147679321
0.311144433537852705
0.175728966902326145
0.379096769016781410
0.284746865961067408
0.222882841767116757
0.329410528500225952
0.306052758508553513
0.120833961691340613
0.077461691216129031
0.249442999624594958
0.181706750034765607
0.351699050308235894
0.107965117443074743
0.056470945226365393
0.201777459147999105
0.212480955882028755
0.070792315286368715
0.104547473097943044
0.334074836402402209
0.169876704349836261
0.093961531634848383
0.125827469236421102
0.288615306296214291
0.081459937738601482
0.135449939994764679
0.020771083965185434
0.032990314630880736
0.087061405397892838
0.302681857233673690
0.117412576617701561
0.049245412254896363
0.046073165854704987
0.272269066472445198
0.263883633985154353
0.161508073873913749
0.053253515073468177
0.124951395864361908
0.322125442787131455
0.366970328337230645
0.085882131379704324
0.024018615840501703
0.099541405337915639
0.099400547534800182
0.323257821526347966
0.324529938230228132
0.101035625193609771
0.106468432880693922
0.112117118975124663
0.255329148893906899
0.395585444443071643
0.381905376998491253
0.159370299432104207
0.249475905116156221
0.150612096096778780
0.240645449759653574
0.146445116980774531
0.109487714548458737
0.156916109797039072
0.305500240377257648
0.141550802428703132
0.151487473045188725
0.134746533523678991
0.160484770682585209
0.111428617193894797
0.093727946361531256
0.400000000000000022
0.348895339977475127
0.351288153188285990
0.190249275751807778
0.258765280910481010
0.330267531922137536
0.400000000000000022
0.182279602113135847
0.067627942020678219
0.017508765470793254
0.083612007931446297
0.310539078481265718
0.400000000000000022
0.103976145806121620
0.122074286959180281
0.294137746679653755
0.183315049941115360
0.349916994238780754
0.400000000000000022
0.201075822861489562
0.400000000000000022
0.400000000000000022
0.053886230789291528
0.092191247369047491
0.400000000000000022
0.130435313622586951
0.400000000000000022
0.400000000000000022
0.250700918785571325
0.101879010493868299
0.400000000000000022
0.141984783478978804
0.400000000000000022
0.400000000000000022
0.264736529003229304
0.352208700247688022
0.400000000000000022
0.076515689141050253
0.400000000000000022
0.319066078350781490
0.093516321449042858
0.292568423108774733
0.400000000000000022
0.106685245837743775
0.359505569138645065
0.336939377546359553
0.176541466575411671
0.135556048357305114
0.348327911124946321
0.311531761759513803
0.317660962661565072
0.119553264885569083
0.180335245350054296
0.300235625532126349
0.312064666228309306
0.268375761721345030
0.020777487426361749
0.014895913469729665
0.131060700741064212
0.275056422940769485
0.369226923123621376
0.139705494643887235
0.056252604676014457
0.200024189579148720
0.309334778043560576
0.241310906096129318
0.400000000000000022
0.099050712696342164
0.098359624015147806
0.201711765517182146
0.208529804294569659
0.083341087604023187
0.400000000000000022
0.050487372637817884
0.400000000000000022
0.321943394432760155
0.262385615476381395
0.175409859517361877
0.400000000000000022
0.094217922741614474
0.278993596689002865
0.166846944927238394
0.268431918180728257
0.360738147903962303
0.265423756654438570
0.019746556492625907
0.400000000000000022
0.326419453604426424
0.092727467901762756
0.156665682596580647
0.141684673896060570
0.067326428193616297
0.400000000000000022
0.134579328654355984
0.022169375237606603
0.072603491373470053
0.046999407902923618
0.104752217872190884
0.226710522108740625
0.209330467961181127
0.144540948495448546
0.179715044278275837
0.280918046665347254
0.334904957077766130
0.077136033680583777
0.177620252394843470
0.296450494147254440
0.328232180588038824
0.081050161945623783
0.147302835918392688
0.088298313332671574
0.367495875795781746
0.396882559352005337
0.209233058579173958
0.062234624545134884
0.053977285374009518
0.054086012202808689
0.216669972068111644
0.314285483019241807
0.096199700372993621
0.015673695482640766
0.048304187581146851
0.142446813772544978
0.336785307308424986
0.352064210400952260
0.108076450214485281
0.070333039149753751
0.079745731772422529
0.155224132489902356
0.197331854937903173
0.143012267919564173
0.205397353680308481
0.070588417495425854
0.062304079317216113
0.167618167536404739
0.327069900925824997
0.211985030940625263
0.166760294777968721
0.068811513819667491
0.079518150477156171
0.398748134530180542
0.375492017637700237
0.111921591654848024
0.233116575947117211
0.066542522862278367
0.180383332745906649
0.207841422162323930
0.233838671493701244
0.178937638316785358
0.159706029283866124
0.207228580818664826
0.400000000000000022
0.251600292190341579
0.392916300171794131
0.373018214969460637
0.147045396532072270
0.091164889650721365
0.400000000000000022
0.193559124388955783
0.400000000000000022
0.400000000000000022
0.112929571197471490
0.017107160649962559
0.077693339006704290
0.063158471046353984
0.186288258170846571
0.400000000000000022
0.400000000000000022
0.042163991380058281
0.067650545334704992
0.106454147297164389
0.190130542277301640
0.400000000000000022
0.400000000000000022
0.017160894851789562
0.047191630440732740
0.116320759776433871
0.132123003408070733
0.122692748493483994
0.092377702011173152
0.056266197774479984
0.044652062368315495
0.071243244336872222
0.215529777779242648
0.215108043155673917
0.306523905737527746
0.105112722273640269
0.076170224746781659
0.170868344840941933
0.237443934047440852
0.263413709193296541
0.400000000000000022
0.071472194557204383
0.256947493483406786
0.236081203092735642
0.112449340342708537
0.156389774064955800
0.118237347448498203
0.085872344844438064
0.378763374284798227
0.400000000000000022
0.400000000000000022
0.175462632560732079
0.168377193517698254
0.041652033028995152
0.379653142242153407
0.400000000000000022
0.398932673816697170
0.137329129508595493
0.125144173366754013
0.027768260968788518
0.051476992773500159
0.089806605348358132
0.152059315753727359
0.400000000000000022
0.400000000000000022
0.059220935313684456
0.083785841130839617
0.126446885155549249
0.116260547482063714
0.381773862352118853
0.400000000000000022
0.079642122619301453
0.109421912076949360
0.057187423176868132
0.105933370050352818
0.204450866567724376
0.049467813383189133
0.136520928792769836
0.097480186903184080
0.027288135408576272
0.108737448202733289
0.311082703454118981
0.296686245171166429
0.077010681532001135
0.118098682873408439
0.144086144396041227
0.349484737805377754
0.400000000000000022
0.400000000000000022
0.125129125174639921
0.139873078272294366
0.164758201023691986
0.152991115855335647
0.193405206328565282
0.163590836764231029
0.149261242904681485
0.265724535211007862
0.190986575522004182
0.202793180957968833
0.174469993418965297
0.186036132029879148
0.170327738932904427
0.194141788580133201
0.225141948073351084
0.353855254056586521
0.215030347743715905
0.133052081510493220
0.174685174873610460
0.108171984435040239
0.176125075585625734
0.239011420352000348
0.254796079917120499
0.239493086407387368
0.167237850975634594
0.062315539867638589
0.197992180659268269
0.287255383224599814
0.282074849775781844
0.332336337860060560
0.201241902457019561
0.093010743117219172
0.193818030973378796
0.325860974113966306
0.272327472039143093
0.258595123695472495
0.208787872669025709
0.082883185194855505
0.166782884148155147
0.160336053948526819
0.170296875457814773
0.205217035862248098
0.218575260041220215
0.114954556711486633
0.194612771552256036
0.297413477413156102
0.290186755886810421
0.314101177929852871
0.170357657072186003
0.202563379058244231
0.157174614687404374
0.088647208137065878
0.096027586369464679
0.330278438631305127
0.227349187217513571
0.462814869830469378
0.193407954683800565
0.156638990414485896
0.098901776464047270
0.209723326224187184
0.194826640703982562
0.306499412063939158
0.243146020640333027
0.295789529909378623
0.208662049841187247
0.111810385814486324
0.156645499877801381
0.181942062872166549
0.232897053950066185
0.304149121431040115
0.320506031097565924
0.231083672042826010
0.155066671908968112
0.121796822705589225
0.234871698744489293
0.286919060788620561
0.359047953784424556
0.347282371143920188
0.192583687632717437
0.241469202521669535
0.222313309382195845
0.263969287599295444
0.254457949822468554
0.253890611908736019
0.185565518855416250
0.188182645746793720
0.227271062343627289
0.199262725243946531
0.182113155482832578
0.155508013003175322
0.189290188227877854
0.141064994346153799
0.332540563291447822
0.426167659878876004
0.311838481228413789
0.255164189878775094
0.162381315721343122
0.298528173198861546
0.337460086047922436
0.233796517877555787
0.146460884714496059
0.163458651172907699
0.159336729283615169
0.361050040105005410
0.235467589596510152
0.235477732616929170
0.257155104264033540
0.174528901321678614
0.126604908603379057
0.153224106830520623
0.203617434489215238
0.405777606355612497
0.327923935527976385
0.197354062266583141
0.136469918964327308
0.045092182518236865
0.118606466081964373
0.224863044585241839
0.310219612743346529
0.312633884412397978
0.171508273951364781
0.076651725739968549
0.203911954910926424
0.236365822079779242
0.221745070477818745
0.293743612884405536
0.204251447001899678
0.130681293113615232
0.228699229566883905
0.324454503383469373
0.190498410578467808
0.167172565565668202
0.232210997650524692
0.080663833400968346
0.200417501083278465
0.316697167213482178
0.360553570030876791
0.359940400317770415
0.244819134277266565
0.071641851002098147
0.186949359296545020
0.340113724929252181
0.329389597738755258
0.355110011876760945
0.162499451674943785
0.299319555993993847
0.335454478985036886
0.181575416177876259
0.146746529612844123
0.251007894157817601
0.224403407975562214
0.487785605410055001
0.228968925076839219
0.195919605114832696
0.151572343176499563
0.343928683746372088
0.179747789370503286
0.229437588996308423
0.206355070312295691
0.247137298696903707
0.230652777289664962
0.216480183761374095
0.150061469415928933
0.095467995696115415
0.131955263762866842
0.195699658813277722
0.303824386221435760
0.277773800195200538
0.154181367259601798
0.128925924551346494
0.267215937911617574
0.300605379031282871
0.292942822690757221
0.282962439557398304
0.185905482095017310
0.246936966070424591
0.278605842945554349
0.324132104840574531
0.252912539367499800
0.177601465130396180
0.217230108019751289
0.215450716510096257
0.223709978728302950
0.255280477413223517
0.343081291381383713
0.353392156748368547
0.216420524868073144
0.162659688283905618
0.259982117764040344
0.411242405021235324
0.342432123604834937
0.298273406073939484
