0.236874340032871389
0.250817962727813537
0.201298489465954494
0.132225139708886164
0.073318018233627824
0.119770276700547074
0.400000000000000022
0.400000000000000022
0.400000000000000022
0.400000000000000022
0.400000000000000022
0.400000000000000022
0.230698549590730384
0.328272102972479718
0.099732006563843845
0.211566927366328594
0.255008815830723767
0.151876352152740979
0.287598149267881908
0.068706249225275115
0.002912558580622873
0.008301284200984175
0.061068193579493890
0.075047780054419908
0.392140467699401807
0.169954198100459669
0.142464195280838452
0.138127398585291578
0.224405748087537826
0.115202901742452013
0.400000000000000022
0.209703118556186785
0.277283776859184428
0.245360938769300985
0.243308289865731997
0.400000000000000022
0.140107157989315639
0.208928719932452961
0.254771815345084085
0.106894196974476358
0.064644524737462891
0.080534548966719521
0.137379512389437741
0.189560874482934461
0.134729236597553231
0.054778410838303856
0.105871938476191460
0.102276473114205860
0.083907546842021938
0.178637619340502651
0.134153242842712239
0.100503210196499257
0.132181991493555639
0.091442291776540896
0.238063805724046201
0.342658776360643846
0.369572586674199899
0.377843223252254390
0.388689869002156185
0.185648340086245256
0.181149885716707149
0.144170040660020815
0.200117870983043039
0.175909203653623891
0.118603451675007313
0.060786946506426173
0.079264854283055741
0.065520674303133866
0.020458410997367112
0.027112634763467654
0.013342567332634914
0.007693401902578841
0.108686284301376557
0.045703572193609696
0.070714165681914146
0.085623554654799761
0.142050129782289869
0.086393672247269071
0.066653419422817606
0.050905989353931237
0.096903634875007916
0.400000000000000022
0.400000000000000022
0.254373290912148387
0.087496817717489989
0.138572679401484211
0.073133504127877239
0.352106104776299889
0.167530923363596790
0.015386841577137482
0.271401754031094733
0.213442142982322891
0.029826338027705783
0.049295864872586706
0.077568110395463435
0.057516203755780496
0.050496420878651339
0.048426159796268159
0.082831616880286785
0.069067540718947787
0.071586633256985624
0.031179915045770574
0.228713597176410766
0.144106389068053370
0.257796541507898214
0.197836331768657725
0.174740603472798739
0.107483540978549230
0.185891140101144325
0.144752006925916610
0.217563720471163541
0.162751355436430017
0.170619964309742994
0.129636799256566182
0.090051003325891985
0.046397906929124544
0.027278755591065219
0.018668657249611531
0.043561421671354641
0.088287845669248910
0.113802190611443491
0.071082194451399988
0.017760380167322471
0.019268079844042076
0.036761083700812568
0.094798032329318993
0.115657408498390568
0.049356836393518275
0.106214983018834058
0.169185460366787721
0.303831105273363822
0.102643861128221284
0.057012068829613023
0.150018127593902817
0.400000000000000022
0.376877150275329975
0.084767687309443618
0.125635350539733570
0.057524321382029134
0.214803548361075874
0.099926280622452207
0.045197863947030133
0.078365289487285578
0.114709333265659325
0.038083030528311662
0.027646236539887487
0.020923010972233601
0.029969178532695376
0.059870987915138840
0.050786034033479949
0.156114946368622720
0.066082536712812640
0.033515480852144196
0.022586669730847046
0.063744904694535101
0.064224990560788800
0.157937358552720314
0.088717830304423290
0.154195269897160564
0.145575128277582455
0.099255611078885572
0.184878621288039779
0.065015898980223377
0.035664048214647026
0.084425969394393535
0.087694507441245795
0.045004702165733143
0.226710938065383949
0.095113114131759643
0.030208142045424421
0.031316458746863715
0.052684140680181374
0.026936169939814975
0.213898529800492565
0.007689092009608304
0.023478006245681651
0.064771590142441951
0.050791385037216072
0.047806207742959871
0.116908265255058874
0.187623089425168449
0.070257637219429236
0.332824632343865945
0.198682807740766937
0.135925258354693296
0.093641580945738545
0.111789622270206918
0.081335457034443198
0.149228185578802797
0.151838782369005776
0.192736657922884608
0.143438628461199980
0.374877192764824119
0.042613654765203846
0.084188022493290077
0.091613966366603600
0.052320996051990816
0.026558495962552543
0.382646546101830243
0.026253685404580007
0.141268244754121391
0.137932113454188737
0.052523396341036283
0.071186450374241400
0.400000000000000022
0.099211177811942816
0.400000000000000022
0.317065289509091741
0.096875015836554043
0.318079371190258864
0.393735928919197731
0.018463577983024441
0.400000000000000022
0.388132227558537046
0.147433295456801866
0.386932369532957843
0.389498798997474083
0.021021656190138165
0.086024274864684072
0.071824100994369297
0.030373204877544545
0.211211052115405445
0.400000000000000022
0.028054100306724571
0.107063269406477118
0.016044056590403186
0.035123384308910849
0.083494358711860894
0.400000000000000022
0.081041610628253269
0.252014614284780780
0.086058455561059427
0.179876579850612617
0.175956530928533278
0.400000000000000022
0.060203517650427432
0.400000000000000022
0.170402171388078338
0.073706094311643947
0.091381054862604699
0.197583047744080836
0.013948140757868535
0.046132324881210156
0.052736771735007897
0.098103431086600440
0.023231620858654579
0.141397080262508523
0.012148700213649215
0.073875104645760345
0.049322470578556911
0.123596122850843565
0.030698999416810525
0.297466993631958110
0.061768220098355288
0.288842109333827701
0.146724513065579931
0.160765633149556331
0.320374533028626451
0.243656150760931611
0.033794485790894835
0.397805733590918975
0.269744862407010288
0.163940275216413966
0.284804100822837802
0.123499941229123833
0.017488839064848320
0.130523605514218155
0.072046149844584365
0.029357100610302802
0.083675131163465283
0.379094019980352082
0.026168031259310817
0.023916584065992123
0.016923585540713063
0.027803240068347085
0.141324371335085242
0.393045902654599377
0.036719072192745644
0.097516863181216093
0.277606516706394746
0.074218444851068918
0.400000000000000022
0.342993102523007409
0.067657769805581691
0.270040538017798093
0.269848071261248712
0.116424806378643386
0.220182661594594653
0.077371437233406851
0.058730653458227235
0.082601675881092712
0.041445058217606204
0.057020092430759811
0.014244192181342995
0.113649415613829963
0.016019135814810612
0.048142159125104764
0.013674365795040201
0.088740975368561514
0.050336347471382714
0.369681736672057282
0.091316861509311814
0.112292362697516634
0.111089875551824771
0.056254213439106304
0.109977512922128984
0.331875445859248719
0.059534865691109787
0.101664689041680037
0.110064186676223197
0.184478540168119681
0.108298893380094324
0.223708363880450345
0.056038470553963354
0.085538584703601386
0.035837193548648318
0.046119174537408658
0.100042235995834991
0.054678974745461642
0.041130093884411328
0.208262588821303246
0.035107140730228269
0.038062842563367831
0.144334239358487548
0.055087814742598586
0.074340058861200764
0.062841974500798065
0.081649355087634198
0.068806231098549844
0.207872668179328701
0.063568119395866596
0.139154015867943764
0.185685959613842766
0.065761966641929417
0.037820460397774036
0.140002489024984328
0.135804484516803520
0.160925230062195529
0.043795173602296296
0.037642951356721535
0.086274112862604280
0.050617429398706643
0.108546670587503669
0.056027220285143772
0.034773638616379846
0.012100329968114878
0.025765402379476030
0.009781557360822679
0.194928428771842938
0.060499667707218333
0.094976081408140067
0.005816486583224531
0.015103126456791516
0.099831728203846865
0.186098347043521795
0.327788392394657624
0.230615382819262166
0.029733359965902342
0.030711285548065723
0.153413738106368491
0.071495146111076685
0.239209251069347595
0.271973943843344390
0.096926504625581666
0.060114440112407887
0.173740351164109602
0.010384188064683544
0.045282935303144492
0.086475624813426855
0.044005302239555483
0.060098546804178525
0.089424016156153613
0.055077718963290924
0.064871274820197833
0.026083390239193444
0.060167755909028044
0.121501600167399859
0.174535725032536448
0.027264410920051538
0.101559179833086793
0.108795160256576123
0.038544117412799152
0.074987821401207050
0.164379014990795713
0.134363254772610519
0.219771923622133630
0.198196497452712089
0.112826260908902160
0.204707195048624474
0.082441092290387957
0.113752793709621547
0.089427596781862045
0.059554746125337829
0.039419451670618708
0.078209274708513077
0.035331539038068745
0.115265126800546236
0.090598119070838645
0.041158832067733520
0.020526758280107315
0.052158591375804628
0.055086390079426645
0.280963553829365442
0.400000000000000022
0.131416470866153129
0.069654675781655337
0.040936855049876882
0.003665873035216349
0.255044839854114247
0.171551992869190345
0.332034681359146266
0.305566126623444734
0.240717808083768747
0.209138906092040028
0.094123375057074188
0.103011072141242666
0.216716867045413430
0.071314197172142935
0.053792204208525880
0.151345571544419799
0.084989228403122480
0.095047627727748774
0.082679582613017430
0.021984273855505741
0.098586552002616568
0.121204933350046257
0.124773894420614637
0.129429943666036135
0.084795299271970478
0.044504312300479756
0.076284274343197789
0.086753005158139274
0.258568684850420671
0.294421107539881488
0.162262256599391919
0.164156397532578074
0.361286937309306277
0.309793440950535626
0.153747235944216659
0.253853288106410502
0.153401913572475596
0.071338166877607939
0.066616025865963296
0.080561378675075512
0.058135160825901575
0.111785570689315175
0.120907574396046061
0.156362573532302651
0.101738792153975854
0.003220356072133591
0.383893620332901642
0.308032091556848187
0.088667025925655105
0.148644567892288887
0.088365354349062106
0.042459957767934445
0.394525892919359800
0.209055042328019358
0.348232729698988774
0.400000000000000022
0.400000000000000022
0.303721302685976025
0.159420310940094179
0.138991807236950010
0.323208238658525826
0.340197653979196546
0.144385255403714802
0.118104536309266012
0.134696543645124844
0.046170532914072852
0.118314891073679318
0.123972051191116164
0.085877426579171801
0.039915819129061059
0.217596687458886273
0.135649116775791112
0.055852095637560155
0.003064014744493795
0.023218764726750083
0.040999261958061910
0.149667802373122549
0.144864106401807691
0.104269284165461967
0.217693188798926462
0.183544787095349604
0.289179543273953676
0.102789214310596344
0.119615463045537787
0.124334201910943437
0.126269165213926671
0.062257519112018218
0.095267415762555041
0.137219328055451673
0.133405487977635490
0.077164549678042579
0.056589680513703958
0.015733955028658389
0.031802088753437228
0.067427351126848056
0.026418848794550514
0.031319498841158790
0.075099025032485986
0.028749915464691383
0.054566216290389519
0.025438536091296295
0.040417985804185055
0.039719009785291914
0.091693283124262670
0.150685374129571503
0.121863404984790785
0.028156318414557752
0.049708290836971397
0.057744886816789756
0.282932304167708093
0.173459909339485741
0.030098439943661091
0.078202004745950154
0.166716937442429991
0.072742620815893624
0.148744597768777409
0.163948465195207727
0.075232790438403266
0.095167703042076723
0.156662233268051232
0.116792623994544986
0.059013281164769664
0.046226629707617317
0.163870976790386508
0.025249867575332277
0.025424711650199015
0.162556410673857649
0.224870527106463103
0.066185794794643205
0.024557419902057877
0.042561788403221210
0.046248026123784647
0.046805516138923711
0.143770291532870270
0.081627463878097467
0.086662221714401549
0.088201642282841164
0.221826499979201369
0.087604865272040630
0.153566572732544787
0.123210363913295429
0.139723063274916154
0.039531044957327011
0.139991097075751275
0.051521754042192107
0.064037930685927141
0.128977239263929955
0.073982914843051584
0.003294178596795751
0.023585219945622099
0.015630912164025085
0.044435501905918870
0.183288543008098603
0.150338824469878451
0.289112101804109622
0.050227239482118546
0.063857358886241333
0.182104988861545969
0.173318801037611270
0.059231097931409231
0.194026375716229327
0.278790966833425746
0.325912072894210980
0.113839485045762634
0.078195267712822064
0.110128640858995250
0.207927324061680796
0.338861710872082944
0.182776233612515576
0.115471121075719302
0.176855273623384296
0.083061870154320885
0.021064608490310065
0.021153828418110577
0.106191509889040803
0.099770829017412174
0.136688900133679569
0.038776559408577486
0.000803779943545738
0.003637707573363275
0.073004907755084364
0.079553563914066289
0.094684530287574301
0.033797079153367236
0.065253705670260440
0.094805954070553353
0.097039307510439737
0.175517871301509143
0.210383786692084851
0.196172415941329892
0.083749402920011928
0.139098255045141728
0.068619972912709118
0.098665971011249964
0.134713332443537809
0.118682950747916849
0.055543225137041324
0.096371670656715105
0.023626436430791979
0.028340050355469878
0.080652435660911737
0.063656129047224369
0.207798221721024745
0.063209905470275871
0.034376187822453302
0.053414194948847110
0.053697210055404954
0.053669752557975736
0.167123134098552339
0.127932082811138104
0.210094786414659424
0.257522942329929116
0.151259488994622021
0.193235906178461980
0.159462975361307796
0.285063875355809682
0.083673654120410432
0.126966897412084084
0.202369422914047026
0.168900600427941500
0.045409337331440973
0.008137700483878772
0.035486599386496100
0.035778437774820385
0.042976851645712133
0.041570008175928333
0.041247632953295199
0.032848469751322301
0.026555200983438922
0.042879934196805206
0.045927323135625045
0.030660873265416590
0.022099692518098079
0.164876959539801887
0.157360706591813448
0.198746463666388734
0.245597038409303636
0.291144487039167510
0.010970630447860360
0.085577515641185931
0.088839699186282803
0.175745121318694603
0.385334710969943428
0.321239645006703267
0.053392332774990024
0.069029624769673142
0.004369508388802365
0.019464226530106106
0.147761972389944818
0.090245600215677915
0.094943276998806961
0.084864889001216526
0.044423290092838352
0.028120610507607700
0.083522634611880614
0.038182453012014825
0.036618806698342166
0.168538181639001833
0.117792337942184272
0.175120302866200506
0.370120871050067191
0.266116472914428026
0.062376278713225958
0.148454013086118386
0.117946393310243258
0.202773674574236840
0.400000000000000022
0.295856103932538306
0.019034040379613527
0.010644110569546358
0.010402261243670177
0.031081012675406181
0.033604699688880024
0.032473380784115831
0.014844747572968336
0.037364720047000033
0.017623016191685919
0.051837923557973856
0.144672513431918393
0.102442209804544729
0.033773838248091007
0.145404943498298161
0.110161566124716698
0.160227525451543285
0.383878543790524884
0.270868541140307895
0.040908630947604122
0.070070673427111541
0.193339191247069192
0.332385409685992284
0.340614205024126926
0.272520622471380813
0.056374179792423498
0.073829334755893483
0.047602939684380549
0.115211607515686848
0.065704014586262405
0.052257994440557072
0.061093797944520967
0.080841196830797601
0.047015401886453673
0.072531914600969777
0.087867836967217866
0.043450619880117072
0.093626837791297934
0.050244882658553661
0.061054634705674446
0.228991251700511683
0.278992090085670941
0.178325171109927183
0.140053866529091631
0.076340818048354256
0.093919256364923986
0.116531059648195850
0.385503081599913089
0.236382593097719196
0.035618753682962828
0.000551203375773981
0.027019927967468847
0.022236349400961794
0.035208877865153122
0.048214186627448335
0.049982479912088103
0.052833886449329910
0.159872615118845651
0.159327201576508037
0.119360588030961168
0.046202422494455123
0.113763872159546670
0.149496506175133131
0.091806807993664030
0.114270712098897678
0.184191395540917846
0.061912556592876089
0.017858543336467456
0.050972755624514206
0.126427699082828693
0.151188145509258909
0.246210126962195797
0.082185388032530865
0.052228113944835182
0.067024056356017117
0.027916822835185651
0.081420649000181256
0.065288439170762533
0.071629485643240010
0.055387317311522688
0.127268334431837216
0.106853547553630662
0.094908894086155451
0.095350740684963520
0.055660803172176032
0.078059250096350064
0.176447795277618419
0.134876183047428266
0.095841345463757194
0.223310107336318842
0.088714401571537621
0.097049591608842675
0.049257798792068777
0.125530907504417755
0.101187319377194024
0.126861498745642787
0.261600789776774034
0.035237650325304744
0.035408588996630692
0.058633373225294001
0.041264215798953147
0.107262108644862228
0.094579034914162058
0.158394421055026768
0.164328807278411149
0.124251321541288012
0.166853504410066300
0.176618313906639124
0.124723912383929686
0.120690540772462634
0.272057618519997380
0.079722892976163362
0.077932414085527535
0.051521059633257663
0.036943867026675750
0.151578815433468239
0.191606234240575490
0.061559788454130897
0.068416727835946184
0.056439788053674743
0.089466843049415740
0.267658251893351240
0.287850769448668053
0.066638889231246667
0.103401975398616591
0.027173226797724208
0.034983058783840768
0.024598374024758059
0.130706288282109201
0.052687562456700365
0.075796455823852915
0.051928924851903389
0.036514638918418427
0.067545800276846590
0.207971158243232424
0.089199874681921337
0.105534328749285242
0.115599933721176523
0.053618380769083193
0.078686189607385881
0.032445422334425156
0.081901830720631785
0.231883940080525541
0.161899175977299192
0.209450517249536172
0.061044279408353691
0.076660679112869251
0.086372722798821008
0.071961551070514315
0.086535920524522622
0.083454493816160449
0.227148088682982502
0.128651035251904133
0.165484318927901136
0.400000000000000022
0.396688763035864644
0.321055319445451848
0.106180208116728042
0.107142361957524676
0.049133503880560404
0.224092727090952321
0.200149762723149188
0.098882954895685021
0.202666156583991341
0.216783681873763567
0.031594901944593710
0.034140686221924642
0.040493990613960175
0.076537208998110826
0.216952255503634589
0.388436338854950103
0.400000000000000022
0.257051290563251378
0.085204268070373304
0.055518828150073307
0.128121317145160896
0.298455283433629204
0.345506565237241492
0.271491833768538249
0.104033775729572051
0.241410070167197177
0.083301382986845834
0.208255278286208517
0.177739006186425297
0.143493670285788438
0.126982541585480196
0.025013268365684252
0.044054130876582498
0.157221876719192216
0.160367767460888377
0.096436024278766921
0.179344224821658488
0.117513768758303383
0.395502369388097685
0.400000000000000022
0.350223575071610116
0.296381537241464210
0.400000000000000022
0.392117730875069515
0.400000000000000022
0.400000000000000022
0.400000000000000022
0.400000000000000022
0.400000000000000022
0.400000000000000022
0.288833710416631972
0.395101056167325604
0.220639580959889892
0.365404061447952289
0.356747607984699677
0.155096708224874591
0.400000000000000022
0.376738340782123315
0.091579584506277970
0.156945852093273053
0.149433547928555982
0.117507737822354366
0.400000000000000022
0.378739742125007550
0.400000000000000022
0.400000000000000022
0.400000000000000022
0.390745207617648804
0.400000000000000022
0.348694925793136878
0.400000000000000022
0.400000000000000022
0.370664386014086078
0.400000000000000022
0.274803701634440456
0.255099252846525792
0.371617246457474570
0.230866248165592536
0.150521951316634678
0.120450368095780580
0.354976199848323959
0.325209991258725517
0.190581332235113421
0.057842425582797653
0.129090703202941554
0.143275735072267763
0.233575349215144501
0.323501725742310287
0.238422527008174179
0.318196398995425678
0.315726778588905188
0.379961336155085871
0.324900693611075653
0.393182246287699155
0.400000000000000022
0.400000000000000022
0.400000000000000022
0.280915755848800297
0.318369213772158821
0.277575528637656332
0.277282420661085605
0.232498884167327835
0.134337406703665729
0.092589035259863409
0.146692205409903798
0.091939523097684384
0.051777909838525898
0.102211659795953660
0.042092482797326303
0.062259618192968352
0.134124820392672844
0.086121557997794751
0.110433175467206060
0.177316837779062403
0.292735503911861372
0.208257077232059884
0.094809737837375369
0.100614280190902641
0.154648521691797686
0.400000000000000022
0.400000000000000022
0.284471730855809457
0.165698822463440115
0.305289616843914202
0.145876124943770835
0.400000000000000022
0.331479388558804433
0.090619632015540741
0.366569457073171456
0.356753810562138729
0.146618962022250776
0.108309146037356363
0.123794740103080753
0.221387180546166989
0.075746288453983623
0.073850871446467181
0.245388027554144433
0.293938067825410876
0.137772428051628842
0.055737334947828454
0.271275385579631989
0.190354415191838044
0.304602057646821911
0.339005395108386454
0.256368067350896178
0.194145762692950807
0.274092782383985489
0.360903946855796742
0.305168585743204157
0.316317928168974749
0.293830328223038451
0.269359862531482364
0.129582048283218981
0.186389004004875791
0.078800509633257326
0.082706587935538672
0.172538660935284582
0.162270760512300494
0.117096369208239237
0.094667414397022101
0.033391292331347563
0.063703581749960950
0.220049626708911122
0.245136856799197445
0.395680178625667067
0.099584075875636835
0.170072341905075364
0.351290449228333690
0.395430458005775587
0.161874959059630508
0.251038444545842343
0.399585383810750872
0.400000000000000022
0.400000000000000022
0.162962955022265710
0.235763991398728806
0.265451645443709916
0.400000000000000022
0.282702514234967783
0.160668985022749400
0.255220563110669818
0.197771203419980224
0.059147639018621731
0.048800064957998060
0.127114520861274394
0.129740007550107561
0.196559888048818382
0.089562593442057442
0.156918726312168494
0.069720244286175931
0.106520388607228567
0.102140233644913328
0.158429434982109429
0.098022069714156029
0.223191064222980712
0.183523784374976601
0.251234577407600246
0.321092999579091654
0.309639397770970437
0.375273140283991280
0.148765301900235319
0.174762303259788754
0.153045942307102639
0.186360478452495759
0.179718034609270966
0.345393888813300798
0.150656339268800982
0.126579812702139527
0.054942895177655687
0.081024191035651255
0.107588605600726708
0.277554658847716962
0.215487313730633040
0.086687911715957536
0.099147777964895253
0.104205579986063196
0.101503417798364817
0.170578017813034610
0.354746223523720761
0.198189720030567340
0.400000000000000022
0.396574871916741234
0.287184747349315261
0.286877487124200470
0.271252597631514658
0.354183497454729157
0.232901839699213270
0.278805679781089888
0.379039565226326647
0.312339228889141507
0.388309649318849592
0.050751355249082614
0.119674621879786169
0.127392404141423998
0.095297847697702928
0.068128504138480872
0.390107200355013783
0.059102155155902301
0.167823445737560306
0.180812047650993957
0.098450719476661314
0.101847323639657969
0.400000000000000022
0.264088137351744690
0.400000000000000022
0.400000000000000022
0.342472054245857638
0.400000000000000022
0.396059147698356151
0.104041093624210379
0.400000000000000022
0.400000000000000022
0.400000000000000022
0.400000000000000022
0.400000000000000022
0.090051280959811283
0.090393783253486432
0.091288327524475396
0.178135177267489370
0.301456652331083375
0.400000000000000022
0.112918989307941114
0.151486559499315471
0.044164667098010882
0.118646018920791463
0.121676811723875733
0.400000000000000022
0.249579792267255102
0.369229496405523550
0.261178758427259960
0.400000000000000022
0.400000000000000022
0.400000000000000022
0.208657530736545804
0.400000000000000022
0.356355149589994979
0.400000000000000022
0.384700789182193414
0.216617088123694346
0.024592251327414896
0.056534586124880333
0.083817784410414070
0.131708130775480492
0.055705001642770410
0.156241827835476854
0.049513420260649248
0.091498120837446267
0.101160394136530760
0.268268636282761985
0.133141209221355250
0.331240831880049102
0.207173163596653442
0.375275856274483011
0.306952038517123216
0.400000000000000022
0.400000000000000022
0.284564781708535719
0.103865159218006375
0.400000000000000022
0.400000000000000022
0.397471057502223446
0.400000000000000022
0.179874121021547317
0.091318173820741810
0.178126545198598690
0.187257757360271199
0.095061115196565210
0.135933125604022348
0.400000000000000022
0.107009228090108419
0.070931985952445792
0.089455500141682839
0.115671077035564937
0.184774991215202355
0.400000000000000022
0.086963954851299305
0.158571497886890567
0.400000000000000022
0.353210534936739873
0.400000000000000022
0.400000000000000022
0.143998587853935933
0.349726184349437808
0.361887130331310702
0.400000000000000022
0.400000000000000022
0.112990190916369665
0.059281856834001216
0.109621603848561566
0.063681407618567998
0.092228970295912940
0.062458378808791334
0.163631895525918059
0.068853022264140515
0.208014774243950429
0.173001567371548232
0.208101563399522682
0.096538769965837837
0.400000000000000022
0.240813367684444946
0.204099170691180692
0.225360587650722449
0.240445608980024178
0.171890069515005073
0.348464869051191450
0.110507621315623986
0.228092388124508744
0.261252332185482106
0.383201480679354223
0.190484281412625217
0.275936477825285575
0.123062526909980471
0.113455407538787023
0.117257842548829552
0.111407613708171205
0.171671721639074987
0.110066292056984316
0.168398428316248544
0.315116136374933908
0.130016034816383741
0.133413583248331385
0.199995042530663580
0.133147064838948670
0.250787854138819155
0.197718157548226331
0.177490700551391406
0.292116338434868672
0.296587069750866350
0.160617711004709285
0.188411814660012555
0.311216867118260576
0.166949286019123427
0.164681959143416851
0.390060120479907235
0.171042134842108257
0.196333819058826242
0.102428546827590311
0.078907167155674682
0.193536221507466522
0.145196464312868700
0.266941091642530437
0.220356027563554935
0.159024960157667816
0.178953834378181215
0.202383716286115151
0.134505469744752360
0.315618969544305572
0.332557286227215754
0.174698974384303429
0.083748900668752069
0.066624186090049164
0.136775595230522629
0.337677162476989978
0.400000000000000022
0.292175171273393042
0.098150087801848529
0.087151073601740459
0.242880581155784286
0.338018736787712326
0.400000000000000022
0.338612833074591113
0.200328480024198258
0.087287666910132108
0.208723409947950356
0.034982562089441602
0.175989223585253679
0.139163187270127220
0.119801758063408412
0.112027471656081914
0.125938655074572026
0.122623519240137521
0.272842433063430201
0.115283264921114778
0.165702084658313320
0.237101533888576410
0.228154105801619655
0.105950600527437419
0.134004602167511949
0.190696990977207881
0.270428057493324658
0.236886997378506270
0.373829532240331885
0.195407534180964182
0.296432602735002937
0.284569220251533084
0.184787811979416461
0.291243115573147082
0.165895586106548365
0.324932274019259615
0.218078632033766151
0.225039065053238951
0.400000000000000022
0.400000000000000022
0.345312246328855099
0.221445334917274250
0.197740481028363307
0.090292335948293917
0.244619485371059653
0.252308354098953802
0.153969344975111666
0.400000000000000022
0.400000000000000022
0.163011372810746846
0.103795362003579986
0.081430845663837056
0.080203082033327183
0.400000000000000022
0.400000000000000022
0.400000000000000022
0.400000000000000022
0.325922076154142037
0.264657734242113307
0.222244692202235083
0.392045660943275087
0.400000000000000022
0.342806030940681183
0.157825979938097938
0.390053885702442038
0.168290611389968314
0.303302906013957208
0.260418588799442685
0.165477944141294186
0.225569093588096764
0.146218201715730522
0.168828025297197148
0.286651820385228351
0.245163066732858898
0.140940336579246678
0.255628499164856304
0.204266773916442629
0.219717209597852126
0.208902117748221150
0.186103361770157516
0.161193660865643323
0.219708823539294607
0.146869561774986612
0.247399063254562929
0.208558439070742285
0.235192655823849128
0.269354091943644958
0.280981963494292664
0.185727204328671180
0.283586128719922781
0.263947262952204109
0.263556485203697288
0.294222677258872078
0.282591714748911704
0.293875111178436010
0.303407399200863903
0.251710644391316074
0.224981523382844745
0.224000007334859169
0.255479812254814365
0.319441746457724551
0.315975902398643038
0.257831382270840126
0.226304516013741491
0.229703193201198502
0.260303522715984281
0.259260370440173582
0.306706015025503376
0.204167369189039438
0.247430693554395120
0.313493184941089575
0.292285402245424208
0.254643575156023705
0.288789907040937543
0.294528667728916449
0.355385712310786195
0.405252312078421384
0.335750692311156174
0.291463356537798701
0.319637874632822783
0.370283938391586909
0.355151207808370117
0.250468601703230598
0.283055528395893485
0.285240452850369641
0.277412004805440648
0.197979359420047740
0.181987994535011965
0.173157328591442672
0.210719857194017923
0.180530666471993451
0.291125027882787824
0.197416155465917759
0.237987191517075730
0.263369410590595210
0.278213888973067591
0.209018953232673221
0.346485556566642317
0.260657217849111777
0.261401014150634325
0.263085619498668266
0.275180947741277604
0.291388819277417388
0.371600170646354755
0.262580234551832492
0.245178560636809734
0.215189579132264747
0.203694343899774560
0.254425706540153118
0.338499254575216291
0.238515780944317080
0.284735537135132333
0.231602695555679389
0.206687637244259259
0.233078576164247459
0.307989487858251865
0.186898379302145839
0.311499089538943841
0.301409819398293533
0.248397279892816680
0.259570708370338743
0.289329869188938937
0.275159802766390182
0.366325731515539488
0.376342091943703161
0.332089699815702188
0.302735076886400722
0.307039742299871410
0.282987118903540613
0.313212907513579775
0.281837059217185104
0.336692471989129716
0.327972308344878449
0.183380140055997815
0.190975801147490243
0.242081418337942555
0.183731260011767539
0.219712230952320509
0.176948948222898167
0.324543718171524220
0.271436586663909685
0.310224997040171036
0.314700658655213239
0.333489214103597553
0.224687047242179722
0.335201228973906140
0.341102909865010961
0.319978162219251683
0.343413495500171306
0.321663766681275054
0.286930924812338672
0.327108417505543481
0.282761156803687741
0.269830977136538419
0.301827406509229956
0.287478855720560034
0.295470024639782947
0.328314328310805814
0.235325772152888746
0.235658780604151269
0.249180283074070530
0.272177972972789672
0.313912141379437959
0.292281994859365957
0.189609246064546821
0.218054512703137582
0.268914185912529413
0.271026140510285229
0.262941537994611063
0.274434390913184334
0.281144511911254391
0.288621500745760762
0.312812219710485506
0.303768412270709554
0.271822037579914411
0.308327339248408494
0.290334237603568912
0.247224691719178852
0.200777804560365397
0.289408029352932361
0.321950613494565330
0.252983220105640449
0.165237319029742480
0.166371233715484540
0.225241346004247084
0.240182055943420014
0.180533466280096727
0.397646351464663983
0.261667325227657399
0.305449731526642843
0.327561413925152478
0.325631069520559424
0.264943646687126499
0.391575245820342033
0.317557487284873152
0.324032643552981281
0.331674349404431190
0.318414126485537852
0.335154157872675718
0.391740051914161114
0.279824190439814990
0.268082519530831620
0.275995500179430531
0.281176139930718105
0.293369060980200436
0.383514442605068395
0.247829495280514206
0.263081231839611407
0.241233580619749116
0.223709270220332879
0.246062410937315179
0.307778589995578500
0.174207720901625035
0.289926819421075177
0.271221664111816252
0.214713252097853857
0.241148498577863135
0.275807698112578881
0.257364601574770868
0.351821093993088252
0.298621195871775824
0.249385074372137833
0.277157070141100859
0.309052398855278021
0.271241207762014158
0.254325943358903017
0.183081912862061769
0.286334888055751025
0.336803623590676171
