0.136217267310898088
0.111328883976330964
0.031850473471688213
0.015629772320047180
0.005293558018239614
0.027379069897290005
0.139443582926019605
0.112322510984509849
0.044287698472621345
0.134473396934855050
0.149160558096301021
0.030991027454378393
0.127586633689243195
0.033217612402917610
0.014376495036770853
0.379959161542481660
0.400000000000000022
0.108758164658791359
0.075597529495546448
0.113432787452036318
0.054617510995104791
0.018189460745781212
0.011423056238546357
0.008501101414535821
0.067571092172154013
0.032194901999457959
0.028130331345104301
0.047126800341220458
0.073775131059540575
0.042638885448794309
0.063278433305421267
0.139804557855880723
0.210754342426164532
0.270073678368078385
0.256033433170931579
0.037759070538239896
0.014177012862012346
0.221567611368271078
0.353812548708559049
0.082465238663803939
0.030531699714158197
0.038528909638033224
0.016517034539949679
0.015053162205252584
0.013411358167267795
0.028945907108300906
0.038937685230802724
0.037090145910902234
0.023875761152551744
0.145690680573473064
0.124233868655809640
0.021097862057563865
0.011150387214679886
0.005282657259807829
0.068188476207469317
0.087636340419204983
0.038158243981488829
0.080845522029224445
0.063811451795297139
0.016986544050101051
0.093031299575521004
0.028239796445662439
0.015842460974515950
0.261161346693986329
0.210431910584927412
0.030776346131265325
0.029327434398033071
0.028019664370659603
0.041954620766085915
0.128375326456599131
0.003118053998654472
0.014412158098973624
0.017651988597484417
0.001312984056055676
0.018962613076486723
0.137485800032244559
0.367027451318872378
0.102468133164293901
0.098881880636367298
0.141138601078125314
0.400000000000000022
0.400000000000000022
0.400000000000000022
0.073462981531621840
0.041860870299621371
0.250511771778556547
0.400000000000000022
0.203798910271792921
0.138464142561387726
0.035918548368174520
0.092586736406152684
0.011052942149283828
0.006206267948202750
0.012139051789855772
0.011316729917099120
0.017226205887073569
0.007229796659780351
0.048668412017510487
0.070034939332932311
0.023763199860161621
0.033974819203432031
0.080653259224292340
0.060059413058097998
0.057771026979002840
0.032554235680687112
0.038273915230641345
0.041992834915262921
0.063897248753051542
0.070280456424944487
0.114865245150817377
0.029254173721486344
0.114901991741824888
0.067295580024949897
0.090467371560259024
0.087225612298219596
0.154697383421381257
0.396259492533042823
0.400000000000000022
0.013096718276567366
0.018811504356378763
0.053678657133535687
0.015755111072941863
0.096310341381305550
0.122679065440090954
0.243864060559907475
0.179244893010399947
0.050420455861121066
0.015190568641357892
0.359831104543096636
0.400000000000000022
0.328879775384389617
0.102550247118955190
0.062466742175192533
0.106577958435577241
0.242385063465573397
0.190029589930510140
0.022460018325019409
0.063740887639979801
0.033143504424820398
0.050477232845115766
0.059521872670188478
0.033788465655141743
0.018056560379011127
0.040649138267229400
0.030868137324196375
0.013292068318210063
0.032145056328904936
0.029805282415485669
0.023795794526925818
0.047237714805624539
0.051191762081317684
0.028299113932831087
0.019677105385392066
0.015050322823971330
0.037501624848465830
0.060813983102763605
0.117062136975669223
0.143382380286006833
0.085865873765312781
0.319912549215153774
0.057692360479133696
0.085836697333066897
0.071153569477791598
0.117334939124383503
0.187742501999774991
0.275252904730817871
0.031806278740074675
0.041696166022079463
0.050879986779225082
0.036198509451582962
0.076515905096518150
0.056030728472597727
0.038835714617245318
0.080741818422625983
0.025671279302931609
0.027804238797429021
0.087739481901792829
0.165058088226673449
0.031522679973815713
0.090120324518129707
0.040032417287847046
0.118316040431478309
0.083260895942525420
0.113606759219764472
0.100188874954198981
0.097749488816173791
0.047027511477911704
0.111622595710590813
0.096014735888393599
0.110206512711288659
0.109091161262075242
0.053020693557981766
0.012161442677775535
0.017293126098516062
0.023942565746109094
0.109215294358077863
0.098324668584737859
0.161604841164313812
0.038142470434319009
0.041684227289718719
0.006506729257753876
0.054475159016805601
0.165902863823723046
0.326705705428818438
0.171272246560789543
0.217482103961977091
0.074224928007651986
0.400000000000000022
0.239901933936656792
0.364842472338744894
0.245190960614816655
0.192913549256478578
0.173329677138838290
0.400000000000000022
0.154490014030290140
0.241026637711910047
0.195189211804013496
0.109214282365475104
0.093547879027553779
0.053639436573282469
0.138007122214004796
0.323941294229612486
0.345123223957293668
0.228206512561696939
0.029842930445105862
0.086344203860358154
0.042531679633151659
0.200260377539324186
0.234184144210642486
0.386542880610921125
0.238714835806244169
0.201902223087446986
0.226922493339821396
0.187732851173560117
0.208748582437542324
0.400000000000000022
0.266783558120125108
0.150415742470257630
0.275917296704558335
0.173528038368956916
0.011016692489274865
0.010950378207782673
0.039007338167105277
0.121840867411020348
0.042536594155820770
0.084223291550269766
0.050149632344293107
0.049695257593797136
0.023602205299687866
0.091375955390532684
0.060514289101690794
0.208311859048335796
0.099859500466657189
0.179075476726780924
0.035637089447503732
0.209309827459491615
0.085559869594570404
0.133673901216468549
0.104642267863324534
0.116069800637662562
0.098115318079851951
0.245513841981895298
0.123092186568824286
0.116438339319501219
0.193769225181310401
0.085752153433286335
0.077069902379418062
0.059306993769423513
0.062689112550874448
0.270226382281371691
0.207200353004781374
0.097990505073274906
0.025015848024528695
0.012673223754454677
0.022436394836298026
0.165499996058690924
0.357410603480853739
0.400000000000000022
0.173065054676292907
0.076006132118250969
0.127300126239242528
0.119015579553267276
0.383322962402815826
0.400000000000000022
0.218782172368362726
0.104405399645691732
0.326436794847749290
0.190791329188016362
0.005987626820759578
0.021120617849164872
0.400000000000000022
0.400000000000000022
0.074288216062259632
0.102609457463325893
0.008039081622619642
0.047160082035055589
0.238288313659600265
0.400000000000000022
0.022774940882974947
0.111465825516186390
0.059769578591200440
0.082019789222862710
0.030549776010403602
0.016153169771874844
0.030226024005086224
0.072512363311526551
0.053496135297209077
0.010412608186786548
0.003136444797550619
0.024259031071956469
0.020281300526992875
0.049278514348745944
0.095445463409813774
0.039247912253377169
0.023336178792573659
0.040363555492254864
0.011018734470698226
0.099874072701672270
0.113563846512802213
0.036858225516320106
0.006685946988262598
0.015384280965334503
0.075166913416402886
0.085303159041717883
0.204726963323839883
0.097286221072960199
0.013591219906528316
0.036264873969391931
0.035212091094864215
0.060456561925289795
0.300373144289940219
0.268613861115550134
0.116931061798863020
0.118064060859284989
0.094491526466675163
0.065957950998881076
0.031950202375419741
0.037137608912342288
0.400000000000000022
0.345754873397303819
0.034840886874443588
0.044873513103930340
0.165941295412653983
0.028624179200691421
0.046762882137314582
0.400000000000000022
0.255266906731335563
0.042152359402825898
0.059137289209687027
0.036686154982744267
0.020769506409507352
0.056354643510785812
0.059281720274844560
0.033249712638150089
0.064041483187470438
0.071938694046137300
0.147602556153547060
0.163245232655645250
0.033946150455224339
0.035439858680269998
0.075089818661820990
0.045619336666950415
0.255958696595588953
0.400000000000000022
0.103612170012983881
0.030902330236666845
0.028801617296271027
0.193661859862412911
0.078773552233877664
0.025434749453342936
0.022056825040294579
0.000526147461499142
0.062821963696979122
0.034068944757153094
0.004443517407102068
0.021002537645742527
0.013804804314520178
0.018086853912633018
0.109811591389448654
0.046267847523056092
0.006598587927645614
0.022689553159235945
0.070021701419429011
0.058067229728275493
0.130452853146008851
0.135644083345254074
0.118106470392378246
0.070219005157101444
0.013951495604675549
0.056140840990883914
0.122328326372085655
0.048955193170248060
0.020640497685381346
0.400000000000000022
0.400000000000000022
0.075842460920920104
0.034351126649335574
0.030718466601620163
0.035840265109156486
0.057842944934543152
0.190681127510969356
0.026735053884196957
0.098414455680406243
0.022591213718860626
0.063797993071753822
0.106107948422806936
0.018987373420165425
0.007021803022997296
0.170117496932408629
0.071353454068552202
0.154485433320890542
0.400000000000000022
0.177483177402097153
0.007686696098122133
0.072230313814680897
0.223020686309914534
0.230471030501079477
0.067957820356542062
0.050980771258751313
0.019451899386193724
0.083449909331336086
0.032249227280596378
0.049434136298715722
0.015547627549576021
0.046154457848484189
0.017584477136935801
0.083698753512040716
0.012449252914083964
0.009140031762498413
0.013695509535181130
0.068667187020837406
0.016705854673553563
0.233874538422729900
0.272031772650020043
0.070351038412380856
0.007652481344225187
0.014472211679873902
0.007155982533168719
0.088123229950436616
0.036301922225650464
0.033763706892598937
0.082679413780281985
0.284588542970279523
0.091899904555678535
0.020513075963071004
0.027977240022183523
0.025349566723740655
0.015817569575038323
0.106023782186101923
0.043986511369987796
0.056912474690866299
0.011705864663708012
0.019829203585353918
0.022117884173489220
0.005192085584425845
0.002944602497214248
0.110792316426624515
0.027617651559576496
0.038472224515269091
0.213959005299421634
0.384763216581848089
0.057666262018642611
0.132246785999437566
0.089273190276021624
0.101708702263398273
0.070472552662287469
0.132203545479570528
0.009940619607921588
0.130539542560623112
0.028756788183464159
0.020750807419771200
0.032964800496770620
0.032442273015458406
0.004660645097885933
0.051987531008572604
0.001233114537410443
0.005140654680444056
0.020978511155326705
0.048169510678012437
0.026999968417019671
0.283599791421872249
0.202673783907334537
0.047693630207378317
0.013421953555868751
0.023347940198189032
0.023356239222179595
0.203891059581487344
0.062779682229038375
0.056064173903452495
0.002668672387973672
0.139394002132997463
0.108257106058393962
0.054624290964015304
0.027974873285628782
0.052534994190347142
0.007949418191456670
0.047873043692587103
0.035021004134046678
0.084736544633953692
0.022683171361138125
0.123335038789773865
0.025217210029458433
0.018604900625310498
0.023676619672729101
0.130427443708193869
0.105695058709890155
0.055537448962438479
0.072816329054676457
0.400000000000000022
0.193497017227869578
0.122483168678695270
0.047806245562840556
0.034938664873626193
0.034522693769883282
0.123232107137004832
0.029307805846403114
0.265702639201913726
0.030376623929784810
0.026469539033336355
0.041717432707690155
0.029891014228324596
0.010992986381599438
0.119848375233329668
0.004837728506209270
0.011140085326285772
0.058268771566038477
0.040704538770553710
0.007657993829284370
0.107179376155308634
0.020936428245909165
0.034409022260795147
0.020368129182252483
0.021401955467571052
0.029629562725566203
0.259477759387461815
0.053701414757886784
0.071965994602060934
0.023577964102965036
0.052726869171069141
0.037450968654802574
0.115067612507646647
0.046392340976765242
0.061584261781798398
0.018184073562398786
0.013297701542258622
0.023600994998239245
0.030276342190136168
0.147384270582268412
0.320694291576577362
0.046262157296088423
0.036446725416282418
0.054223464351461706
0.083477331682781472
0.121817374052222260
0.080896604615859277
0.028169287259335381
0.168756606946379728
0.211147709120688032
0.088666976418804236
0.076540481227751270
0.013183872409315532
0.016451013267519323
0.021155463404574290
0.011261563047560073
0.141379547628639746
0.011343097455616921
0.020049640057585038
0.026704448609237413
0.055196456792633103
0.026775136602336332
0.113123070198365344
0.029739248433581611
0.025295388925876051
0.056752533840072728
0.044130919519607612
0.025663404835319342
0.022499841266158692
0.016325281689839259
0.022370569803309363
0.071792905372409566
0.074548029392098536
0.050861241192748083
0.097287489844214439
0.068223929854641263
0.059758075437357894
0.032904023264718855
0.049341117461591935
0.006841020605798043
0.112855937405370338
0.221999158627803339
0.205219681107431773
0.047992855766665343
0.009275688286167020
0.018509339619814453
0.085007327661443310
0.237528081970549143
0.349865382570793471
0.069007826065675626
0.051081123322314723
0.032679083889112906
0.051317771749275432
0.234153212542498074
0.143123313374403288
0.022177936735586424
0.038148744837467205
0.044280167466872515
0.027088066602484091
0.115168642062203133
0.049766428594573107
0.016748343342884005
0.014670567047258290
0.032101487163113340
0.121649116627849996
0.033524253061103980
0.036597754876184246
0.063395350558229854
0.037750425330036259
0.021461747972640065
0.162842460157954283
0.022622910299376679
0.148901930572475638
0.166714147752587721
0.062717478484153127
0.048167141936551652
0.027909190235106150
0.061960602984519345
0.055435560484263097
0.192997319814521534
0.182042199119318793
0.400000000000000022
0.232441668775308613
0.396368527395628667
0.119639302653633900
0.069716660196036548
0.102203649136389019
0.400000000000000022
0.291957296012919865
0.400000000000000022
0.230727659207443925
0.068147111662330520
0.081399717899249630
0.400000000000000022
0.377863406988824369
0.400000000000000022
0.122767932323352424
0.031794487180697661
0.132798000996964122
0.400000000000000022
0.332332430279731028
0.400000000000000022
0.172928836837364569
0.031538480735086867
0.039848429298133481
0.400000000000000022
0.123807767034868815
0.188620870786150696
0.040517026415752222
0.040438277729470506
0.080302662358193624
0.400000000000000022
0.109045410098872197
0.093008513923346789
0.239347751397129160
0.240500480898214325
0.134741272284211067
0.400000000000000022
0.212827017343023644
0.054320511960708966
0.374736549455707613
0.338294785199175663
0.239511717714795125
0.400000000000000022
0.043703587276868766
0.077392759806622080
0.063099157088833319
0.146594635107665683
0.166562899983993817
0.307805281675973097
0.229541626865663928
0.385081744862368791
0.087018619368086816
0.083694761480177904
0.073314885491718704
0.329387119400213590
0.319550453731026418
0.400000000000000022
0.136127428654215316
0.095783765901201814
0.108393463111479849
0.277057526039887314
0.253006264554477722
0.390454109042162600
0.079382347907363426
0.029101115221341962
0.111731376433144139
0.178998460458235642
0.316715820913029744
0.398291941724272291
0.139013385642635934
0.029306514403546896
0.041060302150672183
0.218727557096309200
0.337009972800766056
0.400000000000000022
0.039876896493398387
0.047430954682315146
0.074993121267842772
0.337655562461054604
0.060203860998508239
0.099317011668699412
0.067403779713360784
0.127123722990304083
0.114898000484319793
0.391371215761386337
0.017710327930283921
0.013811245729737597
0.201460664472685458
0.182380835413222336
0.189497249590475147
0.227021656091683982
0.063271975028652130
0.097529054512926094
0.019254705759283335
0.031988330342421607
0.086595319780148589
0.031055641766718177
0.075517619220616186
0.183792421794894384
0.262027888376855145
0.090627552564156888
0.026647255610527158
0.037078057454752469
0.245772949746681846
0.102385274951031974
0.249097161278378915
0.083792345059312934
0.015397916412966919
0.016848636240742058
0.296649479249467218
0.118710207658659167
0.073936590478437869
0.026661933643284133
0.041353820554912393
0.014833674458766412
0.180458576019316391
0.125239509987454173
0.066004929940013529
0.016348070230275968
0.029821217761504051
0.013214268040405354
0.160803329901870462
0.400000000000000022
0.065125932475864831
0.017310143148180263
0.033145663226791557
0.032403556167090349
0.074807603165388689
0.244614612633967971
0.073457473293848635
0.041495640503683706
0.088022241034696483
0.052826346061942982
0.078710022428468612
0.011853317898374509
0.033121411401275738
0.056088111327066731
0.081042693156483825
0.017788859010551432
0.235795356708771942
0.122827340035020452
0.012997568978500622
0.001713092569607842
0.015681446260409539
0.021065611210921303
0.132667607117118336
0.153188314001547560
0.185713121059721709
0.047138182995277500
0.040124776972391751
0.013686333831946236
0.326824697377644413
0.095263422058698422
0.080011820575301373
0.041550446673060341
0.024517935832535122
0.013244865253400821
0.172373433277494575
0.069704580971543709
0.053803703957273241
0.014979457866200925
0.030570155106293392
0.038720897543797116
0.147911515129909743
0.052707420588110336
0.046085773095258589
0.026638834639312107
0.021964896272713957
0.032288043067193684
0.082800660707007812
0.283511686815347996
0.099375421273246223
0.030549338651202240
0.040727139034942794
0.061245228063116580
0.070184955629341211
0.297051198727050325
0.053490867076985985
0.022536246609802312
0.053634429854759066
0.042015694943574586
0.034922175106994753
0.005011521508792499
0.051855707607716198
0.031426872576912929
0.047178461231782071
0.012928030789968507
0.400000000000000022
0.242919059310920171
0.030605394491084698
0.019724165838058187
0.017948695825601591
0.011038667416134651
0.262378832802302953
0.202744428398592552
0.133862749944350101
0.017198913972687885
0.145608141605178099
0.024097782537274785
0.118394374889874004
0.040628851297331979
0.079306083085366505
0.031882977181435859
0.400000000000000022
0.123229188834898445
0.150905709468155513
0.045783521550472710
0.090213955823242764
0.020814296071951434
0.013735099471254283
0.028870195219702171
0.159340665207737819
0.111587898928722895
0.106650456513183889
0.021931581185409846
0.034283719457010642
0.012275595790030687
0.092820036180853424
0.153778082316099129
0.203053827865244563
0.074752504132227268
0.087438997007816613
0.018522385492898599
0.067171832217743116
0.156083741760752126
0.123312816192578167
0.037064372562793158
0.026158744496784445
0.040384525448628264
0.010056617846395987
0.007110964335044096
0.010383512862633757
0.021686287407648240
0.018765766502601006
0.011025176307105720
0.334720267376768466
0.345108976507533527
0.102201511884069063
0.023282253664272369
0.019765769698113517
0.034535052430458721
0.227566812876456220
0.148624433210160306
0.078051405365220289
0.217152810715137035
0.393496744874701321
0.122890932010056936
0.148099709652314199
0.061194852425101129
0.039726061760511508
0.385714678475958639
0.400000000000000022
0.152744676028779169
0.132510004186412733
0.125138652115744320
0.074446714580458706
0.040307344919270433
0.016615141822972201
0.011445703911750069
0.178363408598778528
0.059812553559034448
0.066602555860373405
0.261085805640642099
0.400000000000000022
0.100305147467436934
0.195525219304858833
0.229077748131902320
0.312463044689562763
0.338570422154337969
0.355187772736343721
0.047699690146161489
0.144716555422635451
0.250324399551735244
0.367798307917636624
0.115430039160574566
0.062973972729616592
0.043189554735919164
0.068504565548522273
0.016286276742663027
0.018552012847711848
0.049924418263627611
0.087107195908815160
0.064090114327921902
0.305557351836098612
0.331862281688637739
0.171927498863187950
0.034519815613432613
0.034498327412868922
0.028638896481987426
0.262215960568751183
0.150416022648243330
0.094222417884941331
0.083514194417198123
0.203205453928294616
0.125243650108495030
0.147655590539536308
0.056214669731291217
0.068377455164863099
0.269110764885442999
0.258304954277514487
0.065797350265311985
0.114063979031986756
0.050702835731797735
0.165289659555859780
0.153592536486057557
0.021722954623964969
0.038088777771702720
0.148079432305678271
0.107008042765945804
0.074500062038925188
0.210302129086921030
0.400000000000000022
0.295965150392163534
0.221365049315062568
0.188944846640965836
0.400000000000000022
0.400000000000000022
0.400000000000000022
0.102770787378024947
0.300608911419526947
0.280888395708341343
0.400000000000000022
0.245516342979483049
0.168355156789712329
0.046911534749773956
0.212435111639482366
0.015890670655493100
0.017346353274488521
0.070407823355894239
0.052021268687652819
0.024884199716357941
0.114409172815089000
0.069604840263419662
0.104443961593727458
0.044131329042414104
0.055376774671003076
0.110282821949858528
0.295285654134723463
0.111472441736889638
0.104520230282748039
0.061851879333606377
0.094719704086332068
0.101348217407854102
0.185348068932591148
0.161257586127582619
0.090838435503284742
0.133086065304223677
0.080593281567208505
0.114068366558498280
0.117501954488355764
0.302081654003649613
0.400000000000000022
0.400000000000000022
0.049543443692849784
0.073034968707840472
0.137155988816317131
0.137572485125164123
0.177206945997164855
0.150848352699426314
0.393227937912723369
0.388010113545584900
0.139087432279925316
0.091731049869109155
0.369265022080511263
0.400000000000000022
0.343051622125028099
0.113811810166515259
0.203846289803832265
0.117921055891194143
0.262434703523158452
0.216734038539747598
0.077656475117652501
0.090516024242316140
0.146266574623185736
0.080216481278697377
0.084817261596064522
0.090540999495214478
0.062187479898618739
0.066312543102548749
0.053367978590355081
0.029617350008049326
0.054515626132214293
0.101598187787895242
0.098343823919024353
0.098098955998372608
0.148479251925532102
0.096523043787472368
0.079435180822749973
0.047954346088690182
0.086842742310057772
0.067655003708561659
0.229918074381039561
0.363441753178592619
0.291085554872744567
0.363199888114225877
0.066968048765300714
0.104346036952881360
0.156160897139234894
0.354863021094932674
0.400000000000000022
0.344260730796493442
0.082887402062389398
0.074375249911192362
0.102197758528500521
0.270351721994081085
0.219639218470921438
0.078208665208184147
0.076984459454712523
0.125021985889498477
0.052759345905415686
0.142972880859632140
0.137505910496365957
0.181806431569557447
0.046193247021073996
0.122221811681243075
0.161681533915697062
0.151840293492582268
0.119858650818709667
0.177002109777994299
0.137939300284235233
0.119211236788813860
0.209869971635865987
0.134245506009967486
0.244916666460869265
0.276920660463876367
0.171808639746228370
0.101187835494533404
0.040070632912881682
0.079253729083035407
0.079378126230372187
0.297454593132635559
0.280366867704056666
0.400000000000000022
0.261324393359024520
0.400000000000000022
0.126146031911387790
0.124191819212842142
0.268106512960112064
0.400000000000000022
0.368607751623918234
0.400000000000000022
0.300612403867479450
0.400000000000000022
0.321301651835906366
0.400000000000000022
0.400000000000000022
0.400000000000000022
0.296097609462190769
0.400000000000000022
0.287288015027254262
0.400000000000000022
0.391568974066309861
0.400000000000000022
0.266476715864918334
0.085177917308369336
0.177855551512138277
0.400000000000000022
0.385248211964773213
0.383991884199035183
0.070359956860858081
0.126782481589828661
0.122834341991345283
0.400000000000000022
0.312275841441838287
0.400000000000000022
0.400000000000000022
0.352598860923174273
0.300755172808708948
0.400000000000000022
0.347670273689038356
0.400000000000000022
0.400000000000000022
0.381395750217063956
0.341961111281712304
0.400000000000000022
0.054720279766143624
0.088343138014404771
0.102106495255938609
0.268435502518686087
0.209099494139814573
0.364099702678105763
0.266754129978445442
0.399932036954175674
0.110620824667774689
0.175070716870710574
0.133829174593409483
0.400000000000000022
0.355897630032485202
0.400000000000000022
0.171764518101719055
0.305093593360693416
0.193953332706050252
0.393451331231306156
0.326202690232116899
0.400000000000000022
0.177497665987215364
0.274614957203237253
0.234823563001968438
0.295436799777736847
0.383553585616408399
0.400000000000000022
0.216083288022054010
0.088613508172970396
0.103749414701546638
0.400000000000000022
0.400000000000000022
0.400000000000000022
0.064892744517927078
0.060104178436769816
0.097429516104140801
0.400000000000000022
0.377104243107118320
0.400000000000000022
0.240468834389653718
0.203129855108555024
0.232714619323371230
0.400000000000000022
0.389526568526957995
0.400000000000000022
0.363935183551319152
0.286786235058914041
0.377642994587478520
0.364037692616269504
0.069259601849411712
0.118649672362090952
0.400000000000000022
0.400000000000000022
0.160883535842408221
0.133665099230044049
0.083556700843235826
0.230952503829950001
0.390493710243834058
0.400000000000000022
0.049422196493502102
0.148543882970938845
0.305542528337882313
0.184405064173894656
0.279646937288782482
0.099945514831187771
0.045623940418053149
0.089360999552268588
0.323555151282284015
0.129122815845445715
0.077073035275988480
0.050920964715240609
0.061635121081905261
0.064112188807512363
0.275904039429130110
0.164487422240831349
0.089341108732587174
0.056711625722530842
0.040839952232202284
0.113088340742077631
0.274367176414672731
0.400000000000000022
0.071811879464127412
0.032694424113514760
0.108312576643194436
0.117706715208808238
0.279534566489228531
0.339133373014613548
0.087048693200376961
0.077760514473075637
0.123234332129560711
0.113282907987232784
0.334041464863548687
0.280467179013924650
0.150052473200138758
0.174152172186351678
0.175534219623158988
0.083746810009432501
0.267745559084191675
0.159964948947362740
0.400000000000000022
0.346874144997718514
0.050522333134853131
0.065939124314851660
0.278032977812121440
0.181812493202238967
0.232476003197036263
0.400000000000000022
0.295391683703727315
0.055838693234772134
0.348349674639197526
0.131949577041442667
0.100781326984808711
0.097905090183846161
0.083799656107379675
0.046494577891550912
0.236414916464965041
0.141643275017681008
0.201406260110820301
0.178224690521846169
0.064516305561517731
0.074160756224067120
0.223001333791730733
0.098326757255060765
0.302044469690847528
0.400000000000000022
0.125577066285697841
0.063190373303860542
0.111602278003278821
0.397655747602071119
0.178148973507123914
0.055984088104545186
0.062783964075237383
0.061771375524615729
0.133006919326320333
0.331120143484203433
0.057934384484088053
0.043538784255544846
0.067439234169279230
0.060102548856207597
0.144733766496443428
0.051279369031848585
0.058454295535361807
0.054116425736148881
0.117200162651211082
0.070995260518243994
0.400000000000000022
0.343293030270067967
0.148711864883462941
0.089943170995159638
0.031900191430277142
0.067179508407018557
0.335311943738686002
0.251699621568840570
0.154503247629731472
0.400000000000000022
0.400000000000000022
0.099940243458194883
0.152745501539209599
0.071347317898952142
0.115146348194523004
0.089725922115979018
0.400000000000000022
0.149964242719095392
0.249320165148561756
0.068374735269333339
0.154011948894996586
0.126922244494758391
0.032722472891419711
0.035891998242699466
0.313641612078111420
0.182941352997275097
0.261135889834074431
0.400000000000000022
0.211766896859107795
0.019962291888152819
0.165050349995534307
0.366322842915340674
0.396968303566781922
0.142710324488769358
0.138419768266567933
0.037974284879092317
0.150621741549079202
0.188332969041348525
0.172746952491293876
0.052612000112369182
0.072313202345268626
0.057969002585564061
0.093755371358436701
0.019560217249128056
0.019523544625132169
0.035381796942829370
0.087432953523438425
0.027731030980659287
0.249196971597709344
0.236301819998529283
0.181123917538410339
0.175412719312171811
0.086926193183963982
0.152142702979152944
0.268610687266473358
0.266784562175927553
0.145464569231710694
0.227204532002700244
0.220986394606500852
0.215815296940659040
0.201086018066937405
0.232436514728503629
0.134753382914453657
0.256923172302055580
0.250063745124769199
0.210408506058614719
0.202330268986590955
0.245293030842294729
0.239739319733022038
0.220595670660076959
0.087264899347431202
0.144018133368879642
0.186816362023311033
0.214026589238652309
0.165329785891398268
0.192459158143223091
0.264246844415992665
0.271535757208481332
0.177720837705502954
0.292860004773258409
0.241970759118645240
0.234254200125569162
0.231840553398376836
0.196715056687349649
0.185066099539136608
0.298973327558158364
0.319544538396712374
0.300439020241714316
0.110663530152087838
0.168908398792349007
0.186273120716821006
0.174020922201469669
0.271690063266143866
0.214783237554506873
0.122519882387358892
0.140706241783399105
0.267081898066456824
0.248769295136674590
0.212796695982464784
0.174960094716923309
0.091222619018567264
0.174015194686671926
0.429854145448078040
0.276851408837230639
0.253883300281586954
0.258946406453458344
0.237146475186905126
0.224139414986513824
0.367953552319815635
0.264088038978906925
0.183588710750993228
0.283743211842084175
0.277156193587733191
0.242337841478365901
0.335455190872493758
0.284623755836644954
0.316637360433143167
0.250081143555305141
0.102091164831959569
0.155634811362559106
0.363678466481294926
0.238585133198826987
0.210241458393954750
0.219959050097593617
0.285712541067574377
0.279489092545719020
0.335166822252548624
0.361295987410522990
0.241849988016007905
0.219296283875859699
0.266792871565577128
0.239827864673167357
0.335334963259784125
0.357069406860540561
0.264275419985739224
0.185649702084524582
0.278739457986398542
0.214119892266900869
0.294351072826841142
0.180297452884302573
0.177279813486373006
0.191876298041350507
0.308608937305622666
0.193694351307988760
0.162302706983467021
0.153649735064576382
0.186872986467620406
0.240988619433125578
0.117280653321246944
0.160298110911307357
0.181274816265193706
0.204966056955586423
0.126214910582206713
0.243754969038658842
0.263128983992256982
0.229135856850574082
0.222449916572523249
0.271771041533766744
0.135136955723711788
0.224715688716779244
0.235913934529877911
0.216879634945225802
0.207371238882789299
0.251438327099478942
0.251631299948422538
0.236031581305668536
0.097594154455530213
0.148260025328944833
0.220524168212611310
0.232051617318842718
0.172822459750133772
0.200792004901821808
0.268645033699379976
0.258814166751758334
0.183030630276591666
0.324008296694859976
0.224273191914552555
0.183070279995389190
0.177256667277212149
0.181770342043049066
0.164296775506712206
0.261439827658638491
0.231303921486428365
0.135201158429762158
0.103475620381351205
0.178688935121724624
0.180444470233016296
0.159184647657257150
0.187101882424847515
0.193544130109099571
0.124097578533559239
0.144256014813340161
0.173517969305330588
0.141786473467235080
0.171342711317873070
0.183421787324707236
0.148043439878992433
0.216860003850831817
0.197320225309498304
0.215095283524125741
0.172246653650894144
0.243393868687865139
0.273804484860564190
0.267046336836573306
0.357741738048571345
0.282128884111015166
0.235858233316538796
0.284282515085131193
0.249079670869151698
0.225256278022021111
0.356420452444553837
0.289366087015799633
0.323533302670406697
0.258200318036442888
0.114566814842885348
0.168476980354322764
0.375504438359818504
0.264622517768922927
0.240272757941406984
0.225654769886860812
0.300951634078187646
0.284196062017769813
0.328385906168314978
0.369273664787127087
0.270844060936727971
0.207940355810355249
0.190296913771657444
0.186542091162354234
0.324953816237769422
0.327577466645844639
0.231189762510892127
0.120753298732461725
0.126434250451512853
0.206335951782032567
0.318150483131694195
0.177605890803631011
0.144295846014999313
0.119596349588860534
0.286059958825364447
0.195581540805416537
