0.032048133153347730
0.077458715939280956
0.057221283842737995
0.037063043085610772
0.107250749064809262
0.083016482367525180
0.016292800617889236
0.049355652699230111
0.040324710889673120
0.007219720325849405
0.053570976570192150
0.040053952779126462
0.043554091851750215
0.064434788575305671
0.011675660440472581
0.003021084542717689
0.004344898464711170
0.037851619216792247
0.185189700886769726
0.263940628573475666
0.338181516538931248
0.182414602863154529
0.037034047612325018
0.066340415955328524
0.340559202078250356
0.343935648904309110
0.400000000000000022
0.278059574731133241
0.056066013856457098
0.012258031441617452
0.400000000000000022
0.172760562754664504
0.400000000000000022
0.375329547267639896
0.092285529767843835
0.011961498417682542
0.072340102897566733
0.075820682783763096
0.053952579673236911
0.049797931756745552
0.141738329844242616
0.169577131519725505
0.243863638740634880
0.400000000000000022
0.400000000000000022
0.361788304782120429
0.400000000000000022
0.400000000000000022
0.001681163518671467
0.023745966739827571
0.052689499413803249
0.021432292258381676
0.048227637699676584
0.083316161480167517
0.031046520558227937
0.026980631628893630
0.034812909991569663
0.024244801027101266
0.028643057847475280
0.090411319148815436
0.047701587480300761
0.040663329379655055
0.001477115171044705
0.016952577446307592
0.016070268686014445
0.089762908304113265
0.096453141499306796
0.051917138774557774
0.186360888597470131
0.031468384307485650
0.006178628553166078
0.081340055043414419
0.241922591504119933
0.096998543607916043
0.080784378766250886
0.081241626720440635
0.021555687626587560
0.061366044926521576
0.226556439560707978
0.112724577911209378
0.248492468091416813
0.325267685015489527
0.156073588874350133
0.007997149027886294
0.052166836230582013
0.100630867061384188
0.133217191002982627
0.060856745462792197
0.026715703446404834
0.100968014855754767
0.222576067969876279
0.400000000000000022
0.400000000000000022
0.400000000000000022
0.400000000000000022
0.055259424957575541
0.066702903535943464
0.061608643340172103
0.081522065025511861
0.007824503150371620
0.014411828321888150
0.050391818626285029
0.127799605197478766
0.143653415262779971
0.033741126432797530
0.012461469576695831
0.022280315412380465
0.092301667357384237
0.073448226684324519
0.100824178177696372
0.036466618952534599
0.015598797068044450
0.016306861181441017
0.057881679748297860
0.085653621154052312
0.093544955230311075
0.105143934716745158
0.028509826001814498
0.012157013554071977
0.097765710532790914
0.060696924486363261
0.039400489852821061
0.046717553246518113
0.062008904092154593
0.022412707615940303
0.079970181328326423
0.029609850112655711
0.060050466143832526
0.245381574066326824
0.245149661983664835
0.085107750825887701
0.029928475309164395
0.079274861542752456
0.179835385333477038
0.035069575295526220
0.015488628176475363
0.003534980236040071
0.272580127920908633
0.129354647370621190
0.158017590961934462
0.011428956523210645
0.078830448761591537
0.077249433554073932
0.083329426860854122
0.093107873736863730
0.050155701494992544
0.138969629520706184
0.028120980179328361
0.008023633537938748
0.028151601384778513
0.017001047691632645
0.028608367649544372
0.400000000000000022
0.108982764655777761
0.052158268612241279
0.015209874148025330
0.112437472324941334
0.025837399816879426
0.216887018632714368
0.088259686179067667
0.024608628490261207
0.030188429037419983
0.073173139854539299
0.025951132051766381
0.104061718495904065
0.095503756192163322
0.045638203184034200
0.031743969338455684
0.041386369260030399
0.055873255357457408
0.026853946505433501
0.079789726068334899
0.262550539564580687
0.122141022399064117
0.020925316762949772
0.016802876487650276
0.097386067331943077
0.087915371157900934
0.064890717717754870
0.014495603476635789
0.022247494575279511
0.097034720577910710
0.034105826643573922
0.021438583741122248
0.016681109394245656
0.096123875976768330
0.035736615807907109
0.043242042038969801
0.017490647347598410
0.078306132193462524
0.038258294294484005
0.058664919452780899
0.253802200691531643
0.072975162940083133
0.217802499050737397
0.117955166827964530
0.027989584887692060
0.049414588699663524
0.144514106928356423
0.161286194122356674
0.296479066208883868
0.335185453643203846
0.396955308839771037
0.033832191189652160
0.070870717129345215
0.126108880222709746
0.121533795416632368
0.307137233209311078
0.400000000000000022
0.012503505641737460
0.028709132352676702
0.081624283388930227
0.054378871782930993
0.248871015606123180
0.360704111998520649
0.011649733099830752
0.015945711881251799
0.039230597853827549
0.023744822863461551
0.216241110400388264
0.400000000000000022
0.016736144040425775
0.011786347233001860
0.019937921229156365
0.222211459104681541
0.387505296808250854
0.400000000000000022
0.000000000000000000
0.030220914262901213
0.085435203906336965
0.108267063604380237
0.331970937526905541
0.224860494580311432
0.064959732557747021
0.071378792349554188
0.065531236179273936
0.028928926720985439
0.160140631860939547
0.110284883941624431
0.091632282524632236
0.081146574043235664
0.081120045320413642
0.400000000000000022
0.140987344607946818
0.045667843587364719
0.057070052035583782
0.085771138035848696
0.018645854624672407
0.240111476769924503
0.193645791313131366
0.172804431649735191
0.034269413476930237
0.122749197667456164
0.088079073758962317
0.400000000000000022
0.351048832588815474
0.203405812960899851
0.003900672878481796
0.041873819743140056
0.047326736952080596
0.185803175089822831
0.337104222903086115
0.354111384231865722
0.027325256811819475
0.024353689074335296
0.028995601822416055
0.007910000672130263
0.036668431769695073
0.190968888759531441
0.018992004516384199
0.038271231649873505
0.140693804406609974
0.196075521029307115
0.241411229579348685
0.225834224772775288
0.005613449951575049
0.053384604803620873
0.048312813151216542
0.104155676670825828
0.248056044126990893
0.116226265563890513
0.052196300740812912
0.038064225370816815
0.048350314145682895
0.049206137887640111
0.151504571789744219
0.092760139936308939
0.033940911413635512
0.079515023730054729
0.271434659353819163
0.211696942902878660
0.087453318390449605
0.034562002777657225
0.067361319046357546
0.052436461652279061
0.385782592752846210
0.285242031358885373
0.090548577600583796
0.037108926753032859
0.064703834671790222
0.081220199966363246
0.146267798339179134
0.400000000000000022
0.258159838358807403
0.078684666641549744
0.032497465296466993
0.151751435093367693
0.070157932851119223
0.188872431554438225
0.203133126476192749
0.051595671827923302
0.008362317873270714
0.046621352509111029
0.028948600272699940
0.006559068350040660
0.014577489534965337
0.024740201030868554
0.023931161864930404
0.014272291295271819
0.080615758025542106
0.135121409774354745
0.104053495166549145
0.052066958120003975
0.020120499210323415
0.016533212820429778
0.051971826880897104
0.301942647280520116
0.038535255919820335
0.041956715108187673
0.025507555314443993
0.030341898980906210
0.110788531956450637
0.015555819583696832
0.013457404892972015
0.011528088084352005
0.009076849788075917
0.104201853700621988
0.190802669975055655
0.103211614361176471
0.103619758424905964
0.206660975860533946
0.249438068097311783
0.071161740575142171
0.355556461929823708
0.171164400136189693
0.072021568603193004
0.016384075872896760
0.069272686456273658
0.126946072525326414
0.165293746225162019
0.291698041450693946
0.091071152552765378
0.010219734397289622
0.014511734599906097
0.109560921082833496
0.042140187501220810
0.116805615766627985
0.167946299572509450
0.072835610023132907
0.001988567257264488
0.060616611879110993
0.016038175813850038
0.046804908802206523
0.041653323197364422
0.042025057390186291
0.022969052346135339
0.049535605587670242
0.046784379395324802
0.055412904270746230
0.047796098509938462
0.047139961208977385
0.040524509951411422
0.097591696087269669
0.057696023986267025
0.105088746797160237
0.091870207661792130
0.347552157620199753
0.077010381905732977
0.122728239789702057
0.175526479934650897
0.038102483478335475
0.061484270452363418
0.113107413414962332
0.034004589387226433
0.047585120456685635
0.081786247785158889
0.013582445066536322
0.103788340166446183
0.390564982557953189
0.400000000000000022
0.064663255680198484
0.129828953970598182
0.035899159388895818
0.019277058200555062
0.010707628206164409
0.045550527931532234
0.105444257017101584
0.108879718509414219
0.224155575140401714
0.058454084520807900
0.005750655902733605
0.018507041259203185
0.254182798641402141
0.140894567958814276
0.136753322811385719
0.125346826539126155
0.093142929529488216
0.011024630936355081
0.103810328172728852
0.234378516212569221
0.213113203705318444
0.126596485680717408
0.045684312646217161
0.036330728381420971
0.175742993984049273
0.151397795923757822
0.108185581573731482
0.016595601071914098
0.069867965621630168
0.067087262889359511
0.142707187521013051
0.088356156320525431
0.144570853532675847
0.139742845710847885
0.139434916768653966
0.139104577184207850
0.081072739093285939
0.114483362418764223
0.135681152008292311
0.104807603089290019
0.140951785613756264
0.085781192496846737
0.071297614136832790
0.068750509403756058
0.009419480110780688
0.053150557056042075
0.135693560403742752
0.239855848636336744
0.184700445858780843
0.223539370735022197
0.056270311091858913
0.019252482005721515
0.007997748869591292
0.043838450140900188
0.242138201166500200
0.149552232136815372
0.324305041969963403
0.064931908575864505
0.004627305303665648
0.021545720944937757
0.369209671293357855
0.346708825875613247
0.268588297629319572
0.400000000000000022
0.278217578432302048
0.023003396516677016
0.308660287966686153
0.400000000000000022
0.400000000000000022
0.278360544642790197
0.077553537736864089
0.024531601905144383
0.253672555962353052
0.095600871497925011
0.122791205832153916
0.033415040313672630
0.049671859970583487
0.043484511112709630
0.241193073999786622
0.306218764968593904
0.396053469991378582
0.400000000000000022
0.268011628797306778
0.093036656193155348
0.239165522722209312
0.224227023145894322
0.174978842969435222
0.106736656013234177
0.238649236434175183
0.205084484473305600
0.077486881714543890
0.045047757851555070
0.014081812284203587
0.011601832816976560
0.087053650983207179
0.067579537138618057
0.281439179145099916
0.222235803652952535
0.078382446287290200
0.008250613476854461
0.001170955972495057
0.037497789428768483
0.304608121889923755
0.106325434447667649
0.076808048039695390
0.010298838200728511
0.007131460675719189
0.088223479309231356
0.213610329440372448
0.302851507052992241
0.229730913334642239
0.234614069459809588
0.175423909440797360
0.057083523258739707
0.120166025666308379
0.104373288191650301
0.164720027776649347
0.137048739663887809
0.107878408781826904
0.164345408012245398
0.348514477029569614
0.094684906724415319
0.046882790216208073
0.024377062532794761
0.034147787721472173
0.158683872374380586
0.265138554358231970
0.328338596512872061
0.233448154685293841
0.274123118567034307
0.166411052194253561
0.141309166913761691
0.118724262131589875
0.170862227522045995
0.186802863931404883
0.140039022120197088
0.217340916099629133
0.378548983569610087
0.075171862641939674
0.204202949378727322
0.178136531141833754
0.039288905331906016
0.049858068281443402
0.024326562409114860
0.293761012560113333
0.165549981717013767
0.073771440231756233
0.098795349829223514
0.043438918445546648
0.054908247761376358
0.228652333985261413
0.122401737210737480
0.105116682037053627
0.096562744683486329
0.022098745671684700
0.137040750646794746
0.105114147104588398
0.097818667636917087
0.037460060741648496
0.085178372950522940
0.076366077067351407
0.174932274323953474
0.025923550280941329
0.068007330005443900
0.050183390731616859
0.105093190677473289
0.073463379671032961
0.138623098918776250
0.364788568519100243
0.092011024193708907
0.056491526701196608
0.038260078014142142
0.079502691563556077
0.127907756470033829
0.157207795976846504
0.089459955583597872
0.067595838275634507
0.142080537237587706
0.086075083128832941
0.072111722375021420
0.085862997344575032
0.134463206115168349
0.050605598706436446
0.042425604601963922
0.129745161550949395
0.084823499265413715
0.178573564557748365
0.331865754193377160
0.194626382812878362
0.012486185703663298
0.009860933741750242
0.042641299599271112
0.400000000000000022
0.331805797393062485
0.118647490510686793
0.103273132434374498
0.140125383369153284
0.149924660725014980
0.333053924013962832
0.176473674997303515
0.078501668729102858
0.161944937593585248
0.280711469564433602
0.253777220213249277
0.053881889570581598
0.120403335158073443
0.079211850610020534
0.131141905374236895
0.152930351738550518
0.327819169304034264
0.011936843342162395
0.015079572264188670
0.037418801302129587
0.028883876432001434
0.118834974364985677
0.297584854629918127
0.058104597259674443
0.060915496317920648
0.035968614291642637
0.073140716232093644
0.220536104727010934
0.224856447009051608
0.104046550389815667
0.049601366101332915
0.047893302428640476
0.051342364984202957
0.186063488067140459
0.070423850781253822
0.116671100684230478
0.063023950988776306
0.052598389692547015
0.035202678051266270
0.120321141175771751
0.114942961312015396
0.235254321452687765
0.348335571414766898
0.258359643278800899
0.059707997009596309
0.041820187097264983
0.068547871037960451
0.309110439560952299
0.233368912926817440
0.214440011813404829
0.309817303716627857
0.400000000000000022
0.285914014697249641
0.332295009547556530
0.125760329449153163
0.109224628984062211
0.334334830011075057
0.400000000000000022
0.320379930623656051
0.079541906888938779
0.102126064690950577
0.166604397646331837
0.152393286057673355
0.361792834611019631
0.302634028032995994
0.037646625690554589
0.031774169096386071
0.035321306158722122
0.026632184534731693
0.286827594406385722
0.341861857961338167
0.059491639714333133
0.032345561000572676
0.035006360684063931
0.247776319838297288
0.400000000000000022
0.256348789321737713
0.139411880072351030
0.037483036305895258
0.034795589551006222
0.197549152523061627
0.296009786594650992
0.187406740488718720
0.095834718825066167
0.017824849194553155
0.030857252537236743
0.017806252316135630
0.150264885963030642
0.157078940945935969
0.192165796682551626
0.392571819808523403
0.155812946677645392
0.060386601709253841
0.072698937959948057
0.094357915757068922
0.268784093995274143
0.229118501567957822
0.105054207700511326
0.230243526808741994
0.352781445442223229
0.158443901379132640
0.299646780230096776
0.139770853137065748
0.111155075850059820
0.199527652813882961
0.339209977128996198
0.217380929327980588
0.051605603478689775
0.083597434499026901
0.070417921885658430
0.056101557716466618
0.287217854520330496
0.235294622542128712
0.017545902353591474
0.069531285791008396
0.022279857089048248
0.028501172988753445
0.202965431530964358
0.148131055983621335
0.088157550501330811
0.109679167054835630
0.029631932669731607
0.208347338379893998
0.322339380312861745
0.240945336542506966
0.068788904042823215
0.025653455415813004
0.010881409454383373
0.137132535983858189
0.166187340551918639
0.205470408263792759
0.045338739552808302
0.003735202887785417
0.041442295119077502
0.095748381440093538
0.094153827917782595
0.107238982327406474
0.069540230511435958
0.337157340589019083
0.201025327644273000
0.152137373346915933
0.153450556545422556
0.118744880872701408
0.056249392175021104
0.160664424102954118
0.059066012845661695
0.046011057648739515
0.148393816831739800
0.111941864772803892
0.043721425046340565
0.135539543112122879
0.075657990306964157
0.023447530653752935
0.051896094972292903
0.118924801416645548
0.046463005257862400
0.079764163046345357
0.034801008442793213
0.008457202136899619
0.089953416216021445
0.127697204205847403
0.010476806243683712
0.084809896711668192
0.012430108481324576
0.020856373673054717
0.094847707898179034
0.179645704812898266
0.082909437180048673
0.226028044971537029
0.014031974977508417
0.022754741364291311
0.216010391492428483
0.298849552146985553
0.057314391133957671
0.053731972585886190
0.017440306527013571
0.026505724785781115
0.215341663007206863
0.207924051782645808
0.181869467159838705
0.042903139274122676
0.040608587140156270
0.135625611145800934
0.057019371453049000
0.059230175446440166
0.105133211282701922
0.140889035334933327
0.238140658145997053
0.400000000000000022
0.400000000000000022
0.139108324468784184
0.011655115697872679
0.089557987790766319
0.076180237963101319
0.151487107329838888
0.393177529817118954
0.094528465324557512
0.019149095692386976
0.036027933362430091
0.022995446554608723
0.008664213961031349
0.016663162816739352
0.072811155315707310
0.095021573373249651
0.076797143173680721
0.036955617642221598
0.000467470059386959
0.022860807649168331
0.068264590674527864
0.112300232456500407
0.078977301667653987
0.032513306684150034
0.023915379752303303
0.025893953183171840
0.108825603357054823
0.242295083439478365
0.167796472010423747
0.088478209300293806
0.110996408933201257
0.080684243264274924
0.027808615645244034
0.128266983281405428
0.092898702353067131
0.096999985074133446
0.012527400676473077
0.056632279906790761
0.064585499916022068
0.042194398511265670
0.009991354263827761
0.095780695183515216
0.077343933781250776
0.104468266950851651
0.084674349461687393
0.032636824351315492
0.129411241365487845
0.106152272463941003
0.400000000000000022
0.258599076664704941
0.158488591152451480
0.040732796193719778
0.086755142719614042
0.023658493975488800
0.050289006426295489
0.086373183460617634
0.114781674683061316
0.033922713634521290
0.061304953062104608
0.030021519314195368
0.013772832258805340
0.010483009969277528
0.025456305635742065
0.154783814031242944
0.165695396637807218
0.068746472649604373
0.037846701739396804
0.044868617220384828
0.063124911555822408
0.195717701064301419
0.225899341667068793
0.111737355678572348
0.071806246531465806
0.050425443900206701
0.080918130375217640
0.210819482626917687
0.237603506567021450
0.333759003628275708
0.247888158526760050
0.032992795069181541
0.024666443463040595
0.113082411770913480
0.115974463562150965
0.139392453882907330
0.048685225672028952
0.034926791562182799
0.070870012220493550
0.126488658706932211
0.038486535643916533
0.130537737072483340
0.187239877052265830
0.118923025390007917
0.174250925374124899
0.103345747290180534
0.146209225343037014
0.066640763953518700
0.090213600141652833
0.242944309468552028
0.317393973560525622
0.200993246476670107
0.272895023434252315
0.096595021981532039
0.026472202331570924
0.061568725439783430
0.083892402920026657
0.285692293018250443
0.213987020712121029
0.332345383594683796
0.067952993118582189
0.008972203768376819
0.059397340161729997
0.400000000000000022
0.400000000000000022
0.400000000000000022
0.400000000000000022
0.315251626044627087
0.089343812472005540
0.400000000000000022
0.400000000000000022
0.400000000000000022
0.400000000000000022
0.133619551593321145
0.036789633346761837
0.400000000000000022
0.268361434252589515
0.400000000000000022
0.389840302132816063
0.141957389738427336
0.055446009530392179
0.313533176897353327
0.369973601471180302
0.400000000000000022
0.400000000000000022
0.387545426225513134
0.262613787712880797
0.400000000000000022
0.400000000000000022
0.400000000000000022
0.400000000000000022
0.400000000000000022
0.400000000000000022
0.079168045233215370
0.068793724591382638
0.066771311698006847
0.033034125075358231
0.135281288682883777
0.150895698618785573
0.312485699703327902
0.249216435281846144
0.113195356278859877
0.032495414503955725
0.029814013819970338
0.127909108577583919
0.342731372146416025
0.146988763827322677
0.078285163210740083
0.027251415647036099
0.023201729361733633
0.177986387613344649
0.310063470939679287
0.354768645827549967
0.379771144064851685
0.266082453767295224
0.181602537993963420
0.138423578302154127
0.348599577849398212
0.201371831799566331
0.245504406542900233
0.218290366384328444
0.129434096408414440
0.225711452938766960
0.400000000000000022
0.207409484635624697
0.295375258307624844
0.347569375926606805
0.190221376595822333
0.166681021402266871
0.317305390588813907
0.378569211802724848
0.340252455295556366
0.334979864029826546
0.193126755640658426
0.242277181769516459
0.341300330101466154
0.400000000000000022
0.400000000000000022
0.400000000000000022
0.400000000000000022
0.397715976407548633
0.141874766177883110
0.265811592718899481
0.259658596167345657
0.047113408482277637
0.064269896603331544
0.074718381035399892
0.399846203247318566
0.309203396979793710
0.107512566664553763
0.111256819405919347
0.065719233857927120
0.147209915118760609
0.302100560669585905
0.223225915388433838
0.141583300989588268
0.112161541751530786
0.038405606853125725
0.194922430395092605
0.190767768258640752
0.191363622867228189
0.142603995458393640
0.113688198952337421
0.088523090621423384
0.272697984856744402
0.086620474767304598
0.107407819858264961
0.096900943978134979
0.167102094769627896
0.095876087286973263
0.218593280247102673
0.376501014951131752
0.152061490337541405
0.301873100767523439
0.283409739997806998
0.164610442389443778
0.157836231779198199
0.236482657519598960
0.269295340917074966
0.102665413571160741
0.157569165414063073
0.089610063364873024
0.325724645746888253
0.215217644715196249
0.292480797077102783
0.062034555229647098
0.121256053363555466
0.206994595105023327
0.168152926126267865
0.271681438294612054
0.371746828193895706
0.333596012333584602
0.040607165882991653
0.017884567279688988
0.070792900984049612
0.400000000000000022
0.358276066474192967
0.400000000000000022
0.212255897090152273
0.192283651981394577
0.165134534873040306
0.399208137100310723
0.202311074814182923
0.295388687361817226
0.250204623772652901
0.305320098054694788
0.283561032404422098
0.127055029425120924
0.146354467209839828
0.183273569105924572
0.226645661566400231
0.198568554922584684
0.338632264799400007
0.053323212602192790
0.070952827621646064
0.064272747807563091
0.108673602500336322
0.377471738768232146
0.352299561053377119
0.079029914022624201
0.077718372805570923
0.133354681623585714
0.161056087389994579
0.285426822444765749
0.239352050485687418
0.126294044965095165
0.146636086679243632
0.081999129072214405
0.072780948725325215
0.202744597461386122
0.166547726758022152
0.152407716492137579
0.106265993027746142
0.070089037040145408
0.113508810244728794
0.158579435470255742
0.173607880764796302
0.400000000000000022
0.389410257544572147
0.400000000000000022
0.177663163837560839
0.069809771984957039
0.117962459737623981
0.400000000000000022
0.382813436732050871
0.400000000000000022
0.400000000000000022
0.400000000000000022
0.305526562094627696
0.381122918504584962
0.251869209671862881
0.230758424400694578
0.400000000000000022
0.400000000000000022
0.324114312969777552
0.108251039241615471
0.183750348079880832
0.220983269429262830
0.371250105989069823
0.400000000000000022
0.309330425387526642
0.053592337571806391
0.071004766950213627
0.059066129022183680
0.242873294935119943
0.400000000000000022
0.347934648633967891
0.071277986947334990
0.052283482229729047
0.257217819788745472
0.400000000000000022
0.400000000000000022
0.256348789321737713
0.169632794335252246
0.122918240212232216
0.143062653155386466
0.400000000000000022
0.400000000000000022
0.252366473046465700
0.167213511174620383
0.083356085373827105
0.059786179258222175
0.177946884177075160
0.260549769904655115
0.248711223470568232
0.273312370725787290
0.400000000000000022
0.400000000000000022
0.201373946317200681
0.118366781547312769
0.151427967792652690
0.354555232031122880
0.247764356192630236
0.344851121692736184
0.387958326117756158
0.400000000000000022
0.192713314856062856
0.388065723722672340
0.227849926896028121
0.400000000000000022
0.400000000000000022
0.400000000000000022
0.221281602206462397
0.093479423221829838
0.130924171451107518
0.256221096975481288
0.370214747047988735
0.400000000000000022
0.262619879353948149
0.041899591427926770
0.098526887613424444
0.030189857761178513
0.065169604758448518
0.383311128055448980
0.167123060500005527
0.126428782151204316
0.250372971461445604
0.225707453699038663
0.395311340848474080
0.400000000000000022
0.246558786494082000
0.122173508846444082
0.073966268567029564
0.115037086125209201
0.373117985301828381
0.282413606115809124
0.257666709004605698
0.083402964923625117
0.052085517033468309
0.090648433006717613
0.247252953229837757
0.186913967854091506
0.141179893741041979
0.149055254241490659
0.400000000000000022
0.393873644667389278
0.239590691737365524
0.188012559323079781
0.186106199919058968
0.108685853827300158
0.400000000000000022
0.344242735081436990
0.136559635249323297
0.185502743584772645
0.176645699444594101
0.124941625012703825
0.281807341451302040
0.400000000000000022
0.281607369012560393
0.130580761613842633
0.151422266713112513
0.198214440351230120
0.149922095897464580
0.223673439997231438
0.211590328613092377
0.141549088043944754
0.136059522079118089
0.057098158752794725
0.113758496984368129
0.018989176831365241
0.035433863208020056
0.119587908929047596
0.203576866677828705
0.097181728475320486
0.306643802997079162
0.149153384751863183
0.126808236530840446
0.268077349612432458
0.313023244324326211
0.073847603954387456
0.105703799466783280
0.313370169716153724
0.065040980705601451
0.257298378115394522
0.233431607097089766
0.212211366140744928
0.153691671230573312
0.056164406723853103
0.149083016038772942
0.068547459537401004
0.068307025234516081
0.209335064983323910
0.331691705309988982
0.341352272507173538
0.400000000000000022
0.400000000000000022
0.341272572952051101
0.082816856273014855
0.394805360881447243
0.247344638099291025
0.223508675933031919
0.396698870377647617
0.163801151780831183
0.146095168217713400
0.201321679587592089
0.314693488005302613
0.099735366513796719
0.026882897214028974
0.087322889915613391
0.204582494456083147
0.118937330674901531
0.153761233408849562
0.168413769631896387
0.095696417672301248
0.070253157931792362
0.172916844335611414
0.095015477481504018
0.079318215486356564
0.065568702949667726
0.067919010573358141
0.131794655703190156
0.291830689027148593
0.214580851405748563
0.143891113571040064
0.158792507443139719
0.127824204473252323
0.068333125596655456
0.225858679368675097
0.150594726339334156
0.202088731871293670
0.104397608338265183
0.385184451195805466
0.141595881821755060
0.164922638300967733
0.185517834198478671
0.133883178661850677
0.138828204233614194
0.217575680365813984
0.118678938848913840
0.080221944808001142
0.211197489150646733
0.119734717530477319
0.400000000000000022
0.400000000000000022
0.400000000000000022
0.105396051873918248
0.216584096690212224
0.059557653364384622
0.069566064626850554
0.097080811666782049
0.160332202614593550
0.139366970651622846
0.170184671571518842
0.254177094454597019
0.072226916779613251
0.016233665872011131
0.043963346894945257
0.372635005967064059
0.306589964596621523
0.205499795460990065
0.163193528278522959
0.138011546749873037
0.074149542492177492
0.299528029237030313
0.400000000000000022
0.324850559383890736
0.198402732212183186
0.096109756546423869
0.117248858756638596
0.352908315398875627
0.380964415614620744
0.390176841983743361
0.264483759598674151
0.102860760690811695
0.091753706352400113
0.255789599291926517
0.204330619882676395
0.283963307415583177
0.188428071382876816
0.174361708330836779
0.209974589404701428
0.207561397800218150
0.152969898062680743
0.266218889080775623
0.292047480141555849
0.259874811003764139
0.260032117870971691
0.196405341214633572
0.314533276282459862
0.300737096938545945
0.210564722798549375
0.258279779717412006
0.285254586371883112
0.305759246002395846
0.363400845664287764
0.270797377846991816
0.183994323063048443
0.277786295466441846
0.258395676922600404
0.381097242722472362
0.230950713815157499
0.283600433212587044
0.209287237323301983
0.235195406503126758
0.249228191047159708
0.286408694774975103
0.241340241885934559
0.263783772659517857
0.286417219158282554
0.345127994041688646
0.254128032076938848
0.230381026490223989
0.234016680891680401
0.194288336551641128
0.168064941329557516
0.260208519965626273
0.288696990032564327
0.378717273579987412
0.251163926585600994
0.249501697068746003
0.300070579080409072
0.341153296635711201
0.250723337444777039
0.233886477415720634
0.162705088681143001
0.203380890713267232
0.249489213468041593
0.303182515719955303
0.289309658689496096
0.207424500329403877
0.214936489199057001
0.214825959148478546
0.265468729154438088
0.312876913299886039
0.308843044378445952
0.211959038705361424
0.365506641495209283
0.328352591633577939
0.224366324795606198
0.227310292947748960
0.181615602623090594
0.280700836841055512
0.401665671434175753
0.313367937900436988
0.259191529998593628
0.256311118393948767
0.107497252324948930
0.279268301124130702
0.271554455518660587
0.363544850671330244
0.290558772259017717
0.214977851965186845
0.117644059379656940
0.215247156148222540
0.264388212970886882
0.321530302929837475
0.354255626826724290
0.310590807097066157
0.158106733000041938
0.153011396330095750
0.219358650209434847
0.215279460027360592
0.227613538731406440
0.234054289571107771
0.163564507093330813
0.278117825096552307
0.231132271829803171
0.344369593641218219
0.362119092178036894
0.292200955188817335
0.141232036824984697
0.258070465803909466
0.238901653897604455
0.221890697218493471
0.268950543786737883
0.270481300516871470
0.169841514845383568
0.269552878004729823
0.287441807770268287
0.215763223489538747
0.258780968212156126
0.303436208434263888
0.210675934914237389
0.206454670411554270
0.309617156469845445
0.287890458352096090
0.213256277909594505
0.269283998563873139
0.295572700879786487
0.276818608597823979
0.306633359781801673
0.249217674731718020
0.209337450222806115
0.302897994778127233
0.229320827920939441
0.302367437808100714
0.189566253587717948
0.280414277925950362
0.205135006381668011
0.229232610572933843
0.252614483307592452
0.305447789127839542
0.242748238548253226
0.226824886836586886
0.236809961125465235
0.287438366686356417
0.270994253466924573
0.259269300994293295
0.227216400229222681
0.189935795164227789
0.168164396099762442
0.263724967916580011
0.267311373295628096
0.349231601453826423
0.219640568809347958
0.262907653008757569
0.295771268698811318
0.316662767612845397
0.235666490941861428
0.228358006818983134
0.253470232388406436
0.231681814595491697
0.253937873134479630
0.344605538831457114
0.342898331157275249
0.227572518544679359
0.238612124443293522
0.225755584269437204
0.257717287130109385
0.320399650885542453
0.309536353079571613
0.232310863616304264
0.381796275809212327
0.323957270382909945
0.217776454407248937
0.231480559352237159
0.190638779137864478
0.295007276869925283
0.362437536991926268
0.271222954058280841
0.234183294986602619
0.277428118949259894
0.129509313136038112
0.273070132635417129
0.212802374766523777
0.315842755773312667
0.286462172674181448
0.212583222641735015
0.112665983980464637
0.227986887311085462
0.285426118231631387
0.323406134286522096
0.313508645165209265
0.246198725124176759
0.126350690897994000
0.194679852921376018
0.244413680024471502
0.210876394410688894
0.217707391085880025
0.234164898705709223
0.166263948925047228
0.255142064882343922
0.202412639774481290
0.308195931991722960
0.379862761660763437
0.289365210278447471
0.127221419459897067
0.147493538610208336
0.233254637517357449
0.316426631485765775
0.306045677188814202
0.276427848227693951
0.193154056685675007
0.251103640167299080
0.306204430388475835
0.239601083406772775
0.277969968483384067
0.296010423334952533
0.216303818243482132
