0.105055478351598966
0.074564915076666807
0.251441474432193557
0.321510069100264639
0.015911780753472642
0.055262178519204196
0.101990094150262445
0.059045495795307851
0.099312811911304005
0.264177488701977603
0.046535027070886692
0.005232379599037005
0.123447879487471518
0.072228239796921140
0.114729129984720235
0.184685791423739365
0.088402493365276488
0.014191805045718538
0.047610462736145762
0.069567541052236392
0.107452274095793041
0.047001215760854607
0.021055048303333931
0.000989922978950659
0.027544318196844317
0.075441804622230921
0.080942411162786068
0.086414751149215999
0.008315251383674753
0.001480214803967262
0.086045583950272925
0.178642153464110082
0.122966104555566696
0.091418664374187969
0.030635678551860460
0.008685906852399594
0.038421833814191467
0.086313172262530796
0.100998403009110130
0.110200738742522744
0.064712452757071340
0.009839992377075262
0.019205508076201860
0.034196792696843045
0.040451081083366980
0.068439581241462225
0.014484010298344337
0.001129913474075415
0.171422547128465913
0.062155535696234554
0.064518211606571924
0.291822192433433547
0.048405908268025030
0.071489878474158081
0.212333493158429670
0.046780451094581121
0.079154579185067797
0.261701062664046302
0.252102270281024721
0.040209813505542209
0.138717865612931646
0.084989427553619989
0.172697354525106928
0.277619798548608854
0.144144163095010436
0.005707542263058090
0.030708494813303237
0.109479738295344603
0.170892069757574760
0.142436102525963088
0.048225730505441378
0.007325867624992283
0.035235874562267185
0.090956986186834926
0.056791175822346149
0.109612431082380585
0.025592337635905463
0.007850749792811692
0.067819479537874969
0.169230944816722628
0.088651882489223441
0.192067054828316069
0.063515224875438786
0.005074059101959729
0.089435192247775352
0.127378991631626470
0.039280359485961813
0.085752886892773633
0.056697724889851885
0.007793119564989957
0.020340455997230028
0.032679640402715857
0.026139332063413116
0.036071741280181174
0.035227447993746858
0.005120850706733801
0.100233231169199299
0.122001875759125550
0.036807623630199321
0.365268428055638195
0.234689475335070952
0.084029737518838243
0.256364560670900077
0.118202630420393820
0.180876359401176134
0.093045558576829057
0.379378594764361254
0.045203314114282786
0.091654941763461964
0.105708856143597749
0.293259434686407972
0.251197147069651128
0.206568004712567393
0.040454856935182443
0.055122918270745551
0.064771990972528531
0.316830266875099631
0.138946168053988045
0.020652541211716183
0.010026841781772442
0.077418825256498305
0.083154174547909354
0.194324821634206168
0.081073328684097140
0.034407648932915050
0.012434355189903910
0.063452140268516116
0.111761516826639457
0.209716210804519188
0.145188581824651081
0.052631626220763186
0.019643031606485790
0.115477002207970553
0.169973299492673591
0.141886183269022026
0.145373470698911905
0.057276176484425935
0.023761970085184769
0.021552466471152210
0.043098022049268797
0.037525392680175532
0.111137935059075807
0.065774933945287412
0.015021090433973733
0.113390862088836114
0.400000000000000022
0.080124615085069295
0.083538959149230485
0.254607328924635778
0.153639161884379427
0.175175719187963513
0.187142845509766675
0.160014709154449319
0.097107643589925796
0.216402273730488620
0.145076221355564527
0.092954855105379541
0.036483660042198600
0.120945770663541008
0.078220715183192138
0.091434019064532995
0.153294329257018552
0.085388457526652223
0.061922465361478864
0.130863429435853190
0.085055294622462668
0.054206878159846733
0.074658749029879817
0.063526093788253954
0.100513030687247817
0.091314807935020351
0.152098742049844998
0.083788802674327340
0.033268997010293073
0.080962294920452316
0.235634957757378333
0.253978382775591316
0.106173455740884062
0.098628708238577237
0.084993229680222340
0.063893502572756902
0.299099993315515345
0.400000000000000022
0.110072447010907876
0.068364982709360089
0.039031473776325279
0.061365423590561775
0.171486905394426958
0.128187749107536164
0.073865123649911379
0.160168156295474540
0.040654847984279034
0.146426701534361686
0.295678797416312422
0.094498028900792952
0.069092599231053195
0.180316614790945795
0.361229777644897054
0.114226025680909921
0.224088727507068292
0.255224929195724315
0.153906686515893454
0.158440304990418557
0.399648592800739832
0.154013878693939898
0.142101809118250544
0.258490870456713207
0.186880515179581069
0.254836391380230620
0.400000000000000022
0.088559939761429896
0.098137883277111287
0.239763971903118461
0.170286911678112052
0.324246229874215863
0.400000000000000022
0.143636657209576940
0.063466775523785476
0.261377608682459683
0.164749239936718889
0.323317516436957941
0.400000000000000022
0.117639106681891897
0.095830346996308241
0.206467865592129984
0.217646289959635419
0.321991443760027418
0.400000000000000022
0.076320333779853256
0.153972672327361310
0.171297461610814522
0.227995095590072028
0.384444962313506333
0.376919943759521092
0.042995529339664836
0.132267671435894130
0.084687763410458597
0.168695006561614957
0.263741416196032252
0.197346914748880664
0.150408083177095919
0.352211778322733760
0.105739102638263152
0.035000159226715510
0.182799778910848365
0.172885297380045100
0.113957108394920542
0.103832612810144692
0.221649394222287466
0.127865176725140139
0.158253188068463307
0.355470471656108067
0.095258777572288150
0.068750941649165176
0.300930878097615317
0.186901638793412400
0.144050730007231620
0.282078732368107599
0.103025041357781955
0.114337946412409575
0.375532416282963522
0.118442924899110152
0.283976516396400536
0.400000000000000022
0.080265476640580508
0.102753390167295650
0.376150341431881086
0.258202273151444395
0.400000000000000022
0.400000000000000022
0.068208962956721339
0.078543609104300888
0.209884807629947989
0.264836817665594415
0.370927065266011602
0.294065936194370492
0.062391971786972519
0.089000740551062371
0.116199249767720794
0.230994283904017966
0.400000000000000022
0.318623089893914080
0.049846220390652049
0.086497642640771311
0.067452473748994227
0.135417808651448063
0.165127365911427015
0.237834857728438681
0.081993676923439535
0.212196404239521019
0.109548362196718263
0.027398019661146460
0.088774931785185959
0.178917696479960669
0.065227759358446297
0.185698763396180411
0.229845407740569635
0.042426255217616130
0.047761016536370285
0.160913223216692852
0.091677422830356778
0.108724093661249521
0.086530404773349084
0.056362809232192120
0.143161694174125775
0.030952032357169861
0.251283362655080222
0.086510534792085578
0.272592099002505805
0.283679691961889580
0.155826611105405383
0.112776743598198323
0.115672155121766346
0.150670429690252516
0.292173157065089839
0.297290272028249425
0.107925562527408758
0.022350995499592685
0.098232263690349361
0.061024162924073352
0.147529274835504876
0.314684233677745118
0.159957420988758758
0.051051193274102659
0.089526943295811859
0.132077248195184599
0.064129267449431288
0.120874506243746196
0.135924349372202519
0.041324883357327723
0.050064518380023182
0.085988381206917139
0.161296697482791795
0.125680854774572970
0.071749332283311873
0.065867809186778620
0.060301464324257134
0.151497409114324744
0.215191207238986743
0.086918579255286454
0.044998059477519538
0.114836908340831739
0.054411295474015534
0.050895758673490388
0.101648772892599826
0.090937549823880109
0.047372975648429530
0.018206242605879747
0.058243890444583918
0.026062036068003454
0.100297673700370987
0.058010829060634039
0.035234581748088301
0.041256068610791778
0.099748111388377636
0.061246365847540736
0.123637790231026681
0.084268456745287323
0.036647816379562534
0.023408410670886788
0.177846109619313547
0.099253341423486671
0.172906698725306118
0.068554953836758692
0.004654755784482377
0.004048339672933909
0.033302591758101859
0.132479703944433175
0.221518253616028782
0.247989509636968364
0.065481889869424242
0.030179981700912753
0.067679783049843081
0.169301865837317184
0.145067203679803969
0.227953501599879593
0.092582212042968071
0.030219103778344424
0.103458372559537187
0.111874604287380913
0.118802671093107715
0.185697485694800546
0.154452346487016140
0.065156177041155922
0.139233584047421699
0.150476191038020152
0.122062562179405837
0.058773274265358846
0.023325443217239013
0.001726904553413847
0.048195505264406462
0.222230313232858023
0.106673451281470169
0.110328034567870950
0.060371445016688924
0.005750888078477654
0.078416330330230835
0.186059855844830535
0.115030447049891835
0.153664712158818217
0.024286542335641439
0.020818743971794836
0.028756503876756993
0.049177434650579277
0.060779209967047498
0.057439219384940385
0.015275646005860569
0.007752313379364422
0.085192398984884482
0.064701533576866865
0.102069085229434281
0.036012635588789865
0.009195829535317298
0.005925250819542715
0.107935820853740122
0.160659083683467374
0.105025523351393091
0.123621683447621075
0.043755095038626214
0.023218959009007764
0.130508130201295452
0.164923249371769165
0.139453130605549702
0.159058064988024606
0.062106448951207316
0.022077076425711117
0.084730851174729241
0.121071789843134978
0.107887477167858070
0.083944332146120182
0.101174579545051074
0.044832039831300810
0.058220510576041759
0.197185319234685241
0.337891678156526765
0.303676103334344138
0.016655514674063371
0.004820184324699677
0.024087166015954953
0.317354224152273046
0.186065835152389725
0.198167828380720418
0.087506590117188518
0.022698867086595742
0.038583319475150091
0.094261254000854722
0.187407325086144605
0.391581585621667783
0.123461667930891472
0.008183452403543999
0.043508626453513236
0.047238284692121983
0.040238194352754400
0.084538710325656172
0.022021370295283463
0.006674831906907661
0.050344353729562294
0.119682706321919477
0.148988319143263659
0.084083022062095114
0.009177119544759495
0.012229957176448446
0.136987696294874950
0.131426672615124585
0.182098142957377696
0.068411853417794127
0.012177645324253561
0.002295069531495951
0.046894138543202638
0.159452903248738898
0.118966063717168669
0.056525766924981555
0.032868229580826976
0.006566428888470054
0.055722883147278149
0.050680529319013901
0.038909276162980580
0.053255470805314523
0.100677509622018463
0.085214831528111407
0.126176212454007480
0.157620481131847567
0.383901026427383552
0.400000000000000022
0.041308557653590698
0.091099270415649802
0.214611373530798233
0.163275386236208631
0.287779857505331582
0.329690812050599913
0.215594493088854477
0.040093941045969070
0.100011762493468118
0.205382863168079577
0.111825744013303210
0.400000000000000022
0.277214365271037155
0.003008983365654863
0.052878717671565753
0.161115322459472909
0.056655353838337044
0.084220098053406023
0.002305101880563051
0.002422658291675809
0.063337551834716455
0.120042071740635484
0.135933927232760432
0.064724257673452218
0.002833091226759179
0.003159537079830028
0.095040806647386469
0.102491195621519343
0.053668585893469706
0.044222765749677449
0.018357787656367794
0.013833864132965392
0.104185290745327216
0.121933097496022144
0.076180796526415587
0.204417741913374640
0.073809687818964131
0.006846626353638511
0.068618225500044122
0.040590298568946984
0.063910918544348605
0.082532835467364576
0.039472390512227187
0.028080624433228545
0.131928062082136421
0.237997114260936338
0.191024112891519104
0.354613627604573378
0.384060213515412086
0.103868038103923227
0.361869550482825153
0.309411748177473356
0.337569433611885295
0.127030558432257135
0.280118784485854588
0.087916015652000745
0.035337652688581300
0.062803154970010266
0.142022150807288111
0.098528944095548576
0.214822727410823172
0.039061982768339720
0.145129583056609640
0.128772482743940903
0.129743739540950004
0.143709373410420699
0.031906332221213939
0.042079980256504466
0.123567535193387340
0.091016052939437153
0.121486293459821301
0.122489485110982510
0.024583750871343176
0.008339304879630334
0.113925314991498591
0.140894308580749195
0.044583878686940512
0.090857224481013424
0.039820104762676410
0.041901619393538557
0.142117841474684647
0.218545389820017866
0.203119874272499890
0.242049893796276561
0.058244027580169430
0.043761426150851525
0.037496577667328806
0.062042563927383824
0.195485080609264616
0.086076486302611499
0.025136887879244622
0.024100813935900356
0.177033934641894902
0.139943346623070841
0.258870521837431533
0.170334021155936377
0.115745131561869746
0.153163864740503919
0.221162367284541667
0.260631075455255323
0.291230048256022778
0.082978832135597244
0.156737048246590072
0.069199304552739038
0.146952506205634104
0.132220055923969376
0.047240396423211921
0.077483371711957919
0.126135952634410298
0.097661825417169779
0.151032295076508061
0.206469871369634794
0.059380773021436704
0.116877187160774096
0.036604904641478073
0.032435162881465397
0.164806764739094946
0.267367045132374526
0.115202606509323541
0.050341377145549593
0.025098270379732210
0.020365257619690741
0.183526044027363500
0.344552969292698075
0.262880941005164126
0.107401791066469909
0.099940546833020422
0.133418687092724197
0.234289212292976251
0.153511007733984600
0.249838308024021932
0.110415579243681602
0.065176751630144275
0.039515307464977840
0.089257179747851786
0.112363961170024507
0.131857834732111878
0.015155188993469517
0.010515449003504519
0.044753964716699172
0.102031455528694456
0.066491886616945065
0.078776990291659840
0.083915574952746305
0.150513670665189531
0.276244226119548075
0.046369965928457706
0.083403240434895234
0.076146193990631272
0.092798169505488373
0.205748254718475354
0.397188794336055695
0.117970645039005173
0.336472169569235202
0.185428629970924935
0.110808344107611451
0.215797437098244838
0.376174545241881209
0.144402179517344131
0.233349606332945519
0.299461272807543366
0.374048445574050203
0.366579347274283651
0.400000000000000022
0.270673223271356733
0.296189105226188409
0.124351284991359140
0.211001699344187499
0.247909804717234172
0.252436259227167281
0.115610440961198824
0.174162239388934131
0.138588210571716497
0.151776248332742114
0.166209294051998580
0.234803140593608767
0.201127194838183476
0.197893787486995903
0.104968669479208507
0.108871174263862780
0.165650647910586174
0.263486780809936982
0.147622205273569451
0.092476709716723865
0.112467375301129963
0.065538789770885120
0.098595345654105035
0.222273473616314221
0.074676678525219808
0.072393417598039134
0.063817021811392843
0.069929743299969663
0.119777023607114799
0.222651546218288005
0.131743054886036798
0.152373297564091403
0.112731360788044382
0.146063729806622300
0.178726845898083048
0.256569379174133083
0.101658664977769028
0.323742204840042014
0.053167556979638694
0.053693397083028352
0.086759616548667789
0.138385629452008746
0.101737994746554483
0.327572987535138194
0.055574837036421618
0.079980863733846955
0.130693787316935789
0.106049882608734783
0.248161595546108227
0.250672042185351773
0.133720065407976402
0.220007390427312766
0.233467548306025979
0.202549038505462797
0.219219234466366097
0.168950432017275720
0.192676536503810725
0.136413358375962745
0.125138912650522183
0.208678910525746275
0.146245560769943272
0.310645036607271330
0.176084551800906569
0.077866389663867525
0.109929393607143905
0.228442676675928158
0.110675039968611805
0.113744164280132620
0.043172447813090264
0.030350762305352622
0.036328843337082237
0.096706297984751277
0.055784233136518986
0.021089665828875778
0.070251147969392164
0.026634829949080428
0.003136007150736691
0.029310625664467641
0.147049041732879970
0.101356801429209248
0.013259270882137447
0.034064390584972251
0.020643458198664241
0.030166435210755405
0.208533818331529924
0.345042970100715218
0.011457782788536276
0.053717936421574700
0.094067370144524959
0.071151423062654873
0.134352576517766664
0.366753743808381383
0.128037994756508844
0.163885891986912752
0.068019156531110792
0.025594412341295461
0.102749657264166128
0.105500567540043694
0.192576273337446424
0.192105006598651873
0.264117231841228983
0.336230315496140630
0.111452265520241470
0.145265740538254584
0.191242921783952025
0.102905191622953543
0.134406318679496400
0.213962247513448001
0.089947771880002844
0.070107533375985603
0.061827638840277949
0.136283711881639624
0.103461993170820207
0.142520488706182780
0.122641309141955507
0.106950788410796332
0.076546125110408925
0.095305693289548105
0.029020477009811793
0.055362873894285625
0.058666039836997877
0.056467056923180659
0.264913000029268597
0.049540305406206991
0.014103593103905802
0.037847850963427750
0.060464561913487487
0.050658000805006986
0.052616505596353030
0.063997653023846829
0.022208028176563990
0.013038609708901432
0.103728246792684831
0.145365978361170156
0.067025000981079899
0.107549393935097382
0.023435551751647927
0.012929702915038303
0.085877195082563543
0.147143500903272495
0.046606240815897676
0.086230321289736289
0.040736680326879972
0.031783114577676796
0.071762453638316862
0.129044079101850839
0.115262415318805739
0.112931927293452514
0.033711317719310463
0.036313439075690582
0.028226115985591702
0.118438909785377688
0.168873543236504137
0.049002176561608296
0.015621250346135197
0.026084373994384027
0.040490003564521211
0.034795932425909476
0.049095997955488052
0.051679685829612923
0.034241342205018968
0.004721771316054829
0.004387190635293738
0.031586104485200286
0.048380545285900023
0.102442976630395838
0.039655061417476087
0.027129314142143129
0.079838017114459259
0.043797035031319737
0.225187374591135248
0.158419298772946693
0.004982433762452528
0.005403278503618945
0.052886184944830113
0.042711222214204494
0.079328311536562723
0.211203704374057971
0.043321011296771232
0.021855594806452841
0.131965259869681578
0.087058118912292787
0.042114459731593543
0.132243624710886076
0.032878464907495270
0.014468758311226539
0.067387997881287132
0.068252450931577113
0.056106094052715279
0.030456836002828287
0.013787728625763121
0.002132889917671581
0.006454806546088182
0.076453530614237347
0.132325444528681613
0.176111763234356677
0.043262092230512084
0.006753735648100742
0.022328091708799628
0.045440127908283730
0.068266081478160517
0.222546466091159439
0.070240917421501251
0.006416683680984100
0.035587994411256471
0.123760849409956603
0.133244781523561673
0.077237524974132318
0.045456433321338113
0.036008575065530658
0.059919721622593666
0.038636850136868323
0.061624362978795255
0.025614532702896910
0.037778064170083933
0.010232035965763636
0.163275988927640697
0.271750234311352035
0.400000000000000022
0.400000000000000022
0.032567295427536010
0.060082362843903864
0.126077260166217425
0.367840890382980401
0.285378647063693702
0.400000000000000022
0.134041617188075224
0.027931246685632741
0.162031198962621581
0.166489493797775889
0.301903909643470580
0.400000000000000022
0.211864161296167919
0.022375257449262539
0.091119089189658997
0.116805825744358383
0.147690468448547441
0.131539926086510772
0.043076418598617397
0.007664754885858318
0.077888671926406597
0.195124510944150398
0.229930730306049741
0.170497773211311154
0.017492370928434246
0.013710171980415709
0.223033280245147875
0.310068826079234749
0.305064247512944420
0.159830517791982124
0.042813323876114029
0.010980976383895544
0.085315972357394104
0.245766075511269722
0.219964466726278784
0.166726505667504299
0.097580682337898322
0.016406421265545319
0.074928391223479995
0.084877322015856960
0.079360357246347546
0.121695052046776775
0.115161519920362818
0.086344745002186835
0.297598759582473338
0.219776016828082121
0.400000000000000022
0.400000000000000022
0.089714465921615735
0.162589148889807883
0.360824662758539638
0.210055837330789724
0.350538787475009994
0.400000000000000022
0.400000000000000022
0.080303754551511286
0.238729628106399805
0.290372290721699566
0.284523098538410180
0.400000000000000022
0.391413583299967560
0.008716525628712953
0.083587212484868986
0.270595060754817540
0.227547423595911791
0.226656200579369110
0.050530832386004434
0.009748525916668093
0.098573426396983632
0.210999057927470396
0.192725103055106567
0.174336688755832803
0.028425428862664644
0.011010286872641720
0.162860286185261438
0.271722140438241944
0.142320468382693160
0.236289820577993470
0.081873012531806580
0.018907923234925121
0.193620482993102555
0.249312089127648601
0.115461156012377414
0.290170628806148301
0.130507412708816023
0.014639745918628468
0.088958681497274150
0.073269938971662854
0.090050250607761714
0.118604576747545751
0.074699838505974059
0.033201475139962348
0.232161293251335721
0.358186978264731004
0.227831736521718398
0.400000000000000022
0.400000000000000022
0.187897775622761470
0.400000000000000022
0.388111702565330563
0.400000000000000022
0.220076117009086192
0.400000000000000022
0.133119329766283545
0.126992594452043250
0.168512011113608029
0.382268186968850121
0.344985081183989517
0.391428212733511138
0.079516839703522163
0.200252501327355170
0.193544473716469462
0.381275829523523013
0.282655541464408799
0.052558873432930128
0.052106822038276907
0.200986360449885659
0.174170227487346480
0.315811115094027484
0.203562813795079678
0.058991399804258222
0.020773660069534246
0.177377455260014721
0.252655825407388623
0.254300089491459713
0.236045806305664518
0.092451730983439590
0.061544651000024361
0.254643955919149512
0.382345335802698694
0.345006057541521916
0.373611442338635524
0.115520204064595372
0.067523396236036287
0.059049044138481013
0.105140585976652629
0.229849014613864866
0.197214421361687264
0.090911821824532030
0.039121904369874089
0.290424796730731016
0.400000000000000022
0.338995136922500828
0.253872980305166862
0.367572405288460857
0.306803026624883401
0.349295480677842329
0.392265659237069020
0.386553996422664747
0.180086475725523026
0.372808758681829278
0.214275525908303566
0.239907361311013645
0.168703715966167955
0.168186167086752936
0.155704086895150057
0.217569971698943321
0.250956154674188303
0.236420752603160311
0.268392336731113679
0.190244202457289874
0.201932481783236750
0.090811782801324792
0.107093911911345208
0.228332858527348859
0.363632401034538089
0.206517414444343850
0.202440119195394591
0.108887073054059536
0.053634254629983821
0.258800238192151144
0.400000000000000022
0.400000000000000022
0.213575246807353958
0.198569255071597645
0.218411916772946524
0.263253918028921285
0.400000000000000022
0.400000000000000022
0.220488026254589520
0.133541734339504337
0.078546781241303126
0.150622603338413569
0.238777296974454017
0.238799217835902383
0.089020312643380894
0.170683605298979052
0.085408812700978207
0.248458157063056184
0.359744491287062873
0.173275019192452806
0.153008174183799500
0.330830285456135298
0.400000000000000022
0.160595991609367633
0.307491967941963540
0.326256549143112640
0.246704856021381841
0.364188559708893911
0.400000000000000022
0.259574062930266969
0.397281854731012296
0.383900752242661514
0.297688859287192520
0.400000000000000022
0.400000000000000022
0.232962119278773999
0.330713975095737800
0.398138222185402624
0.400000000000000022
0.400000000000000022
0.400000000000000022
0.304937970852277251
0.357738729603821859
0.370698090743656228
0.358297221268036148
0.400000000000000022
0.400000000000000022
0.233249547643090721
0.269992586385242372
0.345056076163846481
0.359227076654239252
0.385367916618052697
0.400000000000000022
0.258855333852716418
0.351866459814357158
0.276266131090023015
0.336866269853934808
0.400000000000000022
0.400000000000000022
0.168532888389914676
0.223282246146124796
0.197155138711588546
0.226612903330420307
0.283932592275639273
0.312272111233001248
0.225084761702315783
0.390294571013440672
0.169556124449656009
0.104929902526685187
0.302576802517963206
0.388999854921760146
0.245700163280957340
0.256205910374236068
0.328311492567682606
0.273928906531762495
0.336980033966546300
0.400000000000000022
0.196917442550057192
0.360795226991355911
0.336627713209793344
0.240595035876440738
0.230810346555899409
0.398457269074897424
0.204763036104336438
0.389997906925008242
0.385646957021731129
0.198423788632957121
0.372171629546691030
0.400000000000000022
0.278346787970691623
0.353273828734022299
0.400000000000000022
0.393664541410679858
0.400000000000000022
0.400000000000000022
0.263900157333411878
0.247494041121576580
0.385057039329406936
0.375004359516426855
0.394294566493314846
0.399532436566806703
0.208637532556915778
0.387567665192590116
0.292283801568627377
0.308860673567885491
0.400000000000000022
0.400000000000000022
0.157712288118054711
0.200241806920903931
0.110624921562084491
0.165768570956800670
0.201456209248509266
0.291551463797571686
0.137777910059958514
0.233286070068396773
0.179799510166110427
0.054032849610226898
0.091910938935922643
0.208228322144428324
0.212276801091326267
0.287055564825389686
0.243104678622707099
0.076490645802588381
0.068404474735034526
0.191079658427448229
0.276134755139884780
0.389609975518521612
0.097988187561885376
0.110080745653766826
0.237229064318650734
0.102103455419824740
0.305434598984412053
0.395673533285786139
0.372914103227080407
0.389652209260533566
0.223845767636516174
0.138371155939493784
0.218421812385932446
0.256170997230296182
0.399020331397182737
0.395855412034331056
0.346352833031341734
0.354419070997497365
0.209684529210590859
0.206289903462327950
0.338772196619456900
0.380478226877716263
0.294363739668255131
0.265013440787550625
0.179474715175814703
0.202184781571170202
0.125956906289709236
0.257158218125385807
0.239386342543022712
0.183845372063510509
0.162093011575586449
0.192939169617713485
0.232541922732994233
0.219452226303193110
0.100769809293123652
0.121230683081064244
0.118967504161255011
0.207964466037505402
0.400000000000000022
0.136458884661493446
0.059101652581425336
0.152684759304259482
0.114875857387503028
0.101553759478497374
0.154265278488952856
0.154935202847726938
0.069581003824993520
0.031244852314781177
0.161972137237268748
0.171428014429173603
0.167322674681450873
0.165560222995731421
0.058670133499736231
0.054185771525830081
0.185625306470941220
0.208389866750813224
0.170244031046924371
0.170498778035023613
0.077384496706442499
0.055191525248563578
0.249419337331399316
0.228297420525337524
0.288169114044111885
0.181486881130211219
0.038366073503792841
0.040361778748624483
0.061528707743693553
0.250918613729810891
0.379462710855844931
0.296991686198576632
0.081103140215559436
0.056264355695296774
0.108169786614364299
0.204097798263226632
0.194163201635292021
0.279633187429492502
0.126823554247987025
0.034940875094399255
0.107845563194830893
0.143460708772581214
0.167183216379007737
0.248746808047438511
0.194107407904492241
0.092285491183299054
0.219071601161880958
0.194273226069339888
0.347249936770541001
0.217192573038305525
0.028307876979691539
0.007130183057032793
0.101081690209236574
0.264941535447062504
0.186001762818032906
0.321531738941928991
0.103692456313460149
0.027606482884930495
0.210381590199912427
0.273117974757123294
0.157144906781485377
0.285908336869704294
0.057165007243136709
0.035287502283021369
0.096144501758044107
0.117429885582156390
0.116885304019762784
0.087896055387768651
0.029063374631623690
0.009885203297036004
0.091647205530972678
0.141155064191104213
0.234394529758115866
0.212124398823146570
0.052457921765829384
0.012678986467643455
0.130263912562539746
0.206099211591751097
0.173291604829553636
0.342909265499996119
0.113996012460127458
0.029635642689991859
0.166096124612551965
0.288684098781725740
0.272697912129111375
0.236295589962156938
0.107562882272545443
0.058085651491241778
0.144650572797322935
0.159708639980003286
0.169511840146653325
0.109558864849017099
0.138952643715134994
0.055064075797064432
0.266619098128336007
0.310105000989482793
0.315563716498768354
0.347300409750888273
0.236195884610360646
0.237936235176542416
0.371012481298760410
0.343812050614643261
0.340780999481551217
0.310255029535313698
0.293843772222689592
0.239049919281344364
0.371952169755536410
0.337242168777454832
0.273049257696429182
0.343100015004744741
0.255737311274970347
0.196219483006673329
0.330755049950161528
0.291391719481463418
0.319028349526786992
0.262995219732376551
0.168105117293497391
0.194402219196718989
0.356980674097295170
0.268099949642202517
0.326025960873819520
0.266033860972428371
0.194405981089624091
0.201868729437634148
0.327624797610092611
0.286659396764829599
0.328859738911355448
0.307208232604764375
0.211745729629282453
0.199833856997428394
0.329287962712459747
0.317345597476666019
0.292745703721561834
0.273464914000240589
0.226838655188197014
0.174229156273557284
0.052045713455519942
0.047710127401366570
0.054699367660291869
0.061625760022904007
0.071778102152156811
0.082575680719337893
0.173511981091171663
0.353244277275577556
0.388366101119196894
0.347884030050106208
0.211857349862646593
0.239238554520808638
0.221449557416442983
0.355959998330799443
0.425991202024557092
0.348629818734024544
0.325719067110519955
0.245616053863844580
0.154588950150905458
0.376731204103168793
0.376981937900961794
0.386182831045646213
0.328659068678569755
0.216971875995571939
0.110990143335227068
0.338780225952341085
0.388270424704262485
0.340496174137083385
0.241868903271547891
0.202929155303559705
0.108158519223805566
0.305487054514868794
0.394616523222786064
0.366583177384356917
0.271993402619635227
0.226522346200864144
0.090604997773811508
0.334709734200941744
0.368675125271717474
0.376447807841038540
0.283078060029732514
0.262705306438332564
0.086251186914083330
0.347793361663247702
0.313611557719824463
0.338336975190816514
0.269148134153598451
0.238602523959705937
0.051906074293414498
0.046842149552925767
0.053950949515124462
0.061605975726160569
0.072698854112941774
0.078166192208798210
0.280288150911039813
0.294123405410936622
0.321223463525606601
0.345177838427735917
0.248613701346097421
0.266498892205387417
0.322755028995239557
0.260230739145023038
0.260545028342781537
0.266028608436794711
0.314940917545628474
0.255598590587960139
0.238638959612522544
0.242928580356611329
0.214771447469702031
0.294639685242744143
0.242515086527229223
0.203121272943460995
0.259546418005868917
0.232168762187954236
0.232470519168303164
0.219369938722942054
0.167047554445780816
0.194959523214038588
0.325082830036587223
0.230410187543698408
0.276088115894017216
0.229700901776774852
0.176017874210620012
0.193966616748534409
0.313893408682489050
0.281434733236630374
0.292775618877307575
0.243216681601698043
0.157560970344340856
0.177639571340387187
0.329778311298802196
0.298308317546502888
0.270574697801219732
0.251182690620758209
0.197074325935171962
0.152939706481057591
0.347174634872103649
0.285109065615890667
0.297157797376767119
0.270507814982259620
0.238733594272073357
0.176603121766681193
0.190712482092253499
0.368937659904444049
0.367628217642645472
0.353277980751412757
0.210359209798836350
0.254952535242883360
0.217144576237072340
0.302921461149358306
0.326132147459218924
0.266545864180765979
0.280398510232693132
0.256481551188545320
0.134782726611485132
0.251512001698755649
0.271554673386049883
0.323881040021421651
0.269891035585053896
0.208533855094327647
0.107871418793781926
0.269877311766020200
0.318938486893097783
0.257353517796048814
0.211520990103039902
0.202542196247876144
0.109301500871019822
0.274037412030485261
0.345767922122487248
0.310433127752240523
0.244454871106078137
0.210010138983150685
0.092786375844900446
0.320681401877825956
0.361955640396983969
0.335142089087938744
0.238295809051059848
0.207543134998109030
0.091200554350709048
0.348311266969673294
0.297626166152790361
0.307795049794286402
0.254899685348351113
0.208013203505392680
0.090936285910731218
0.312463891604827071
0.322403347950536656
0.334678385419835744
0.299885581181199123
0.259833355264899257
