0.008209260115667543
0.005103186762967782
0.000228322776741577
0.000182395097987913
0.005881781052311339
0.024955645974552638
0.002033443078221473
0.000756081831873731
0.007487083095607120
0.000836196251592862
0.002281905435638307
0.019124169666936038
0.006313003371597407
0.000779674105313576
0.005763007405308771
0.047642468939194646
0.101974039463924235
0.049772954418764323
0.029907846167281933
0.002358350498770062
0.017137079919860798
0.020942772964165912
0.042407808617971839
0.018712182357005509
0.025715234964871700
0.002136979170309198
0.001364443019005915
0.022564181581323568
0.057146052569405435
0.007778800633810942
0.021078808362987214
0.002070482278580555
0.000000000000000000
0.006550360067869711
0.024339773571569745
0.021583425106084148
0.006323456455391552
0.001367385776802779
0.000000000000000000
0.004947830584543624
0.025309798909544760
0.003400790111725765
0.001001766183950528
0.000351902171961925
0.001590814571601601
0.001860639078928339
0.012859613615920818
0.018126800355132217
0.000000000000000000
0.000000000000000000
0.000000000000000000
0.000000000000000000
0.003582103488799259
0.024116055803415824
0.000000000000000000
0.000000000000000000
0.010021466971259125
0.000698974038359890
0.012943473275354490
0.032737312203236960
0.004377841325144185
0.000000000000000000
0.003761999766390960
0.014633224515736490
0.049368209053009336
0.035286055811371932
0.016574751969133387
0.001081163888999997
0.013903548974359786
0.015549138645006276
0.033802111818915639
0.059277324334433681
0.004548102757873761
0.000291961142035385
0.001687144263333978
0.012067559335260179
0.022874363378064352
0.009118307166418175
0.002751547327970770
0.000927822212531099
0.000000000000000000
0.000063543842145561
0.005458670635630002
0.021430137732925174
0.000918160940715284
0.000445276827436510
0.006440702166375116
0.040485211572601626
0.005497102300758555
0.009871690679934333
0.000373336214145657
0.000000000000000000
0.000467881174532854
0.002815156961903027
0.002760460736197346
0.035186725443084876
0.005689405953111240
0.003315227813061999
0.007649507987508696
0.004939989322540789
0.019698076499603766
0.073938202993681298
0.003364053062851680
0.005518767385288902
0.017348009446466972
0.007371708246030197
0.009780232847675962
0.039648386906813472
0.011018653940170410
0.000000000000000000
0.007954101586081432
0.047001310809758820
0.169384985963821011
0.052844245268690783
0.013999173698212049
0.000544239494340624
0.014182960337150361
0.025317393582160719
0.082296932944595960
0.054762335061744639
0.019372163414830806
0.000369304878838298
0.012263455470536779
0.039057764433691682
0.017963157984293938
0.002360486276755921
0.027193625667493265
0.000497896246959167
0.014469257133219031
0.114990834893699420
0.020187021267871402
0.021754532360415989
0.014832930375318763
0.000231552407412203
0.021952396567186405
0.046948821837291377
0.028612377804066218
0.035881940273337354
0.008842292578688663
0.003052828643672256
0.012599753138243804
0.132609280716117328
0.012859566215645204
0.043361722954803734
0.029442937832953191
0.013170566216631797
0.034133935073826650
0.048971420496353724
0.039354848252624912
0.126509068486739928
0.023700829291325540
0.014482804328658536
0.067984262789673872
0.045538161449465868
0.046285524398206809
0.079105494346960403
0.029109636603787743
0.018831207861570835
0.014108014882270016
0.067254446019312089
0.224361661061266232
0.049411562334450106
0.047524962020269929
0.013285874644688845
0.026607319111375580
0.026761363571993949
0.196058245047798646
0.037029860201828191
0.033892945140552244
0.007509559720057490
0.045156838830543417
0.068708959774986020
0.098850370988559005
0.018843486490469262
0.100601791391769474
0.017249485878274712
0.028884185637251442
0.150542315940573795
0.061220853377672545
0.070034470216437494
0.088413656401069851
0.017464699352953281
0.029395130075004022
0.238248136234932684
0.083435247589016354
0.178766367109840146
0.065653345790512158
0.028909211122639701
0.079772687837561099
0.232447866875608450
0.066998510254466778
0.183321226014549754
0.093317732076714399
0.024914596393281328
0.185720332766421969
0.400000000000000022
0.400000000000000022
0.319838832804127560
0.220507556004458788
0.053719571873345390
0.184140638585915228
0.400000000000000022
0.400000000000000022
0.169959560867377235
0.264678253560881815
0.083982939804557288
0.140273741847458805
0.400000000000000022
0.400000000000000022
0.075000744012048592
0.254002165086776976
0.068599174424889775
0.123379939989449267
0.400000000000000022
0.272273941351547033
0.123650836412851239
0.247419346039020827
0.088232611962644397
0.155523214055391351
0.365770092144945158
0.253944402322235863
0.237916005288013266
0.245667954813356765
0.058085408812816486
0.135289239215497625
0.365667258317163124
0.114675174137348956
0.356369221978618533
0.270164235814642772
0.061571383319675571
0.167025981764182541
0.400000000000000022
0.291192203202985445
0.283543260534741992
0.233998484027864134
0.060825339184571399
0.182569182191537283
0.400000000000000022
0.220905302815645244
0.288141342891116037
0.147762444469716925
0.016563798218524602
0.125115835264153097
0.394919465174150219
0.366343416754100371
0.145674042155542915
0.137518321986944914
0.041427080028692151
0.102677368294598684
0.400000000000000022
0.280092686906320498
0.159585233894658118
0.071208423392688347
0.036671953127318420
0.077740080876636322
0.371139644029616023
0.117105116025897779
0.069025396220006724
0.080295349530425969
0.034061066114140622
0.080349070648869717
0.400000000000000022
0.214394300439297886
0.240855508467530177
0.082283869473360013
0.040124146892259203
0.102864436277011265
0.400000000000000022
0.245966767725159186
0.399309697149036968
0.035588875341706738
0.012615364013659293
0.080697168435667418
0.400000000000000022
0.310628629462408212
0.160701968447270388
0.023076723426822952
0.015642760615368477
0.091754268342531531
0.347277007268589677
0.176694317764691855
0.269960328377605641
0.117486538007396057
0.002314947305481219
0.065692510849774122
0.400000000000000022
0.221293322505636159
0.223368804445421343
0.012048311844054825
0.005100374128496661
0.013327571272987672
0.007711749439904545
0.023703453158009521
0.023087006623406708
0.043945211978636961
0.001092443511936945
0.027197910446956762
0.058823018578930533
0.035707612846720888
0.090412129540726666
0.027026469405226853
0.000254511576609852
0.028482211185410160
0.033831677268952060
0.019234940504236908
0.060728690358355555
0.010490349347552776
0.000000000000000000
0.011572268179577232
0.051702560041114162
0.086625035494060018
0.222042762614163225
0.008724931821227215
0.000636961516654405
0.019617542771321852
0.102460968634736360
0.032091039967782224
0.163702611925341773
0.009319860676689516
0.005122756509021737
0.043372100092351672
0.191919142014083777
0.086344005469942642
0.002980047592903902
0.018632512974141854
0.014017552997766684
0.079800405960817097
0.225296729948486651
0.067371069543041298
0.085451647349405857
0.042873991830473517
0.003440442698683300
0.025796011887623330
0.260784256296674788
0.175303624234880551
0.119786183470208862
0.011259899877633605
0.001878629094068466
0.008005118524591126
0.009744893725016310
0.028400750105779377
0.027079498914475406
0.014714106021929218
0.001543530253072990
0.004533550548759927
0.011357104643523136
0.039843743373113139
0.032190139641481465
0.017432075592526013
0.000104628715485784
0.013054006310232291
0.005396570040347989
0.008372688260064478
0.030739135675814502
0.014330907672103328
0.004270186801749508
0.000887526718114798
0.017376193925200706
0.033821951629647871
0.018216731882496860
0.007572754789433862
0.000840656929426291
0.007504838742945275
0.035878604497041743
0.011070704663807933
0.000605156869052849
0.006554117993194830
0.000502311299090345
0.012971166581754309
0.072633202063740729
0.021227924008455291
0.020614771696427205
0.011248910431979432
0.000525686546557434
0.041753193497647688
0.145368301454628146
0.024353630773132282
0.065858847359634626
0.009224364840781917
0.000654073768971050
0.012842089009587205
0.052903127204721768
0.029502263257906530
0.025961581806110010
0.001073477407228679
0.000000000000000000
0.001216737434703196
0.000288391971845700
0.001073183716951126
0.015192235345225878
0.002409083590948567
0.000000000000000000
0.002549748450637523
0.003725612944576685
0.001666376377188964
0.038001101588880697
0.001618274802318725
0.000377244198569927
0.001950510215357659
0.007682064988987862
0.019758926084894549
0.045183630217770394
0.005382377337053003
0.004905708507444279
0.000920660888995764
0.000850368898697810
0.038962215640426449
0.108003959991338050
0.000324864482705269
0.000000000000000000
0.002721153431571742
0.031489079967690577
0.011686252129597400
0.100995274083567413
0.003752109992687414
0.000000000000000000
0.001294881571731049
0.058270333170194741
0.101972866752140595
0.015229459066756157
0.001442824335409733
0.000000000000000000
0.013469384757971211
0.040722128252966776
0.040307017422251110
0.005093395064807561
0.003086246036937428
0.000865564895730353
0.011882336337075861
0.178827140997394968
0.024085348318785144
0.000525254514234573
0.002227541926122655
0.000090162310299784
0.000000000000000000
0.004240521526279325
0.011387941832081840
0.047729717637416319
0.022060939056176357
0.004877947302411169
0.001478143556594514
0.006735014096090472
0.015155146338003063
0.019523612397680475
0.015922353440389662
0.001952030789215741
0.001869202899577491
0.003078851057707816
0.015446967079505726
0.059407695888891492
0.019211392949806984
0.001771229767904712
0.000000000000000000
0.004843216250476459
0.041989162403363346
0.099678494445471597
0.008986841597893015
0.001205587026834313
0.000000000000000000
0.003252121706291922
0.006200630911346263
0.033486800890504917
0.007079539124187517
0.000326918254512719
0.000000000000000000
0.000000000000000000
0.008223727300499023
0.009872601753750203
0.002088265768199807
0.000588551159594724
0.000000000000000000
0.002019277006579130
0.003090887372493981
0.021523586521622715
0.019534440587035299
0.006540353224606630
0.000000000000000000
0.009162484792388044
0.003483968627390233
0.035621331455185340
0.002788883460497376
0.002012433656650660
0.003232084537313999
0.002760059457962736
0.011237687953005417
0.045828215703322794
0.017880652786492719
0.008365425865211353
0.000000000000000000
0.000800824335486844
0.011790567151040104
0.051667989069347657
0.008594183919002654
0.000550287632902603
0.000000000000000000
0.004035422673096980
0.021244759588711106
0.039557224268578627
0.023134683027653737
0.000981873327765303
0.000657614920711260
0.006212204813302611
0.089540369217831900
0.178482228409326288
0.008635411598731234
0.000778563045427693
0.001409221224743206
0.006450658908221885
0.049331212903302779
0.030881248035367632
0.000000000000000000
0.000000000000000000
0.007648872465764137
0.006511453862158393
0.020499342344254493
0.019697953563003107
0.003400997917579886
0.000848499877112007
0.006520611191775533
0.013551435726765084
0.057358982002509912
0.047278318129917563
0.016719974841039077
0.003539877891875422
0.000000000000000000
0.001337276352489287
0.040766551932553803
0.028231700897384023
0.025043410135931570
0.008614716918853261
0.006632698966264478
0.009674830323823498
0.023814486193929705
0.090019820261674183
0.040532220297086571
0.007560259027126609
0.000639921632103173
0.017274019869419371
0.033473156117071232
0.045060935586332222
0.044578077981877851
0.004047407509734159
0.009440900326462864
0.011105901527460970
0.015107896744884709
0.021537940833604007
0.049955348806852692
0.006018069362784616
0.008334880378816537
0.013058793694121780
0.030294887427115433
0.083277937211398520
0.023569465488044151
0.001261791669364185
0.010831655576571281
0.015883577342674614
0.129863872595171043
0.035882953676426028
0.004339278119632440
0.001099782153010539
0.024218706360544271
0.027879671684095830
0.111027471556699356
0.020753531351389007
0.009507681195933117
0.009791930578382783
0.025611214853894965
0.028869681994746554
0.063636731907835503
0.041939743924093491
0.035145423426991604
0.016644896649361821
0.010287353547815865
0.009210028413921016
0.054755548466806872
0.123022218312927964
0.019968614594784530
0.019178420747508921
0.047984884907453708
0.016139988411459912
0.064547395834304008
0.131310797505394511
0.099208542706346811
0.048188546472777330
0.042903637962620353
0.118620529370251956
0.110590594833568812
0.146680555984167155
0.080713868376454501
0.037630195869954433
0.047150996831321283
0.033536306890851512
0.057939712694451848
0.052897240963499230
0.044095184759431819
0.020808783243948463
0.048938780538566429
0.033217453798086057
0.160171780734821245
0.257173726978590034
0.020299612867168346
0.015306974630842237
0.024203540537965744
0.063936062746268132
0.278986669636309692
0.233304144826620374
0.004197243728866314
0.005642015289865718
0.064754399598839857
0.056166036243788034
0.299561751362551032
0.097953307959419714
0.017923447946022370
0.008567490186950355
0.050903904786062014
0.040566404608063586
0.105818186179151036
0.132123318047770333
0.031524187936655332
0.015642669538533410
0.057184709303984990
0.021093636659999193
0.044114304258761741
0.088019337702026912
0.132708388377417913
0.357395993282984326
0.205372889210865217
0.131849407337313457
0.302423163316407284
0.349599018172140064
0.131799043656074533
0.400000000000000022
0.400000000000000022
0.219942855447397223
0.247628449115510879
0.125011464858915039
0.154046271677224678
0.400000000000000022
0.400000000000000022
0.114695003414665223
0.193690696336718093
0.195270800361736968
0.145822919713266774
0.400000000000000022
0.400000000000000022
0.219767582727893013
0.332360680577742096
0.389924081908394782
0.196591929590131137
0.400000000000000022
0.400000000000000022
0.109781218676878345
0.393452794027993380
0.400000000000000022
0.178460109288861191
0.400000000000000022
0.400000000000000022
0.051307688639945268
0.400000000000000022
0.292892589717738183
0.154251626344904691
0.400000000000000022
0.400000000000000022
0.064629048284975898
0.253447841934303808
0.292151863873798934
0.153379470447390254
0.400000000000000022
0.399730114562722116
0.097747217761441921
0.282284038451018404
0.237094268458791307
0.029679204283193893
0.400000000000000022
0.400000000000000022
0.165763553733133645
0.148187662919086194
0.206565208015100282
0.018437026041098207
0.400000000000000022
0.400000000000000022
0.121071236606552043
0.110231115238259875
0.152641556765229114
0.016522104972704118
0.313973505368529748
0.347621636048724370
0.170372811709212785
0.109350681863181948
0.106661466365668284
0.017726730860468047
0.216644453453324171
0.162984840242405782
0.092409039457082093
0.055802187726295860
0.069068653448480039
0.016978237169848198
0.096468726357948537
0.104545378992436183
0.092678714685946115
0.145295879606935713
0.200266360334057897
0.064366656551998983
0.079850545068267165
0.128107011786041086
0.102761554665872085
0.160264682675269221
0.208397086363352968
0.093753864316640401
0.329511802461970482
0.313645705367089744
0.087046746171780376
0.204503239654292873
0.218495925155862913
0.049246203897166232
0.400000000000000022
0.400000000000000022
0.106048798647421755
0.271535824767905276
0.183813178261973020
0.010431111888823338
0.028200709372990039
0.088508565480101262
0.016921482910423839
0.025730054614376417
0.119960551598522980
0.003816965891446759
0.017483449197402787
0.067627484448709071
0.005713105004872461
0.029026912351355318
0.224860481633002124
0.037613334865002457
0.011989336889576601
0.024339501886201299
0.050652429219479080
0.049731689632912739
0.112228542099684359
0.026598842326351121
0.004378645185342328
0.019547859983154021
0.027309084206488247
0.034417977707582204
0.035814538428400239
0.017219100601190217
0.007819405017415557
0.029903506362681995
0.032527614022322709
0.056330344769742649
0.044143027714388293
0.019731311258263530
0.020374572055371836
0.045774477439193578
0.043978695389124453
0.074034527375453837
0.164667176229784495
0.039562707626161112
0.009164940646957513
0.049955943184057931
0.092240339156096973
0.155982215320001866
0.133674351338844866
0.011460696036902227
0.008829218792715053
0.050374462802653744
0.081083133935270404
0.253736505657161826
0.184161675919595536
0.021040557691065498
0.006146044860364229
0.003648763464399070
0.029092993762825148
0.052920486715560239
0.088830031232765838
0.015063379131238890
0.010947659887516163
0.000000000000000000
0.000000000000000000
0.003583154976482454
0.073717131754367171
0.043917247604812165
0.008510597182509648
0.000000000000000000
0.043746398838872436
0.052779130452054984
0.094378733841674167
0.010000432985754943
0.003339798689733964
0.000449185170115861
0.006593765798825285
0.020742095229890345
0.020506249224991290
0.021925766774058511
0.001686492280028228
0.005986115557687861
0.008244375305089263
0.018222753404873678
0.029389020100402688
0.030519622571867511
0.004880048571243929
0.002756978843638986
0.005680456827511110
0.023067912308072140
0.038049585343466974
0.022242146151800472
0.009066899024262658
0.056169950961368606
0.094794927702978357
0.044315283618196200
0.031761270843488204
0.012006591411807249
0.000884947175904892
0.014749091327701847
0.025049022042824637
0.047363008498711320
0.021195964665595902
0.005184101220184728
0.002730912470596532
0.001191272249079906
0.001573127374617162
0.000000000000000000
0.033565974890014200
0.003680241241339777
0.000404917374274703
0.000934860069508133
0.001257511844958675
0.000686338908924981
0.023008470490858645
0.007594214543617462
0.003105041234640195
0.000000000000000000
0.020630579387990913
0.023378770123870917
0.064400989860338764
0.047259023810725255
0.004964528061734681
0.000000000000000000
0.005092861665334418
0.007492895533360223
0.029378173518708271
0.009142614727562559
0.000681242664749232
0.000431116796242261
0.000732279442023408
0.001089591709299569
0.009393871931697287
0.018143342951741311
0.004807806010388422
0.012622235473232518
0.030015321611748070
0.004650926584183784
0.005746502973377418
0.008358854182513958
0.002164992426997577
0.015186103962294884
0.035277009461937438
0.027473185426852311
0.029556091767521289
0.001463118065067382
0.000513966665258654
0.005271130411147283
0.014082863058958124
0.004486155159988950
0.015988081548907993
0.010436802041790198
0.005193349073267566
0.000228322776741577
0.004422916624267238
0.017269722884393178
0.072685363611968964
0.024094382134397831
0.005634029134284900
0.008965226652201633
0.007571210347683334
0.017437051773641368
0.038647782064616512
0.022235356811987066
0.002731704894529318
0.007632210304886262
0.050721319996902457
0.117421006543429962
0.109180650307655808
0.049119239117088917
0.004129580266674773
0.017137079919860798
0.025785989214642369
0.084396971021335199
0.118390676802477127
0.034702076562764722
0.003342566197143512
0.001364443019005915
0.025816303287615486
0.063346683480751703
0.041265601524315861
0.028158347487174728
0.002397400533093274
0.000000000000000000
0.006550360067869711
0.032563500872068774
0.031456026859834348
0.008411722223591359
0.001955936936397503
0.000000000000000000
0.006967107591122755
0.028400686282038741
0.024924376633348476
0.020536206770985825
0.006892255396568554
0.001590814571601601
0.011023123871316383
0.016343582243311054
0.053748131810317554
0.002788883460497376
0.002012433656650660
0.003232084537313999
0.002760059457962736
0.014819791441804675
0.069944271506738612
0.017880652786492719
0.008365425865211353
0.010021466971259125
0.001499798373846734
0.024734040426394596
0.084405301272584610
0.012972025244146840
0.000550287632902603
0.003761999766390960
0.018668647188833470
0.070612968641720425
0.074843280079950558
0.039709434996787127
0.002063037216765300
0.014561163895071044
0.021761343458308893
0.123342481036747539
0.237759552743760011
0.013183514356604992
0.001070524187463078
0.003096365488077184
0.018518218243482064
0.072205576281367145
0.039999555201785802
0.002751547327970770
0.000927822212531099
0.007648872465764137
0.006574997704303955
0.025958012979884499
0.041128091295928280
0.004319158858295169
0.001293776704548518
0.012961313358150650
0.054036647299366705
0.062856084303268472
0.057150008809851910
0.017093311055184732
0.003539877891875422
0.000467881174532854
0.004152433314392315
0.043527012668751149
0.063418426340468903
0.030732816089042811
0.011929944731915261
0.014282206953773177
0.014614819646364288
0.043512562693533471
0.163958023255355467
0.043896273359938252
0.013079026412415510
0.017987931078570146
0.024645728115449572
0.043253388964747189
0.084709322493145695
0.055596731922048254
0.004047407509734159
0.017395001912544297
0.058107212337219792
0.184492882708705730
0.074382186102294787
0.063954522505064726
0.006562308857125240
0.022517840715966898
0.038376187276282489
0.112591820371711365
0.138040272273143139
0.042941628902874965
0.001631096548202483
0.023095111047108059
0.054941341776366295
0.147827030579464974
0.038243439953181954
0.031532903787125706
0.001597678399969707
0.038687963493763307
0.142870506577795264
0.131214492824570761
0.042508063711804989
0.024340611571251881
0.010023482985794988
0.047563611421081363
0.075818503832037934
0.092249109711901714
0.077821684197430852
0.043987716005680272
0.019697725293034079
0.022887106686059672
0.141819309130038346
0.067615114682452085
0.166383941267731705
0.049411552427737711
0.032348986964140722
0.082118819981280372
0.065111408907813625
0.103902244086928913
0.257819865992134412
0.122909371997672351
0.062671350801435877
0.110887900752294238
0.164158690819717790
0.156876119231775607
0.225786050331127558
0.109823504980242251
0.056461403731525264
0.061259011713591285
0.100790752910163622
0.282301373755718066
0.102308803297949336
0.091620146779701747
0.034094657888637303
0.075546099649941995
0.059978817370080019
0.338252992638326644
0.294203587180418280
0.054192558007720597
0.022816534350899725
0.069360379368509167
0.132645022521254152
0.367012694733605260
0.252147631317089616
0.104799035120635792
0.022891501168140430
0.093638585236091296
0.206708352184361843
0.340331177502864513
0.167987778175857194
0.106337104347092204
0.026032189539903633
0.080299034861066015
0.278814540842996228
0.189253433768167362
0.310889685157610451
0.097177533727167476
0.044551880661173118
0.136957397141546089
0.253541503535607671
0.111112814513228519
0.271340563716576666
0.226026120454132340
0.366620111419126649
0.385253311495303508
0.400000000000000022
0.400000000000000022
0.400000000000000022
0.291993485495368688
0.400000000000000022
0.400000000000000022
0.400000000000000022
0.400000000000000022
0.294971025726292302
0.292038199352238625
0.400000000000000022
0.400000000000000022
0.400000000000000022
0.400000000000000022
0.270271544373785533
0.272678105391793379
0.400000000000000022
0.400000000000000022
0.400000000000000022
0.400000000000000022
0.400000000000000022
0.271737301257897967
0.400000000000000022
0.400000000000000022
0.400000000000000022
0.400000000000000022
0.400000000000000022
0.272384084322300879
0.400000000000000022
0.400000000000000022
0.386034823946397210
0.400000000000000022
0.400000000000000022
0.302883630892794797
0.400000000000000022
0.400000000000000022
0.400000000000000022
0.400000000000000022
0.400000000000000022
0.299274427230930229
0.400000000000000022
0.400000000000000022
0.400000000000000022
0.384203742221999933
0.400000000000000022
0.177441648752910852
0.400000000000000022
0.400000000000000022
0.400000000000000022
0.400000000000000022
0.327680482576517607
0.155955348028043117
0.400000000000000022
0.400000000000000022
0.400000000000000022
0.353858715473980734
0.312226790659887288
0.087730528365392468
0.334883281250576981
0.400000000000000022
0.400000000000000022
0.226455797889079768
0.175686862585674952
0.098022080390894023
0.250705519567464785
0.243333910891275512
0.400000000000000022
0.270196488165593718
0.309924161916010243
0.099262106643208198
0.136592873250207747
0.207409815269447462
0.400000000000000022
0.372947122842874734
0.400000000000000022
0.099955531893705735
0.092465909081926465
0.208804180221708491
0.400000000000000022
0.393880929163361426
0.349681725451825298
0.116830587743463360
0.343496459521230590
0.376648245895337852
0.381270040495185703
0.349544160062695897
0.395649767486153214
0.166732741904562276
0.400000000000000022
0.400000000000000022
0.400000000000000022
0.380411160886959976
0.381198998059192662
0.022479423732878159
0.033301083501486708
0.101836136753088932
0.024633232350328382
0.049433507772385935
0.143047558221929688
0.047762177870083730
0.018575892709339729
0.094825394895665827
0.064536123583803007
0.064734525198076209
0.315272611173728734
0.064639804270229306
0.012243848466186452
0.052821713071611452
0.084484106488431132
0.068966630137149640
0.172957232458039900
0.037089191673903898
0.004378645185342328
0.031120128162731249
0.079011644247602403
0.121043013201642222
0.257857301042563491
0.025944032422417433
0.008456366534069962
0.049521049134003840
0.134988582657059042
0.088421384737524866
0.207845639639730073
0.029051171934953046
0.025497328564393573
0.089146577531545257
0.235897837403208216
0.160378532845396493
0.167647223822688402
0.058195220600302966
0.023182493644724196
0.129756349144875022
0.315543675019999470
0.223353284863043178
0.219125998688250723
0.054334687867375733
0.012269661491398354
0.076170474690277074
0.335658322512726870
0.357059760627252643
0.303947859389804398
0.032300457568699099
0.008024673954432696
0.011653881988990197
0.038837887487841463
0.081321236821339613
0.115909530147241216
0.029777485153168103
0.012491190140589154
0.004533550548759927
0.011357104643523136
0.043426898349595594
0.105907271395848643
0.061349323197338171
0.008615225897995430
0.013054006310232291
0.049142968879220421
0.061151818712119457
0.125117869517488656
0.024331340657858271
0.007609985491483472
0.001336711888230659
0.023969959724025991
0.054564046859538216
0.038722981107488154
0.029498521563492371
0.002527149209454519
0.013490954300633138
0.044122979802131007
0.029293458068681610
0.029994176969455541
0.037073740565062338
0.005382359870334274
0.015728145425393292
0.078313658891251844
0.044295836316527427
0.058664357039894179
0.033491056583779905
0.009592585570820092
0.097923144459016273
0.240163229157606517
0.068668914391328481
0.097620118203122830
0.021230956252589167
0.001539020944875942
0.027591180337289058
0.077952149247546385
0.076865271756617864
0.047157546471705912
0.006257578627413407
0.002730912470596532
0.002408009683783102
0.001861519346462862
0.001073183716951126
0.048758210235240074
0.006089324832288344
0.000404917374274703
0.003484608520145656
0.004983124789535360
0.002352715286113945
0.061009572079739345
0.009212489345936188
0.003482285433210121
0.001950510215357659
0.028312644376978773
0.043137696208765466
0.109584620078109138
0.052641401147778266
0.009870236569178958
0.000920660888995764
0.005943230564032226
0.046455111173786666
0.137382133510046328
0.009467479210267828
0.000681242664749232
0.003152270227814003
0.032221359409713983
0.012775843838896966
0.110389146015264700
0.021895452944428725
0.004807806010388422
0.013917117044963567
0.088285654781942807
0.106623793336324379
0.020975962040133571
0.009801678517923689
0.002164992426997577
0.028655488720266097
0.075999137714904214
0.067780202849103424
0.034649486832328845
0.004549364102004810
0.001379531560989006
0.017153466748223146
0.192910004056353085
0.028571503478774095
0.016513336063142564
0.053690802730697901
0.096174977279258139
0.128115736383934586
0.150917610525307222
0.201483666221617758
0.278343223264762574
0.056313037933044659
0.113028963733225171
0.156099063183609471
0.177435297063958164
0.199304492288838175
0.216758824515107668
0.036535835739406310
0.092035291896024038
0.129426375880625583
0.188253538348185895
0.243619934864153509
0.140705304155606198
0.027987752627314368
0.080786882563351411
0.109522016193831229
0.173895091472911961
0.226722666987359128
0.197276942064228689
0.024379584794991027
0.072356384902335105
0.115643429340635900
0.189347023419468491
0.236051578014358693
0.217813416879396482
0.029321987131081220
0.069324489574921613
0.131308172729374534
0.235439237071303570
0.273257932527306235
0.187553908972961009
0.044345022868168375
0.099155051073896508
0.181538703182993616
0.276130520360231002
0.265685914635384990
0.210281327310305077
0.053341107450728752
0.110915827667602843
0.164659972175633551
0.265749518418754382
0.273455524673034245
0.215097305640681635
0.084146405033066807
0.115344452186869784
0.137906154712683859
0.141116767472956151
0.158033493188474539
0.168529859671349452
0.172292605026680784
0.126131494718989018
0.160852180284412588
0.162408863324926406
0.143376524836043989
0.148796495963692849
0.191299622852294404
0.119365964831088481
0.130210193980165728
0.155258175939619492
0.163943374873428277
0.138937064227820345
0.166677135100471469
0.097562558237388200
0.104950841509303422
0.148597287186354732
0.171169718568189938
0.227007249184976750
0.142624029239566935
0.081836109272486204
0.104099700341084206
0.151321504354933301
0.203828752997315010
0.241728400324346088
0.130207196038181233
0.075673025332435959
0.111719286822521274
0.180280513382630736
0.205671001804828252
0.228993258553070178
0.129378564965804410
0.113918586020457888
0.151539127433945320
0.198535715249250982
0.161626440420338718
0.282311324327806035
0.148459301575281200
0.116507007338656210
0.154215322201186028
0.211394500167958826
0.150033509794638725
0.250840141309370879
0.049991562060092094
0.096215032311832496
0.129607770643905718
0.151903858137963949
0.200952578434714396
0.278169239842414762
0.057973124007220295
0.112885180886377320
0.153215962083723345
0.170201984578061655
0.177921208143551307
0.224470073655395980
0.042313387169776423
0.096377903090896569
0.131740633100042581
0.180038859444641625
0.215679692649358878
0.173614579633288246
0.033832440135277267
0.085027645662155149
0.111622933794296761
0.171486611083973367
0.272122534979475805
0.271475676062791993
0.027466687934192852
0.073224392186710757
0.110719295046571950
0.180872177310746285
0.236180384916910374
0.221336883946768648
0.029867692064686910
0.068263123405591430
0.121091426766487487
0.214440696782514845
0.209840201645539931
0.143131603821600006
0.040324127403933173
0.094352710362112638
0.170644114647307943
0.257493896687044810
0.209394638567586083
0.174127002736169184
0.044877449279711691
0.108845954190517707
0.161837812791374019
0.271714637445503171
0.255208930096276099
0.174372748088449964
0.075153638655458280
0.113893133259407586
0.137980298548072228
0.142848354772714375
0.159964514675820541
0.167694961450471719
0.090857832731836244
0.127070464179090653
0.160341648729796671
0.159231487436801183
0.135005334048757836
0.127886507666455401
0.126903968250099169
0.127210169045853722
0.138245369587754352
0.158298937749101254
0.153733030171067181
0.119179651188052446
0.175168357328320368
0.108092310310513945
0.112237165373686595
0.150426598767192027
0.165991568261198291
0.268656455408520345
0.160589683352163504
0.086229558494607020
0.106060387212077251
0.143832773887873466
0.186774222485350971
0.241828936098445274
0.177986732606018327
0.076204047074755102
0.108629638532827061
0.164119264320323699
0.182088275675901967
0.170391782012570048
0.156540096190207895
0.107863572486336129
0.141900375388148509
0.186263319871591310
0.145062445223714309
0.222497597594827373
0.136579992270881689
0.112980237811929743
0.146630787620516012
0.206698337673647758
0.155252908275366114
0.234102580905274610
