0.001340205641931814
0.025640922883929364
0.069679824241688254
0.172338870360098956
0.294320072697603186
0.033411579191848721
0.000875927236385353
0.068885197858719174
0.230655051477790585
0.042980542821940700
0.086398039919211592
0.003708272740178596
0.000338180773244076
0.032068859294432435
0.076194192006056580
0.088834501579563518
0.075717165955023896
0.013228108083238680
0.001979903274967707
0.003121607658716615
0.107139952826016696
0.126770246837093287
0.119837324145693480
0.021688486957340651
0.000000000000000000
0.003982789843190627
0.081577333994683782
0.036344777730311154
0.026734264393412234
0.013481168816312453
0.000000000000000000
0.000681287779919739
0.091864770643407451
0.039019823587832611
0.020775427170682682
0.018333360428180644
0.000197159566868571
0.007470891172273257
0.089772680302886126
0.091270146835080376
0.210115418305027557
0.039145193312106835
0.000514888891086213
0.010027718803929490
0.007833039245484452
0.032773387224603878
0.136914226816598289
0.035009960215911226
0.000000000000000000
0.021655317037118562
0.084641313772145538
0.147662413550261495
0.137411744302524730
0.050710749124427031
0.000774843762422444
0.077916669114147907
0.234288208692199323
0.068134708960335355
0.047008423237376577
0.035986041704395906
0.002426032965162092
0.019308095070945379
0.151703684327005928
0.070527106851478949
0.033696023357059436
0.031651015625548791
0.004776704761395223
0.005038562604944099
0.085708032584081717
0.112558797474638012
0.047947779267350367
0.017458627062512284
0.000958264085156447
0.004004761378575869
0.059682165661330736
0.131793774891921428
0.039620301577446997
0.004656365096722207
0.000243898273807147
0.000000000000000000
0.014390150716567841
0.068818459858701081
0.023711918906389830
0.048035070057016099
0.001801236963781519
0.007528684233958692
0.009444916022795534
0.018423713660233501
0.093353078619833940
0.071537282657655021
0.001110975717344895
0.025213940891297665
0.012452590943770816
0.002234630118007140
0.038911147267880405
0.065558136431029493
0.006105502873799356
0.031988930135043198
0.138838328535551864
0.245557842670358573
0.026254478230143020
0.083943889960315293
0.005389714507165801
0.080946593073184595
0.321111265884982289
0.205695375183034990
0.024569972651888487
0.136152225471268817
0.012536824878191398
0.022343027685409085
0.105562433294568936
0.172698363130796839
0.020841807580552735
0.048812489555801274
0.002246286880470745
0.013850932915330984
0.067376546215961966
0.092643949280095533
0.100099914189612754
0.087416923938550023
0.003318334466965474
0.019648040530335472
0.084623851032205447
0.257104827527174284
0.114785254873888146
0.073235193818190353
0.001554835781871510
0.001789572214708505
0.123503611294584065
0.250523934096381518
0.058986385964841091
0.055835314979453203
0.004883433559563017
0.004099580594957029
0.070595816248606974
0.119653799934222232
0.044033159547496321
0.039706164235825049
0.006998454086103345
0.013365823094718083
0.018609317747717923
0.007436318044847000
0.012321474379467129
0.080407017658060756
0.023374165112178050
0.064658520151289381
0.093217931163768253
0.203645035093169002
0.026088701514007558
0.059634495239347052
0.028065979770923198
0.051554901222631573
0.082242496787725342
0.194041117737212887
0.025124436191143636
0.073580377687713347
0.016477894296226175
0.050588270632925571
0.129594983477273273
0.242955279894466414
0.078904814928163328
0.112346024608819400
0.009156918972861897
0.053532032820234263
0.117002608702718031
0.145324342411705609
0.367903996660133348
0.178256521540365864
0.010807655183577989
0.015130079292430435
0.038802009530114291
0.274407448962411149
0.214742150284419231
0.142062798609269458
0.004482139310534531
0.000000000000000000
0.120708004308379940
0.400000000000000022
0.120832147966607698
0.065116921115285109
0.006352062590192664
0.015456155098522955
0.109284219627564960
0.400000000000000022
0.045063966947687280
0.071432285664848050
0.013527511885960568
0.027991463000065712
0.064725575812784972
0.046212804760479363
0.053164586908176256
0.149392253133870195
0.064096846930414758
0.083172176769673659
0.204849525877064398
0.389298829482887909
0.158586685168373265
0.400000000000000022
0.090826094718112302
0.180569420422739407
0.158749758339488123
0.400000000000000022
0.283335161904412491
0.396652036239137695
0.086782129937594793
0.165506754890915098
0.209937262804671121
0.400000000000000022
0.359598787810641252
0.400000000000000022
0.042444206441381638
0.135072726281811273
0.191510421224874161
0.293259529878209080
0.169606831600610158
0.274568800311627559
0.019754633882644874
0.199151328041093395
0.195809188518380139
0.279586878349597390
0.240771702922396191
0.337067883071734520
0.009573569054709574
0.042806093356139462
0.229364738899747400
0.400000000000000022
0.337862659167831147
0.359752736943070750
0.033969249918969643
0.061810158069875359
0.400000000000000022
0.326189399666163560
0.087691154846529326
0.196500663272573040
0.016904956499652658
0.035502311985133844
0.400000000000000022
0.366961127509565055
0.151696065024469445
0.198066095142453102
0.127178702635028479
0.161063876006877799
0.398896610498770232
0.267603307818535197
0.095293850077525902
0.348756254942311938
0.229150385068624396
0.400000000000000022
0.097440530484502408
0.186189553005764202
0.192255171343663045
0.395049954860899555
0.130378316055314525
0.368904517563448442
0.062216635224136466
0.121563863113306372
0.177806422991257596
0.296952550267282567
0.044090255461918117
0.400000000000000022
0.178241525346947371
0.341970996285074935
0.067434520942361562
0.198087302238479646
0.002729446661638524
0.400000000000000022
0.319198237298846221
0.126787832983005722
0.138363195983714493
0.177818837699608573
0.003874237756239019
0.262896967428623951
0.181016866293724848
0.170339026870432009
0.113673348433930926
0.194696035639282200
0.001972572673131424
0.046827005376072636
0.388595661749641885
0.094999605252284458
0.114351064641143335
0.113796553734818492
0.001134996524795269
0.010794016949838302
0.400000000000000022
0.135592793940399914
0.157440074330023883
0.079949674890426634
0.078135316527265561
0.113856879804999242
0.176709317023028084
0.094658625033974875
0.068258041468565789
0.200463858987988575
0.046915917561662003
0.130986751500412391
0.025715535667642772
0.055881670365166218
0.047148356507483433
0.152128771183368400
0.085558180243469506
0.400000000000000022
0.213738115318382854
0.209559372160271928
0.073964331730099989
0.054845601452112758
0.027222462705555717
0.351854573480198218
0.213379169510358985
0.261692191525700224
0.221598162104692437
0.128328610418865674
0.004941923602659890
0.129341879125525777
0.139245133276558908
0.102863063001033039
0.065336216724568991
0.129759718482183345
0.007378539767277349
0.177073662014757632
0.153669478965258954
0.039176229544701263
0.066889519495615876
0.103185672064059958
0.005051021136198526
0.037907337569323095
0.059297818626039438
0.178240020419092815
0.206483166464342144
0.075177745215102468
0.003987850974835250
0.012240029584479702
0.018728675912870751
0.054016546405127368
0.195075451327179877
0.093990008840913422
0.023826097187831685
0.022023548019940786
0.049615243583128070
0.016600596726966378
0.030802999697793224
0.035445076326657325
0.004595169951468203
0.054576991339855385
0.018349740675974110
0.014378798969894319
0.030055374205695519
0.067085346911675489
0.002304203751599168
0.142254292058665632
0.074956079612969725
0.139188899452405118
0.012120102425821629
0.081038043168216806
0.000598814608339580
0.032726278269534392
0.087821100821171547
0.171147919380124747
0.007771084710008214
0.025385620275800158
0.003926444722521055
0.020389782972851142
0.036363010162223208
0.047205754040426040
0.024714870154643701
0.099515469285832298
0.007840843193920272
0.089850096865941226
0.080110157385581054
0.003749408396760396
0.009306766417837307
0.036418033337743863
0.004740037468091345
0.048219276274912334
0.051517133816051663
0.271118030582412850
0.322897435387703602
0.044348413753987501
0.006084616706416997
0.013653753819922334
0.006523173862478584
0.115137453124168052
0.254878944887599490
0.074727427402759825
0.016732741868133824
0.051584870287030349
0.008548420883110232
0.033884927878841231
0.057569137214882916
0.025011852873955683
0.005619156498819357
0.038075259583781523
0.063213567119467171
0.011515184359165749
0.022022217511381881
0.046549404209122534
0.000000000000000000
0.036288478769552046
0.118113746788031757
0.036977961481766457
0.056555843245803136
0.029303656524638805
0.000000000000000000
0.020878793588063951
0.057267015880582584
0.082023794398321442
0.146730363435825018
0.039996641470658054
0.001068488355436114
0.004669554624007180
0.024094242936354954
0.216558223180127629
0.083441677108439999
0.072863132531320568
0.006356598400481918
0.033817848610503930
0.082867904232092809
0.035721292329465325
0.030154377236665062
0.021473745957710559
0.000469110636604705
0.029750614227512212
0.076243035322640498
0.091487000986351236
0.162868828180784742
0.053264533624991173
0.004704265562414727
0.010564691508496999
0.011781223155917814
0.033290440342163392
0.183565930616563289
0.034363753272495454
0.001709112421418272
0.000000000000000000
0.000000000000000000
0.050447162933727807
0.154503399468476077
0.002481849574178517
0.002797182434465284
0.045509395880627128
0.033193938938374440
0.025159023974934608
0.010374709720760196
0.018242844599782163
0.000711209642422679
0.012992383199893777
0.032188889680887491
0.019088822829454177
0.039838903758057126
0.060536417647496524
0.000014142166249769
0.004569364147927397
0.023283947665570650
0.026375170479337743
0.027143264107797990
0.025765308325836435
0.003420075915373181
0.005525043116319420
0.059726485052817371
0.063952050952245640
0.018681977412147763
0.017186415620355514
0.008150636843901800
0.025250268211661330
0.035275821965640330
0.014504389750030291
0.048886997247837335
0.025916583074535433
0.000283061303506172
0.011710330844453202
0.015402576681443899
0.008057157649960149
0.093274559779741278
0.107066409257784850
0.000715123459841962
0.003473486528826220
0.004583638364615950
0.023008183510302666
0.231553062527611708
0.137767608960351007
0.002067472480833726
0.000193936364527225
0.007395063859844940
0.124139383317835875
0.339478038607542110
0.027613562949131896
0.000000000000000000
0.006376459386692939
0.056418326241693399
0.053850772345329798
0.018405016685219565
0.007639421044510129
0.000000000000000000
0.025591704463166248
0.069431769676659039
0.063623595332360477
0.031639077666662817
0.042382854963619161
0.000000000000000000
0.011415980845855499
0.049584112634774337
0.083793974338227800
0.113942979679167250
0.046226844760009086
0.002675231478063108
0.007236557382429998
0.124519886268741803
0.338798642414178675
0.118564799774039498
0.029451816907018480
0.015238992257723349
0.010393553286907664
0.072354573618078011
0.085788154629658372
0.021791190211353891
0.027763189635230726
0.000089067613399565
0.007684511284989837
0.024251599413346647
0.034139587253031359
0.075882994293980058
0.057676072046557510
0.001139755146425560
0.005159779196692325
0.006147230541427923
0.016571601348594381
0.102766236032360195
0.042706987453127766
0.010625796782419171
0.036238866023527785
0.022453976442079689
0.228849582255930301
0.093722431194846523
0.014420987532483612
0.003052543738337197
0.019697130026784054
0.296624830315400323
0.319541673438521689
0.064413593926512192
0.054563720836081381
0.001052171639322305
0.019788832056054910
0.307374197555594475
0.121230737833037922
0.062331527080843427
0.034751879849477710
0.000000000000000000
0.002552808829161826
0.055106272910193689
0.138851086201161628
0.400000000000000022
0.087729885438852032
0.002206537488396497
0.007090099511679746
0.345080085452517615
0.392614559288581688
0.325776879313110557
0.013592596358533935
0.012170647020386120
0.023209754889589391
0.376122888914126319
0.186863130519080822
0.049798576800373244
0.018899117695041115
0.004749780727623560
0.032337866033093222
0.037374451541176509
0.043591800423991425
0.065825493349153663
0.033597974725996078
0.006585828469466037
0.019032561336308863
0.035870513867816270
0.025148939961466218
0.111919471443732391
0.065318656283273061
0.035143469043690805
0.057085526193190475
0.062640931482308371
0.295115186152646036
0.151290960154358056
0.104861285868523002
0.005486786834445173
0.033117691545569559
0.340441537796145388
0.315696376820922553
0.197580582356450346
0.101970137903759292
0.012237468207828811
0.029164476189720078
0.252720084352465402
0.153534678089714383
0.062342531887550554
0.080915527755904035
0.019188147013607583
0.032408650267670369
0.243513195345229833
0.128015982205945233
0.343793626944159270
0.098194119999732835
0.016504519381418729
0.018787028877885883
0.262191756120804642
0.117955073048954820
0.217587789065528808
0.098205818937033812
0.039009270299657582
0.026461452144526460
0.277303039048529099
0.400000000000000022
0.089061789674499778
0.139331716611051898
0.015804377573590350
0.037158933964262141
0.077335906220158540
0.239023229525742953
0.055445706988432042
0.203603760857220983
0.009463477201914733
0.060005038614639787
0.052081494304857340
0.125779467381488402
0.208492586524441997
0.216199725337285570
0.230757717822053093
0.269156056723583059
0.183709320647635121
0.237654697337035731
0.272224031631684904
0.149450103855333027
0.359792208844588846
0.193706965779681523
0.081134372408777730
0.139589325835105582
0.400000000000000022
0.179649805025516474
0.400000000000000022
0.338638246126369946
0.323105516721786501
0.144775510146878117
0.270168174658440507
0.128424754482488551
0.400000000000000022
0.400000000000000022
0.339096396539033229
0.081820817335331017
0.108077768836398289
0.159472865217807486
0.400000000000000022
0.400000000000000022
0.188548481764354403
0.053990061641037083
0.348552168945883145
0.222661364224762792
0.400000000000000022
0.400000000000000022
0.207330090337041639
0.045607176769700893
0.325974677504894561
0.216005652578742130
0.400000000000000022
0.400000000000000022
0.123112434310688301
0.068564704709269092
0.086467001903498153
0.172532387769668782
0.400000000000000022
0.400000000000000022
0.130100338113334713
0.197105750385364070
0.245754477165451457
0.266073028484552054
0.400000000000000022
0.400000000000000022
0.142285857908627023
0.038283273281752135
0.099581317590907048
0.081363277952982732
0.400000000000000022
0.400000000000000022
0.068759811407840848
0.049314271779785243
0.247834885593505333
0.064204763886192479
0.400000000000000022
0.400000000000000022
0.329364434734961409
0.203768049257592954
0.400000000000000022
0.114934384526015454
0.367020249387275288
0.270988175557674793
0.201179001682006503
0.087356148978824696
0.149005324089838520
0.173017722083867120
0.363429379712898015
0.215054556285442094
0.059422368001616016
0.012759253751313685
0.114146306736900377
0.106665719447272211
0.400000000000000022
0.394057659543252281
0.030246675365771563
0.030615646350455064
0.182966326968674875
0.178795236913543487
0.400000000000000022
0.400000000000000022
0.061930903008146528
0.145323776903633961
0.155763669860011750
0.185583170822453403
0.400000000000000022
0.400000000000000022
0.125698623730670506
0.239642576535434776
0.095192129119628294
0.131105455215129951
0.161469250811064391
0.400000000000000022
0.169489585211284599
0.035430221090096345
0.072454040829565164
0.075643136162266172
0.007512124396086797
0.199229525271319097
0.184180020130776667
0.039078089920056097
0.082608876566270861
0.059818340980371219
0.025272600288417605
0.050486552839983059
0.126033997547185972
0.139126072791734390
0.235234023896804617
0.133249082437497418
0.019115038924829769
0.028154683625206199
0.074892832343967125
0.058907713020662208
0.117338506462385306
0.119775032573722823
0.006391175228403049
0.017901293693395104
0.008568735765488167
0.044298293391548352
0.042987254866911004
0.127915393166060959
0.017516786052338293
0.055279593307145353
0.033390650666403954
0.129117014364079741
0.141041331122594454
0.098561042419040526
0.052332541793474560
0.023954732530767190
0.064453683701751932
0.300853630002645700
0.400000000000000022
0.098777145308257541
0.009320573035546544
0.041911907133332642
0.074837581649710952
0.148207320654940827
0.145774924501472974
0.083337295159456121
0.018970561659271357
0.200302696737569647
0.111884038074615860
0.029816850483024092
0.048365589792124727
0.024890195129512127
0.002822907925490472
0.092772408973840398
0.204239372841877653
0.022229276943472941
0.028599566426022783
0.022510317754007577
0.005236538230818394
0.016077304066966294
0.142470385780268299
0.142704118112008504
0.151265062026569058
0.079250881149353219
0.012230253954564861
0.006744630366764358
0.157592691296681825
0.174103460073347788
0.203855016128757449
0.053544854882904697
0.000239759771264064
0.003141169868490404
0.101291473591790540
0.083524723729017605
0.076424643159887368
0.019929574846551956
0.001065092753133581
0.008132270251740943
0.057420751340656405
0.058754723960015624
0.060390113385268819
0.019578701130092160
0.000828510750725210
0.007632926304998421
0.056022781391526714
0.209823433530921255
0.274339543484095338
0.029722308379598397
0.002993558395211835
0.046943691808923584
0.018939593498969141
0.070818001822595261
0.113569282213778239
0.061379589154203995
0.001534554083846383
0.025191816808872648
0.070997074441820227
0.036883261414078779
0.066262261823176904
0.007037758765597906
0.000980702241506513
0.096044255872783604
0.146272682462982417
0.032343263011751389
0.030412826583144766
0.004775855410619085
0.000000000000000000
0.010081594117668588
0.104942926611227172
0.078770377560995683
0.210849862918825348
0.043831766857003220
0.001423028028761438
0.004105527140308082
0.118294122788063616
0.217576176613341277
0.298181943809994077
0.032878183917479174
0.001658454215940152
0.005246674008170504
0.079651623773083283
0.102370218093107770
0.024623865248396395
0.002686524023813755
0.000114974748885818
0.000000000000000000
0.025444217065609960
0.030959873642194793
0.029166000061851324
0.029863868575092795
0.000000000000000000
0.001714221902198995
0.047410460172277180
0.040011942416511126
0.085404943043968395
0.084869254239459763
0.000000000000000000
0.011135680627705494
0.005769016293972486
0.006767107317886805
0.040260363675926468
0.028842742742752118
0.003049318063350086
0.025640922883929364
0.069679824241688254
0.222786033293826791
0.391203425714915287
0.035893428766027233
0.003673109670850638
0.114394593739346309
0.263848990416164997
0.068139566796875314
0.096772749639971789
0.021951117339960760
0.001049390415666755
0.045061242494326206
0.108383081686944077
0.107923324409017696
0.115556069713081022
0.073764525730735206
0.001994045441217476
0.007690971806644013
0.130423900491587336
0.153145417316431054
0.146980588253491473
0.047453795283177093
0.003420075915373181
0.009507832959510049
0.141303819047501167
0.100296828682556780
0.045416241805559990
0.030667584436667970
0.008150636843901800
0.025931555991581062
0.127140592609047781
0.053524213337862912
0.069662424418520011
0.044249943502716077
0.000480220870374743
0.019181222016726458
0.105175256984330015
0.099327304485040513
0.303389978084768863
0.146211602569891685
0.001230012350928174
0.013501205332755711
0.012416677610100402
0.055781570734906548
0.351400397912760787
0.172777569176262247
0.002067472480833726
0.021849253401645789
0.092036377631990490
0.271801796868097356
0.396906656151321258
0.078324312073558930
0.000774843762422444
0.084293128500840836
0.290706534933892757
0.121985481305665153
0.065413439922596142
0.043625462748906038
0.002426032965162092
0.044899799534111620
0.221135454003664966
0.134150702183839426
0.065335101023722253
0.074033870589167952
0.004776704761395223
0.016454543450799594
0.135292145218856075
0.196352771812865812
0.161890758946517610
0.063685471822521378
0.003633495563219555
0.011241318761005868
0.184202051930072525
0.400000000000000022
0.158185101351486501
0.034108182003740689
0.015482890531530496
0.010393553286907664
0.086744724334645834
0.154606614488359440
0.045503109117743724
0.075798259692246836
0.001890304577181084
0.015213195518948529
0.033696515436142181
0.052563300913264846
0.169236072913814012
0.129213354704212524
0.002250730863770456
0.030373720087989990
0.018599821485198738
0.018806231466601524
0.141677383300240600
0.108265123884157238
0.016731299656218529
0.068227796158570997
0.161292304977631556
0.400000000000000022
0.119976909424989536
0.098364877492798902
0.008442258245502999
0.100643723099968663
0.400000000000000022
0.400000000000000022
0.088983566578400675
0.190715946307350170
0.013588996517513705
0.042131859741463988
0.380617932702544182
0.293929100963834733
0.083173334661396175
0.083564369405278990
0.002246286880470745
0.016403741744492814
0.122482819126155648
0.231495035481257161
0.400000000000000022
0.175146809377402068
0.005524871955361969
0.026738140042015222
0.391484292544184320
0.400000000000000022
0.378868110921228629
0.086827790176724290
0.013725482802257631
0.024999327104297898
0.400000000000000022
0.400000000000000022
0.108784962765214349
0.074734432674494311
0.009633214287186576
0.036437446628050256
0.107970267789783470
0.163245600358213672
0.109858652896650005
0.073304138961821114
0.013584282555569382
0.032398384431026946
0.054479831615534192
0.032585258006313220
0.124240945823199500
0.145725673941333816
0.058517634155868858
0.121744046344479870
0.155858862646076624
0.400000000000000022
0.177379661668365607
0.164495781107870054
0.033552766605368371
0.084672592768201133
0.385019284215317836
0.400000000000000022
0.222705018547594003
0.175550515591472667
0.028715362504054986
0.079752746822645645
0.367224101795649738
0.384418497665791059
0.141247346815713909
0.193261552364723393
0.028345065986469482
0.085940683087904618
0.352529988095230062
0.273340324617650787
0.400000000000000022
0.276450641540098740
0.027312174564996721
0.033917108170316318
0.300993765650918899
0.386321322459234784
0.371362407412693551
0.240268617546303270
0.043491409610192107
0.026461452144526460
0.389741790453659420
0.400000000000000022
0.209893937641107503
0.204448637726336979
0.022156440163783014
0.052615089062785093
0.186620125847723473
0.400000000000000022
0.100509673936119343
0.275036046522069033
0.022990989087875301
0.087996501614705500
0.116807070117642298
0.171992272141967772
0.261657173432618240
0.353265457161303198
0.294854564752467907
0.352328233493256759
0.365429241420196060
0.400000000000000022
0.387543133645034565
0.400000000000000022
0.395605118739915329
0.374276386202420930
0.239884130748265839
0.400000000000000022
0.400000000000000022
0.400000000000000022
0.400000000000000022
0.400000000000000022
0.400000000000000022
0.400000000000000022
0.400000000000000022
0.400000000000000022
0.400000000000000022
0.400000000000000022
0.400000000000000022
0.375002483629002736
0.277684600437008433
0.385674358699523823
0.400000000000000022
0.400000000000000022
0.370749825198851080
0.333576939990634536
0.400000000000000022
0.400000000000000022
0.400000000000000022
0.400000000000000022
0.398464041417116666
0.400000000000000022
0.400000000000000022
0.400000000000000022
0.400000000000000022
0.400000000000000022
0.400000000000000022
0.380453960416842207
0.174158156750027493
0.365990554373194554
0.400000000000000022
0.400000000000000022
0.400000000000000022
0.400000000000000022
0.368249074410753607
0.388663273630043382
0.400000000000000022
0.400000000000000022
0.400000000000000022
0.305886581100287325
0.194875167668432991
0.397628878789220597
0.400000000000000022
0.400000000000000022
0.166200341892343229
0.235503824785549432
0.385770049222717848
0.400000000000000022
0.400000000000000022
0.400000000000000022
0.371277038793698444
0.325331912370899368
0.400000000000000022
0.372041972321557113
0.384660933143470385
0.400000000000000022
0.361393083699592998
0.398400555590365468
0.216439845032200096
0.358751320146130259
0.364542768999817079
0.400000000000000022
0.367548652179377988
0.139547086734319370
0.252509502720614842
0.284484557146880812
0.400000000000000022
0.400000000000000022
0.211263541659496429
0.200954673220887059
0.296639675402605829
0.373491272552825715
0.400000000000000022
0.400000000000000022
0.400000000000000022
0.240323382155918391
0.270114734501155085
0.299379724557271854
0.400000000000000022
0.400000000000000022
0.400000000000000022
0.368776722263805257
0.252632203449652204
0.211055130105556543
0.239604567338329910
0.400000000000000022
0.341995875772758140
0.130088846124071233
0.140712082298130953
0.276106995150254775
0.054428041957748800
0.330216276771731487
0.209895555798419453
0.094959760285222322
0.129757233073754280
0.211947112163739626
0.110830780531887108
0.400000000000000022
0.339772112865568854
0.348685444952006263
0.309198355626904620
0.188094683889610176
0.046337501630385497
0.378602765953816589
0.288272001854326110
0.320599904546362446
0.338463863968773815
0.248103642992588469
0.011333098831062940
0.147243172818920881
0.147813869042047075
0.147161356392581377
0.108323471591479981
0.257675111648244304
0.024895325819615646
0.232353255321902985
0.187060129631662880
0.168293243908781004
0.207930850618210344
0.201746714483100470
0.057383562929673088
0.061862070100090288
0.123751502327791377
0.400000000000000022
0.400000000000000022
0.173954890523359995
0.013308424010381794
0.054151936717812342
0.093566257562581703
0.202223867060068230
0.332557740103731958
0.177327304000369529
0.042796658847103042
0.222326244757510449
0.161499281657743937
0.046417447209990477
0.079168589489917937
0.060335271456169452
0.007418077876958675
0.147349400313695811
0.222589113517851767
0.036608075913367261
0.058654940631718298
0.089595664665683056
0.007540741982417561
0.158331596125631913
0.217426465393238039
0.281893017564413650
0.163385164452390708
0.160288924317570053
0.012829068562904441
0.039470908636298749
0.245413792117853413
0.345251379453472507
0.211626100838765596
0.078930475158704855
0.004166204493785118
0.023530952841341546
0.137654483754013734
0.130730477769443659
0.101139513314531068
0.119445044132384257
0.008905935947053856
0.097982367117682170
0.137530908726237466
0.062504132356776015
0.069696879803106127
0.055996734467836026
0.005568548218816556
0.055852202579910748
0.107539915207578385
0.400000000000000022
0.400000000000000022
0.074070722133585898
0.009078175101628835
0.060597445628845906
0.025462767361447730
0.185955454946763299
0.351387391994537501
0.136107016556963833
0.018267295951980209
0.076776687095903004
0.079545495324930451
0.070768189292920017
0.123831399038059814
0.032049611639553582
0.006599858740325869
0.134119515456565114
0.209486249582449602
0.043858447370917139
0.052435044094526644
0.051325259619741617
0.000000000000000000
0.046370072887220636
0.223056673399258942
0.115748339042762133
0.267405706164628498
0.073135423381642028
0.001423028028761438
0.024984320728372034
0.175561138668646199
0.299599971011662747
0.392857146020789694
0.072874825388137221
0.002726942571376266
0.009916228632177684
0.103745866709438223
0.318928441273235441
0.108065542356836394
0.075549656555134320
0.006471573149367736
0.033817848610503930
0.108312121297702776
0.066681165971660114
0.059320377298516386
0.051337614532803347
0.000469110636604705
0.031464836129711210
0.123653495494917692
0.131498943402862362
0.248273771224753137
0.138133787864450935
0.004704265562414727
0.021700372136202496
0.017550239449890301
0.040057547660050194
0.223826294292489764
0.063206496015247568
0.123781309874504142
0.235579206801479729
0.252849527247803574
0.321498452051782790
0.290543983378782567
0.217917764628938415
0.125502499974249115
0.258510285938478634
0.337569112306399355
0.265650405662536171
0.232369479332135698
0.230776629100533898
0.130043120828284509
0.258344879125992355
0.388949597528296109
0.318234953997431180
0.301502361856062218
0.238112500107281772
0.102812054631745420
0.217183014442414862
0.333617839015399320
0.330064602121627637
0.406725553209888291
0.232086121064320222
0.095124834035247394
0.183554373944952109
0.273377093893022782
0.317992111543112799
0.336461864321233539
0.190529296224497408
0.108622268174246209
0.198166471882509160
0.262510090956327546
0.284083471746092886
0.251201658207219569
0.190988974547684570
0.108256312349557321
0.142044127487670063
0.213498099357581433
0.358448787397429969
0.363550859599359844
0.220912321082724877
0.103226278749565234
0.132818299627828262
0.160749405214484664
0.207807399032095330
0.302658511652352469
0.267105091996725497
0.165601152054844464
0.224887736244344633
0.203208553188295671
0.269210077921235191
0.210018904298558906
0.190110514155524601
0.156205105419755186
0.251310008689712150
0.269064553867325085
0.230330505646423905
0.184014245055640957
0.191433210887107380
0.148742816607230266
0.248778095176854896
0.295303650354181046
0.291344670027890884
0.247118436617528053
0.179742601352267550
0.119446295833536636
0.201718266541740548
0.241902474684621893
0.308705415766884816
0.322482711129671973
0.186530619935566605
0.105770289909301693
0.171029560207430681
0.241927367857137310
0.287758108618690556
0.204432320124743050
0.210751741407603416
0.113814720361321176
0.183617430510681162
0.274633610018610308
0.275592246832593535
0.150665475556976014
0.198861310272674591
0.112253469038110149
0.137824446549272506
0.208583462571044764
0.310723047563111587
0.264296755425186491
0.193643829022117103
0.105420101998326562
0.135172494271021681
0.158626872679238445
0.163431578744649919
0.239903194273396791
0.166070349912451676
0.122721410126496108
0.242193432522993468
0.273728105244907260
0.360963747609082952
0.292737194740529671
0.214012930065507617
0.124933707228395544
0.262931287858464646
0.362983524812581171
0.285483611219830957
0.253681167106364458
0.228891351278531441
0.129711826185077594
0.254365446057146227
0.361502459527050179
0.317872913372180321
0.313672853470093604
0.236749245531154784
0.104997038881033872
0.212848804014441229
0.307377961795396837
0.314747221830406376
0.380127441153819634
0.244766128177771519
0.091694720493889187
0.175800937298404653
0.304817353044587569
0.338929215230615755
0.292852896522906969
0.218880971739947555
0.106445911771219745
0.182427743424114580
0.263319492447703196
0.290756114583421044
0.256540946483947541
0.185896838657731267
0.107401321906566399
0.141818262819112861
0.200726922688417242
0.304943953293535464
0.361042218516891722
0.184503524371197769
0.103059849186761907
0.138300736613509695
0.170295818239966978
0.218113688608826184
0.371317248095735408
0.232434509952721330
0.155022153987743883
0.223081515722279605
0.211058618541939746
0.296533671945706345
0.240229229764306107
0.191189746815565387
0.156520301461823441
0.250170209297740476
0.276307644887048676
0.244122286078895662
0.196437703926888169
0.206972973498497415
0.148372595758198528
0.247346889226917693
0.288140989351834742
0.274111796356343751
0.246851370347344445
0.187530558372453943
0.121284733544923432
0.205934940808881667
0.233371713798997238
0.283527008953542048
0.309704821620529924
0.169954445279095340
0.105286050366982922
0.165543249562541989
0.220916091755633343
0.320046911026064029
0.220235116193575747
0.175917470478282517
0.111673898091321597
0.167259771850109096
0.233026808523609380
0.276005942231089985
0.157712387383832114
0.205627602923186575
0.112151744629340938
0.135160647636239750
0.207820036626045396
0.289599651600802754
0.226973889370874343
0.192108537643475991
0.105570842932723938
0.134411762336104634
0.167780822855983031
0.186903811527065200
0.254839700925492629
0.203743767135874998
