0.013826901754176366
0.019474152627121887
0.005624778365830628
0.027497478195468876
0.032584670430034830
0.019880720964601171
0.003191335858164304
0.018533953092027936
0.034931437087350893
0.021368142925059702
0.003728576789486160
0.013170579895098601
0.004994263963008999
0.055297588193227581
0.105293822310743468
0.015649034965174391
0.008857930174017519
0.018374238016426400
0.000603343673315041
0.035149810976512326
0.045051788813703975
0.004079638361343046
0.012999542800732587
0.012131446265529439
0.013456558557503988
0.036562703911888442
0.016078221928219952
0.001117144528358207
0.003643367493944274
0.002355091080362835
0.017518289430262145
0.070175083866506296
0.116001378157513074
0.025443324752053319
0.006842363732063780
0.001385665319744369
0.008149589152906506
0.083599242164082974
0.228665067197369343
0.056827810880585881
0.013725114253045114
0.008062821052096077
0.016216752357791527
0.055391229598354567
0.078037062616754124
0.005304874539812820
0.003867734620981737
0.010421302672423052
0.000492042769996641
0.010870470662291748
0.017093998452728763
0.129457713768034832
0.073062239336929236
0.017708261672378489
0.000398041038216554
0.038666120067138897
0.080412088155895622
0.135901567262960821
0.003832997536081106
0.001625476359232421
0.001237378226888704
0.087212905614238639
0.108220133878792535
0.071246030470900501
0.002094075020241164
0.001181693257050879
0.006566464268945569
0.079209664159029206
0.088989219944378917
0.001765908916927276
0.010544464246024808
0.021817775992014551
0.014541230902160286
0.049748680027136283
0.009216424503977813
0.004571301555328065
0.066823485560754251
0.098527339728225818
0.018921940699336094
0.082998787858938647
0.083706163114563137
0.157210962476814264
0.093618830903633446
0.041284845910294229
0.007120265746414286
0.037981390430537956
0.355602652586265222
0.178711693470735150
0.040317438083085966
0.009249440001525722
0.045166732051249249
0.142224776281298065
0.053155325430432873
0.002027906815836334
0.014613191673019624
0.033064146395328037
0.000025505967208805
0.011181365207377527
0.013274720396812406
0.232244364057825892
0.400000000000000022
0.179879811753434704
0.001621856509627010
0.039614767106226675
0.116707183103693907
0.101152090852895019
0.053316058746269553
0.035865640187052059
0.003645453082829134
0.085240946792219885
0.271231974203592963
0.112614728150158161
0.002399033231766643
0.010895054404245293
0.018868426318457848
0.128671919598544293
0.159399981826234327
0.054963761692868721
0.025745027370816475
0.030037370947743093
0.016451763166440148
0.067656111850311326
0.079912142189711793
0.031828407676537884
0.114277279532077933
0.022488378248248727
0.001825821622719696
0.052006828816721452
0.067587878690383879
0.400000000000000022
0.400000000000000022
0.039643155925405078
0.004335516224160538
0.049756543751128847
0.204514639000494547
0.357746220599855780
0.105461346131242834
0.022905263263000880
0.052535929025300791
0.133270444856149806
0.062380991720297610
0.045725013343792031
0.013864868649740061
0.025635797788799292
0.000123709591335580
0.038323271188413589
0.105669125924766530
0.380308210510969191
0.374814335505116891
0.251584919948675600
0.000898835967321516
0.042376138040098696
0.106004120122872622
0.382047695954833566
0.234795647738277657
0.108102618762286148
0.006847048072163379
0.116135179974286629
0.320794170742858986
0.152302628609278734
0.018896878970295714
0.047102322276314307
0.027558744617637909
0.196337716536616941
0.257393514802733814
0.046070005275211108
0.006868229534052776
0.075710064890875256
0.025194377315285062
0.115616815280467591
0.149702990610301623
0.048971103308932971
0.054214831150911566
0.147981005678790994
0.016427451816137754
0.067447531347243572
0.070915470722107049
0.185040995538661407
0.159179916035381369
0.095160079663781746
0.010726057537841350
0.070882276635201358
0.124006774541174952
0.251059544639186560
0.063506585006981253
0.062638085269169835
0.024695216706284079
0.121956166971485119
0.201834460116130571
0.044103207391661715
0.021137424800798228
0.069992106956940636
0.400000000000000022
0.242058590701425935
0.337826957546056350
0.284380835835581602
0.135519170991112187
0.044286588822049416
0.400000000000000022
0.205639233913776281
0.217989743261290503
0.400000000000000022
0.290765978462427022
0.146918427891406966
0.400000000000000022
0.156876815269075015
0.262642570393223140
0.400000000000000022
0.298229233090964774
0.134474043310382485
0.400000000000000022
0.213161506110458754
0.400000000000000022
0.400000000000000022
0.228064954024748245
0.099732583331019600
0.400000000000000022
0.216798432792393109
0.400000000000000022
0.400000000000000022
0.193648980371085633
0.088919296805882786
0.400000000000000022
0.114335503048499793
0.183513887593165642
0.255029667125138637
0.096900973965617129
0.203103904631200260
0.400000000000000022
0.123025225194918139
0.249505185609808444
0.376172522292926859
0.122021113981984064
0.137206367188003414
0.400000000000000022
0.087959386698671718
0.387869193147273084
0.400000000000000022
0.161851870103650819
0.107374165536194582
0.082539714390326285
0.295229908445350353
0.400000000000000022
0.239256165796201681
0.057198692902085867
0.007385982000069153
0.135073129992151320
0.188107382076469820
0.344330909727103118
0.400000000000000022
0.176482925058535828
0.063604496187683601
0.097708772362181062
0.077684420363449427
0.289332334328169072
0.400000000000000022
0.216991432405297557
0.109535337282792800
0.069279509756450502
0.088264652168721966
0.210540160691949085
0.400000000000000022
0.188212265234577208
0.129390563556381760
0.141633086611694270
0.127944979921332469
0.387070955146923579
0.383297452830087537
0.139178972108649601
0.225205103496742332
0.322920574380316183
0.061899774778663125
0.378073979900504176
0.200053464205953102
0.056885278704126213
0.180402810638194355
0.230016364711258914
0.147048200139239194
0.081867921201582261
0.304384861456896583
0.089655915665725394
0.111151239613094421
0.174156837041465701
0.106508499872859180
0.124434702013054121
0.400000000000000022
0.197988382060138690
0.077748059763735070
0.000147871075559883
0.056997490242559540
0.200046636291784596
0.119342608416081686
0.023751587923732501
0.006699388123896627
0.000581653160808370
0.037787563400514000
0.179088047777549969
0.103969634069668526
0.012435294302571004
0.050968197633578134
0.001627998211573780
0.033269569466545634
0.139132818286666210
0.087787851935655262
0.012295719084564744
0.060990738220292530
0.000000000000000000
0.047060989221960524
0.135374185685493281
0.068325859782277190
0.008323367926386769
0.076069606880452639
0.006439841108547749
0.074574871162419024
0.230954034419119991
0.073364056518291754
0.022539962036246867
0.088261756088825943
0.011307249762674946
0.058229754098358837
0.400000000000000022
0.129807024599899234
0.010383519113811215
0.113267174112867658
0.013678012637909100
0.231049762511094409
0.400000000000000022
0.086052136858480913
0.011185395554674337
0.021292422036328307
0.001701106789386810
0.099692652210251489
0.391187968213122295
0.055913725810521460
0.039556151191569772
0.030452200018205776
0.000304156574943817
0.004009591893026740
0.002374074047942518
0.072779430501544090
0.021590844814185210
0.003705964091302034
0.000966783048227348
0.016619295832528521
0.019684460265484573
0.021426468110163278
0.012446490187379956
0.031676297260104833
0.000180825425841359
0.020235065358554710
0.186130085780443322
0.003540841010874952
0.012750638524430829
0.058068786327648045
0.002885906100406825
0.033842974281322311
0.080218452682272359
0.009186040147239623
0.006638935600711425
0.035207567305178544
0.024573071233487700
0.124680464717214251
0.155143968319123055
0.005871535196459429
0.015639596585269075
0.057839029715377445
0.015470159519600561
0.128380405154395888
0.242569748905654692
0.027586287041635509
0.006895536805616716
0.062504865287063033
0.017403694426256743
0.149080290079205896
0.189479679801849321
0.019644157354290079
0.013158860387715939
0.061373639769261218
0.034641395366566873
0.099194811491233575
0.365107617808120510
0.024978598172557848
0.032869377998781667
0.024780817793522876
0.000000000000000000
0.000000000000000000
0.008104866897841193
0.002384598425126116
0.000188017275444433
0.000789217869554722
0.000546276312172699
0.004271062659019602
0.045058562232027741
0.010861264405367013
0.000807082527075007
0.003121325990465639
0.001505078361259631
0.026644518390928365
0.117793601359020117
0.027427471651457258
0.010482521783844331
0.009890184763675168
0.001349723784394861
0.095045517090482173
0.146157323694960900
0.002683881367870644
0.018907950104099222
0.018022253846604681
0.004884119691086669
0.044352880561808493
0.028584059720834727
0.011137605998156986
0.009588677461129347
0.005920012663905319
0.021373299832411062
0.136544043803275783
0.128482540924683197
0.082458095237131879
0.034886633521265802
0.044285502727324261
0.006174976792863059
0.104497763550942979
0.081955793204680161
0.048330365105105785
0.014134716718120294
0.060095854239466770
0.016933321158158942
0.107470045902544026
0.132758323559324903
0.040000996077585282
0.015192982725053794
0.010686997602058022
0.000956473770330178
0.001122250034244638
0.012011207173820935
0.011421346795318794
0.000139084783151151
0.000583819736705378
0.002290092802176307
0.008246931816700840
0.000000000000000000
0.000000000000000000
0.002832532598993936
0.013539598949183759
0.000101005165197056
0.014991781398760100
0.011247644854919797
0.000000000000000000
0.009681147680200737
0.038235112086545273
0.000000000000000000
0.054172570944201373
0.049525990687306704
0.000000000000000000
0.012957075403233249
0.028742189475704415
0.004038735991164699
0.032257770224758453
0.009427417594603879
0.012607595907508517
0.012914436002732982
0.012302454762717858
0.020963057202721597
0.088942630536460690
0.054670352666385869
0.104913826031675012
0.023920410299326580
0.010054993734795660
0.016473188497912634
0.085734163825620491
0.069446318769019480
0.017048937842600843
0.003519719182938739
0.042172213995833992
0.007092736970060183
0.080878828175186962
0.105811641729257944
0.019511778425000705
0.000976214651159243
0.012476669268996828
0.003174661805432735
0.005737929521949534
0.014800011705359798
0.020517318568684627
0.002766317148443802
0.001978873474396175
0.022576495462032428
0.042976313961358620
0.073637408007093036
0.002708949128137142
0.001492369542709945
0.003262098191288254
0.003949656649953969
0.013212872889004943
0.015374773524286794
0.000900922090739461
0.004314837244757837
0.009802506732763186
0.005707041526779177
0.047145390895733205
0.060595167727624334
0.014887768739111192
0.007465457341344461
0.023751712796123963
0.018969935665668777
0.090855928326852964
0.034749520658550775
0.050869014279383173
0.055621039254606687
0.031905535351086700
0.026922924003070878
0.099988635604601778
0.042731847637801162
0.245760717167111009
0.178075201430920038
0.033946073909381702
0.024503895321204099
0.062156934933186476
0.044342751340191111
0.062480577762313375
0.003559670192089067
0.038500663091948675
0.003105470328462297
0.039365146286135050
0.055199887567944778
0.026079367510109006
0.005516567568237095
0.011753550435364709
0.003439701343293328
0.006195207564815805
0.205879399589132484
0.353774662032067755
0.020535973265760288
0.019107231528277181
0.024536011653936630
0.105006310363314689
0.398150564362772297
0.033081112781445779
0.006084966643476342
0.029665355488315687
0.009205011728835016
0.188683610693755749
0.139354310465129139
0.002915431733329905
0.016358327451199646
0.064972676724413564
0.019576299213397392
0.099004585417917082
0.036927673121223213
0.013858471183559127
0.047911054065658321
0.080552315347070108
0.016786846363484344
0.175105357293706465
0.023234755674666697
0.054759913068695279
0.368638719850031826
0.105861092125598508
0.006885191507359101
0.074755292140650673
0.067506711113865192
0.400000000000000022
0.393471123859062799
0.039578316110067596
0.043428452302059245
0.057389451199637287
0.054712095088402392
0.111866476301482484
0.038797418948883444
0.021402096059570153
0.015400944160085181
0.037124875582378758
0.070551470645931050
0.021426784367712864
0.015220681373127482
0.024755433291638939
0.024154886147172587
0.059480581408268132
0.349166363983726802
0.249814151196730949
0.015910231126364235
0.032854173187525107
0.059984343246372092
0.188755709324499421
0.340982459201188637
0.068087125275829163
0.025650896079099341
0.048652303357523900
0.019519347039700822
0.294047137270504300
0.153701718608061921
0.003208878175714537
0.044860675461280572
0.060538023691112289
0.069759796058311369
0.231778456270974154
0.061942054239525590
0.006503100476575194
0.091298141192715995
0.061273228267618288
0.067760173159616008
0.109753556287376416
0.053392726480923407
0.020706673274343088
0.310155449976247333
0.157141294089522543
0.057688973774855656
0.090264330849964436
0.063661187133165417
0.041560551143577915
0.316900584099310934
0.100115948116912740
0.046100033838764744
0.085844528768579773
0.093852703697676787
0.096329644485806165
0.088711486767358863
0.060699934789641384
0.101010831472612486
0.189091378431033380
0.110235086755940834
0.116980684579511635
0.158234122946284861
0.073018193627594180
0.329872236475776126
0.160498691320578368
0.349034510717900426
0.120036647729899290
0.370618770546677023
0.400000000000000022
0.400000000000000022
0.093009049676733305
0.025677018558761901
0.012746125694671120
0.400000000000000022
0.400000000000000022
0.317103209572707878
0.108040570730406238
0.055096195763057305
0.048495384751792436
0.353555709467313795
0.400000000000000022
0.400000000000000022
0.190213950950186617
0.100063785148291340
0.086905468497799648
0.225557104703725031
0.400000000000000022
0.400000000000000022
0.182385124694105644
0.090093458808980786
0.086216047037681223
0.171986659752422388
0.400000000000000022
0.365472595398601441
0.123113884719787597
0.134947790131499240
0.069451431366786845
0.148907065662257448
0.400000000000000022
0.400000000000000022
0.156860155505251897
0.084205317983194986
0.077663691129910326
0.400000000000000022
0.400000000000000022
0.400000000000000022
0.149585484477933961
0.043159967943180416
0.250124414553230534
0.400000000000000022
0.400000000000000022
0.389671718376117859
0.073614703086622241
0.042759151863833431
0.011562795550971743
0.271709346446360023
0.400000000000000022
0.191500310235261123
0.044898130386450026
0.032505210860485821
0.005092610181229979
0.111880000810175947
0.400000000000000022
0.399430672819557131
0.081714381402415617
0.062277993667375353
0.040162536163377074
0.266500955152317032
0.400000000000000022
0.277153350822192501
0.163587706960495072
0.090683893513805430
0.066511385349126040
0.290388815697921243
0.387574021918574707
0.128770632543553809
0.138757622959331667
0.080286766324145054
0.031241303257653841
0.152674425259531510
0.333100066517340698
0.376404877912685731
0.055746505286955482
0.055881977016654712
0.026279408562666660
0.154289928843590884
0.252155028411761628
0.264009441609588724
0.085557797354680692
0.060840357733731795
0.070150725868644528
0.357624765040865378
0.177149064783724608
0.185043838690516049
0.147330586701655358
0.070547182469528028
0.089561332378827754
0.120661239682095647
0.226183363255141490
0.057890434472008825
0.072740081619361852
0.008245845915327397
0.022282805063321007
0.025852549311876909
0.117201921091206765
0.018098445700193790
0.016576062198817160
0.035516019811870282
0.031438533853019562
0.004603508844336885
0.053757636129568867
0.082003722909761281
0.025019743512202087
0.102629511636742138
0.031241360975251636
0.022448734186026536
0.061059428362745610
0.002825124672490597
0.081590764447222519
0.108162835680335995
0.019084323502359633
0.052922860628435091
0.053380010633449729
0.042081761567526237
0.137400726462305528
0.065175730276979954
0.031529724950232638
0.009053981204968279
0.087768032543592236
0.087081442414948168
0.164632858366616286
0.121559703368317923
0.010927919149622038
0.006983679895632908
0.010536635504830465
0.101234453926980023
0.157022507174516907
0.147552602194177485
0.017379844918739423
0.026677131240534859
0.013424767145268709
0.044543921297692822
0.096171901133054433
0.102468794380873293
0.048433686297292181
0.019117458319803372
0.025009406538249613
0.020375732926833569
0.045813905196087350
0.013676147146483433
0.030397872489122721
0.008841207911946786
0.081990774691618862
0.004006427671794201
0.010970516620000637
0.099832698674310216
0.036082418663226992
0.003915485010722036
0.020813109735901301
0.006708005243671374
0.050089719714233309
0.240820805229054968
0.031591861036588426
0.021730953410165111
0.024679758035709692
0.000911084771466156
0.105497012158197942
0.137526632680703254
0.008766765121492315
0.059744355150432978
0.042377853714134897
0.005248928217544069
0.135041972337369254
0.068991612043168962
0.007601605194702045
0.036413259069380928
0.003211059584614826
0.020188369996492480
0.164119411100161011
0.162971660528132001
0.006649326256959398
0.009443825626669820
0.007810809538423898
0.021376495385663601
0.161502976248068669
0.143975440371689578
0.002054842136875951
0.008210315148739010
0.006858094564803072
0.015797778601188320
0.179474457053209663
0.113470437462653978
0.012417577903052906
0.005165494181072126
0.018622790977557598
0.004684158021235080
0.023796203695832518
0.026505752572997157
0.097427442821780993
0.060192042698014037
0.044196723527466189
0.003598253315547453
0.006185614448897980
0.101222442301563756
0.089850915109286042
0.003582869990819758
0.004395630914525814
0.012175061017532718
0.047633833514619570
0.098563843262998524
0.003741736991044870
0.013727102296044682
0.009757335622301636
0.000969038568470529
0.033272399500645193
0.044518529088714870
0.003059258874359950
0.015017702313798766
0.006753621049033838
0.000959212899667306
0.034157904100258984
0.032183002732370680
0.012607312223990369
0.000661087349984683
0.026767467910793215
0.016078211337166373
0.110163086571307425
0.073318287777506375
0.006298116126763505
0.000000000000000000
0.000000000000000000
0.018690825001161992
0.143688138141791211
0.159823930299421185
0.006782446858154326
0.013290132608901621
0.011476850608149401
0.011565988773828965
0.133202726938298294
0.067680587116081728
0.002106125906768807
0.017173960204619851
0.018681408390572772
0.014783375524506545
0.020596402661366520
0.017635985539651563
0.038918824990787672
0.032723755213185976
0.020464540701306551
0.005481428660340609
0.026780884908728778
0.034931437087350893
0.021368142925059702
0.006561109388480094
0.026710178844282360
0.005095269128206056
0.070289369591987685
0.116541467165663243
0.015649034965174391
0.018539077854218253
0.056609350102971669
0.000603343673315041
0.089322381920713706
0.094577779501010664
0.004079638361343046
0.025956618203965838
0.040873635741233857
0.017495294548668688
0.068820474136646909
0.025505639522823836
0.013724740435866724
0.016557803496677258
0.014657545843080693
0.038481346632983741
0.159117714402967014
0.170671730823898915
0.130357150783728337
0.030762774031390362
0.011440659054540028
0.024622777650819140
0.169333405989703478
0.298111385966388753
0.073876748723186725
0.017244833435983854
0.050235035047930060
0.023309489327851710
0.136270057773541536
0.183848704346012026
0.024816652964813526
0.004843949272140978
0.022897971941419879
0.003666704575429376
0.016608400184241281
0.031894010158088557
0.149975032336719438
0.075828556485373039
0.019687135146774660
0.022974536500248978
0.081642434028497524
0.154049496162988658
0.138610516391097949
0.005325367078791051
0.004887574550520675
0.005187034876842673
0.100425778503243579
0.123594907403079352
0.072146952561639957
0.006408912264999001
0.010984199989814064
0.012273505795724747
0.126355055054762411
0.149584387672003216
0.016653677656038465
0.018009921587369269
0.045569488788138518
0.033511166567829064
0.140604608353989247
0.043965945162528587
0.055440315834711242
0.122444524815360944
0.130432875079312532
0.045844864702406965
0.182987423463540438
0.126438010752364299
0.380577025264607127
0.271694032334553470
0.075230919819675932
0.031624161067618388
0.100138325363724426
0.378204471613369120
0.241192271233048539
0.043877108275175034
0.047750103093474397
0.048272202379711547
0.181589922567433115
0.108355212998377637
0.028107274325945338
0.020129759241256717
0.044817696830692741
0.003465207310502133
0.017376572772193330
0.219154119985944890
0.400000000000000022
0.400000000000000022
0.198987043281711878
0.026157868163563639
0.144621077469541365
0.400000000000000022
0.134233203634340797
0.059401025389745898
0.065530995675367743
0.012850464811664146
0.273924557485975662
0.371521383776988401
0.115530159883488054
0.018757360682966288
0.075867731128658869
0.038444725531855239
0.227676505016461334
0.196327654947457575
0.068822232876427858
0.073656081436474799
0.110589686294813208
0.033238609529924495
0.242761469144017750
0.103146897864378501
0.086588320745233149
0.399947767071969107
0.128349470373847224
0.008711013130078797
0.126762120957372132
0.135094589804249071
0.400000000000000022
0.400000000000000022
0.079221472035472668
0.047763968526219787
0.107145994950766141
0.259226734088896904
0.400000000000000022
0.144258765080126278
0.044307359322571030
0.067936873185385965
0.170395320438528564
0.132932462366228688
0.067151797711504910
0.029085550022867539
0.050391231080438227
0.024278595738508164
0.097803852596681715
0.398624327472228202
0.400000000000000022
0.382611579383121181
0.284439093136200749
0.060883179213693614
0.231131847364598159
0.383653576378267247
0.400000000000000022
0.260446543817376974
0.156754922119810070
0.026366395111864203
0.337582246841263145
0.398219459774766915
0.155511506784993286
0.063757554431576297
0.107640345967426582
0.097318540675949278
0.340822419267720056
0.319335569042259404
0.052573105751786302
0.098166370726768773
0.136983293158493558
0.092954550474901060
0.225370371567844036
0.203095717091225036
0.069677776583276063
0.346293690651265251
0.305122299768313510
0.074116425590993407
0.157711862197208008
0.134576657855272452
0.226601546682239335
0.400000000000000022
0.195276027780694500
0.056826091376606103
0.156726805403781144
0.217859478238851739
0.347389189124992781
0.152218071774340102
0.123338020058811226
0.125706048178896579
0.307362359749146052
0.312069546872071446
0.161083891971173315
0.179371547747083082
0.143010300584534844
0.400000000000000022
0.343009944159115510
0.400000000000000022
0.382050473132973911
0.400000000000000022
0.400000000000000022
0.400000000000000022
0.295823031500050015
0.243666761820052424
0.400000000000000022
0.400000000000000022
0.400000000000000022
0.400000000000000022
0.264917385999481225
0.317738766156280383
0.400000000000000022
0.400000000000000022
0.400000000000000022
0.400000000000000022
0.332684330432973518
0.400000000000000022
0.400000000000000022
0.385209948160880833
0.400000000000000022
0.400000000000000022
0.329709651775709767
0.400000000000000022
0.400000000000000022
0.343723506679691870
0.400000000000000022
0.400000000000000022
0.237449387768287418
0.318461677724664938
0.324481098491925468
0.245808039627874564
0.400000000000000022
0.400000000000000022
0.279885380700170050
0.333710503593003471
0.400000000000000022
0.400000000000000022
0.400000000000000022
0.400000000000000022
0.237544871176605721
0.400000000000000022
0.400000000000000022
0.400000000000000022
0.400000000000000022
0.400000000000000022
0.332710287620258227
0.400000000000000022
0.250818961347173408
0.328908039348445924
0.400000000000000022
0.326573440227412415
0.233005512462919867
0.357415624357871109
0.400000000000000022
0.288362925868711817
0.400000000000000022
0.400000000000000022
0.159398801765865045
0.342198162527266536
0.400000000000000022
0.399992066620169506
0.400000000000000022
0.346432860578642976
0.251852359129217052
0.301224054205754488
0.400000000000000022
0.395408666054990476
0.400000000000000022
0.270403719155248079
0.266702602880664108
0.400000000000000022
0.389599088410777505
0.291853397368181111
0.400000000000000022
0.400000000000000022
0.117646280065618614
0.398726670484537138
0.226332872768619769
0.211175207547717153
0.400000000000000022
0.400000000000000022
0.232605997493919886
0.142708278935314070
0.372129613201029774
0.393905295658619758
0.288300304396819029
0.357882647259470499
0.253839086574514539
0.194981884482582135
0.400000000000000022
0.318649621742234324
0.303931423018876545
0.058038305547568704
0.129737571861921391
0.208292482207112023
0.141625413479402690
0.049604137235609413
0.123901309215103395
0.018680098861002158
0.054363625599331167
0.214604067589420300
0.135408167922688089
0.017038803146907890
0.104725833763146994
0.083631721121335059
0.058289312978747732
0.241762329923408348
0.119029212910906887
0.034744453270591280
0.122050166583038133
0.002825124672490597
0.128651753669183050
0.243537021365829276
0.087410183284636817
0.061246228554821848
0.129449617513902382
0.048521602676073985
0.211975597624724565
0.296129764696099973
0.104893781468524405
0.031593943241215144
0.176029788632418166
0.098388692177623110
0.222862612464975129
0.400000000000000022
0.140734943749521252
0.017367199009444126
0.123803809617698143
0.114912466564889126
0.343613077644189913
0.400000000000000022
0.103431981777220336
0.037862526795209198
0.034717189181597025
0.046245028087079629
0.195864553343305936
0.400000000000000022
0.104347412107813647
0.058673609511373154
0.055461606556455385
0.020679889501777383
0.049823497089114079
0.016050221194425951
0.103177302990666811
0.030432052726131996
0.085696738782920889
0.004973210720021548
0.027589812452529151
0.119517158939794782
0.057508886773390278
0.016361975198101994
0.052489406996006134
0.006888830669512734
0.070324785072788026
0.378357656758684158
0.035132702047463375
0.034481591934595941
0.082748544363357740
0.003796990871872981
0.139339986439520225
0.217745085362975627
0.017952805268731938
0.066383290751144408
0.077585421019313427
0.029821999451031766
0.259722437054583477
0.224135580362292003
0.013473140391161475
0.052052855654649996
0.061050089299992269
0.035658529516093038
0.292499816254556899
0.376850075032467369
0.034235613298594911
0.016339362432286536
0.070315674825486923
0.038780189811920350
0.310583266327274621
0.333455120173538899
0.021698999491166032
0.021369175536454947
0.068231734334064292
0.050439173967755185
0.278669268544443238
0.400000000000000022
0.037396176075610750
0.038034872179853796
0.043403608771080467
0.004684158021235080
0.023796203695832518
0.034610619470838350
0.099812041246907110
0.060380059973458466
0.044985941397020918
0.004144529627720152
0.010456677107917582
0.146281004533591497
0.100712179514653055
0.004389952517894765
0.007516956904991453
0.013680139378792349
0.074278351905547935
0.216357444622018669
0.031169208642502132
0.024209624079889011
0.019647520385976808
0.002318762352865391
0.128317916591127373
0.190675852783675770
0.005743140242230594
0.033925652417897988
0.024775874895638525
0.005843332590753975
0.078510784662067470
0.060767062453205407
0.023744918222147353
0.010249764811114028
0.032687480574698537
0.037451511169577428
0.246707130374583194
0.201800828702189572
0.088756211363895388
0.034886633521265802
0.044285502727324261
0.024865801794025050
0.248185901692734190
0.241779723504101318
0.055112811963260115
0.027424849327021918
0.071572704847616159
0.028499309931987907
0.240672772840842347
0.200438910675406617
0.042107121984354089
0.032366942929673646
0.029368405992630790
0.161607477540742756
0.184054640473150233
0.221893195710117841
0.254018306885616052
0.205348956250175019
0.188258462581893576
0.153323497669285685
0.179871857671319219
0.227265808538046898
0.213017767233662281
0.146206253726393259
0.164021687293296553
0.163152873228893380
0.219674644393073631
0.265982811344327663
0.170086061641821773
0.139341744940129381
0.173971092026943025
0.152995954051745542
0.297423345873851497
0.243349409936206379
0.142023118761881839
0.124363185749357799
0.177764165016604248
0.161116951460297309
0.301543289572554607
0.200859227034638627
0.132522858489069972
0.161016755823449265
0.213751258804085104
0.227082419486087567
0.256096334364005307
0.255500177146346374
0.258307313176649567
0.231458361944284763
0.196294744187233555
0.194003476547263021
0.291308475249512977
0.297805123018474061
0.241940067603939907
0.167444708369525436
0.157941333062890210
0.177186417967218485
0.313631009722304011
0.277789512928889204
0.183746120124385126
0.146304343641545931
0.145529312572701436
0.149314054648928829
0.093200870032674812
0.287818888321771160
0.309553819908219119
0.233708163304388511
0.184751720958209159
0.145589237124290727
0.085077198113937727
0.309802008078250202
0.229323103456287453
0.174867125240902560
0.167894848528818447
0.155530518547135510
0.111574639123514840
0.342420754697645935
0.173288635385313916
0.189518480647380083
0.185733325212818851
0.148016870914906867
0.140272295481474768
0.277593842783266820
0.144460188445670767
0.186202285381678628
0.192851755715346990
0.155381612706155608
0.148072085426678601
0.241472702278083373
0.151692596124588491
0.210444269052083216
0.216268975439532496
0.214369058400359747
0.151536719594680402
0.307186695829813949
0.294038547331411937
0.264031285825771289
0.195928460043253483
0.187385179840333843
0.169860464876673251
0.352777629106473978
0.273163374545679793
0.180831984044070276
0.158503821468735290
0.172009754907666984
0.148204382007324942
0.324427272055167970
0.195971357794506695
0.151077137852588750
0.145019948077392491
0.163881386962367592
0.157731732992863943
0.221851252327999710
0.260600508013276000
0.217151265852081110
0.203792873216603165
0.153868546212214075
0.171612781585136848
0.222327376429061668
0.205151597233331789
0.148276540244035221
0.172346239572413906
0.167904484558480338
0.248107680063733349
0.261708070401086401
0.160040960106234365
0.131486377005153893
0.176037206221366871
0.160378522762945896
0.310900898279473148
0.234261792107749056
0.140196227373029364
0.127687304434470239
0.179899488514054323
0.158371133549583154
0.301063193359129955
0.218782555368763176
0.155273346541290824
0.186967395693473426
0.220016889035793251
0.211394960287151323
0.277903973728741316
0.266031170872077005
0.262845028675054604
0.224584509591977427
0.188247319018780057
0.198642443082353654
0.300417076705105091
0.294998193121647267
0.223383792768810541
0.147432540645334481
0.140207480427503750
0.193952153186838366
0.305567770329849164
0.273515625969238174
0.182329450032394563
0.139141035622854264
0.137490750575539861
0.152950988282628653
0.096348624028696539
0.264077562446542624
0.309490836664469304
0.237224288444840142
0.191500866431854599
0.145834631830754513
0.085862571689333991
0.302070505027875080
0.227338560098556408
0.166405425950050423
0.169433251594189094
0.158260222810036238
0.119272289802206999
0.393069862087266964
0.172018848639154537
0.169526718852147901
0.180577659057408441
0.153320783117992132
0.157909237201899588
0.288036714152569817
0.142136047237038182
0.179077251228693390
0.195486492136928341
0.152936237916338813
0.141988938673899334
0.241238352314243676
0.158386780259560794
0.260711202034410394
0.243527040047602922
0.197300094816596383
0.136464057935782784
0.325316562672791576
0.304134795268130753
0.268727351533658954
0.190379637368854659
0.189963683961492102
0.177762084830971334
0.362247282068016541
0.270632381163935232
0.170641595625004361
0.139978931596646788
0.187337262630988682
0.178174986069662894
0.319686465354752591
0.194406801366854870
0.149431323387424209
0.137949420595595479
