0.006544868197642156
0.004331969166143021
0.022065752037138751
0.081863496582800802
0.081663051095411499
0.118548390071162676
0.002351569512811659
0.005743677860869737
0.008411044205302889
0.063998185050330253
0.054840627076157375
0.017810929111205104
0.002616826403354071
0.001029185501781964
0.000325671096129867
0.013363663344919875
0.018953404853497252
0.020011288180850961
0.002402096720347190
0.000552504770451005
0.000660958959938719
0.031155209697821481
0.094494561930063309
0.022145476038830415
0.001562757306721889
0.000000000000000000
0.006754453060032044
0.259801757221478247
0.304926282180476182
0.127333330708047365
0.014586382216921651
0.000000000000000000
0.007808806338425810
0.041026501254252418
0.015053550729629430
0.002754763111370942
0.000185086910675671
0.000000000000000000
0.006647004815083149
0.008925760201878758
0.001406943934956200
0.008601922457272534
0.000000000000000000
0.000000000000000000
0.004362828499543965
0.005810892249928918
0.001271668563391714
0.013753068593835106
0.000000000000000000
0.000481121400592494
0.033304519632294319
0.065976705094398888
0.128314239952134479
0.187751814727708577
0.005475646002659015
0.002901230962250016
0.023837102110140562
0.036441775173147110
0.045553346246436435
0.049652713351732887
0.021675210289381307
0.001627202141827467
0.002919452758973440
0.017859651870215994
0.014714013785252205
0.043509697059053387
0.004331658503685270
0.005051569629562914
0.001471657490483391
0.037730810263421136
0.128725356623668796
0.068890653121185613
0.000000000000000000
0.007300663705834700
0.008101998043183522
0.286783993019222305
0.378376540636914505
0.053005443352050909
0.013116853302755020
0.009742622680706409
0.019493284078672644
0.021975524406349242
0.014396309671423692
0.014229107631538387
0.011423487108464863
0.000000000000000000
0.005073714615047712
0.006003228991987864
0.012964701991505269
0.043930952640462012
0.002437368366426483
0.000000000000000000
0.000245115102993812
0.001093733171781797
0.008754820435189400
0.023521486740069535
0.000000000000000000
0.001900108832867737
0.028288983567325784
0.034790358481363227
0.121266081376242826
0.115403667435913265
0.005510098364136730
0.002047479400220613
0.013591085379281049
0.083982842748609399
0.117776491644341855
0.036684867719746606
0.017058702547763545
0.000000000000000000
0.005930773171144459
0.054598628812546013
0.015163931704045976
0.007133444808364694
0.011026609658958101
0.000000000000000000
0.000267978036480140
0.027240843499659880
0.049799534589189079
0.045585945859317849
0.013028419753130727
0.004244507009124005
0.003653029026849027
0.048268110556692417
0.136357182836357393
0.096879115012798361
0.059537290156106606
0.002111937022693427
0.002778459044739717
0.006528560892551618
0.014661313625383889
0.034062593081447858
0.014927094905645944
0.000000000000000000
0.001856482490893232
0.005868989231927134
0.038548393111173834
0.068305163998802654
0.000485095942746602
0.000000000000000000
0.006604039562408569
0.018317211517245382
0.008848946530604940
0.016238714618453158
0.000000000000000000
0.002749072647032339
0.064862499631456336
0.035757021906908756
0.115621309623579804
0.065432118053438515
0.006095800589468197
0.000000000000000000
0.019464096070828101
0.149440304607495578
0.400000000000000022
0.051915319318672548
0.011422863973785771
0.001789922356010213
0.004299125892604297
0.165791003137583659
0.214553399341611273
0.045026780064839060
0.010518660753134897
0.004887122532170968
0.002619870798408388
0.046966061834475131
0.047397020728401414
0.096487614776356978
0.016854179303336162
0.013946237315693161
0.015716565612608084
0.052905608045193106
0.108277214555350082
0.143540701482866961
0.030631104541383715
0.003982509814221891
0.013968490913280160
0.014020889170872967
0.044064214598823349
0.074215640793801746
0.031281867142980480
0.000000000000000000
0.000000000000000000
0.004205105806231702
0.003062178973539150
0.043905172216197913
0.014039211278944374
0.000000000000000000
0.000735345308981436
0.011048499617618883
0.011414190640423018
0.060005124719053463
0.001914012776139570
0.006525585714030523
0.073600407400425144
0.047166607801422997
0.112456637548553104
0.095674977094098182
0.001093575843631963
0.005345466968646934
0.018746108645812335
0.116506415650614870
0.258107615128296941
0.063885866517824630
0.004795779903856654
0.001910868847491327
0.005858763303295410
0.105117559677760708
0.294285251317964902
0.089393035369999374
0.023396401485869571
0.012706421352552859
0.010165677008206345
0.086249188081298556
0.080748229428817486
0.116111832336142695
0.055048497363287818
0.021701214042455102
0.018791270251986788
0.083575654470587638
0.147654823048260608
0.183177321314349828
0.031676216420858647
0.012150044364797812
0.022319513855879360
0.015226882871261296
0.063127476743776306
0.192699413782130902
0.091584038966814746
0.000000000000000000
0.012920155181323159
0.045383440251908422
0.031840517971977851
0.174914317139587022
0.068284232333905140
0.000000000000000000
0.013351570634282786
0.057867947539659272
0.033664656421330652
0.144653150619245330
0.000000000000000000
0.002937854018497049
0.059077602091972256
0.107444299766091558
0.072610309750718055
0.146421166446756151
0.000000000000000000
0.000000000000000000
0.022016246482695526
0.143739114745079388
0.283648220721051558
0.099946919136039203
0.001385511325419030
0.002531332471464447
0.011463170540021703
0.234591523726911944
0.400000000000000022
0.087811190238462289
0.043756843527243336
0.001358912716570634
0.001406549784709206
0.104819088183932124
0.071017231376215434
0.098731353667121199
0.016665617704860750
0.000000000000000000
0.004627882137318978
0.038524841670086685
0.069519420665899417
0.116841570967211233
0.016773733910731180
0.008960189941112699
0.013575041234144389
0.003323162876027485
0.013316198593236094
0.146336503184617661
0.079016431116752606
0.000536441596577654
0.000956234687559522
0.008129797702846981
0.030130695528370159
0.155039510840163652
0.089608793078205740
0.000000000000000000
0.001455909432584573
0.048794355312857710
0.017055285972607973
0.079994640637562883
0.001287419633581514
0.001896785612150716
0.083009851159319054
0.129662731752549443
0.110297080168978184
0.152406194394958949
0.000000000000000000
0.000060251442674322
0.023515866414563765
0.138354523946767005
0.039750504091575670
0.118318513593926575
0.008351448330457497
0.001952642570192960
0.007136829360246345
0.122745868557481902
0.395540934538767708
0.045623525188474283
0.040710397864890460
0.012567350352030599
0.010051437650039595
0.073038571904514182
0.400000000000000022
0.089351981383473750
0.042832067150846864
0.024067936865501360
0.018974261970788907
0.005838722825176904
0.135993152180684779
0.125802120444383936
0.022776908582774268
0.006810792250051461
0.016542020648701274
0.010783544454612510
0.022517839452496725
0.011633701755723711
0.028150426424187892
0.001411471212504894
0.017389706738669550
0.040815012914481447
0.027444192788702700
0.042455728903010623
0.034011020563840227
0.000000000000000000
0.035047365820874463
0.063158713773994984
0.033134513553284103
0.078698617900349960
0.000000000000000000
0.002364523024095028
0.071380003520874674
0.400000000000000022
0.400000000000000022
0.135106506111046326
0.000000000000000000
0.003300581546803720
0.028922308016371169
0.169406590121368161
0.108960013469657474
0.104632306750106999
0.001978219833926917
0.003216004576016812
0.010736775025213795
0.089821441158644821
0.184726996549368139
0.014998800435152743
0.019020827953981766
0.006966485918021611
0.006901616002546613
0.060271656223161066
0.400000000000000022
0.229128358642599561
0.007557022363017969
0.006572518067782369
0.013997427445636111
0.028358971983425876
0.138417078496500867
0.189869798388864031
0.005923853045508506
0.017560843200852667
0.030717771572331555
0.009118084275375134
0.013460538928559276
0.034947656624343765
0.010210272859150587
0.011413714787231792
0.008634116981455825
0.009551080208079647
0.008937450088790256
0.014733914121564705
0.009572752430345830
0.000000000000000000
0.009549503217003942
0.011231770394095841
0.016076968084606427
0.011081578360991638
0.000000000000000000
0.002399302164608913
0.118723885788052652
0.227716327418436670
0.324544227043528366
0.049087036331676423
0.002010514726412298
0.003607725051120622
0.039412327381533080
0.043094276091906698
0.039310695196533268
0.053318931755583714
0.001936282024773290
0.005234962906883968
0.012084425159530782
0.052568413007395953
0.079576824568627191
0.014425948060023570
0.038654997589243768
0.006543573720536948
0.003346426473258475
0.020699160250960004
0.193442818422658036
0.091946364019605292
0.027211436390185757
0.002563959254896418
0.007206427714592265
0.020555248696938883
0.034583267320932004
0.058106935867475007
0.003679380745750393
0.003229817863984237
0.021219856097662602
0.025978815793123118
0.041766978001024857
0.020415118484271196
0.000470303311382082
0.016622499529447974
0.033669863839477815
0.022734858708147586
0.069651156880981419
0.038962006051384911
0.000120523055954528
0.000000000000000000
0.024750246543484209
0.036352268778698245
0.043545564589163581
0.025897277506903609
0.000000000000000000
0.002500320233038456
0.101863950190368160
0.154971498433681604
0.114004680532765967
0.124902610455038310
0.000000000000000000
0.008599693987280171
0.046292516244898857
0.104928780583472755
0.054237129972347545
0.091516929236131972
0.000000000000000000
0.012630912976415012
0.001831371228886137
0.023852172808257851
0.014172302413491133
0.027033131493599389
0.052381102771448515
0.006568667826473060
0.001688449706752547
0.014491839296578261
0.029150503866278814
0.034736533301856276
0.039130433569221128
0.007002132615876133
0.004809989300325850
0.002825481698685925
0.050469875205072089
0.027656636512369857
0.004192493092288857
0.010610369321324810
0.009418516416960955
0.006903164911823833
0.012250929590032902
0.023710684192531375
0.000883369346406611
0.000150292646640238
0.008418150298725996
0.009753197538147598
0.046688003329719382
0.029829030470085019
0.000695492180871493
0.000000000000000000
0.022055303872066476
0.038680585784880372
0.019591757433826330
0.004090007580162777
0.003884266073968157
0.001468269988027329
0.043484724822551113
0.097202964838349185
0.042771277100435851
0.083256605854744800
0.004639649368643764
0.004530744453310057
0.021054894733506802
0.053354436881359588
0.028273127109126297
0.052388081701272557
0.000702168206785918
0.010476185907835500
0.016739135463089028
0.039763891831133859
0.062569401569854230
0.046664489268387149
0.022176795136291713
0.013746186446515648
0.012048799060442150
0.028946940489478701
0.124241165951036570
0.078892151493246382
0.013118934184392446
0.000435118314197583
0.006130602378695534
0.016666906764153541
0.007446611217880681
0.064263532316370414
0.003836286467464361
0.000991363504824728
0.007200435047076609
0.015937110183960095
0.011858156436341954
0.104793146801745368
0.004921808978252823
0.018899351556756622
0.046246405036236331
0.034871626717130989
0.007187084220542239
0.026276521495919549
0.000000000000000000
0.000340410565313939
0.025895014562331616
0.059610886856779705
0.027293742648720067
0.026519735336684849
0.019028784791160248
0.000775784947959817
0.038584753127674370
0.184301992520908786
0.195017708611600338
0.163824310021042308
0.026434950417841649
0.016728644620879255
0.001729760919456322
0.029255487496749891
0.040180686343357128
0.077669194647458473
0.009422316955224988
0.008903095817960140
0.003356824335426629
0.015347488290992233
0.040609532081090638
0.085267069158900755
0.020250769220848237
0.014915289252385049
0.022697116924751341
0.013190176179980983
0.092111563317889639
0.141093203127099331
0.002694862691717729
0.013735950545715296
0.020533081383851164
0.008087735853813680
0.128532903967820966
0.040800837219800892
0.000960730651363262
0.024577971102957164
0.052404714162704494
0.050336706581740817
0.013388035753878921
0.021602070154988093
0.003807307917022131
0.018251701799420199
0.063045463361439805
0.075236533625584384
0.044044891896642020
0.032619993703968654
0.002889852795905771
0.018911524644986341
0.074308135529967373
0.100012031244457678
0.072798166383339247
0.038540674735380219
0.032807352406742894
0.052486451987491953
0.019372631017593369
0.022670108306461094
0.083460191797555608
0.102860789607293945
0.114484307723890497
0.053417697909506220
0.008453405260915543
0.004042261409122947
0.005365460265798557
0.081601023072932377
0.045844736883245668
0.027509402870390595
0.035466841278949279
0.008791845084325582
0.041228712727977318
0.189150774453374582
0.050481853989076363
0.026034929547116677
0.087667810761517029
0.016504322930444005
0.062752483940076709
0.194643401917693831
0.042074121179340569
0.072235705857271792
0.098810907880503132
0.019505910880545301
0.010641502559169833
0.065567443394763808
0.044946145303077945
0.084030964136033420
0.147327276421050646
0.070034309566034458
0.067985901245779717
0.150323477569365094
0.025437633763219392
0.143234812581575333
0.221583552234484504
0.169528316486526887
0.087820043821220301
0.240126493540582298
0.062706102044613021
0.139487985427382971
0.332701693356593553
0.113587533743420316
0.117863150222007301
0.209897965704697598
0.260323794938689568
0.232961856307787235
0.111312263080228874
0.042109645391438466
0.152102655247391749
0.300184429173982359
0.300073719584424969
0.286980511301727192
0.203386539388455634
0.033020690764643146
0.393622844153971863
0.375966245966122770
0.277209107286651490
0.298503236552158158
0.124846598116707341
0.077569981163597396
0.271033147112679340
0.317873981796019001
0.289097867615010384
0.376520474015779039
0.255870213036759719
0.123351699413031188
0.110072970773266207
0.233269088350205323
0.282314507824414751
0.400000000000000022
0.328319926497335324
0.091279288185156848
0.019811797937301947
0.109226743780134597
0.275360829816536035
0.400000000000000022
0.393816076100577450
0.211734751198411397
0.389548218065251972
0.372553683814052516
0.310713369132430306
0.400000000000000022
0.400000000000000022
0.302313142609522911
0.399433018785574911
0.398741763141013061
0.326840131397024114
0.400000000000000022
0.400000000000000022
0.265427195572745966
0.400000000000000022
0.345179539602802787
0.158206638058873500
0.379266603203027186
0.400000000000000022
0.038125929649048769
0.215048967660050466
0.225103496925687319
0.156671739537924459
0.321250415345196050
0.400000000000000022
0.057720539692543496
0.276014074810758236
0.263792726470211680
0.257029645832908660
0.282906880430739416
0.400000000000000022
0.400000000000000022
0.302195119443508631
0.339355909906490671
0.244339737018875180
0.255418868532959920
0.400000000000000022
0.400000000000000022
0.100025089548865548
0.182751675874488512
0.126295760033062948
0.203197465318251780
0.258854212962020547
0.250921958280097834
0.400000000000000022
0.242786004008369610
0.229802968259739421
0.341705151578195698
0.190564084962179414
0.111133263722530962
0.304530960362696002
0.324466770540901395
0.185363503916812028
0.282793017223150533
0.147794380981408152
0.078342125444364585
0.400000000000000022
0.353468726705936764
0.075015993984275581
0.169226250379140852
0.137607544633256557
0.082637397566502846
0.396431025011979798
0.331958104923522013
0.039014564881640276
0.345747160034314938
0.391893453834779748
0.063961393967112826
0.098942618631224638
0.180415813205107245
0.046715011289749531
0.103526632581045538
0.400000000000000022
0.168291503329906833
0.191606814517589125
0.103586060772273378
0.114795225463010464
0.054616355830026289
0.400000000000000022
0.345882691341648452
0.135645910436584582
0.179479835633327672
0.024217120495503432
0.027549486451290003
0.148323896890252771
0.282475336269580435
0.021071596570883970
0.021491102848044993
0.040778086810661134
0.030512182196586059
0.144695787458974628
0.387838390746513273
0.343031460979822400
0.158451480093442565
0.022499211987248583
0.051588564424596986
0.109920293821871018
0.096839520487233030
0.331446313967557304
0.189711486650956052
0.017530270726751767
0.042606716698222788
0.047267790418390847
0.069026787259306832
0.090143406760622213
0.058957475348517890
0.025845283934985565
0.024172723364050411
0.061432493871356242
0.062647746971169871
0.273125554571610696
0.296416393964465619
0.001948598182957872
0.009307803328883098
0.005324989293173629
0.143395944088118205
0.080033666101013104
0.094105364118144061
0.003337624246025826
0.013211359678651084
0.077636076612981109
0.097886050437511293
0.093442853485875055
0.071131712183261947
0.022322793516927526
0.017034637325767491
0.107184443949958186
0.024035972839761499
0.010563589724531775
0.058273009806150272
0.006874423894026955
0.009810405620020434
0.034309420423547093
0.197348575003088805
0.160372793356348353
0.051167182828096680
0.015958757939858622
0.005686376352769755
0.077758414572487500
0.400000000000000022
0.393550171770689849
0.210399076042242200
0.007873853672772532
0.064902449263158191
0.025430051671597741
0.013472693510304027
0.245455206478628174
0.112443058256163408
0.006058186182254440
0.019533347673374994
0.015272587631027932
0.008006337002218457
0.070609078888988444
0.094389542132527787
0.000808493237911003
0.000000000000000000
0.032682548314351814
0.019543458601996425
0.073171834063702160
0.179524929442592018
0.001351497661171889
0.010835203950460656
0.003400508719605032
0.010983259885690960
0.018485336925610215
0.086666731897179744
0.004811733711980638
0.010816360906134245
0.008395131266976082
0.031517491034214723
0.024971465124489278
0.065161209185002067
0.005596998151676199
0.012479928339733194
0.003613257602751479
0.005768859501516073
0.022187032577029288
0.067723459319007903
0.000000000000000000
0.000576537838156637
0.001222667036301899
0.023845875156567272
0.089350733916230607
0.121875209896490977
0.000000000000000000
0.000000000000000000
0.004805632425065538
0.242765843324637187
0.201391312602135053
0.210324976764526023
0.003103199156450312
0.001683987094792944
0.004326963734498249
0.023729618440692442
0.063168338846193800
0.045049892373713533
0.001817997149518278
0.006926957665812597
0.007211739877996753
0.000000000000000000
0.000000000000000000
0.001344214375827861
0.002169415007181495
0.002407066191210324
0.007112419698454976
0.035078791067460341
0.002914260545469498
0.008078352396422992
0.006544868197642156
0.006832289399181478
0.123929702227506905
0.236834995016482391
0.195667731628177466
0.243451000526201000
0.002351569512811659
0.014343371848149912
0.054703560450201735
0.168926965633803050
0.109077757048504920
0.109327858347337076
0.002616826403354071
0.013660098478196978
0.002157042325016004
0.037215836153177723
0.033125707266988394
0.047044419674450347
0.054783199491795713
0.007121172596924066
0.002349408666691266
0.045647048994399739
0.123645065796342088
0.056882009340686698
0.040693190875943017
0.007002132615876133
0.011564442360357894
0.261486760975980725
0.349051403601977284
0.154989967220417246
0.018778875309210505
0.010610369321324810
0.017227322755386767
0.047929666166076246
0.027304480319662330
0.026465447303902320
0.001068456257082283
0.000150292646640238
0.015065155113809145
0.018678957740026356
0.048094947264675579
0.038430952927357556
0.000695492180871493
0.000000000000000000
0.026418132371610441
0.044491478034809288
0.020863425997218046
0.017843076173997881
0.003884266073968157
0.001949391388619823
0.076789244454845432
0.163179669932748100
0.171085517052570302
0.271008420582453391
0.010115295371302780
0.007431975415560073
0.044891996843647364
0.089796212054506691
0.073826473355562736
0.102040795053005451
0.022377378496167225
0.012103388049662966
0.019658588222062463
0.057623543701349859
0.077283415355106425
0.090174186327440536
0.026508453639976986
0.018797756076078566
0.013520456550925540
0.066677750752899834
0.252966522574705310
0.147782804614431995
0.013118934184392446
0.007735782020032284
0.014232600421879057
0.296723466520892210
0.381665088510086958
0.117268975668421316
0.016953139770219384
0.010733986185531137
0.026693719125749256
0.037912634590309337
0.026254466107765648
0.119022254433283764
0.016345296086717687
0.018899351556756622
0.051320119651284045
0.040874855709118856
0.020151786212047506
0.070207474136381565
0.002437368366426483
0.000340410565313939
0.026140129665325428
0.060704620028561508
0.036048563083909468
0.050041222076754377
0.019028784791160248
0.002675893780827554
0.066873736695000144
0.219092351002272007
0.316283789987843178
0.279227977456955545
0.031945048781978382
0.018776124021099867
0.015320846298737369
0.113238330245359287
0.157957177987698982
0.114354062367205078
0.026481019502988531
0.008903095817960140
0.009287597506571089
0.069946117103538250
0.055773463785136611
0.092400513967265452
0.031277378879806333
0.014915289252385049
0.022965094961231485
0.040431019679640863
0.141911097907078704
0.186679148986417187
0.015723282444848458
0.017980457554839305
0.024186110410700193
0.056355846410506102
0.264890086804178360
0.137679952232599268
0.060498020807469882
0.026689908125650589
0.055183173207444217
0.056865267474292429
0.028049349379262810
0.055664663236435957
0.018734402822668073
0.018251701799420199
0.064901945852333026
0.081105522857511519
0.082593285007815861
0.100925157702771301
0.003374948738652373
0.018911524644986341
0.080912175092375971
0.118329242761703063
0.081647112913944178
0.054779389353833384
0.032807352406742894
0.055235524634524288
0.084235130649049694
0.058427130213369857
0.199081501421135426
0.168292907660732460
0.120580108313358719
0.053417697909506220
0.027917501331743640
0.153482566016618527
0.400000000000000022
0.133516342391604925
0.057267600857031448
0.029299325226400805
0.039765967171553569
0.174582848221909254
0.255782112069588563
0.234177554518213649
0.061000514742211250
0.030922052079287644
0.090287681559925434
0.063470384764919147
0.110149504668478115
0.291131016694050837
0.058928300482676735
0.086181943172964959
0.114527473493111223
0.072411518925738411
0.118918717114519928
0.209108144877630769
0.075577249844461653
0.088013473950255300
0.161295767334330820
0.084055198736907422
0.112050115844603074
0.224539118363166812
0.056719500906199857
0.143234812581575333
0.221583552234484504
0.173733422292758566
0.090882222794759437
0.284031665756780183
0.076745313323557385
0.139487985427382971
0.332964463870517757
0.124636033361039220
0.129277340862430340
0.269903090423751102
0.261332906079685012
0.236312263529759203
0.184912670480654018
0.089276253192861463
0.264559292795944812
0.361411956900778097
0.300305274554063473
0.288233018598832769
0.222132648034267993
0.149527106415258015
0.400000000000000022
0.400000000000000022
0.278015164238562928
0.298958987677366395
0.130705361420002747
0.182687540841358076
0.400000000000000022
0.394559964435656108
0.292957807667984793
0.378050395348231483
0.261787495554293037
0.209600887494329757
0.190821200202083679
0.349380920686348018
0.291704031045378398
0.400000000000000022
0.335868830601008916
0.174854942655744472
0.167466620985562531
0.292404065094484411
0.281026259555332392
0.400000000000000022
0.396669157016809049
0.219150879145213806
0.400000000000000022
0.400000000000000022
0.328681226782125080
0.400000000000000022
0.400000000000000022
0.315292229823572134
0.400000000000000022
0.400000000000000022
0.341327253731248448
0.400000000000000022
0.400000000000000022
0.292465138721691997
0.400000000000000022
0.396484418122032056
0.158206638058873500
0.379647258903261342
0.400000000000000022
0.145570229415140362
0.287659277410768466
0.351489448027003659
0.156671739537924459
0.321250415345196050
0.400000000000000022
0.201459654437622898
0.400000000000000022
0.353174637265381841
0.257262517452998662
0.283510615021766277
0.400000000000000022
0.400000000000000022
0.400000000000000022
0.400000000000000022
0.251558744310425852
0.256777781249530546
0.400000000000000022
0.400000000000000022
0.171042320925080982
0.281483029541609697
0.142961377737923695
0.203197465318251780
0.261485707290269431
0.273896625886651812
0.400000000000000022
0.352292264385865028
0.239214854336587818
0.350665341519308449
0.204139126196323822
0.114456426598558453
0.312532538678729654
0.385566031858942226
0.247802000671686506
0.283329458819728153
0.148750615668967662
0.086471923147211582
0.400000000000000022
0.399772203650972990
0.164624787062481320
0.169226250379140852
0.139063454065841141
0.131431752879360542
0.399265723982946463
0.360330216436684836
0.040301984515221781
0.346721019622093896
0.400000000000000022
0.193624125719662282
0.209239698800202795
0.326190218802433152
0.046715011289749531
0.103586884023719863
0.400000000000000022
0.306646027276673838
0.231357318609164808
0.221904574366199953
0.123146673793467942
0.056568998400219242
0.400000000000000022
0.400000000000000022
0.400000000000000022
0.225103360821801934
0.064927518360393885
0.040116836803320600
0.158375334540292373
0.346971186784412633
0.400000000000000022
0.110843084231518729
0.083610153961507977
0.054580119062087415
0.163670049429763542
0.388765015842283734
0.399122561422191879
0.284253600537826501
0.045276120570022851
0.058399356674648448
0.126462314470572323
0.107623064941845550
0.344977071610248820
0.201345188406679781
0.045680697150939656
0.044018187910727674
0.064657497157060401
0.109841800173788279
0.117587599549324934
0.101413204251528499
0.059856304498825792
0.024172723364050411
0.096479859692230691
0.125806460745164855
0.302610250364222289
0.333406425789163241
0.001948598182957872
0.011672326352978126
0.076704992814048301
0.400000000000000022
0.400000000000000022
0.229211870229190373
0.003337624246025826
0.016511941225454806
0.106558384629352271
0.267292640558879468
0.202402866955532501
0.175764018933368932
0.024301013350854443
0.020250641901784307
0.117921218975171979
0.113857413998406320
0.195290586273899891
0.073271810241303026
0.025895251848008713
0.016776891538042044
0.041211036426093701
0.257620231226249885
0.400000000000000022
0.280295541470696241
0.023515780302876592
0.012258894420552124
0.091755842018123618
0.400000000000000022
0.400000000000000022
0.371870028764450633
0.013797706718281039
0.082463292464010865
0.056147823243929300
0.022590777785679160
0.255580032816736913
0.147390714880507201
0.016268459041405024
0.030947062460606790
0.023906704612483752
0.017557417210298104
0.079546528977778697
0.109123456254092505
0.010381245668256833
0.000000000000000000
0.042232051531355758
0.030775228996092266
0.089248802148308576
0.190606507803583625
0.001351497661171889
0.013234506115069570
0.122124394507657691
0.238699587304127658
0.343029563969138585
0.135753768228856153
0.006822248438392936
0.014424085957254867
0.047807458648509160
0.074611767126121414
0.064282160321022547
0.118480140940585774
0.007533280176449489
0.017714891246617161
0.015697682762282259
0.058337272508912019
0.101763857145656486
0.082149407379031480
0.038654997589243768
0.007120111558693586
0.004569093509560374
0.044545035407527273
0.282793552338888643
0.213821573916096241
0.027211436390185757
0.002563959254896418
0.012012060139657802
0.257034118784917553
0.235974579923067029
0.268431912632001002
0.006782579902200705
0.004913804958777180
0.025546819832160853
0.049708434233815560
0.104935316847218657
0.065465010857984729
0.002288300460900359
0.023549457195260567
0.040881603717474568
0.022734858708147586
0.069651156880981419
0.040306220427212769
0.002289938063136022
0.002407066191210324
0.031862666241939189
0.071431059846158607
0.046459825134633079
0.033975629903326601
0.106419996193263172
0.117797370832363427
0.205241420282398196
0.243309145821973577
0.305032976258860555
0.311053994949929025
0.134027843357579529
0.066961082341544131
0.158946748959946677
0.174909031705431095
0.286273046947084053
0.201085428692270085
0.150239775603116549
0.061910495125927688
0.129775677774850884
0.201385626828952280
0.319141531373991483
0.187499395824216541
0.166419878771177004
0.086211856217932870
0.100926100784957590
0.178676351245378090
0.283959176510354516
0.206167219947143515
0.138909471010838642
0.103386561352624709
0.114571046449256905
0.257115366589497407
0.366305591283063392
0.213408141232645454
0.140381121287576627
0.126158204058351403
0.165167353490764002
0.072458065210377592
0.186474662581801703
0.177531293168506993
0.134902001674785221
0.116198793245934795
0.140399164809514143
0.066959010179635625
0.143054583389436857
0.182625350413582771
0.118113250200514705
0.094470422068080095
0.169859765966368093
0.071399453421831502
0.160485755191677154
0.166067786420618424
0.045371185430015878
0.165036058717949186
0.213147308599557050
0.220311384534173899
0.297610055567911647
0.243558267891811980
0.041633885615203335
0.146266806507543701
0.170455474908820792
0.181482205605367208
0.274403031272221209
0.187447970566600258
0.042507089332046062
0.125203126951093813
0.152573516145648097
0.223913576918574664
0.279189505857185993
0.208897903388754053
0.046732343153229709
0.110983632391262507
0.162217374321629637
0.218168722665432663
0.259075969265486650
0.248452818612410919
0.039041100634602421
0.101406623613483030
0.186880738218959758
0.361121997118822036
0.399301485288444780
0.312910726707847531
0.038790291411321273
0.114500637808714681
0.130398036174401655
0.176838432781382671
0.264928569900299171
0.280514514442963270
0.048288919399909640
0.100988806653417543
0.104178569456528508
0.149360243666900400
0.185453766804091119
0.261226673284838229
0.049863161025363235
0.082796529355839296
0.116962899899859696
0.188935595692602570
0.215613656894697359
0.288797058605866297
0.053669618692828762
0.088707513996879470
0.191807270174047972
0.227084498923608713
0.283236762936053821
0.366573626256338880
0.101317885915803457
0.057027432162766532
0.154840032513169218
0.192527908219725347
0.301442866299209022
0.248178127845272212
0.144168585647124092
0.041926053804956294
0.127792422244546705
0.207991784228616750
0.299394026116245993
0.204415646623206715
0.167861572587429120
0.059073617542881443
0.090404372852294676
0.167179703380861550
0.275192817843906812
0.212696038966834228
0.135544915952548223
0.079133182574285157
0.058571985774458504
0.200272355486762033
0.344335257952482765
0.236764552239223880
0.153475028352126230
0.127303038868990026
0.086105554334933998
0.037652797720704401
0.159233748863161217
0.177937183142811289
0.153788141330168299
0.123901564610434251
0.137017288999970399
0.061672319303217329
0.139012832275578563
0.168901054291618280
0.120521489193456482
0.094419600406895648
0.157206890038635860
0.065545214447433234
0.152184521875532608
0.168205935625628689
0.042642581073742566
0.128584181523667296
0.176830238124449118
0.199345445486330125
0.276894319700400904
0.222973574037355488
0.043433765660913684
0.126695757639436885
0.159154873223698340
0.169957025036623410
0.295480107836546824
0.201899432996610395
0.042157954146114118
0.121848213967080607
0.133756620069526655
0.214036679335179003
0.289127911189784981
0.190552335695183872
0.044961236091306499
0.112259528214673998
0.118191817446446079
0.184711794903533677
0.244672337036076104
0.236970132111358062
0.036813854985192886
0.099417039921172956
0.131430467132955781
0.239549666383360421
0.308491119449230855
0.285325767919953011
0.040361744791811212
0.124481216127757019
0.131604298695978061
0.065706507794635063
0.182256159840900628
0.248339258859765155
0.051351987286938648
0.112576920681408746
0.110540613141785427
0.145653410456364346
0.178255220710910128
0.248307316601884376
0.048802829214526354
0.084006413982865749
0.116887926645733164
0.160086477155492540
0.205665174251523336
0.269784089246724867
