0.000000000000000000
0.001087251430767125
0.062588406795925866
0.088359221881413541
0.019091891645007283
0.000000000000000000
0.000000000000000000
0.000000000000000000
0.002254773149038008
0.005303829915332039
0.023366002150798537
0.002494904280255204
0.000000000000000000
0.000469804128110623
0.014080256921872650
0.001432305486195438
0.012589833240863522
0.003724758344684659
0.000000000000000000
0.064245995993641725
0.049892831696165069
0.002909305042760209
0.007729538847942066
0.006537830978454869
0.000000000000000000
0.047537959559148385
0.031835828301062491
0.007890857105613911
0.036735397730788051
0.011037739388468533
0.000000000000000000
0.000000000000000000
0.005446392462672383
0.021048179163454313
0.015346710666334647
0.000000000000000000
0.000000000000000000
0.000000000000000000
0.010016834599520883
0.014832009661583155
0.005975571572238594
0.000000000000000000
0.000000000000000000
0.000000000000000000
0.012488441432308565
0.020070468531677488
0.005382891587825569
0.000993862585862030
0.000000000000000000
0.011359354801284440
0.054195402129585436
0.043902344768122589
0.060020384370961959
0.005483252406242391
0.000000000000000000
0.000000000000000000
0.021556278458983606
0.024921013560956055
0.046664437696012730
0.003185170221153817
0.000000000000000000
0.000000000000000000
0.028448030844980637
0.032186160801965714
0.004408741193646954
0.000908646740358769
0.000000000000000000
0.076879291238892353
0.100044106025524368
0.024511035003362859
0.009127746594191390
0.005534198330359662
0.000000000000000000
0.027875568709709003
0.036322998557175121
0.008871594794666248
0.005795315779366044
0.001077131313792902
0.000000000000000000
0.001811557058933511
0.010849729165603419
0.005549880710959735
0.015194489129990323
0.002244147480006189
0.000000000000000000
0.003778045826579519
0.020335297048211558
0.015363994514737155
0.016801418101923878
0.004119583949295362
0.000000000000000000
0.022612527292576172
0.018297214238633390
0.022930722328418172
0.012989948609968466
0.002201493764392598
0.000000000000000000
0.012251311056235673
0.075099879965000643
0.053939913382952231
0.057627353278790927
0.018710660652726738
0.000000000000000000
0.001802236747138165
0.007213257330111177
0.015014056565659831
0.028932350855536006
0.007051062267418372
0.001273166118627552
0.003434519186565690
0.040345271760901108
0.015452139053354470
0.019251464907211451
0.004591452137828590
0.000610051817136931
0.016649461878118485
0.063040524685730626
0.004274576662789875
0.014702919785729391
0.013136392283676357
0.000466344427254106
0.048229644679547490
0.082868994259054585
0.005682840751184843
0.011586641958562276
0.007190169110598088
0.000325851280836930
0.005808773473299119
0.004601121551647706
0.035782494760675992
0.031587393825209975
0.016135599655206979
0.000260346836047500
0.011993485873291238
0.036373898611340279
0.031207360641015085
0.011657333438886771
0.003225851549850636
0.000000000000000000
0.025211313288946470
0.047045517003762097
0.019606330282664314
0.023245235381595033
0.003120570578461867
0.000433949871068561
0.037779085929783407
0.085808941413090575
0.075712217998193207
0.075268920216734134
0.032359858496436300
0.003682366363021568
0.021884109133083217
0.283672249171705138
0.219707188525618907
0.146574587670150913
0.081797487783447143
0.000422050300154197
0.024139956151487344
0.335584265671147519
0.112428152050306068
0.135535627537942627
0.062179705062351820
0.000000000000000000
0.076296969205532861
0.327633217622018802
0.186825747705822914
0.153031576776616329
0.023199191814324036
0.000696520838503103
0.049688635078154422
0.236435475087614227
0.126795405135547851
0.036491921243330394
0.011123670241973459
0.000048575040967117
0.018193273024151121
0.100258814396885124
0.036540281283132213
0.037871110192123303
0.019601588884561507
0.000000000000000000
0.013417141008581336
0.044418743160768721
0.080062306297150707
0.018334784590429108
0.004324346806584005
0.000000000000000000
0.015673599120771660
0.041065754546616873
0.083550025946305381
0.014466425950651497
0.000319273316593672
0.400000000000000022
0.399942086941671104
0.303882860925372866
0.223816315429931911
0.143811812709958242
0.150813916394919284
0.400000000000000022
0.400000000000000022
0.270207825799172352
0.380534297350520356
0.190483649963721163
0.176626336745090817
0.400000000000000022
0.400000000000000022
0.348766535221411655
0.333188853445871846
0.292209469386243426
0.101480231590704087
0.400000000000000022
0.400000000000000022
0.385176799674456727
0.400000000000000022
0.307112356225458516
0.069528228764792033
0.400000000000000022
0.393758361543544433
0.200917160018753149
0.190532513740096998
0.364952679278873648
0.074117076985044911
0.400000000000000022
0.400000000000000022
0.243886575898149938
0.177540207845690634
0.346112680450410437
0.048105053714911417
0.400000000000000022
0.374954581594740044
0.194538260906258920
0.153880095623159074
0.400000000000000022
0.044323515983382092
0.391032223437177806
0.368049733975920390
0.106476829278069535
0.161639468180342860
0.365162899600320001
0.036793933955239860
0.248727075402456865
0.382540116486778103
0.263848333265128299
0.213949012664865740
0.092938706820631517
0.060773012343949009
0.197730788752499720
0.346975294429086978
0.223496138730321203
0.201518472217143585
0.113380267582093186
0.042308259310338582
0.221290615585442579
0.232480175814273715
0.181969571398214680
0.170669981327895959
0.196193533107351659
0.036348262082004604
0.190866344521920056
0.164150432572032878
0.244667288329247556
0.125494802921848642
0.190523026664961431
0.020131848914554582
0.235929087593817088
0.302558972356813560
0.206748947152653961
0.287011265006382355
0.223364226280510503
0.014963505963382619
0.287616733736421382
0.296427293458874141
0.170158933996041678
0.134416228874847027
0.323851053761110952
0.028350507958647561
0.336651587306060929
0.396985555703616599
0.186426348870872283
0.149501498968365842
0.199869038305257596
0.019442559672252623
0.397623259257576800
0.371651490072210877
0.071797600630688407
0.220556049704754509
0.195152297353512610
0.014391261003244022
0.000423764491350168
0.028893292151079230
0.046484731627089292
0.065561333386266338
0.090668643801193161
0.047737633490104923
0.000000000000000000
0.042734306345477951
0.142100326364752561
0.059173853256689106
0.036468847198828584
0.013739529971145449
0.000457511906206726
0.038616147566437622
0.169930836920774042
0.052660776669135337
0.024123603442797112
0.007327290489197046
0.001009556780827301
0.019222207041486829
0.166462129939089182
0.017643264043311062
0.021092684225828724
0.011708648328269153
0.000173075861221027
0.016770330192521013
0.055673770938442266
0.090666086044838334
0.014662660649566558
0.007493485964182245
0.000232783016244254
0.054614415582784417
0.130703114858006259
0.162058487767928305
0.037686457522007992
0.011631862794007989
0.000000000000000000
0.029765928272527262
0.106985454485020143
0.130676370899648175
0.033187908506701141
0.006145214690537416
0.003793443640144993
0.020224229888455118
0.066191002611804634
0.234129118134077663
0.041490843383381146
0.006000642932394360
0.000000000000000000
0.000000000000000000
0.027450966851303712
0.077682335247344539
0.037077170395827738
0.019599227034195414
0.000593160827082874
0.016099480941936084
0.061082872196082535
0.058395399780113745
0.027124883572103825
0.009150148670386811
0.001273166118627552
0.009762694998869240
0.093046155601636316
0.064450405802459795
0.018942388837260883
0.006124214080410633
0.000000000000000000
0.000290499061806825
0.032178439108424169
0.055063714006370716
0.026671016925549074
0.006063199717893028
0.000000000000000000
0.005390724200691316
0.037866320317260303
0.063601956928835565
0.030565517223187545
0.001787836263657855
0.000576977661576793
0.019601402826262566
0.082226869963753335
0.040275814350000640
0.029007530087359026
0.013620026246779725
0.000351818670927712
0.013171476142200971
0.085858498016585016
0.117114466406569917
0.031129736900792890
0.020345200727974994
0.000000000000000000
0.019639845839045725
0.084134002900212362
0.082291117591840920
0.012675591767680423
0.009775506262501491
0.000000000000000000
0.003189721381349383
0.011837583817109480
0.012605980341933607
0.051506653211752462
0.017307784862097862
0.000000000000000000
0.002489576641820894
0.039646814387985278
0.036357458121392607
0.010010964825725301
0.001902476456673213
0.000000000000000000
0.020119926733337252
0.032417825894419626
0.022284600524960840
0.002508538246298882
0.005597088448572375
0.000000000000000000
0.004242048083248288
0.019815170831918985
0.029303795040984286
0.015259007367113060
0.006016496619914932
0.000147960414202644
0.003742816392383668
0.035602278156660484
0.056495167993913679
0.013242550692324686
0.007032203290906361
0.000340516797022301
0.012915733540897617
0.033666527116934977
0.047772712632846701
0.015686545929569098
0.001991075158197179
0.000000000000000000
0.012645965929026224
0.054394522854840199
0.046571168445445940
0.013790356518750121
0.008909890393885544
0.000000000000000000
0.002349874861960734
0.029497667205269185
0.022373960853504377
0.000919873327491956
0.001538847046895979
0.000000000000000000
0.000000000000000000
0.025894874521316891
0.028779121386235403
0.038845539227791548
0.002945683286274097
0.000000000000000000
0.000000000000000000
0.044113699900025824
0.036682890312847986
0.025106069615450043
0.002738253543197308
0.000000000000000000
0.016873215824820591
0.066195793766399169
0.083379342036729753
0.009784794251550329
0.002264403875407053
0.000000000000000000
0.007627770493220084
0.017012547391322821
0.027988406128633750
0.007240736727724848
0.004042181634796417
0.000000000000000000
0.000000000000000000
0.009332539914917655
0.064664160090699349
0.015531338644736173
0.013289843148066534
0.000000000000000000
0.000000000000000000
0.008606583755653471
0.017401560250337560
0.006085477820132737
0.000658972636906610
0.000000000000000000
0.000000000000000000
0.019367935157709782
0.027138143446263321
0.000433161635254968
0.000000000000000000
0.000000000000000000
0.000000000000000000
0.017640833836909585
0.025360206670151403
0.002582478927271759
0.000000000000000000
0.000000000000000000
0.000000000000000000
0.057912810187359644
0.038346477479267352
0.047543823952569036
0.005747338191681210
0.000000000000000000
0.000310909406112919
0.019985742249024489
0.063622118431698557
0.036270384752906101
0.000754391362370282
0.000000000000000000
0.005972367642956146
0.101473038940845722
0.120089954457362369
0.045348429503415548
0.000061362141357389
0.000000000000000000
0.000750536538333183
0.050959698972891904
0.029344141197363820
0.005035716050001223
0.000929627198667482
0.000000000000000000
0.000000000000000000
0.041812408173810670
0.094566617604277675
0.023795599041044641
0.005546076442437387
0.000000000000000000
0.000000000000000000
0.012323838124732492
0.023055799945372320
0.012994413063058791
0.001861527357294641
0.000000000000000000
0.000000000000000000
0.021223599666039029
0.034881229656043809
0.019665129619714700
0.004207379784266209
0.000000000000000000
0.009265118474468393
0.004364278256793206
0.010201766121146731
0.009534781637851049
0.006983942615601613
0.001982742018523611
0.001122381307341300
0.042257744777124885
0.066105871813159717
0.089479286490608351
0.013581465652785858
0.000000000000000000
0.028580793105273283
0.043346345650913581
0.028963675180624326
0.040984869649314526
0.003695358462800860
0.000000000000000000
0.188088211795191196
0.139032149470062399
0.096446714214510759
0.022339693263828335
0.005776345332265561
0.000000000000000000
0.073647213400276856
0.065848821313890069
0.037091536181186394
0.042163907168013826
0.007345934538523861
0.000000000000000000
0.000179464708939002
0.051114421053589938
0.031480093249548556
0.027313015657905657
0.016852662534408869
0.000000000000000000
0.000995627492532631
0.101309241794741087
0.041054192562371410
0.014100270710768133
0.012936344825056616
0.000000000000000000
0.003585061324936634
0.053955451305286867
0.051480478829560354
0.016780364314224749
0.013823340743180101
0.000000000000000000
0.006277154896814244
0.090343262640145361
0.019841244261081900
0.016178323750919515
0.006824185047014175
0.000000000000000000
0.017308030486548755
0.126250203992112980
0.083973200814192961
0.118810173092170249
0.018273793677315880
0.000000000000000000
0.090763608364898885
0.190295088707098770
0.055353686454411674
0.073896862016028159
0.007203384790395233
0.000000000000000000
0.192762754906186135
0.194175419855047104
0.075223181881861612
0.076667271540987791
0.003345324433627692
0.000000000000000000
0.041159914669023676
0.151323649443944802
0.127971422207853042
0.041662928385580583
0.009235880886227092
0.000000000000000000
0.030319426696269289
0.065156672247293185
0.153328094362053274
0.098254724938661636
0.042639665076976016
0.000000000000000000
0.046631656693336618
0.115192333375084152
0.085511739557934591
0.057318205426159216
0.023361799688616996
0.000000000000000000
0.012626201163559099
0.112575815357019118
0.073992912996839591
0.029934723992085716
0.008802536315596960
0.000508403058429062
0.035536664488613527
0.129928620729440503
0.057288103779218946
0.052295701422900458
0.017643442187717961
0.400000000000000022
0.385651755218408498
0.357753338533607412
0.229848908360891391
0.150651935571036399
0.400000000000000022
0.341986871532579451
0.375116838230748484
0.398601287192083320
0.309000883047096608
0.204350606038809390
0.400000000000000022
0.400000000000000022
0.400000000000000022
0.256548099040355804
0.198498651800729176
0.186272935030231290
0.400000000000000022
0.390729923895743680
0.400000000000000022
0.132332444148796496
0.370617831527026320
0.231737144413440621
0.400000000000000022
0.400000000000000022
0.323021410312031798
0.113036778845922323
0.370754943967718964
0.226148660933514961
0.400000000000000022
0.400000000000000022
0.342807080259452335
0.350896956669803417
0.365005380726533990
0.182599120707752499
0.400000000000000022
0.400000000000000022
0.378080167935760048
0.335297747278816227
0.240898929811651230
0.190618544410455837
0.400000000000000022
0.400000000000000022
0.382132381812981037
0.358925487743383953
0.205437156295555895
0.178934626765568650
0.400000000000000022
0.189858593260717995
0.197971598669733490
0.280702839600720122
0.167113811986997429
0.113767776179691388
0.299349670993891981
0.313440252180430645
0.215063078275955055
0.331912484671042451
0.391552000848687021
0.183724618172621812
0.399160427579475230
0.165221336690891479
0.191220305820898162
0.089015498247936933
0.253488967819374911
0.159170518285831453
0.180346859211320709
0.189209353514942280
0.400000000000000022
0.233792341045899299
0.301836122229868775
0.131464233783891049
0.091979049642138822
0.144610614650632380
0.206687532091501702
0.297873600868722277
0.213475827033885068
0.095182859247092438
0.234094616105076148
0.175130020776087303
0.278361962960493481
0.354750896426646700
0.241124238837962301
0.156458586116073106
0.400000000000000022
0.117170902286014844
0.270303770489558670
0.381200449498799498
0.218135654587979066
0.161754155997313603
0.355150448268758800
0.082088661876230873
0.201952374572424320
0.240255987075257860
0.215329108457300189
0.115517900121868966
0.299035101269170545
0.002635003796699067
0.010719105855311228
0.063895835227724462
0.188341616057814465
0.063001485328658416
0.006602092352345641
0.001751444244165349
0.002035773146273619
0.021423337986151283
0.092019880293793141
0.030357711464455796
0.001184443663102050
0.002213147346452412
0.000000000000000000
0.045792476014923270
0.087961334630762014
0.037763411384650676
0.000246825859829811
0.000000000000000000
0.036359619175647583
0.095799618455394531
0.126170061091221142
0.028042713083596297
0.002091566334932488
0.000025707958782942
0.170218180881460929
0.291961838078433900
0.143263874799672453
0.029127841487214388
0.013548866248281036
0.000403393758602928
0.027197276551815346
0.149136577522905545
0.098005713383846324
0.057951177867495832
0.025129951308534574
0.000000000000000000
0.000041294927561460
0.078602918161321256
0.077166679362317220
0.051508300241026844
0.010323918373369663
0.000000000000000000
0.016228946557598156
0.085994829487114288
0.064782787775696821
0.039447371156326461
0.012046937655591800
0.001562160378230724
0.022049290622331307
0.085505834361473868
0.179879621386386801
0.043930637262501952
0.005882909672063823
0.000355896496249724
0.000000000000000000
0.014942874954471191
0.063420844071226681
0.014373991104477681
0.002430741030860406
0.000000000000000000
0.002651377380429759
0.014475876148396162
0.023341770032068943
0.031865762931432631
0.003789872706064531
0.000000000000000000
0.035870780132030960
0.050253552796021797
0.039890091683587287
0.004861637323188417
0.000653308734556717
0.000000000000000000
0.056905827919611761
0.083978763405778784
0.024887935790937663
0.007955468651997645
0.005110481959005183
0.000000000000000000
0.006430197384983271
0.034716760756631784
0.085656058010295869
0.017180729121111831
0.015716899779217294
0.000000000000000000
0.005635332257742879
0.046221572358901022
0.119630453268211201
0.043804257174501073
0.006464684478226317
0.000000000000000000
0.000066470566143655
0.035594291124397374
0.028459456126771011
0.026798817414261166
0.012287315407187816
0.000000000000000000
0.015546260738366440
0.050898692846913014
0.088400281890678514
0.015195006082180901
0.001220378337675562
0.000000000000000000
0.000000000000000000
0.007968157039695658
0.017720282146827915
0.030452221891650193
0.003423222023510239
0.000000000000000000
0.002087044639824067
0.018955843278444622
0.027042769657977205
0.004471102939012369
0.000000000000000000
0.000000000000000000
0.024417534980366220
0.015194607922957487
0.016040327607777391
0.001581896622174147
0.000000000000000000
0.000000000000000000
0.046053995209544257
0.017137295906414433
0.002416752047575471
0.008542208808361724
0.002243073596932267
0.000000000000000000
0.000000000000000000
0.000000000000000000
0.010220257048291694
0.005369724472122735
0.000561951091523525
0.000000000000000000
0.000000000000000000
0.000000000000000000
0.014925749193627913
0.005894834923767765
0.000000000000000000
0.000000000000000000
0.000562333315431854
0.003204099130748858
0.023639500751315115
0.009065287091341245
0.002999097241246192
0.000000000000000000
0.001087251430767125
0.088483281317242757
0.117138343267648937
0.057937430872798824
0.002945683286274097
0.000000000000000000
0.000000000000000000
0.046368473049063830
0.041986720228180022
0.048472071766248584
0.005233157823452512
0.000000000000000000
0.017343019952931214
0.080276050688271830
0.084811647522925165
0.022374627492413850
0.005989162220091712
0.000000000000000000
0.071873766486861834
0.066905379087487893
0.030897711171393956
0.014970275575666915
0.010580012613251288
0.000000000000000000
0.047537959559148385
0.041168368215980147
0.072555017196313271
0.052266736375524231
0.024327582536535063
0.000000000000000000
0.000000000000000000
0.014052976218325856
0.038449739413791872
0.021432188486467385
0.000658972636906610
0.000000000000000000
0.000000000000000000
0.029384769757230665
0.041970153107846478
0.006408733207493561
0.000000000000000000
0.000000000000000000
0.000000000000000000
0.030129275269218152
0.045430675201828891
0.007965370515097329
0.000993862585862030
0.000000000000000000
0.011359354801284440
0.112108212316945066
0.082248822247389941
0.107564208323531002
0.011230590597923602
0.000000000000000000
0.000310909406112919
0.041542020708008096
0.088543131992654622
0.082934822448918824
0.003939561583524098
0.000000000000000000
0.005972367642956146
0.129921069785826376
0.152276115259328104
0.049757170697062508
0.000970008881716158
0.000000000000000000
0.077629827777225519
0.151003804998416258
0.053855176200726683
0.014163462644192611
0.006463825529027144
0.000000000000000000
0.027875568709709003
0.078135406730985804
0.103438212398943921
0.029590914820410687
0.006623207756230289
0.000000000000000000
0.001811557058933511
0.023173567290335907
0.028605680656332053
0.028188902193049106
0.004105674837300829
0.000000000000000000
0.003778045826579519
0.041558896714250587
0.050245224170780964
0.036466547721638577
0.008326963733561571
0.000000000000000000
0.031877645767044570
0.022661492495426597
0.033132488449564901
0.022524730247819515
0.009185436379994211
0.001982742018523611
0.013373692363576974
0.117357624742125521
0.120045785196111934
0.147106639769399278
0.032292126305512592
0.000000000000000000
0.030383029852411449
0.050559602981024757
0.043977731746284152
0.069917220504850539
0.010746420730219232
0.001273166118627552
0.191522730981756872
0.179377421230963507
0.111898853267865195
0.041591158171039783
0.010367797470094153
0.000610051817136931
0.090296675278395341
0.128889345999620680
0.041366112843976274
0.056866826953743219
0.020482326822200216
0.000466344427254106
0.048409109388486485
0.133983415312644516
0.037162934000733401
0.038899657616467936
0.024042831645006951
0.000325851280836930
0.006804400965831750
0.105910363346388786
0.076836687323047409
0.045687664535978112
0.029071944480263592
0.000260346836047500
0.015578547198227871
0.090329349916627152
0.082687839470575439
0.028437697753111522
0.017049192293030736
0.000000000000000000
0.031488468185760711
0.137388779643907444
0.039447574543746214
0.039423559132514545
0.009944755625476042
0.000433949871068561
0.055087116416332169
0.212059145405203542
0.159685418812386154
0.194079093308904382
0.050633652173752187
0.003682366363021568
0.112647717497982108
0.393854506680539118
0.275060874980030567
0.220471449686179100
0.089000872573842357
0.000422050300154197
0.216902711057673503
0.400000000000000022
0.187651333932167680
0.212202899078930418
0.065525029495979506
0.000000000000000000
0.117456883874556536
0.390114334211502545
0.314797169913675956
0.194694505162196885
0.032435072700551133
0.000696520838503103
0.080008061774423697
0.301429748291988542
0.280123499497601125
0.134746646181992030
0.053763335318949473
0.000048575040967117
0.064824929717487753
0.215451147771969276
0.122052020841066783
0.095189315618282519
0.042963388573178503
0.000000000000000000
0.026043342172140434
0.156994558517787819
0.154055219293990298
0.048269508582514824
0.013126883122180964
0.000508403058429062
0.051210263609385180
0.170994375276057375
0.140838129725524341
0.066762127373551958
0.017962715504311635
0.400000000000000022
0.400000000000000022
0.400000000000000022
0.380049216872928142
0.267478862176811272
0.400000000000000022
0.400000000000000022
0.400000000000000022
0.400000000000000022
0.400000000000000022
0.291303409128945034
0.400000000000000022
0.400000000000000022
0.400000000000000022
0.400000000000000022
0.400000000000000022
0.339452209327197663
0.400000000000000022
0.400000000000000022
0.400000000000000022
0.400000000000000022
0.400000000000000022
0.372175402706703129
0.400000000000000022
0.400000000000000022
0.400000000000000022
0.309686039373447353
0.400000000000000022
0.400000000000000022
0.400000000000000022
0.400000000000000022
0.400000000000000022
0.400000000000000022
0.400000000000000022
0.399420188297230916
0.400000000000000022
0.400000000000000022
0.400000000000000022
0.400000000000000022
0.367977071237743258
0.400000000000000022
0.400000000000000022
0.400000000000000022
0.400000000000000022
0.395088262414745595
0.329869133932466918
0.400000000000000022
0.400000000000000022
0.399620594739079515
0.400000000000000022
0.400000000000000022
0.351235006696454910
0.206706483000322905
0.360122683337841032
0.400000000000000022
0.400000000000000022
0.400000000000000022
0.400000000000000022
0.268703990410845583
0.400000000000000022
0.368245097604203986
0.395460748938551543
0.270985069646151600
0.391176978071740622
0.290127808753361749
0.216695121293325299
0.366035221669713140
0.400000000000000022
0.389584414005584634
0.400000000000000022
0.290401873838475044
0.112110898556693428
0.374259622623347554
0.400000000000000022
0.391221214671448436
0.400000000000000022
0.296151022945902620
0.249058122068458787
0.400000000000000022
0.400000000000000022
0.400000000000000022
0.362470484854000241
0.372107708214060806
0.400000000000000022
0.400000000000000022
0.400000000000000022
0.400000000000000022
0.356428301287178617
0.310860602493891469
0.374593007941011358
0.400000000000000022
0.400000000000000022
0.290883201568968186
0.354213110315443447
0.285998951109782906
0.313426362272414605
0.003058768288049235
0.039612398006390465
0.110380566854813733
0.253902949444080761
0.153670129129851590
0.054339725842450566
0.001751444244165349
0.044770079491751567
0.163523664350903875
0.151193733550482212
0.066826558663284380
0.014923973634247498
0.002670659252659139
0.038616147566437622
0.215723312935697326
0.140622111299897351
0.061887014827447788
0.007574116349026857
0.001009556780827301
0.055581826217134402
0.262261748394483685
0.143813325134532211
0.049135397309425025
0.013800214663201639
0.000198783820003969
0.186988511073981900
0.332181619582562149
0.233929960844510787
0.043790502136780957
0.021042352212463283
0.000636176774847181
0.081811692134599767
0.279839692380911775
0.260064201151774643
0.095637635389503817
0.036761814102542562
0.000000000000000000
0.029807223200088721
0.185588372646341426
0.207843050261965367
0.084696208747727986
0.016469133063907078
0.003793443640144993
0.036453176446053281
0.152185832098918922
0.287849770592048748
0.080938214539707606
0.018047580587986160
0.001562160378230724
0.022049290622331307
0.112956801212777569
0.257561956633731381
0.081007807658329684
0.025482136706259238
0.000949057323332598
0.016099480941936084
0.076025747150553713
0.121816243851340447
0.041498874676581504
0.011580889701247215
0.001273166118627552
0.012414072379298998
0.107522031750032485
0.087792175834528752
0.050808151768693521
0.009914086786475164
0.000000000000000000
0.036161279193837791
0.082431991904445973
0.094953805689958010
0.031532654248737496
0.006716508452449746
0.000000000000000000
0.062296552120303071
0.121845083723039108
0.088489892719773228
0.038520985875185189
0.006898318222663036
0.000576977661576793
0.026031600211245835
0.116943630720385106
0.125931872360296515
0.046188259208470861
0.029336926025997013
0.000351818670927712
0.018806808399943850
0.132080070375486025
0.236744919674781118
0.074933994075293955
0.026809885206201305
0.000000000000000000
0.019706316405189377
0.119728294024609744
0.110750573718611939
0.039474409181941589
0.022062821669689307
0.000000000000000000
0.018735982119715822
0.062736276664022497
0.101006262232612123
0.066701659293933360
0.018528163199773427
0.000000000000000000
0.002489576641820894
0.047614971427680938
0.054077740268220528
0.040463186717375491
0.005325698480183452
0.000000000000000000
0.022206971373161320
0.051373669172864248
0.049327370182938056
0.006979641185311251
0.005597088448572375
0.000000000000000000
0.028659583063614505
0.035009778754876479
0.045344122648761677
0.016840903989287205
0.006016496619914932
0.000147960414202644
0.049796811601927921
0.052739574063074918
0.058911920041489152
0.021784759500686410
0.009275276887838626
0.000340516797022301
0.012915733540897617
0.033666527116934977
0.057992969681138394
0.021056270401691835
0.002553026249720704
0.000000000000000000
0.012645965929026224
0.054394522854840199
0.061496917639073861
0.019685191442517885
0.008909890393885544
0.000000000000000000
0.002912208177392588
0.032701766336018047
0.046013461604819492
0.009985160418833201
0.004537944288142171
0.141994694968200802
0.186460306124620195
0.275332897147455347
0.271700304589564900
0.067251851101361865
0.126905483678742326
0.135789595214652975
0.187600628719321427
0.281104336747224126
0.257238915113449540
0.067192424504774931
0.136281004836028258
0.133293159337508405
0.207810487126649401
0.303705957902159651
0.209840718127091846
0.079181980964451629
0.097166839254314782
0.134488352655240229
0.229136856833525610
0.311910125865111909
0.220010012386717357
0.088807175391795681
0.081673721195735988
0.137927830015806913
0.243763825156650960
0.296782575555773587
0.218061201023840412
0.109103259277529563
0.108190888774304758
0.145677898517256876
0.196023867399577889
0.273892751176681493
0.170081564442560174
0.115990727778688976
0.122149059941428370
0.144104860471497259
0.192096199950669511
0.251836673096976216
0.160938035068924151
0.108172624922004620
0.109009694565349632
0.145585536260666698
0.172629730742147686
0.138845544095741819
0.119481522139937277
0.103372389220697150
0.105060876180986321
0.151384026323786197
0.170430824030407241
0.199589282871485918
0.182684603075039809
0.236015032473612496
0.125798136187144721
0.158883908153434311
0.168992142803972761
0.207523087059574091
0.209455749761684462
0.210345497007818155
0.134882252907313482
0.146417983565016979
0.192912683755749687
0.200954685273745048
0.187678679268854925
0.206158787181066172
0.095422988414084864
0.145013118233331545
0.213060597702035809
0.230344484101049962
0.230729248184990132
0.197330480528538965
0.079884445605146098
0.143563210898775051
0.192438057373509275
0.201565148018935103
0.269850833862597395
0.200157295360429838
0.103657276313661673
0.153880956830713789
0.159847829010444198
0.181843714500930120
0.223174950829446606
0.208764034644515456
0.119793951101273458
0.153002782918378710
0.169546722764462698
0.171284992649068518
0.217719984708011960
0.186886256310333398
0.104225856013287529
0.151390642932455161
0.161864150928209077
0.127339694177717205
0.133601875099009781
0.134190390063037734
0.095290226263149633
0.143553642880843213
0.188643038361346466
0.269113829363581358
0.275975404397474422
0.074178894086538258
0.134947958979619476
0.140364608157109771
0.195900282057482000
0.290943948216674575
0.285776734495140627
0.070433787790429081
0.137860784600592590
0.135734688965718969
0.215090540413236136
0.304555848518341332
0.248524852819935083
0.082316704451229905
0.098562415672082751
0.128304263026807114
0.218043322965704833
0.294285588078152749
0.237952030498481071
0.085027559975824396
0.079623156411604196
0.133104031050836707
0.205381953921974364
0.233732932824333134
0.206061481787379791
0.097326362737872665
0.100311600060937603
0.145028368479613562
0.198365548251028090
0.259335658319124307
0.165283920352232216
0.111946707830321582
0.120879687734780764
0.143211698968609469
0.191669914242726780
0.249799966495063697
0.159478831889534017
0.109109139656273668
0.110452073421724903
0.150983292119394791
0.196326107526722915
0.245618948862259878
0.196470633505909292
0.100991029525483209
0.098123075691398096
0.150254454365028517
0.174487208630118990
0.209261729604491575
0.177705798108732604
0.239728638247871467
0.133900043890487874
0.158709412353491147
0.175280667066767343
0.221597165703210724
0.218264627329739197
0.247181786677408255
0.137255772629453765
0.146534146734657700
0.199085334825002014
0.213840746577702440
0.188440315266444502
0.235473899314256857
0.097334456350981063
0.144875519756731963
0.207988585880902466
0.201212861880587096
0.217799680314637201
0.212918611081970799
0.078490848625502971
0.142622973590897761
0.173437937688589838
0.161541053032028203
0.218838837337509473
0.191736885979822080
0.097556650903781905
0.151580501437157372
0.158423507734054420
0.184703795661104286
0.208907828319424838
0.205534680222421967
0.118904406486879041
0.151021154055207191
0.166507424625321088
0.169844151693699874
0.214905557863963342
0.185619196094091943
0.105101809576535490
0.153097208971953669
0.175070426227004722
0.168541845211732544
0.265789148625809379
0.190282177771978867
0.094181003490967266
