0.021085046835348925
0.136011935691042002
0.088079598301650769
0.035142036690762199
0.043850936033189951
0.056819310665364373
0.101949336873452853
0.172476946776651374
0.041116605441609749
0.128485901886399551
0.084761771499404642
0.037641618618184165
0.251700713048212010
0.234342785104758589
0.088542768937613092
0.011922030166075005
0.087057429343867523
0.016717648646124940
0.053157534106040058
0.059315401809714896
0.050066214312836775
0.278846630086324543
0.041383705725068373
0.007296334439131196
0.013492456492442167
0.022878532662088561
0.067684458799493807
0.149244877852437952
0.037657845285477387
0.022716848139395736
0.089446101175975692
0.086461709014023697
0.126522275578423271
0.104550056952399079
0.021554325117268833
0.041748608918199995
0.122147051826591413
0.014635915701815737
0.060219288361656652
0.097058403250978531
0.007209434040285816
0.052588898095627605
0.076441875318118691
0.007496223819282898
0.000000000000000000
0.001186917478543622
0.000076726445302392
0.020993070689528374
0.012998078142565667
0.071548936923507500
0.112578212086366855
0.125730043806941805
0.084287173094854534
0.054752196688837157
0.044133537362747062
0.158618370487622784
0.099601970197975037
0.103069497876981414
0.060608397199733335
0.069088842049584834
0.147611840764684976
0.273705089736764884
0.091572190973530240
0.120480978071891537
0.265966601564600558
0.037973648795515742
0.126438207607577652
0.203419540993592163
0.036018132711843717
0.181014015452650390
0.199107951867935479
0.050519236653195937
0.041091596675766277
0.181670470957914748
0.295968795891068059
0.065223023207973879
0.006195284596497321
0.032356734725521398
0.037942424647154513
0.185903448114276143
0.258095995044160031
0.354389997627547082
0.012605701186078061
0.025076358852156103
0.115364420784687394
0.033428853416817811
0.071871901872520239
0.156349206199827673
0.031014159351507278
0.043382667378361196
0.102012824911003816
0.023560182555700481
0.017511032603507563
0.014249867534062157
0.012815208338548434
0.010404769719355819
0.074046290032916226
0.102475568961880648
0.112290190146549979
0.149769972023037518
0.065142770251791576
0.030922091996987977
0.067944833411823294
0.053272172394209102
0.052586117375443234
0.092756378833649317
0.045753776614511507
0.041547327747999976
0.064701386156380852
0.043735593301218567
0.184928327964110018
0.212866525519122635
0.259191381034418800
0.025888323549274863
0.115556204692197378
0.146208542351226378
0.089378530421389379
0.400000000000000022
0.400000000000000022
0.048434156132598036
0.096179587131892980
0.244372931868693466
0.366841217151082088
0.198798500480299234
0.119005811220117663
0.077116569762758616
0.131575116946009457
0.233322603776226045
0.181267188046042360
0.086927754940309299
0.107917331674448363
0.031548248866899595
0.124839609751074013
0.063383766814737619
0.040614988754199742
0.038663713077726147
0.064958638579321340
0.099395218741354291
0.005530572002028207
0.012394596144508094
0.011661122983165254
0.058727724938530547
0.095788900939368746
0.041852681287352089
0.082355887724241170
0.109207249870948792
0.121396753818411099
0.349747145102514034
0.239768419626054274
0.048292999253542079
0.171360060541716319
0.180463612615926694
0.129401961334196958
0.382186251073372396
0.267552848186832670
0.034345118535766959
0.080633857213709095
0.255870289876802381
0.288781221435681357
0.148524003354388590
0.137504970456109071
0.046837725004439522
0.207912304458663127
0.139411237982958541
0.091115683966256078
0.060625019598596029
0.107765279630193445
0.046578164739309022
0.090365203008347009
0.065781412054916888
0.039105718753712486
0.123378257029246513
0.126412091993117981
0.050180469003095030
0.112950782355078411
0.207991908393969416
0.048845573925933528
0.132795208352731786
0.201344313692916721
0.039250948730327848
0.135319944915703094
0.185977875424943373
0.062136892848126485
0.067003572068722705
0.131314704899851586
0.039750830983579399
0.052813338467938377
0.095568635989736042
0.111361925991588451
0.068601475160686098
0.132203779727050857
0.043317779279847410
0.304900701017634446
0.288096121182954412
0.135683493854989928
0.158214889289317984
0.385499571210656311
0.178175171140948330
0.315190381218964699
0.211108883537263869
0.177600094709981615
0.150329961332669571
0.400000000000000022
0.310818479045669782
0.189921940902761571
0.112167560220497328
0.229202111928913904
0.151352972144210007
0.211142065532077261
0.189741343405868512
0.363343809109432425
0.241556601760078010
0.258814592682248601
0.108946301839268969
0.244417306152053093
0.188368330659331923
0.242735412265384476
0.118594650468443349
0.112602871605354871
0.144082901538610753
0.400000000000000022
0.217405615534798924
0.133141051846133146
0.400000000000000022
0.157267444596974393
0.175188321783366213
0.400000000000000022
0.123861645731066922
0.192742879808367101
0.400000000000000022
0.261052247177004537
0.157728108621942170
0.400000000000000022
0.227388265644819065
0.218383314061022571
0.400000000000000022
0.148256080858736761
0.145745073908578632
0.400000000000000022
0.245771173838552348
0.374430870248369851
0.259724115749546181
0.163804669101973305
0.174802819329331782
0.242726003070651841
0.155638409915077019
0.085553929842113546
0.175122146163625481
0.274814561573811678
0.093955753433453637
0.167396990793962031
0.150199280656142464
0.218384024342959226
0.099698878389676449
0.162966629151684139
0.109439940318256379
0.219965279057006802
0.152512393042087552
0.208834504294059892
0.201287714739031731
0.208108133745842028
0.063080578888891015
0.152162449928382404
0.124755487225856374
0.228298774819723660
0.081755435175755176
0.046157341977802108
0.054882874268392889
0.253474859222361626
0.149064272513159624
0.129037635044145116
0.173729976560207611
0.078246569523690579
0.100986975465744061
0.385472223354165089
0.220823013717714622
0.064241880623327613
0.400000000000000022
0.182618786938109900
0.123134241575877199
0.400000000000000022
0.106837958286051665
0.132500308047844240
0.400000000000000022
0.121962998571409742
0.143782531385833467
0.182094028137972791
0.046487518318958358
0.137243341205394692
0.392106800845867187
0.224901397321983998
0.095273760927816142
0.170749365414064741
0.077578033849589820
0.194064744881593254
0.205500664400788319
0.232833361761971946
0.082284196130223530
0.154049802925043416
0.016077843780632258
0.344329457513270598
0.118344371802758322
0.158493364198611764
0.056472403269077820
0.113642895904728078
0.080873765504846346
0.176060617317046447
0.235573880204209163
0.199283793189570124
0.050024523485937424
0.040669168499767691
0.100510311510560543
0.206007746985794049
0.123902824446222609
0.089046462770137752
0.056735642358221108
0.131128087549657102
0.034195345817368966
0.033734606335050814
0.156642600769993590
0.071153281395549633
0.083814753830263766
0.233793047476667681
0.162854222603849852
0.034266684891887195
0.153060180272599711
0.085093981706124880
0.069908414637385285
0.150266911043767160
0.119369816542181262
0.096821059993352193
0.132502249083426421
0.031812788377835931
0.077947023356220349
0.124530705728452734
0.046558970055548869
0.094233642722837949
0.271830014076251514
0.171106338474660169
0.094971147128902797
0.078293575245859656
0.111672462135843115
0.289331989701825831
0.278218591351200195
0.379290659884907566
0.054085456373372115
0.036463818938573325
0.039492980042671794
0.398894855517699876
0.192935472468552499
0.115947579188776712
0.061611755804766480
0.125782429445717825
0.039070383146727360
0.286875351626441455
0.327220920141317817
0.155626137455139590
0.123828673696557312
0.068386964790940599
0.050707920040254449
0.137123887787638427
0.254938316760815575
0.154327727453335728
0.167213519330945692
0.070549666392896851
0.033899129579829240
0.048857506315933212
0.050464444579496580
0.085788708279634696
0.085557359293266438
0.029240539113240548
0.026784650910347606
0.086388768261746629
0.008047982224366253
0.011118083523551130
0.040316663555462831
0.108929435230491839
0.034477635837444252
0.158954507541877121
0.067948632116605207
0.019603688098050694
0.046918077188098400
0.104085712208606185
0.048750154794153559
0.079799202853735429
0.157755457203289817
0.121349425542272724
0.001812737367143647
0.037704082380464188
0.105277842676383168
0.058902698521866345
0.118819509142693264
0.156319664326231539
0.029042942195000636
0.014727247829985262
0.053110121626276333
0.147886702703179551
0.131651867013434398
0.068149553069567548
0.069265861406876433
0.083361159308888128
0.037321096832730584
0.084488240115500587
0.127773204598185836
0.215583903047938563
0.086212936790223793
0.035840873026020632
0.027049363078358733
0.119769172590641820
0.170071869656079899
0.184707517908213770
0.074052662262282992
0.002360945400346225
0.016554415452736844
0.213341056045187105
0.170461342223666601
0.203222878934866569
0.324602151482804580
0.013383118518723560
0.096732832973171479
0.098552429148672849
0.006516794737572986
0.054920726392609656
0.010582983764885274
0.005101050812782467
0.034570476465057037
0.368962503833051292
0.184688159673630503
0.072772199505769866
0.070487046038504489
0.061493159356391144
0.078703939511553675
0.039525890940006678
0.161541083081797904
0.129516550959793697
0.066933931719261305
0.024439363504210384
0.011707046680514664
0.037565536002777858
0.121076000652735938
0.074307064701396211
0.029950736145554012
0.021563162106768868
0.024100615205555065
0.105664532250911977
0.141211721133374324
0.082889331530088775
0.052217504733708446
0.005665183215956241
0.046777773129362349
0.072189426186336475
0.183414221087189910
0.276434683061718867
0.136765481523708488
0.037570660350296353
0.050639929583587845
0.105183475419939623
0.350671193855588981
0.338524518947896924
0.217851667721726205
0.019875886739248654
0.016081148023896156
0.041999546266806076
0.061175530188754310
0.227955939159035781
0.177657972204470105
0.020309792041377665
0.017854529800164193
0.025952473289043008
0.024174222446806070
0.039472199194098882
0.062714816907237347
0.045910688436995015
0.027582309291689387
0.400000000000000022
0.400000000000000022
0.400000000000000022
0.400000000000000022
0.400000000000000022
0.400000000000000022
0.053335289730326620
0.130522802038888386
0.039355370886809106
0.168593406883371238
0.141785677382229386
0.031115641399348436
0.038450953679043748
0.114540711399690284
0.063511659342307569
0.038424460024932751
0.088127000496155974
0.056240756766279959
0.069434723921430269
0.280887122711261539
0.116378323590576302
0.006383375540823152
0.000951157144357335
0.086632654189446420
0.039512116110510490
0.291798403428055186
0.293961697451472603
0.273253422463685891
0.153237108262861965
0.061036663222710327
0.041640058926966012
0.149842457522544797
0.374360726270479838
0.351638034076561468
0.103355710765161674
0.053834687359092914
0.110637216892203225
0.062133530714292576
0.181229057100968594
0.145589315739463793
0.027626489781249670
0.031235839051345533
0.095782024041282887
0.034455105902669834
0.003397477651995604
0.058523678780907237
0.022287428281472815
0.025093501186261059
0.155596224642253311
0.101306632801218627
0.076664648214272324
0.148098366646183532
0.033478814257126753
0.016212355863707645
0.078981629957228155
0.089612270802898686
0.339420642804803996
0.400000000000000022
0.233581709379746705
0.026100882217597647
0.069168440451279845
0.215819600730671024
0.275066877870552784
0.136810659031660509
0.152956621228091588
0.042186546735024207
0.100293508565763911
0.131578099534411130
0.046436131091671967
0.149376799434968482
0.132808208433784630
0.036728182336169729
0.096162102248763093
0.325744294648218580
0.083266258652901021
0.400000000000000022
0.400000000000000022
0.021296116998407805
0.117650647591622859
0.234804666215588875
0.089026444747043271
0.216264757941838137
0.149079095379023668
0.030017756945105084
0.159871873608195547
0.073415943603346190
0.128150275285323162
0.065044767865545222
0.035236711919681793
0.067544067676952063
0.060222881004453284
0.033912197850463503
0.054479480857887494
0.021431830008370727
0.024026212196800102
0.048572181477383264
0.066699217034800515
0.010129754991003624
0.077256249893465329
0.067646685139239826
0.047391115322547861
0.039676735197168023
0.073843417686935503
0.113912759134169761
0.234914293825288112
0.400000000000000022
0.118997637857430200
0.141045219957684931
0.081492524193984658
0.047615901066942558
0.125469104420512623
0.158740442835851592
0.043039726176014759
0.126168725181078439
0.043278886123044938
0.140897689926639258
0.066482296791013029
0.207416307445351611
0.175645600203731767
0.076079977585854608
0.111338074454461367
0.148868111483381749
0.059392438960186186
0.118866841170434348
0.197673014643598655
0.130853483642218771
0.098902105691952763
0.165558186294983395
0.104839998117652336
0.093217122546459433
0.074734107625306356
0.086774895990217538
0.111622883703365178
0.038951329118930629
0.094032329114900004
0.040037361399929167
0.052927617768127891
0.073073073334199906
0.093687356716760983
0.092296750510611522
0.061894695677155123
0.063518470741414812
0.030680079329469569
0.080116492971303133
0.073816873490753665
0.073076845297182738
0.065749392327760017
0.038837713300467550
0.030316241866547307
0.042906605840977219
0.249656482609523583
0.097893617781192294
0.077535124116138582
0.088330541275551969
0.236738827141539321
0.287461079089873728
0.067092906253985937
0.310009563979815939
0.295871944438185930
0.211417993670827475
0.178959869615137629
0.252647284034013153
0.077053649336365743
0.185360779250784702
0.100959441420843427
0.204794656625864602
0.356400150454112774
0.176114069197322698
0.058127007613144613
0.080483015042427858
0.060006985187299168
0.099332372189028836
0.188746350087727333
0.139099722496133810
0.113748031593767382
0.075171528143558972
0.047039920605983943
0.189225538917197678
0.275181544970078684
0.120583402373964033
0.187975853782349767
0.131639567327241525
0.079977211690224620
0.310584440636740622
0.384232567488024812
0.170469117345296295
0.188140010957062731
0.140832485015397413
0.296526096524977745
0.400000000000000022
0.341643506038591172
0.083728432134041006
0.204857781526969929
0.177639429629215612
0.177920058237748285
0.400000000000000022
0.247564650737987224
0.052603759133946063
0.186013336062299611
0.147831422116607991
0.153443675669840573
0.057162009723516462
0.105796079475267230
0.177183760258149497
0.106233446606573356
0.140573266507391048
0.115546495269280208
0.226449153547453153
0.164429947401021459
0.150865676633265666
0.042555095047479834
0.086967328665137913
0.105549595060607279
0.153848398772924222
0.082488215342684704
0.127708301759066195
0.037688054099094599
0.085487170429277684
0.026817325894223989
0.021726624264108877
0.042171463132130160
0.147043787753603022
0.138681822981403746
0.167429900115649233
0.050693813812938637
0.056351879209942363
0.082847759764106910
0.193899936704736819
0.256175610720622005
0.133532957679533160
0.140022574895982660
0.183521455860426563
0.196035277039958600
0.072213960162799712
0.230048962901149623
0.104811127265934473
0.258150544574863916
0.266654422594014950
0.183346625265967789
0.057619282985817463
0.183766563559848606
0.159317032018753690
0.265811000412234377
0.279686400632478627
0.164489718939864388
0.065410053578346949
0.193027569410340216
0.247286228668788938
0.194982456203282167
0.047042496660721904
0.027445424081545426
0.141174787178261735
0.220808325719412446
0.162460796900908838
0.168436999958172351
0.094709811226967533
0.075782701105842967
0.113949657624863532
0.187174450629934763
0.138182741108785534
0.080626139437851504
0.061330498508404274
0.049383037928166562
0.034885376742755499
0.143944224048316971
0.137231361796041951
0.114603977310754168
0.052868144280143331
0.042717896762236446
0.126083980845156679
0.130653104335494236
0.088867761911322812
0.080535786830589942
0.079862710481866259
0.062381786306828842
0.044923729917137070
0.129143105589781898
0.108141094526137335
0.400000000000000022
0.077899794899777122
0.054290193590174035
0.122666361174895044
0.221185739188544228
0.085680854924565106
0.196758427841525224
0.109491935356509668
0.078178098587991129
0.134624570366853491
0.154814760292220965
0.094598944761979775
0.073327305466716564
0.091185379584377349
0.082369460667739050
0.063241622746290804
0.090593172012332607
0.086242543724738038
0.161970889276809277
0.048471323114632404
0.035035462701533938
0.044021418270432558
0.076576762210217419
0.164865042548849372
0.113195129351309612
0.111007039686217945
0.065078361255007502
0.059042703917367406
0.114550576056232700
0.349886474798196678
0.377461088988800375
0.020957239449324559
0.032717482704943707
0.079240739950106151
0.018058421317370975
0.251849979438317995
0.400000000000000022
0.149966769272311673
0.018580102414222061
0.045790310043361392
0.027952808826246713
0.110075675689147640
0.107006750957418739
0.137203717732024721
0.046059038627085165
0.046852063173645125
0.142790859083837374
0.163021493350835905
0.329242064008634205
0.065714467421335951
0.002880006434237760
0.022453786967874857
0.082781574617859982
0.049933908711374861
0.101170667244036602
0.016058450297781163
0.017300179960936000
0.035844030982544142
0.029072488203322568
0.017615986204280287
0.000000000000000000
0.000000000000000000
0.029441375155642734
0.001813790721315659
0.098082980916335383
0.188107460718253350
0.085057182229065026
0.027228288940921507
0.043358029278735180
0.041030758850268030
0.358370749768140984
0.148624910595117288
0.127412064312399737
0.212228361951566968
0.059059220662943765
0.038553622317224909
0.305456469226618066
0.332119383195668860
0.203587969976368521
0.050489843236332252
0.036028566992426576
0.053540572483193015
0.044323342871564010
0.145084337556781573
0.217557224919033704
0.063183405113889618
0.030795790769877724
0.052383311014561722
0.108000560361033698
0.079747065307617881
0.129612629472902890
0.078793440691241334
0.022012705740711500
0.091378150806386144
0.115248752808677302
0.044443935995165190
0.122730679980996321
0.062656905728295326
0.014800894073499955
0.022226269799284493
0.079486971390342095
0.013643177582684865
0.080497949086048251
0.064213628144941998
0.009962886138120432
0.009910526835225916
0.029087483397037678
0.027485870933005536
0.039230430670883734
0.036698647780159174
0.005716126310570785
0.006627316120796312
0.060610937775355603
0.297553018772839906
0.217596149261444438
0.102075968410023518
0.068290299537400345
0.068526357345879030
0.139514872876230711
0.293552947429387368
0.115423670143005946
0.158436638031953569
0.106324933606173525
0.061742233823739223
0.345645230983576690
0.374129815154581102
0.171432100467701853
0.064139534899783454
0.092722612559823780
0.063495421775487282
0.125346960292376519
0.242729622896904779
0.326500897374555676
0.395941732964292581
0.078954366075364726
0.057936264022719036
0.118675931912381780
0.361982554053933314
0.384444012856194228
0.361429645032489977
0.057533732024726052
0.038797996163291888
0.131445647442781754
0.147637239202777992
0.354478214737459052
0.282208029156869156
0.041864117158646498
0.059603138718364188
0.148099525115634428
0.038810138148621803
0.099691487555755548
0.159773220158215851
0.053120122477280832
0.080171207387316992
0.400000000000000022
0.400000000000000022
0.400000000000000022
0.400000000000000022
0.400000000000000022
0.400000000000000022
0.066333367872892290
0.202071738962395914
0.151933582973175940
0.294323450690313015
0.226072850477083948
0.085867838088185600
0.082584491041790817
0.273159081887313082
0.163113629540282579
0.141493957901914158
0.148735397695889282
0.125329598815864779
0.217046564686115273
0.400000000000000022
0.207950514564106542
0.126864353612714725
0.266917758708957953
0.124606302984962169
0.165950323718088155
0.400000000000000022
0.329979830163316334
0.400000000000000022
0.351084038413221444
0.111555899875906250
0.082731655602732282
0.325952418040089675
0.400000000000000022
0.383313445241112272
0.109550995361658993
0.086191422084614305
0.148579641539357737
0.248036978828568677
0.400000000000000022
0.400000000000000022
0.040232190967327733
0.056312197903501643
0.211146444825970281
0.067883959319487652
0.075269379524515845
0.214872884980734924
0.053301587632980096
0.068476168564622242
0.257609049553257141
0.124866815356919098
0.094175680817779883
0.162348234180245687
0.046294022595675194
0.026617125583063457
0.153027919990144368
0.192087839764779361
0.400000000000000022
0.400000000000000022
0.298724479631538309
0.057022974214585624
0.137113273863103124
0.269091773124880140
0.327652995245996004
0.229567037865309825
0.198710397842603081
0.083733874483024190
0.164994894722144736
0.175313692835629698
0.231364459055781957
0.345703290119724727
0.352241990979675568
0.062616505885444596
0.211718306940960499
0.400000000000000022
0.172644789074290372
0.400000000000000022
0.400000000000000022
0.069730273131005854
0.213830234723515811
0.391411620616380906
0.398245507326400960
0.382522868386887704
0.268084906599141304
0.107134326707863714
0.291446990554205032
0.306738547379572235
0.309417463331365550
0.151972522805854549
0.143154043594130143
0.099092316543851644
0.185062490755527276
0.097295964665201115
0.095094469612087229
0.060095543086096881
0.088984850776121435
0.147967400218737555
0.072229789036828723
0.022524351135511718
0.088917372876630582
0.126374410077770366
0.143180016261916593
0.081529416484520098
0.156199305411176687
0.223120009005118580
0.356311047643699252
0.400000000000000022
0.344084167483700298
0.189338219211227038
0.252852584735700991
0.228079513682869273
0.254871065754709580
0.400000000000000022
0.310592574362847429
0.160513843716845406
0.123912743336754033
0.385461872195527966
0.349266736476883222
0.341617923899657117
0.311422911020387716
0.122917702590294151
0.317911785500168353
0.288279349466340262
0.150508122926442278
0.179491860769030342
0.305438294273792155
0.177431648381527779
0.189267308700299758
0.231339598349900255
0.143945716871364815
0.216595379575705960
0.201146199618424337
0.136955364993312567
0.224573666058443616
0.246943237512900038
0.142877903040833532
0.172832569752660897
0.254271931461044598
0.112324022064527768
0.229007301632464078
0.278274625935554853
0.124031588525281594
0.130522042810137517
0.161994784229321148
0.119867323954882532
0.126630211958692063
0.168645481286918780
0.177111318319348454
0.107439188461153676
0.162520021593598157
0.086224385120824615
0.400000000000000022
0.381651829443664381
0.213218617971128510
0.246545430564869966
0.400000000000000022
0.394937803692169687
0.360650381724737734
0.400000000000000022
0.400000000000000022
0.353767181314414814
0.400000000000000022
0.400000000000000022
0.266975590239127258
0.297528339471282044
0.330161553349757331
0.341758654623487590
0.400000000000000022
0.341115223869099815
0.383775713626992476
0.321776798536192954
0.318821577869547734
0.208278674028297806
0.392011829456393790
0.327468053155465677
0.355484882789664391
0.193766178612002349
0.159642792211338813
0.333308440455808486
0.400000000000000022
0.337989017908762956
0.321116905628482885
0.400000000000000022
0.237244656287198985
0.400000000000000022
0.400000000000000022
0.294330763076363189
0.363063010803451713
0.400000000000000022
0.400000000000000022
0.400000000000000022
0.400000000000000022
0.311116697778860085
0.386281211928942159
0.400000000000000022
0.326176139096485074
0.400000000000000022
0.400000000000000022
0.298374932972498397
0.400000000000000022
0.395581796556580878
0.317248344771813851
0.231964829052848265
0.337114745370866720
0.324561797051300449
0.191787376448686903
0.315695412671016473
0.380017271223007547
0.320404906980906845
0.331826938194983434
0.301064957289408131
0.260939119390439067
0.186666207054814376
0.268516224212291432
0.263288339091180545
0.302453494399691547
0.280220694801153802
0.246522558393154512
0.286774885168309401
0.234925459640066031
0.084807203152999888
0.194333913060512564
0.271799274979459382
0.360063352781493817
0.249185335291404436
0.096851155790740731
0.111234753478335252
0.332288731634278078
0.342964209217896443
0.370567727118714996
0.307262934239740770
0.218269144419673239
0.284508431326170597
0.400000000000000022
0.293036973880514307
0.294290843524477208
0.400000000000000022
0.400000000000000022
0.385814548572592897
0.400000000000000022
0.164457241271869115
0.316266871607692845
0.400000000000000022
0.387773998983644175
0.398481242403599834
0.346583747077837179
0.111897571897305315
0.329965744822241502
0.400000000000000022
0.395819188350605700
0.142316257588538053
0.198194789495610202
0.218752821027851541
0.374345882604354196
0.366489125260885840
0.387842830994047816
0.176994007357191036
0.229832504030886398
0.130027501405495766
0.400000000000000022
0.256527112911543842
0.239119503636463282
0.117802901777482094
0.163025933832894654
0.115759142247601837
0.318426761427902327
0.356737210996715570
0.313887770500324237
0.102892667766080748
0.083387065262004123
0.226594292355717208
0.336660851321288257
0.212770586357545421
0.169582249600727680
0.136598352840087367
0.193509873856485937
0.079119075734506036
0.162877711924832719
0.264783695296130939
0.400000000000000022
0.161714548730040875
0.288083241066841689
0.285520583778744896
0.255452424080431395
0.238741035197164803
0.281852409547650118
0.179400349993894953
0.228445009631758261
0.253994386909034753
0.251635820285573186
0.227101193845406168
0.105140093844552501
0.169132402940597698
0.206900166396191770
0.109800592801839680
0.184826814735170541
0.358072557800989510
0.333077227751469418
0.143442470243535181
0.113329037947393602
0.155693880406275686
0.353769161763974549
0.400000000000000022
0.400000000000000022
0.165092496059590060
0.101542180193580842
0.098535683960039200
0.400000000000000022
0.400000000000000022
0.400000000000000022
0.082568995254091032
0.158499912150661532
0.118311123096833504
0.304933772943812409
0.400000000000000022
0.400000000000000022
0.273795442968869041
0.086967067205162660
0.096498230083615841
0.165076696613885132
0.348786056672289346
0.261334478410754467
0.304417237062970358
0.116608705019981995
0.080751192753474366
0.191648365399770593
0.213485937930332464
0.394629292319381930
0.151271826714602403
0.032120545547478306
0.049238437878222463
0.169170342879606611
0.057981890935741104
0.112288750767587736
0.056375113853244001
0.126229615191427835
0.070321666819988388
0.188026995745199654
0.085564618320885480
0.019603688098050694
0.046918077188098400
0.133527087364248898
0.050563945515469208
0.177882183770070812
0.345862917921543167
0.206406607771337763
0.029041026308065154
0.081062111659199354
0.146308601526651177
0.383123966328319576
0.267444419737810524
0.283731728638631275
0.241271304146567583
0.073786468492929011
0.091663743943501255
0.384761310337484286
0.400000000000000022
0.271737523045936125
0.119755704643208671
0.119389726301314697
0.090861669315923599
0.128811582987064605
0.272857542154967381
0.400000000000000022
0.149396341904113439
0.066636663795898360
0.079432674092920458
0.227769732951675574
0.249818934963697781
0.314320147381116688
0.152846102953524354
0.024373651141057724
0.107932566259122981
0.328589808853864407
0.214905278218831819
0.325953558915862918
0.380288180212191407
0.028184012592223515
0.118959102772455971
0.178039400539014958
0.020159972320257853
0.135418675478657879
0.074796611909827282
0.015063936950902902
0.044481003300282949
0.381764785359223757
0.212174030606636033
0.112002630176653614
0.107185693818663663
0.067209285666961938
0.085331255632349987
0.238980900195483736
0.338288834440586772
0.308094511438976204
0.316992211385408673
0.337918966875514426
0.167878338367992430
0.228184471968937763
0.324443036734387569
0.383344872615873578
0.322055129203611179
0.274419714547480154
0.147419401259450300
0.283400071474767923
0.339685975501909709
0.274435618366530520
0.168725057458493866
0.246056553990249727
0.144651306991952222
0.241588803814110353
0.349948668536215812
0.314431317087628059
0.297614815267721544
0.297575560212056500
0.179114117147314983
0.230118308302794172
0.285282358192668395
0.333538485054879597
0.321784255021618504
0.277868112255528543
0.156593442396789739
0.221143738875872742
0.265226927822098502
0.359450990923806835
0.302757306544683580
0.275138030027419378
0.151345053856460382
0.189376348194298300
0.201143368840450004
0.226173866598304074
0.206098761976576089
0.237608050568446916
0.128149851166033751
0.278228832512497859
0.270225086459709996
0.204551980807982758
0.254671707090028954
0.248034691811311880
0.144722907437976056
0.314822255653156080
0.386040497652551329
0.323313697955759760
0.299223482761641124
0.264006099366219771
0.263734835451884031
0.315753008436247262
0.356646949596718832
0.325828705987591949
0.283885904011226375
0.247779312303081978
0.245478501855945885
0.401757142067610873
0.402109590806442596
0.275723944216112571
0.181814463898326284
0.197362111976985000
0.143376430568907559
0.328553313810772740
0.487426516545630961
0.349454088210942759
0.314076173934442926
0.254875668980883985
0.155726125123109571
0.274173804318094516
0.397701088431908545
0.352498323953087278
0.326330607875351841
0.236445011395036375
0.172304820533238978
0.294031766909678915
0.318701722896843231
0.359236791381776110
0.335625875892625436
0.249347071125905012
0.173043747981941748
0.253483299926829220
0.217027291882835899
0.212969524605188670
0.219890490314288117
0.233342883690844771
0.146351341599064627
0.323708784124783766
0.300759841904263636
0.199826866450271812
0.246835206985008021
0.267906684057560740
0.154222736187608900
0.220334432261482721
0.354756707814009142
0.286945092863281126
0.272050744288367508
0.276051437465678340
0.171558920364186990
0.247787956685495581
0.336011885923726328
0.321562489943720275
0.257897319643982603
0.255742042730121688
0.143493826477661568
0.290744385022827956
0.376341888255049994
0.355367744517312290
0.279912394997031022
0.356366444529881865
0.129718008687628228
0.196086570699812668
0.335750484935512961
0.335833285978698159
0.314584372047142125
0.311208369960607467
0.167646516586016397
0.192913727902749799
0.243097028380134167
0.270485066753980874
0.244459985614283420
0.229193556728068182
0.156373955706802820
0.235034375943912854
0.250059811486576244
0.317322343040861210
0.286307095990425475
0.271241357838488129
0.152682138428390596
0.224954589193671090
0.211376015777348186
0.233522474103415756
0.208035814174604733
0.261385678616858130
0.149234433609458039
0.256953353821302077
0.267369222589567856
0.205698351254048645
0.235678094131164084
0.252040429592772619
0.143347861449259373
0.283756056002964441
0.359488351665987249
0.339052582884175724
0.285154957226919858
0.213408826793586776
0.207621345318662054
0.332182274432971714
0.387286734001408728
0.337446964770608371
0.237321404847730871
0.202717660285429702
0.225427062730939265
0.386221273352542971
0.413697232656331959
0.305477639016741076
0.241049349264584323
0.320120724654339661
0.216119423708352465
0.291597409904456706
0.397450880658229588
0.337188543817097397
0.331675215041262794
0.268278377807269430
0.166168973134487336
0.272688559649689133
0.340163507006297328
0.305926309995314893
0.264250711061668642
0.190955303701647205
0.135955281360457592
0.280031039135226256
0.335759250066757886
0.337531646602571511
0.290352207156019226
0.238360221845390519
0.168001086494247109
0.299098657150688618
0.240087894615270303
0.233362311930259803
0.225503320694421971
0.235037487128667399
0.170630523176760834
0.324385111188287723
0.286090022622064843
0.196441496218973249
0.247946207429722648
0.247345782897818445
0.157012539588309630
