0.262506097236067104
0.144526253473835964
0.008254483545639468
0.034137808381303356
0.024868545503821348
0.023765881429339802
0.136011935691042002
0.088079598301650769
0.035142036690762199
0.043850936033189951
0.056819310665364373
0.066782512938884972
0.172476946776651374
0.041116605441609749
0.128485901886399551
0.084761771499404642
0.037641618618184165
0.024814124748780159
0.234342785104758589
0.088542768937613092
0.011922030166075005
0.087057429343867523
0.016717648646124940
0.012070742266231636
0.059315401809714896
0.050066214312836775
0.278846630086324543
0.041383705725068373
0.007296334439131196
0.012568735623824439
0.022878532662088561
0.067684458799493807
0.149244877852437952
0.037657845285477387
0.022716848139395736
0.017415789491817317
0.086461709014023697
0.126522275578423271
0.104550056952399079
0.021554325117268833
0.041748608918199995
0.024115842948239721
0.014635915701815737
0.060219288361656652
0.097058403250978531
0.007209434040285816
0.052588898095627605
0.012172945861782030
0.120389896626607512
0.122440939125360318
0.163989964447793346
0.076896221764670508
0.010641544292238621
0.025873974323924080
0.071548936923507500
0.112578212086366855
0.125730043806941805
0.084287173094854534
0.054752196688837157
0.049433325166776981
0.158618370487622784
0.099601970197975037
0.103069497876981414
0.060608397199733335
0.069088842049584834
0.071157234201571024
0.273705089736764884
0.091572190973530240
0.120480978071891537
0.265966601564600558
0.037973648795515742
0.068348536638587865
0.203419540993592163
0.036018132711843717
0.181014015452650390
0.199107951867935479
0.050519236653195937
0.075847520105717936
0.181670470957914748
0.295968795891068059
0.065223023207973879
0.006195284596497321
0.032356734725521398
0.036934706213722128
0.185903448114276143
0.258095995044160031
0.354389997627547082
0.012605701186078061
0.025076358852156103
0.023270704850755611
0.033428853416817811
0.071871901872520239
0.156349206199827673
0.031014159351507278
0.043382667378361196
0.006823930322182114
0.222769732904193940
0.204801682238976490
0.373819286149132735
0.245231085890634082
0.010209042804547401
0.036837613508550415
0.102475568961880648
0.112290190146549979
0.149769972023037518
0.065142770251791576
0.030922091996987977
0.061188201842219014
0.053272172394209102
0.052586117375443234
0.092756378833649317
0.045753776614511507
0.041547327747999976
0.052954601596829846
0.043735593301218567
0.184928327964110018
0.212866525519122635
0.259191381034418800
0.025888323549274863
0.062069653608287617
0.146208542351226378
0.089378530421389379
0.400000000000000022
0.400000000000000022
0.048434156132598036
0.093858501000333827
0.244372931868693466
0.366841217151082088
0.198798500480299234
0.119005811220117663
0.077116569762758616
0.053941354322768198
0.233322603776226045
0.181267188046042360
0.086927754940309299
0.107917331674448363
0.031548248866899595
0.012727301772095075
0.063383766814737619
0.040614988754199742
0.038663713077726147
0.064958638579321340
0.099395218741354291
0.034658831861600917
0.092508648154747727
0.124301553343153487
0.231016065998110809
0.089389498848619908
0.009401888760855895
0.045966004605006196
0.109207249870948792
0.121396753818411099
0.349747145102514034
0.239768419626054274
0.048292999253542079
0.073197588010235848
0.180463612615926694
0.129401961334196958
0.382186251073372396
0.267552848186832670
0.034345118535766959
0.086467023230683449
0.255870289876802381
0.288781221435681357
0.148524003354388590
0.137504970456109071
0.046837725004439522
0.075953667249408732
0.139411237982958541
0.091115683966256078
0.060625019598596029
0.107765279630193445
0.046578164739309022
0.096585166734619324
0.065781412054916888
0.039105718753712486
0.123378257029246513
0.126412091993117981
0.050180469003095030
0.072728696357020658
0.207991908393969416
0.048845573925933528
0.132795208352731786
0.201344313692916721
0.039250948730327848
0.071444422036876398
0.185977875424943373
0.062136892848126485
0.067003572068722705
0.131314704899851586
0.039750830983579399
0.065322679772174694
0.306287904516400034
0.128071529056118932
0.197598922221117523
0.341687437409618766
0.147035591872175908
0.150834118078533280
0.288096121182954412
0.135683493854989928
0.158214889289317984
0.385499571210656311
0.178175171140948330
0.194436876097943717
0.211108883537263869
0.177600094709981615
0.150329961332669571
0.400000000000000022
0.310818479045669782
0.198752648134877224
0.112167560220497328
0.229202111928913904
0.151352972144210007
0.211142065532077261
0.189741343405868512
0.056858579078752837
0.241556601760078010
0.258814592682248601
0.108946301839268969
0.244417306152053093
0.188368330659331923
0.035927374793940314
0.118594650468443349
0.112602871605354871
0.144082901538610753
0.400000000000000022
0.217405615534798924
0.080674463663773968
0.400000000000000022
0.157267444596974393
0.175188321783366213
0.400000000000000022
0.123861645731066922
0.060340347604441590
0.400000000000000022
0.261052247177004537
0.157728108621942170
0.400000000000000022
0.227388265644819065
0.100984684443869849
0.269627856011133482
0.298264125942941993
0.246764480848688683
0.357383419670935454
0.197839534485022395
0.031055265871911993
0.259724115749546181
0.163804669101973305
0.174802819329331782
0.242726003070651841
0.155638409915077019
0.091390174864720980
0.175122146163625481
0.274814561573811678
0.093955753433453637
0.167396990793962031
0.150199280656142464
0.098939413671028070
0.099698878389676449
0.162966629151684139
0.109439940318256379
0.219965279057006802
0.152512393042087552
0.128255626747790286
0.201287714739031731
0.208108133745842028
0.063080578888891015
0.152162449928382404
0.124755487225856374
0.078792505407056873
0.081755435175755176
0.046157341977802108
0.054882874268392889
0.253474859222361626
0.149064272513159624
0.026609089564312908
0.173729976560207611
0.078246569523690579
0.100986975465744061
0.385472223354165089
0.220823013717714622
0.032168351117616872
0.400000000000000022
0.182618786938109900
0.123134241575877199
0.400000000000000022
0.106837958286051665
0.046972187252360617
0.096273934754509030
0.091442241529815685
0.020980894234244905
0.076771470933369043
0.072355444768087390
0.067986448191519361
0.392106800845867187
0.224901397321983998
0.095273760927816142
0.170749365414064741
0.077578033849589820
0.041217323818671707
0.205500664400788319
0.232833361761971946
0.082284196130223530
0.154049802925043416
0.016077843780632258
0.028590880461411380
0.118344371802758322
0.158493364198611764
0.056472403269077820
0.113642895904728078
0.080873765504846346
0.098698274331056268
0.235573880204209163
0.199283793189570124
0.050024523485937424
0.040669168499767691
0.100510311510560543
0.051422853831691234
0.123902824446222609
0.089046462770137752
0.056735642358221108
0.131128087549657102
0.034195345817368966
0.050264162713522770
0.156642600769993590
0.071153281395549633
0.083814753830263766
0.233793047476667681
0.162854222603849852
0.049447646833694098
0.153060180272599711
0.085093981706124880
0.069908414637385285
0.150266911043767160
0.119369816542181262
0.026297054167324342
0.136091469883852845
0.180717355475159464
0.029598181718092857
0.042291548816012291
0.098204677556567060
0.080175758892265553
0.271830014076251514
0.171106338474660169
0.094971147128902797
0.078293575245859656
0.111672462135843115
0.007017103659282924
0.278218591351200195
0.379290659884907566
0.054085456373372115
0.036463818938573325
0.039492980042671794
0.006887435122544746
0.192935472468552499
0.115947579188776712
0.061611755804766480
0.125782429445717825
0.039070383146727360
0.017165094069527424
0.327220920141317817
0.155626137455139590
0.123828673696557312
0.068386964790940599
0.050707920040254449
0.032823761716434127
0.254938316760815575
0.154327727453335728
0.167213519330945692
0.070549666392896851
0.033899129579829240
0.023271101914871119
0.050464444579496580
0.085788708279634696
0.085557359293266438
0.029240539113240548
0.026784650910347606
0.048080272768878593
0.008047982224366253
0.011118083523551130
0.040316663555462831
0.108929435230491839
0.034477635837444252
0.007465754661208041
0.086497529911829185
0.101907922467323150
0.028785722980457767
0.050128967189025354
0.010530305976538073
0.001216214942687638
0.157755457203289817
0.121349425542272724
0.001812737367143647
0.037704082380464188
0.105277842676383168
0.031699171745729962
0.118819509142693264
0.156319664326231539
0.029042942195000636
0.014727247829985262
0.053110121626276333
0.060472059652376932
0.131651867013434398
0.068149553069567548
0.069265861406876433
0.083361159308888128
0.037321096832730584
0.014182694127272178
0.127773204598185836
0.215583903047938563
0.086212936790223793
0.035840873026020632
0.027049363078358733
0.035688524102066729
0.170071869656079899
0.184707517908213770
0.074052662262282992
0.002360945400346225
0.016554415452736844
0.022654158758981028
0.170461342223666601
0.203222878934866569
0.324602151482804580
0.013383118518723560
0.096732832973171479
0.020974836193207530
0.006516794737572986
0.054920726392609656
0.010582983764885274
0.005101050812782467
0.034570476465057037
0.006647955074435856
0.130128020781133780
0.090393560873575696
0.018772178477413595
0.000075428652633490
0.036465711965739667
0.049180553316174283
0.161541083081797904
0.129516550959793697
0.066933931719261305
0.024439363504210384
0.011707046680514664
0.010489210000166380
0.121076000652735938
0.074307064701396211
0.029950736145554012
0.021563162106768868
0.024100615205555065
0.001686666574040932
0.141211721133374324
0.082889331530088775
0.052217504733708446
0.005665183215956241
0.046777773129362349
0.049055095338277233
0.183414221087189910
0.276434683061718867
0.136765481523708488
0.037570660350296353
0.050639929583587845
0.033285792801706113
0.350671193855588981
0.338524518947896924
0.217851667721726205
0.019875886739248654
0.016081148023896156
0.002985572609778682
0.061175530188754310
0.227955939159035781
0.177657972204470105
0.020309792041377665
0.017854529800164193
0.003934227893676258
0.024174222446806070
0.039472199194098882
0.062714816907237347
0.045910688436995015
0.027582309291689387
0.015115108994648525
0.183550054254098621
0.090887166719012577
0.161893746924630544
0.138209273478543865
0.050211131033692707
0.037326022571565670
0.130522802038888386
0.039355370886809106
0.168593406883371238
0.141785677382229386
0.031115641399348436
0.043324803847365624
0.114540711399690284
0.063511659342307569
0.038424460024932751
0.088127000496155974
0.056240756766279959
0.036663113763332020
0.280887122711261539
0.116378323590576302
0.006383375540823152
0.000951157144357335
0.086632654189446420
0.038568041874996163
0.291798403428055186
0.293961697451472603
0.273253422463685891
0.153237108262861965
0.061036663222710327
0.052284525867944312
0.149842457522544797
0.374360726270479838
0.351638034076561468
0.103355710765161674
0.053834687359092914
0.055938657067544174
0.062133530714292576
0.181229057100968594
0.145589315739463793
0.027626489781249670
0.031235839051345533
0.027837801144984381
0.034455105902669834
0.003397477651995604
0.058523678780907237
0.022287428281472815
0.025093501186261059
0.007261097825986147
0.082141664405913209
0.113525529541510836
0.400000000000000022
0.400000000000000022
0.036426318852140920
0.060597358130675856
0.089612270802898686
0.339420642804803996
0.400000000000000022
0.233581709379746705
0.026100882217597647
0.022485023141961085
0.215819600730671024
0.275066877870552784
0.136810659031660509
0.152956621228091588
0.042186546735024207
0.016326141450540746
0.131578099534411130
0.046436131091671967
0.149376799434968482
0.132808208433784630
0.036728182336169729
0.016316357659037242
0.325744294648218580
0.083266258652901021
0.400000000000000022
0.400000000000000022
0.021296116998407805
0.029029690654907035
0.234804666215588875
0.089026444747043271
0.216264757941838137
0.149079095379023668
0.030017756945105084
0.012980418020012194
0.073415943603346190
0.128150275285323162
0.065044767865545222
0.035236711919681793
0.067544067676952063
0.008287904724577674
0.033912197850463503
0.054479480857887494
0.021431830008370727
0.024026212196800102
0.048572181477383264
0.047139844235940712
0.189020279559337340
0.093969947540738230
0.268849173170389144
0.283856912273911632
0.060383559330419979
0.021231412113351878
0.113912759134169761
0.234914293825288112
0.400000000000000022
0.118997637857430200
0.141045219957684931
0.072278323638334474
0.047615901066942558
0.125469104420512623
0.158740442835851592
0.043039726176014759
0.126168725181078439
0.115370838195188410
0.140897689926639258
0.066482296791013029
0.207416307445351611
0.175645600203731767
0.076079977585854608
0.072102950819188244
0.148868111483381749
0.059392438960186186
0.118866841170434348
0.197673014643598655
0.130853483642218771
0.062668283309840145
0.165558186294983395
0.104839998117652336
0.093217122546459433
0.074734107625306356
0.086774895990217538
0.031362959129912979
0.038951329118930629
0.094032329114900004
0.040037361399929167
0.052927617768127891
0.073073073334199906
0.039802072537303550
0.092296750510611522
0.061894695677155123
0.063518470741414812
0.030680079329469569
0.080116492971303133
0.128808636010622091
0.193354801567490908
0.092547071157707661
0.113193820328339412
0.243148232872821279
0.352581447278913163
0.400000000000000022
0.097893617781192294
0.077535124116138582
0.088330541275551969
0.236738827141539321
0.287461079089873728
0.400000000000000022
0.310009563979815939
0.295871944438185930
0.211417993670827475
0.178959869615137629
0.252647284034013153
0.400000000000000022
0.185360779250784702
0.100959441420843427
0.204794656625864602
0.356400150454112774
0.176114069197322698
0.400000000000000022
0.080483015042427858
0.060006985187299168
0.099332372189028836
0.188746350087727333
0.139099722496133810
0.400000000000000022
0.075171528143558972
0.047039920605983943
0.189225538917197678
0.275181544970078684
0.120583402373964033
0.400000000000000022
0.131639567327241525
0.079977211690224620
0.310584440636740622
0.384232567488024812
0.170469117345296295
0.400000000000000022
0.140832485015397413
0.296526096524977745
0.400000000000000022
0.341643506038591172
0.083728432134041006
0.400000000000000022
0.102823184800218986
0.132454022339203809
0.055650826792532360
0.078440047455332271
0.202836237893861265
0.386987622736644443
0.147831422116607991
0.153443675669840573
0.057162009723516462
0.105796079475267230
0.177183760258149497
0.394037915197961774
0.140573266507391048
0.115546495269280208
0.226449153547453153
0.164429947401021459
0.150865676633265666
0.400000000000000022
0.086967328665137913
0.105549595060607279
0.153848398772924222
0.082488215342684704
0.127708301759066195
0.240988605479892037
0.085487170429277684
0.026817325894223989
0.021726624264108877
0.042171463132130160
0.147043787753603022
0.400000000000000022
0.167429900115649233
0.050693813812938637
0.056351879209942363
0.082847759764106910
0.193899936704736819
0.383005567085568654
0.133532957679533160
0.140022574895982660
0.183521455860426563
0.196035277039958600
0.072213960162799712
0.391531792958264790
0.104811127265934473
0.258150544574863916
0.266654422594014950
0.183346625265967789
0.057619282985817463
0.338180415898008846
0.182586911148669623
0.123459381078193514
0.035249188018250333
0.080394684830300461
0.203586465872344191
0.019084352035594391
0.247286228668788938
0.194982456203282167
0.047042496660721904
0.027445424081545426
0.141174787178261735
0.034945320482631388
0.162460796900908838
0.168436999958172351
0.094709811226967533
0.075782701105842967
0.113949657624863532
0.019234893162030781
0.138182741108785534
0.080626139437851504
0.061330498508404274
0.049383037928166562
0.034885376742755499
0.027161439229734661
0.137231361796041951
0.114603977310754168
0.052868144280143331
0.042717896762236446
0.126083980845156679
0.029876817973249020
0.088867761911322812
0.080535786830589942
0.079862710481866259
0.062381786306828842
0.044923729917137070
0.029747649062756946
0.108141094526137335
0.400000000000000022
0.077899794899777122
0.054290193590174035
0.122666361174895044
0.040755452354511168
0.085680854924565106
0.196758427841525224
0.109491935356509668
0.078178098587991129
0.134624570366853491
0.057361126486405123
0.071490295199448328
0.104329136842116338
0.044732295577942893
0.063253703021399599
0.042572117182361355
0.056330957983244431
0.086242543724738038
0.161970889276809277
0.048471323114632404
0.035035462701533938
0.044021418270432558
0.018131571513306761
0.164865042548849372
0.113195129351309612
0.111007039686217945
0.065078361255007502
0.059042703917367406
0.005754953356675294
0.349886474798196678
0.377461088988800375
0.020957239449324559
0.032717482704943707
0.079240739950106151
0.020719807170879713
0.251849979438317995
0.400000000000000022
0.149966769272311673
0.018580102414222061
0.045790310043361392
0.012622222826753557
0.110075675689147640
0.107006750957418739
0.137203717732024721
0.046059038627085165
0.046852063173645125
0.025498840767459899
0.163021493350835905
0.329242064008634205
0.065714467421335951
0.002880006434237760
0.022453786967874857
0.029172993297782723
0.049933908711374861
0.101170667244036602
0.016058450297781163
0.017300179960936000
0.035844030982544142
0.012615894451327533
0.214162475820308840
0.108610155975736644
0.045153762654258349
0.045095464840935670
0.067530249847110632
0.048385808277651279
0.188107460718253350
0.085057182229065026
0.027228288940921507
0.043358029278735180
0.041030758850268030
0.018373334317013355
0.148624910595117288
0.127412064312399737
0.212228361951566968
0.059059220662943765
0.038553622317224909
0.011873736512830389
0.332119383195668860
0.203587969976368521
0.050489843236332252
0.036028566992426576
0.053540572483193015
0.024679975024360978
0.145084337556781573
0.217557224919033704
0.063183405113889618
0.030795790769877724
0.052383311014561722
0.021682212302268127
0.079747065307617881
0.129612629472902890
0.078793440691241334
0.022012705740711500
0.091378150806386144
0.029842013190429804
0.044443935995165190
0.122730679980996321
0.062656905728295326
0.014800894073499955
0.022226269799284493
0.021440359117679171
0.013643177582684865
0.080497949086048251
0.064213628144941998
0.009962886138120432
0.009910526835225916
0.023416988179989356
0.388680039157632606
0.234919814347411715
0.027026662023053066
0.034213237033936847
0.061334257469561018
0.072946434745514085
0.297553018772839906
0.217596149261444438
0.102075968410023518
0.068290299537400345
0.068526357345879030
0.077271722939051352
0.293552947429387368
0.115423670143005946
0.158436638031953569
0.106324933606173525
0.061742233823739223
0.026500791322821092
0.374129815154581102
0.171432100467701853
0.064139534899783454
0.092722612559823780
0.063495421775487282
0.061125837604508869
0.242729622896904779
0.326500897374555676
0.395941732964292581
0.078954366075364726
0.057936264022719036
0.045854528425530561
0.361982554053933314
0.384444012856194228
0.361429645032489977
0.057533732024726052
0.038797996163291888
0.020401362101596002
0.147637239202777992
0.354478214737459052
0.282208029156869156
0.041864117158646498
0.059603138718364188
0.028050070841915985
0.038810138148621803
0.099691487555755548
0.159773220158215851
0.053120122477280832
0.080171207387316992
0.027288054856430558
0.303939950880706133
0.213328105844372923
0.325883711372423890
0.215105495243214401
0.060852675325931326
0.063199996895489746
0.202071738962395914
0.151933582973175940
0.294323450690313015
0.226072850477083948
0.085867838088185600
0.092758129014142585
0.273159081887313082
0.163113629540282579
0.141493957901914158
0.148735397695889282
0.125329598815864779
0.107820347964903057
0.400000000000000022
0.207950514564106542
0.126864353612714725
0.266917758708957953
0.124606302984962169
0.106916578513584007
0.400000000000000022
0.329979830163316334
0.400000000000000022
0.351084038413221444
0.111555899875906250
0.128132045973662262
0.325952418040089675
0.400000000000000022
0.383313445241112272
0.109550995361658993
0.086191422084614305
0.092873363281266302
0.248036978828568677
0.400000000000000022
0.400000000000000022
0.040232190967327733
0.056312197903501643
0.051108505995739996
0.067883959319487652
0.075269379524515845
0.214872884980734924
0.053301587632980096
0.068476168564622242
0.014085028148168262
0.304911397310107135
0.318327211780487340
0.400000000000000022
0.400000000000000022
0.046635361656688315
0.097434971639226278
0.192087839764779361
0.400000000000000022
0.400000000000000022
0.298724479631538309
0.057022974214585624
0.083673224984180089
0.269091773124880140
0.327652995245996004
0.229567037865309825
0.198710397842603081
0.083733874483024190
0.069280743047370585
0.175313692835629698
0.231364459055781957
0.345703290119724727
0.352241990979675568
0.062616505885444596
0.078386011267324876
0.400000000000000022
0.172644789074290372
0.400000000000000022
0.400000000000000022
0.069730273131005854
0.122888191655240855
0.391411620616380906
0.398245507326400960
0.382522868386887704
0.268084906599141304
0.107134326707863714
0.066921772342780378
0.306738547379572235
0.309417463331365550
0.151972522805854549
0.143154043594130143
0.099092316543851644
0.021015206496672750
0.097295964665201115
0.095094469612087229
0.060095543086096881
0.088984850776121435
0.147967400218737555
0.081798676097541628
0.281528927714085053
0.218271500883891689
0.400000000000000022
0.366993888506726318
0.069785448091275862
0.067197416718358077
0.223120009005118580
0.356311047643699252
0.400000000000000022
0.344084167483700298
0.189338219211227038
0.145475911648570322
0.228079513682869273
0.254871065754709580
0.400000000000000022
0.310592574362847429
0.160513843716845406
0.201837861425871845
0.385461872195527966
0.349266736476883222
0.341617923899657117
0.311422911020387716
0.122917702590294151
0.148056618068596990
0.288279349466340262
0.150508122926442278
0.179491860769030342
0.305438294273792155
0.177431648381527779
0.159253450044459482
0.231339598349900255
0.143945716871364815
0.216595379575705960
0.201146199618424337
0.136955364993312567
0.104091655486933637
0.246943237512900038
0.142877903040833532
0.172832569752660897
0.254271931461044598
0.112324022064527768
0.111246494574179927
0.278274625935554853
0.124031588525281594
0.130522042810137517
0.161994784229321148
0.119867323954882532
0.194131315782796771
0.400000000000000022
0.220618600213826593
0.310792742549456935
0.400000000000000022
0.400000000000000022
0.400000000000000022
0.381651829443664381
0.213218617971128510
0.246545430564869966
0.400000000000000022
0.394937803692169687
0.400000000000000022
0.400000000000000022
0.400000000000000022
0.353767181314414814
0.400000000000000022
0.400000000000000022
0.400000000000000022
0.297528339471282044
0.330161553349757331
0.341758654623487590
0.400000000000000022
0.341115223869099815
0.400000000000000022
0.321776798536192954
0.318821577869547734
0.208278674028297806
0.392011829456393790
0.327468053155465677
0.400000000000000022
0.193766178612002349
0.159642792211338813
0.333308440455808486
0.400000000000000022
0.337989017908762956
0.400000000000000022
0.400000000000000022
0.237244656287198985
0.400000000000000022
0.400000000000000022
0.294330763076363189
0.400000000000000022
0.400000000000000022
0.400000000000000022
0.400000000000000022
0.400000000000000022
0.311116697778860085
0.400000000000000022
0.372451040811352441
0.396483457252228999
0.302415307641221043
0.394342499444651828
0.383650304450403046
0.400000000000000022
0.395581796556580878
0.317248344771813851
0.231964829052848265
0.337114745370866720
0.324561797051300449
0.400000000000000022
0.315695412671016473
0.380017271223007547
0.320404906980906845
0.331826938194983434
0.301064957289408131
0.400000000000000022
0.186666207054814376
0.268516224212291432
0.263288339091180545
0.302453494399691547
0.280220694801153802
0.369244232227682267
0.286774885168309401
0.234925459640066031
0.084807203152999888
0.194333913060512564
0.271799274979459382
0.400000000000000022
0.249185335291404436
0.096851155790740731
0.111234753478335252
0.332288731634278078
0.342964209217896443
0.398671869914127397
0.307262934239740770
0.218269144419673239
0.284508431326170597
0.400000000000000022
0.293036973880514307
0.400000000000000022
0.400000000000000022
0.400000000000000022
0.385814548572592897
0.400000000000000022
0.164457241271869115
0.381441347163132161
0.278860845903178722
0.214901622608009213
0.056230082252495234
0.157166155763669491
0.275941910640431498
0.087070800227113762
0.400000000000000022
0.395819188350605700
0.142316257588538053
0.198194789495610202
0.218752821027851541
0.076162644301303109
0.366489125260885840
0.387842830994047816
0.176994007357191036
0.229832504030886398
0.130027501405495766
0.047825773623442161
0.256527112911543842
0.239119503636463282
0.117802901777482094
0.163025933832894654
0.115759142247601837
0.125859713560790926
0.356737210996715570
0.313887770500324237
0.102892667766080748
0.083387065262004123
0.226594292355717208
0.081299671804940271
0.212770586357545421
0.169582249600727680
0.136598352840087367
0.193509873856485937
0.079119075734506036
0.080011811776279723
0.264783695296130939
0.400000000000000022
0.161714548730040875
0.288083241066841689
0.285520583778744896
0.090203099188205266
0.238741035197164803
0.281852409547650118
0.179400349993894953
0.228445009631758261
0.253994386909034753
0.083658180653729472
0.207581765083301173
0.285046492317275801
0.074330477296035757
0.105545251837411883
0.140776794738928401
0.136506716875509970
0.358072557800989510
0.333077227751469418
0.143442470243535181
0.113329037947393602
0.155693880406275686
0.025148675172589688
0.400000000000000022
0.400000000000000022
0.165092496059590060
0.101542180193580842
0.098535683960039200
0.012642388479220040
0.400000000000000022
0.400000000000000022
0.082568995254091032
0.158499912150661532
0.118311123096833504
0.037884901240407137
0.400000000000000022
0.400000000000000022
0.273795442968869041
0.086967067205162660
0.096498230083615841
0.045445984543187684
0.348786056672289346
0.261334478410754467
0.304417237062970358
0.116608705019981995
0.080751192753474366
0.048769942682331022
0.213485937930332464
0.394629292319381930
0.151271826714602403
0.032120545547478306
0.049238437878222463
0.077253266066661302
0.057981890935741104
0.112288750767587736
0.056375113853244001
0.126229615191427835
0.070321666819988388
0.020081649112535575
0.300660005732138025
0.210518078443059808
0.073939485634716112
0.095224432029961018
0.078060555823648695
0.049602023220338923
0.345862917921543167
0.206406607771337763
0.029041026308065154
0.081062111659199354
0.146308601526651177
0.050072506062743313
0.267444419737810524
0.283731728638631275
0.241271304146567583
0.073786468492929011
0.091663743943501255
0.072345796165207324
0.400000000000000022
0.271737523045936125
0.119755704643208671
0.119389726301314697
0.090861669315923599
0.038862669151633160
0.272857542154967381
0.400000000000000022
0.149396341904113439
0.066636663795898360
0.079432674092920458
0.057370736404334863
0.249818934963697781
0.314320147381116688
0.152846102953524354
0.024373651141057724
0.107932566259122981
0.052496171949410836
0.214905278218831819
0.325953558915862918
0.380288180212191407
0.028184012592223515
0.118959102772455971
0.042415195310886694
0.020159972320257853
0.135418675478657879
0.074796611909827282
0.015063936950902902
0.044481003300282949
0.030064943254425207
0.357841815317692769
0.247797833644989696
0.265177600917698264
0.347773562883996912
0.179387459575923502
0.184044470453361225
0.338288834440586772
0.308094511438976204
0.316992211385408673
0.337918966875514426
0.167878338367992430
0.188756917128047402
0.324443036734387569
0.383344872615873578
0.322055129203611179
0.274419714547480154
0.147419401259450300
0.191172486825004373
0.339685975501909709
0.274435618366530520
0.168725057458493866
0.246056553990249727
0.144651306991952222
0.170230827063001161
0.349948668536215812
0.314431317087628059
0.297614815267721544
0.297575560212056500
0.179114117147314983
0.184022890556871349
0.285282358192668395
0.333538485054879597
0.321784255021618504
0.277868112255528543
0.156593442396789739
0.155682433919577812
0.265226927822098502
0.359450990923806835
0.302757306544683580
0.275138030027419378
0.151345053856460382
0.150355502638075705
0.201143368840450004
0.226173866598304074
0.206098761976576089
0.237608050568446916
0.128149851166033751
0.156543114953134693
0.362614607454202043
0.292796418618205434
0.281250049522637768
0.275346576737296900
0.217095477235383527
0.182316224005143190
0.386040497652551329
0.323313697955759760
0.299223482761641124
0.264006099366219771
0.263734835451884031
0.190734820655032222
0.356646949596718832
0.325828705987591949
0.283885904011226375
0.247779312303081978
0.245478501855945885
0.195588684562461229
0.402109590806442596
0.275723944216112571
0.181814463898326284
0.197362111976985000
0.143376430568907559
0.177563579877102029
0.487426516545630961
0.349454088210942759
0.314076173934442926
0.254875668980883985
0.155726125123109571
0.188680961471231035
0.397701088431908545
0.352498323953087278
0.326330607875351841
0.236445011395036375
0.172304820533238978
0.163170091050643951
0.318701722896843231
0.359236791381776110
0.335625875892625436
0.249347071125905012
0.173043747981941748
0.156576247966081827
0.217027291882835899
0.212969524605188670
0.219890490314288117
0.233342883690844771
0.146351341599064627
0.149300943220654347
0.335829716765458919
0.290830867902974743
0.287951755339514670
0.325205788435844800
0.173596598170867977
0.182979338542453629
0.354756707814009142
0.286945092863281126
0.272050744288367508
0.276051437465678340
0.171558920364186990
0.195208909536813802
0.336011885923726328
0.321562489943720275
0.257897319643982603
0.255742042730121688
0.143493826477661568
0.191532687286761677
0.376341888255049994
0.355367744517312290
0.279912394997031022
0.356366444529881865
0.129718008687628228
0.159000679710052661
0.335750484935512961
0.335833285978698159
0.314584372047142125
0.311208369960607467
0.167646516586016397
0.177669372914412899
0.243097028380134167
0.270485066753980874
0.244459985614283420
0.229193556728068182
0.156373955706802820
0.157290156946518572
0.250059811486576244
0.317322343040861210
0.286307095990425475
0.271241357838488129
0.152682138428390596
0.151275294674412586
0.211376015777348186
0.233522474103415756
0.208035814174604733
0.261385678616858130
0.149234433609458039
0.158423745792125675
0.330672011565097956
0.274785489357064872
0.317865025632777465
0.299182886606855047
0.200037129939137776
0.177952559006915090
0.359488351665987249
0.339052582884175724
0.285154957226919858
0.213408826793586776
0.207621345318662054
0.193883008305610338
0.387286734001408728
0.337446964770608371
0.237321404847730871
0.202717660285429702
0.225427062730939265
0.192890974397469744
0.413697232656331959
0.305477639016741076
0.241049349264584323
0.320120724654339661
0.216119423708352465
0.164099102682084802
0.397450880658229588
0.337188543817097397
0.331675215041262794
0.268278377807269430
0.166168973134487336
0.182637035196763997
0.340163507006297328
0.305926309995314893
0.264250711061668642
0.190955303701647205
0.135955281360457592
0.163007459332266708
0.335759250066757886
0.337531646602571511
0.290352207156019226
0.238360221845390519
0.168001086494247109
0.157126615156301275
0.240087894615270303
0.233362311930259803
0.225503320694421971
0.235037487128667399
0.170630523176760834
0.166109552908722480
