0.002117298211806732
0.003090662329640437
0.033433819789534774
0.082218647834983144
0.016393840796242284
0.001436879832975830
0.000000000000000000
0.009493736025885212
0.112076571610036660
0.121761826429517869
0.057186218554971524
0.003686660474095263
0.038083903679619432
0.113430177885044392
0.125688417028199217
0.005393255126702869
0.032287318957622532
0.010701050005281392
0.124439770208712885
0.251717044160075842
0.400000000000000022
0.033047874562662206
0.105327279491309767
0.035765452092167707
0.022891235602422965
0.025484148778917994
0.030118425008962599
0.010953276402343275
0.078957522344954401
0.031600116155864583
0.205529911480406974
0.065658865609545675
0.014216259801154346
0.056748117102326939
0.050363888163903622
0.003071338416729393
0.142201926917431165
0.037834287978752851
0.000000000000000000
0.037016615853266044
0.020736008367986641
0.002482412209544798
0.133506499411710222
0.061245336024255297
0.000000000000000000
0.003418636457264322
0.006712439951146258
0.014098543309134208
0.000089377128457969
0.008646020913881064
0.032604594724063830
0.034978605430109007
0.029761013348519924
0.006228660403524636
0.006939686976560552
0.017070113487090168
0.129464351122134086
0.098939144371386442
0.100683628828651145
0.012592361883117388
0.050221590876440896
0.069503480986648658
0.042117447578320227
0.053393224408849929
0.057842264826711461
0.043000203300541703
0.177879482242072617
0.140876492066338455
0.199551807406595366
0.046633576162919577
0.071577287232013551
0.064745996497933861
0.074675462099362294
0.054457143890124030
0.060031996501448207
0.065735079665669549
0.189529567470937438
0.043327449675199914
0.103056618556103638
0.083329750159442759
0.049599924779410498
0.027404599562461093
0.101082291893295276
0.009398938483463251
0.083793354160342115
0.017152504864759485
0.002165987272708081
0.033717112775046354
0.035650039677348165
0.004306063630129304
0.085737374787888510
0.034187690138163376
0.006206229023892009
0.024515363231977304
0.018707785999236639
0.000225512085557468
0.003046233574138633
0.000578486377633431
0.022352538084659330
0.072261713786088311
0.085298415371931335
0.012447217164116417
0.000450365823595199
0.035700286167755238
0.236846098543797956
0.148313097620913326
0.133378646059729711
0.017420372390480568
0.049812691775878513
0.111822183003849371
0.123779379924481653
0.047600137651125182
0.010977558402059821
0.011509385126336018
0.138344783039020480
0.242347580611852853
0.097701529744239152
0.043599176858263609
0.089735369706807233
0.044725382380727541
0.075716809541887975
0.106022768599851075
0.073905598552557308
0.096268402153024762
0.164067102377879387
0.050306422652823118
0.043438468172044553
0.080499731408531117
0.091975400347247327
0.071306813158487456
0.075817697183586261
0.050364211740756698
0.131045636110712516
0.117930823557243214
0.007210246298778263
0.011175853699931895
0.072995513868631845
0.021105920370941916
0.047621601686648855
0.076939916884714910
0.017821783948885159
0.074778328029476537
0.094436472855731313
0.078454613803642964
0.004732606026974566
0.010826505208203047
0.106305355213598879
0.129312889974287443
0.093564322650818293
0.011627367069867760
0.006467012282968252
0.113765381846193558
0.397337889632177865
0.189792074319676207
0.029969227936851885
0.018008915180089499
0.062263690732157484
0.144745344002533333
0.131329452061190566
0.018873778229975550
0.042191885283492950
0.016017846692031743
0.390923014299720650
0.290613532824908871
0.247780194375134266
0.145700617695831008
0.116796846224598003
0.032182267556124175
0.357167790770563265
0.229305975031331266
0.077619153361233595
0.110745980680299144
0.198463438279703308
0.058108054031768656
0.054126069168890782
0.065169794458723118
0.090536106459616961
0.111993657373619881
0.133750164658474835
0.056302925358341312
0.130974571795686584
0.230360250170467323
0.044902893579726044
0.096820914727627660
0.161284001563315516
0.047296372316964201
0.149832469315989841
0.126987816009956178
0.084250164206658512
0.275090188699697147
0.183016713413172272
0.110055933512366116
0.400000000000000022
0.014779094942036384
0.052580478661124787
0.172444186742246153
0.093256237941333558
0.027280968358935388
0.400000000000000022
0.037862153563026177
0.202015377495036452
0.179081437321125914
0.100896818208793163
0.042302402021998586
0.269926598854362709
0.221287984553674238
0.193800378498813680
0.148438979645915681
0.331464035726430628
0.035468916896256114
0.260052668182922997
0.261700427320198048
0.261814557044176000
0.377292979897078551
0.400000000000000022
0.080419224187909186
0.236997125637284978
0.400000000000000022
0.221959325406606317
0.278348150283385054
0.344784324162264622
0.110934397438549173
0.276531600447764370
0.400000000000000022
0.153171298412929507
0.373175717013427555
0.375423930067301126
0.059941101311418055
0.137559173444492422
0.400000000000000022
0.122294403329499146
0.238178045998982818
0.283834043922429613
0.069652027020577642
0.167671091080088736
0.400000000000000022
0.135518740896922674
0.400000000000000022
0.400000000000000022
0.059045560591859371
0.400000000000000022
0.014733328119203415
0.128947344238563438
0.400000000000000022
0.036054039485730507
0.047460935288873338
0.332001976767236862
0.027049115295142711
0.112656365621094545
0.160054575185734627
0.136387353952541257
0.022162965485538668
0.400000000000000022
0.071385273276002220
0.101155911045092362
0.269026371943920262
0.400000000000000022
0.034775896072191240
0.181755900810141036
0.041811533116575102
0.065535295429795956
0.164353341810214354
0.335975937756181620
0.036857357129231647
0.081427093544799545
0.073508941143278050
0.098848861513147410
0.254407564039789036
0.193922804851134167
0.056338338515833530
0.066574345354298486
0.197045697308356194
0.130305028045812621
0.260096215090699689
0.175870971169423129
0.035021835437724136
0.243618473597613933
0.250450525926391054
0.117440539319468074
0.353516506132531272
0.282150798132825953
0.113384847227793406
0.280624536624997478
0.157452658157337833
0.111420538539516806
0.203941945566045779
0.226360732661082531
0.105644882526021971
0.006834101864597947
0.017244742151821403
0.059211828572762595
0.311535725710667899
0.091599711033392095
0.019710224780894074
0.014105306601240342
0.015402046454637507
0.064103553319776449
0.169239770342906909
0.140594636950548635
0.010627993063520391
0.033868602622387459
0.102667161090725920
0.054995092028606828
0.149891179635714578
0.191555480803644179
0.056561810035969169
0.028741763454638893
0.029267991430950262
0.015941023504579925
0.045392200260629186
0.099918669669693372
0.015001107761505239
0.145797416861844498
0.034379870124951820
0.030217661048959499
0.158097042266092364
0.184291330328098107
0.045492181738312168
0.077345400834227834
0.019500558501166422
0.084707414291107813
0.240202051787993393
0.184665667330778521
0.067106628044461686
0.313024875358423771
0.038270628888656767
0.120960558813277913
0.377056278376107668
0.175788231189054123
0.076411310687426723
0.400000000000000022
0.127301168443388707
0.034969600859426533
0.115810252296228461
0.137799231612526663
0.014948688709870230
0.001697944685500423
0.015316576081285411
0.205499304150169676
0.106770352988585865
0.058434594086716016
0.001857325568857160
0.004341434315102920
0.002102669384753846
0.014827787726735941
0.160239219140677625
0.120454079048357185
0.000455054074758312
0.015166678480526540
0.033176029513724156
0.033967831796604578
0.078329595069626778
0.094840642594772026
0.004625195532382619
0.009711249632280225
0.004306998296876825
0.014681819640084248
0.000396076753359581
0.104792403106770973
0.068260007813146201
0.071776830642784006
0.086474189640606797
0.090123032729270719
0.070474245490858886
0.059132919393765374
0.048476547688049217
0.084947225309740970
0.040928713343405261
0.059641970494814352
0.130458142545670480
0.106015534499477246
0.022275482910746186
0.207440746145689525
0.004255250888066111
0.067693726653063377
0.303459965098266837
0.051467633931243782
0.018346016184984167
0.383178578132259084
0.050083776672967699
0.019744482802840746
0.069724399853887759
0.000793299300748649
0.004611778669118521
0.000000000000000000
0.004133775597410020
0.217214162412587897
0.217484344753331005
0.187706214699884910
0.000641478682284382
0.004973555637348297
0.001896447384195581
0.014305821363351321
0.095413676325181912
0.072512614416634993
0.008542072244633306
0.039479811604206744
0.042166144066721527
0.126177823138753947
0.065527319050164984
0.043175112342887935
0.010169261604063558
0.080488348637056700
0.033256998822842658
0.119294940882028133
0.029486327882580429
0.064596187791481574
0.057158637510938151
0.170356032373269711
0.070622366759844096
0.023416712513735082
0.008572405536131939
0.077510385060250195
0.026887996157054200
0.154632841509768415
0.023033325282142005
0.004303219744981343
0.008885477479580456
0.047375949843914800
0.021201147473946923
0.131567008243911154
0.003413527068798494
0.003433248390200458
0.014466478991101877
0.054710975958378309
0.013512436565438204
0.098336162415698675
0.011677399710424217
0.004912635080713740
0.010885764248371427
0.023296412559768841
0.017545191095311569
0.001203533676857959
0.003265158899266334
0.150340413025293745
0.209454969421960235
0.155785498371762920
0.000047812997990162
0.001854569944017713
0.002260882791682752
0.027695137965201969
0.112753336274129715
0.050391619203439923
0.006449591043310493
0.015013324939070614
0.113728160388900407
0.218643567572283232
0.041858577604934055
0.027504271691626565
0.009447130739110526
0.031180522801778958
0.147633919115293416
0.302174164488376529
0.022524390051249857
0.015329319477898444
0.034314955215025887
0.144096159727113760
0.124383732137637981
0.088026697387906513
0.058286821531323932
0.042947706319817716
0.048520952911422034
0.170022400305896382
0.055176561050695669
0.021082633390240899
0.025628752433001195
0.028324807480771284
0.029780023695867228
0.066433936350329861
0.009934734978859466
0.020557755398216079
0.016801377534718741
0.010069665314845960
0.006602280562419051
0.011629619193872454
0.016892872261244658
0.024694523660747130
0.031925889072415156
0.037168726226931015
0.002830970947721473
0.000000000000000000
0.026263349165548774
0.226918495608383286
0.391173987607200346
0.160570951268779072
0.000151197975409966
0.010262854129730525
0.024970078807799685
0.132324678174122079
0.239089649945957994
0.052225649919531630
0.002851344959296917
0.105209091470934671
0.143003149003492258
0.103162688108515310
0.075506523814058729
0.049193537755618064
0.011244721712814083
0.083115331498086628
0.081037452156594275
0.086690338549989546
0.034451304189564470
0.040730536056752656
0.027428081674906974
0.129000437026984299
0.028307958243875223
0.026948244169481914
0.033875029745834367
0.099679299772463856
0.067559745786858055
0.082087890277928122
0.024335635933856046
0.025688824862539421
0.015421010719526526
0.083338142045330202
0.055266597068225870
0.067212442946031542
0.006550921180160495
0.013731168257093928
0.090510767297948352
0.037182403423247988
0.007231258618996938
0.012202053959383598
0.007670373194174848
0.022667186978928187
0.028985096492100449
0.033472872409322202
0.017304613855816824
0.003503754695058413
0.023331096960854714
0.114740610226887363
0.109415028694781397
0.104562047928300331
0.001338832246265020
0.059518778895486804
0.400000000000000022
0.268823272917638301
0.180604089076818214
0.077101423062952909
0.003068804751985222
0.400000000000000022
0.400000000000000022
0.108531360124840298
0.081459107669564296
0.073155056309836902
0.006464095407823735
0.184376623606733847
0.180109772957931458
0.117283949093396705
0.112844039613101660
0.020303609990735626
0.055346407179901434
0.162298029375154196
0.128642179208203422
0.277823069456407779
0.267628531637473133
0.050429067413815899
0.024884034238694536
0.046352564948667366
0.041238538983710028
0.061063517318547381
0.053945085958832503
0.111838944537671750
0.009645009243113633
0.049672706063120291
0.013910017446728167
0.040764140142407743
0.053740738671838886
0.022458772084885725
0.002839781436254494
0.060913440550303816
0.124067049510031224
0.094862268628778681
0.032499940420392386
0.033877311115968298
0.015154931814137291
0.010896103437981508
0.063949922878109786
0.169112237743506894
0.076331297247727636
0.400000000000000022
0.111455300895305864
0.009894224896135418
0.156647651689706235
0.398618706969978254
0.221445167743126115
0.069272580646058970
0.006550065150017570
0.173511619551768581
0.064694322800774973
0.127694283591014035
0.142836595171174918
0.032290478305465484
0.006616695640775589
0.197535440652677780
0.164037414440757562
0.148915370260936097
0.175810511691571941
0.034428028796224940
0.021671389547268476
0.279096430662659267
0.198997981517699651
0.203005704227687267
0.100797017182996190
0.095214718670718332
0.064732902336835083
0.145693076935778820
0.101461958984781830
0.171499645256375205
0.051258733971361783
0.083606999602195975
0.030141647627947288
0.161865820745010325
0.068442034982596170
0.184059997596955405
0.099876880678200539
0.081053605752114899
0.059418376853698843
0.028057583203488185
0.091239470157886818
0.239334141165177761
0.090652866329119175
0.124154819041128767
0.069236630275802902
0.040556825070877787
0.323880465255909022
0.394336768311628560
0.162773152706947283
0.182909691044690653
0.400000000000000022
0.045588206967339256
0.172168220099446379
0.263859300274401798
0.193577236099116923
0.123333905606385810
0.400000000000000022
0.011699334265855572
0.026088801831888313
0.400000000000000022
0.400000000000000022
0.093759537619049510
0.400000000000000022
0.085024493323055700
0.313377152690033023
0.247353777048487600
0.366254336361620192
0.048755142895122630
0.400000000000000022
0.291480715494386589
0.400000000000000022
0.363979126884482640
0.389912513792688875
0.065945906356593018
0.400000000000000022
0.167490239276563646
0.076905843531202778
0.400000000000000022
0.108475268595155883
0.087112198701700866
0.400000000000000022
0.079946066097612484
0.087267853869759937
0.400000000000000022
0.176436605330604651
0.135167163875101970
0.400000000000000022
0.031802443779278239
0.089924613539785467
0.269442667720357742
0.140509563243808033
0.222451321146357295
0.400000000000000022
0.024706104728807410
0.202910319451951898
0.400000000000000022
0.189321367157964382
0.071853148797815500
0.383713540122584074
0.022637306490279542
0.117086552781294123
0.278791685906753517
0.165318451600430738
0.128176019339077074
0.362896558761058641
0.021579028517979736
0.024948930523689242
0.210483252103350227
0.248194738432679252
0.016226892937955845
0.400000000000000022
0.052096934118404943
0.082693785908110551
0.163436260220928442
0.400000000000000022
0.033144163176443517
0.400000000000000022
0.103152932840894898
0.055801349649437365
0.149144572307822437
0.199347601066822339
0.035884561857760781
0.356552012191123591
0.230628441940312678
0.089853375418111087
0.400000000000000022
0.206920907783222807
0.054286994274936815
0.400000000000000022
0.180761706674195666
0.113420593298732580
0.400000000000000022
0.320593272976192334
0.229452994162649804
0.400000000000000022
0.089085368640912904
0.057728524774483161
0.400000000000000022
0.227778967722623876
0.094847187461063354
0.400000000000000022
0.012106476167205706
0.062138689424989714
0.060484656948533222
0.165216307677111540
0.104816753957753944
0.004412354496870449
0.006108476187854056
0.019798051708736698
0.038193800110143325
0.161792551209538615
0.244931154473098489
0.150654560888443451
0.004171911492167890
0.008307285700593515
0.043835806789334353
0.085798532115741205
0.090272939224315868
0.229300811196964105
0.056108088173280862
0.052031793168522300
0.123542652938370745
0.247964123715470691
0.013258778520006920
0.047684520428975918
0.045636132598265877
0.005131540809818136
0.130077532025629411
0.172251844170795088
0.093138510609348329
0.073966393479867304
0.259826556997194702
0.066063251523529376
0.142632697666974506
0.400000000000000022
0.115860738486988968
0.061411057097972704
0.198024350459922116
0.094841022851620993
0.132529140603897783
0.162433755027399096
0.069219987776239403
0.070375566640997755
0.273711266374994766
0.092044641846275824
0.400000000000000022
0.237949073553468449
0.050585422963766925
0.048614459803224340
0.006330496533597852
0.016731086433941719
0.245851915145018474
0.147902971496220587
0.014783458830607984
0.000295789683697078
0.003643105451630627
0.024386491959119322
0.296823750675715703
0.232292249526810934
0.167152415906602597
0.058245903993337220
0.000008686067974078
0.007133396935555631
0.048028836434982000
0.024107319762190427
0.079493660988981085
0.111203843582101780
0.018095642284633031
0.013501553151322754
0.035838890699999862
0.047779377629121968
0.043859189209906869
0.055078919031343890
0.063775938222244921
0.014832477313873337
0.034795008328544208
0.038510005432712893
0.022605772394659690
0.012253471810681617
0.344870453520003617
0.020662502186980351
0.042952370388071884
0.134896829137421903
0.034619765355484611
0.022245492726876506
0.204529235118339980
0.034321701472331739
0.025038914708870118
0.146319520360968236
0.101426207731125123
0.016705085024943968
0.203911067478016905
0.043330173670236866
0.217162807116726086
0.186575250352407712
0.052584774479971133
0.028888199348156698
0.004960386071589255
0.025517444273385322
0.042434465764641688
0.090792975517854937
0.021528904126257929
0.004702563033597500
0.001985228901918264
0.009767334601123879
0.023407362075510481
0.130693334183982379
0.121397039316094468
0.011929958431048746
0.003946201334545109
0.045856999275798574
0.031003490808290013
0.004793073202255070
0.008005621863927698
0.012382366024594787
0.011186391454413726
0.008698234896941291
0.006548671775107963
0.010238497725080231
0.078803598274548636
0.058974910302484918
0.008257187083666760
0.020549588830529434
0.039857330166536580
0.050175198311804572
0.055989366394725203
0.046840102214116629
0.110466113883276359
0.056958040502561744
0.044743538622379411
0.122975901576430263
0.072619267196265991
0.036520306953407029
0.076784334060867390
0.010181174278813444
0.005640551562502056
0.037580158670557202
0.035427614460160059
0.009707550463807465
0.221705304635183620
0.038705963891995848
0.005549622339889198
0.034749065595643766
0.081559127083106503
0.061313619560579569
0.003320831888664690
0.006355821228906770
0.183774232814828492
0.291673617256943407
0.172179339168005180
0.001484692830965992
0.001854569944017713
0.011754618817567964
0.139771709575238628
0.234515162703647556
0.107577837758411454
0.010136251517405756
0.053097228618690054
0.227158338273944771
0.344331984600482421
0.047251832731636925
0.059791590649249091
0.020148180744391918
0.155620293010491823
0.380994509624850375
0.400000000000000022
0.055572264613912070
0.120656598969208217
0.070080407307193587
0.166987395329536742
0.149867880916556007
0.118145122396869112
0.069240097933667200
0.121905228664772103
0.080121069067286624
0.354998776717477371
0.120835426660241343
0.035298893191395245
0.082376869535328148
0.078688695644674900
0.032851362112596622
0.208635863267761040
0.047769022957612317
0.020557755398216079
0.053817993387984785
0.030805673682832602
0.009084692771963849
0.145136118605582676
0.078138208285499958
0.024694523660747130
0.035344525529679476
0.043881166178077274
0.016929514256855682
0.000089377128457969
0.034909370079429840
0.259523090332447137
0.398867077956646887
0.190331964617299010
0.006379858378934603
0.017202541106291075
0.042040192294889846
0.261789029296256137
0.338028794317344394
0.152909278748182775
0.015443706842414303
0.155430682347375559
0.212506629990140916
0.145280135686835538
0.128899748222908644
0.107035802582329531
0.054244925013355795
0.260994813740159204
0.221913944222932757
0.286242145956584926
0.081084880352484054
0.112307823288766193
0.092174078172840831
0.203675899126346593
0.082765102133999263
0.086980240670930117
0.099610109411503917
0.289208867243401335
0.110887195462057983
0.185144508834031746
0.107665386093298815
0.075288749641949926
0.042825610281987614
0.184420433938625478
0.064665535551689121
0.151005797106373657
0.023703426044919984
0.015897155529802011
0.124227880072994706
0.072832443100596167
0.011537322249126240
0.097939428747272100
0.041858063332338220
0.028873416002820198
0.053500459724077749
0.052180658408558844
0.017530125941374295
0.006549988269197046
0.023909583338488149
0.137093148311546675
0.181676742480869707
0.189860463300231652
0.013786049410381435
0.059969144719082004
0.400000000000000022
0.400000000000000022
0.328917186697731512
0.210480069122682606
0.020489177142465790
0.400000000000000022
0.400000000000000022
0.232310740049321951
0.129059245320689464
0.084132614711896730
0.017973480534159758
0.322721406645754327
0.391466826371597132
0.214985478837635857
0.156443216471365276
0.110038979697542838
0.100071789560628982
0.238014838917042115
0.234664947808054469
0.350729606900111013
0.361355298169932282
0.214496169791695279
0.075190456891517668
0.089791033120711933
0.121738270392241124
0.153038917665794694
0.125251899117319931
0.187656641721258038
0.060009220983870334
0.180718342173832813
0.131840841003971393
0.047974386441185998
0.064916592371770790
0.095454285953517570
0.023945701807196407
0.108535042236952678
0.201006966394746106
0.112684052577663826
0.107278268449868902
0.128313783971699596
0.093609545617780274
0.015628709464956075
0.074776428086312838
0.275417592957105772
0.205644187222015107
0.400000000000000022
0.123082667965173642
0.016361237179103670
0.270413033535899738
0.400000000000000022
0.381594701444095297
0.099241808582910845
0.024558980330107075
0.235775310283926065
0.209439666803308333
0.259023735652204601
0.161710373401150465
0.074482363588958433
0.022634542332807338
0.400000000000000022
0.400000000000000022
0.382533230377120836
0.321511129387402950
0.151224875020822963
0.053853657103392655
0.400000000000000022
0.400000000000000022
0.280624857588920806
0.211542997863295335
0.293678156950421654
0.122840956368603746
0.199819146104669609
0.166631753443504949
0.262035751715992138
0.163252391344981651
0.217357164260670838
0.086444572986288604
0.292840392540696937
0.298802285153063507
0.228962891176681449
0.196697795405828157
0.242337607315430414
0.106714749170663051
0.177890052519478009
0.218227286167843010
0.323584305371836245
0.361365309673364776
0.307171532454301066
0.179292563788169018
0.400000000000000022
0.335531146074647291
0.400000000000000022
0.335217339449193408
0.276165928986024212
0.400000000000000022
0.400000000000000022
0.210030373662472569
0.400000000000000022
0.364559124559946601
0.224230723815178945
0.400000000000000022
0.281625933120218330
0.247376786385562514
0.400000000000000022
0.400000000000000022
0.398700078595719876
0.400000000000000022
0.344342475700787465
0.400000000000000022
0.400000000000000022
0.400000000000000022
0.400000000000000022
0.400000000000000022
0.400000000000000022
0.400000000000000022
0.400000000000000022
0.400000000000000022
0.389113513922465071
0.400000000000000022
0.377188649842829071
0.400000000000000022
0.400000000000000022
0.400000000000000022
0.400000000000000022
0.400000000000000022
0.217505239542104906
0.400000000000000022
0.400000000000000022
0.390297327206569289
0.392148927739204622
0.400000000000000022
0.199473534859366974
0.400000000000000022
0.391514059993196217
0.400000000000000022
0.400000000000000022
0.400000000000000022
0.400000000000000022
0.217643647571155341
0.400000000000000022
0.400000000000000022
0.107907188283545993
0.393097820280462917
0.351706021374801781
0.144135668076436824
0.380197798084930039
0.325373026786165365
0.264563373291618331
0.374413958861806728
0.400000000000000022
0.096334203799691459
0.311639163148442588
0.400000000000000022
0.400000000000000022
0.400000000000000022
0.233852834928546027
0.124505319024685673
0.228971555650724357
0.400000000000000022
0.369120100932625261
0.400000000000000022
0.184580026385694457
0.129310290792715388
0.247993433820969833
0.398817073877752282
0.229807366708894983
0.394183048074337572
0.297202787294611137
0.286899072726467308
0.400000000000000022
0.400000000000000022
0.230157965444359958
0.400000000000000022
0.389325348388726677
0.359135806375152244
0.400000000000000022
0.400000000000000022
0.400000000000000022
0.400000000000000022
0.367350596658905237
0.215181182931821008
0.400000000000000022
0.393158165199661014
0.321207920122145829
0.400000000000000022
0.018940578031803653
0.079383431576811117
0.119696485521295803
0.400000000000000022
0.196416464991146039
0.024122579277764521
0.020213782789094397
0.035200098163374209
0.102297353429919774
0.331032321552445497
0.380527973332570824
0.161282553951963836
0.038040514114555349
0.110974446791319431
0.098830898817941187
0.235689711751455755
0.281828420027960047
0.285862621232933267
0.084849851627919748
0.081299784599472569
0.139483676442950677
0.293356323976099898
0.113177448189700297
0.062685628190481166
0.191433549460110375
0.039511410934769953
0.160295193074588865
0.330348886436887479
0.277429840937446437
0.119458575218179472
0.328938643411608167
0.085563810024695791
0.227340111958082319
0.400000000000000022
0.300526405817767517
0.128517685142434390
0.400000000000000022
0.133111651740277753
0.253489699417175696
0.400000000000000022
0.245008218965293567
0.146786877328424464
0.400000000000000022
0.219345810289664545
0.400000000000000022
0.352801562406323710
0.188384654576293609
0.063563148513094567
0.008028441219098275
0.032047662515227129
0.388766392659373072
0.254673324484806451
0.073218052917324000
0.002153115252554237
0.007984539766733549
0.026489161343873174
0.311651538402451633
0.373334580551435091
0.287606494954959824
0.058700958068095541
0.015175364548500618
0.040309426449279789
0.081996668231586578
0.102436914831817202
0.174334303583753125
0.115829039114484403
0.027806891916913257
0.017808551448199580
0.050520710340084110
0.048175454382481553
0.148651592316677850
0.123338926844490077
0.135552768865028900
0.101306666954480123
0.124918041057814941
0.108984250923571793
0.081738691788425077
0.060730019498730824
0.377460030335558749
0.061591215530385615
0.102594340882886229
0.265354971683092355
0.140635299854961870
0.044520975637622695
0.386713196828695316
0.038576952360397848
0.092732641361933502
0.400000000000000022
0.152893841662368912
0.035051101209928139
0.400000000000000022
0.093413950343204571
0.236907289919566832
0.256299650206295471
0.053378073780719779
0.033499978017275216
0.004960386071589255
0.029651219870795345
0.259648628177229612
0.308277320271185984
0.209235118826142819
0.005344041715881883
0.006958784539266560
0.011663781985319461
0.037713183438861798
0.226107010509164263
0.193909653732729476
0.020472030675682051
0.043426012938751854
0.088023143342520080
0.157181313947043960
0.070320392252420053
0.051180734206815633
0.022551627628658345
0.091674740091470419
0.041955233719783949
0.125843612657136061
0.039724825607660656
0.143399786066030183
0.116133547813423055
0.178613219456936451
0.091171955590373513
0.063274042680271661
0.058747603847936515
0.133499751454975391
0.073728098371170836
0.265098955393044788
0.079991365784703755
0.049046758367360763
0.131861379056010725
0.119995217040180818
0.057721454427353956
0.208351342304778586
0.013594701347611938
0.009073799952702513
0.052046637661659081
0.090138590418538361
0.023219987029245673
0.320041467050882322
0.050383363602420059
0.010462257420602937
0.045634829844015200
0.104855539642875334
0.078858810655891134
0.109128679838805684
0.086213628611377102
0.264794402762307035
0.387414733711412163
0.252788090217657802
0.130217387474671847
0.103854452821926235
0.133818637297553056
0.342985698689468765
0.402139857037804749
0.239123630056669895
0.140824975216118559
0.191534737804493510
0.197018266884611409
0.254687933253170684
0.242398309268138962
0.191307832466242944
0.166278505998557202
0.205866324645369358
0.244315298027741268
0.329038949425225047
0.293969405761811686
0.185427000573793688
0.176958824558407946
0.237382403369509137
0.239652947096495178
0.271289728367140659
0.306446899800150385
0.217587000430519456
0.189269122194224704
0.303692635637867137
0.183204986852340990
0.239147579154792844
0.299496499168128483
0.208100749320079770
0.165805790299525885
0.299923553556278921
0.183638638646701879
0.201046210416915588
0.322998476200877127
0.192839145999153833
0.160157176723407513
0.280069000615512265
0.183119040514963638
0.256785781320985229
0.287921780825403539
0.189589219904575584
0.173265510347560853
0.107325187691706569
0.089193026787885737
0.306774588881441712
0.326320856881160859
0.220802116565692347
0.122618841701750830
0.104208558758589004
0.128009650971562722
0.351400677649013726
0.312340859265070547
0.219393721304457334
0.124730028121368103
0.205854188332314392
0.195623274912338052
0.246308510479517462
0.200816453453239036
0.186564698949673785
0.155241640610059767
0.283848871339462017
0.255413201734818185
0.268210815403065517
0.247094645430225357
0.205356626085172606
0.167604055772669763
0.348030554543371673
0.245426845020892015
0.209183189646445833
0.255567453954238522
0.261309080583984665
0.173482964327519890
0.391962602595796794
0.208228217094379026
0.238576750730168208
0.253166834426655829
0.237583473932936967
0.156847902868821887
0.330025236623397500
0.201623677863462775
0.215502123547530594
0.287617076916637626
0.233696952346815118
0.150737618612399871
0.322747688007049283
0.182751466087498565
0.246079583314544353
0.262671585789256368
0.253595151144108188
0.164832990715028049
0.110780271932469435
0.120200068925508247
0.292929260224263521
0.367961351225446931
0.216977951301690813
0.124965799260194174
0.119761723441965992
0.147232928484161835
0.334358881441285061
0.377151767857888731
0.243659200056478370
0.144906530774350673
0.200241766155465906
0.220537353641119926
0.270021083595195444
0.259616275618062831
0.212503226150419694
0.178708923295958333
0.238621845271145772
0.302852085917823421
0.332707683386080866
0.295235612056397256
0.212096969868544843
0.197580549309547826
0.237589237048023344
0.238985369679536541
0.263484438815458355
0.305889397360807336
0.227902460405799506
0.196355845976700361
0.216292526278420022
0.157485730948395047
0.248173855782554936
0.312595453208605156
0.210458695823161207
0.165463090738965840
0.258618544150003904
0.159656003811076669
0.194598843701498991
0.330492885801266900
0.210257633328446963
0.164650428278856564
0.318532858257694618
0.186750146365831426
0.231547438596898830
0.252475972321429931
0.192421157314693614
0.178240896367754337
0.107764937956163667
0.099113807588063832
0.390542489367907475
0.365212808748218931
0.209277328854248379
0.110006674234389118
0.110941228330063632
0.150691971948755887
0.391192392743032691
0.303900493837644947
0.205761076398647796
0.126201714561341327
0.200903355725460225
0.208916694991325896
0.277562284455558195
0.212169706303766747
0.198859232195719077
0.164204152914363577
0.266814968529037411
0.300033290121586638
0.321178335384018132
0.249696926849920176
0.206669872025769169
0.181745300487715783
0.338338731952870897
0.245558540789018648
0.208222584690678919
0.246668143691271019
0.260747273513057098
0.179472687009022386
0.324826806686270175
0.161868423874514833
0.211301511566954758
0.266003765996348618
0.249875602128315749
0.157556846821482771
0.340116195796499710
0.180348423914229533
0.194203552720284361
0.270248540923306746
0.240045935011297118
0.155837238346488827
0.341779226962759197
0.205145157351590252
0.250133151813375421
0.229197945739056969
0.223202611779099475
0.166235607408439540
