0.060916212413028158
0.058751247144061790
0.006206381334758058
0.065597316148959611
0.041412162429851976
0.007738810998524999
0.028916877800231746
0.041154981038907273
0.028266437440627255
0.087188166602659573
0.027407885226436425
0.011939701246809500
0.020188825210732779
0.133132187978343586
0.043636595452861637
0.023904228495719299
0.025529910879822364
0.067904241980163801
0.044205290088093915
0.053809223044821733
0.002556764549660930
0.030316803821392027
0.200580303804007348
0.290742167069231894
0.049915886448189409
0.058120003756191717
0.027885671023463027
0.059491808819279499
0.063569388900348092
0.014965084682879520
0.032329155968669296
0.033775680142496607
0.034604016198872087
0.009974962055112571
0.043761171616976208
0.014276650557277568
0.022742976178981626
0.021378602926036896
0.029069759897833114
0.003781038158877133
0.071646954773098154
0.236496832808996887
0.010683731788270125
0.024008876589101932
0.057635891418946761
0.088734189356969098
0.063740653222642607
0.175249414252928448
0.089771462013774145
0.101787333276971911
0.058783005462035014
0.196448573572828328
0.047023667731072562
0.008485061827075001
0.030232557650276694
0.021172362927065383
0.047254514655503524
0.385175581540699863
0.077368998272476230
0.008669644112398872
0.048992377097466962
0.017741583893703863
0.018943597051616946
0.051615560156370893
0.053214094186961450
0.060798383382767981
0.043317910507544952
0.002900303003625238
0.019175237006324133
0.048874250012548442
0.142899117991125174
0.386691984938475675
0.021050353823384667
0.011704014410986724
0.071464323715895270
0.030562889292384231
0.057841127338914555
0.043740721038810056
0.015147292537429328
0.040372270802363469
0.034169660678518121
0.023983084775084568
0.069627752536683851
0.010217749777732984
0.079289282795597466
0.088389336750856612
0.092143871412090031
0.038983465279770674
0.034398079677300394
0.101380091558519181
0.035296853824976215
0.069062704808364545
0.041099790297654648
0.143797797038488467
0.163358451188137410
0.083703504581418869
0.059360657585803972
0.119284056803259222
0.065741679175846238
0.041865379039870435
0.033811171205248680
0.015024327395202704
0.087864540998439336
0.011738760202598751
0.021131320768736733
0.057528266275558695
0.019871872303759225
0.008667464009560507
0.067609098291658398
0.085926701037391889
0.034327429330311882
0.098881304147179452
0.048038988466857169
0.042174180789530370
0.004135391108381851
0.034543295557048173
0.004959815985368305
0.127140791254529123
0.162560319604992537
0.325844277558921203
0.040151245360443406
0.018170289989790520
0.060896296131369120
0.090846351857477511
0.092838430486887433
0.089464648471653085
0.043592342800367466
0.054580849701130162
0.029437442934976060
0.051004466049141939
0.069855039057520135
0.005622965999468739
0.095764860666213522
0.029572016887724269
0.017058607446134681
0.058229275258249141
0.122869424255833276
0.078165338149132860
0.064086734620588573
0.085214064714007026
0.043224141562506126
0.152417225591285732
0.332201912535929178
0.241552834198814848
0.320739522079011463
0.255509824682593256
0.102487562003769475
0.093332808950584614
0.134189250352806072
0.069282299108705370
0.124453073608079084
0.067107058113667434
0.027666098527094396
0.079328319349256493
0.111541526716594189
0.023083045130722880
0.276211223266252415
0.203698898834599545
0.059944918530215989
0.061749999238120495
0.023753879554738490
0.058423980307864672
0.238885941051902279
0.034609491994830578
0.061269546512995654
0.170574146405507832
0.066677983742841673
0.025059562690778955
0.239861479451746629
0.068774948995327392
0.176052554480708418
0.148721124835029334
0.146153572856904557
0.050208191697812654
0.108131812817873305
0.054668931247933261
0.182045941560933594
0.134039963435370502
0.151289071827609395
0.019137399519861532
0.125644708483448275
0.088129722430264984
0.139756430455205222
0.130497930004969342
0.095465739583657241
0.057036238551294936
0.092311970822236161
0.074033760210297922
0.097554464178334022
0.162411700469332509
0.178365855570393361
0.286307691336703196
0.400000000000000022
0.374924890236844721
0.143870155320233006
0.228203897519011545
0.400000000000000022
0.186493965693340258
0.400000000000000022
0.124394615237333264
0.043046604897416636
0.188015294641016018
0.400000000000000022
0.159532026590890219
0.400000000000000022
0.133587737428890491
0.071769611421770435
0.140383420063959652
0.232858257425727716
0.110466272304814178
0.400000000000000022
0.102738680867711457
0.387602546076383281
0.311945058593359859
0.091687343444067704
0.056198118159765054
0.400000000000000022
0.037444654692898045
0.400000000000000022
0.357387864852663606
0.316107009759366675
0.158399916231951016
0.400000000000000022
0.168538914175925675
0.353349123412804278
0.400000000000000022
0.351002853974950457
0.192628360445988522
0.400000000000000022
0.183101496630326654
0.283868131218675546
0.400000000000000022
0.146013414564691524
0.034136777212866579
0.400000000000000022
0.145699705747601160
0.372976524206848903
0.400000000000000022
0.309392074505204728
0.071990515088057871
0.319659317923536579
0.280387562597479212
0.205177757530249139
0.234863602692331891
0.384859937696519105
0.175573600487095416
0.400000000000000022
0.150827574557105770
0.125192201435569112
0.178544874312098811
0.289150399007508940
0.109337383252639558
0.389727372214151657
0.077020815516983518
0.400000000000000022
0.292245794773255796
0.189330750866121306
0.099163609989541018
0.400000000000000022
0.103252523142912084
0.400000000000000022
0.398400252754914475
0.042595186717585290
0.051519547703616136
0.400000000000000022
0.143704671722103217
0.400000000000000022
0.400000000000000022
0.396868312596128425
0.185435148208806827
0.400000000000000022
0.139710985564499485
0.389382141724407105
0.400000000000000022
0.400000000000000022
0.345488254796454508
0.400000000000000022
0.217025143006688709
0.392269296141427026
0.400000000000000022
0.378648476425755887
0.242218700467067449
0.352760969476238750
0.142540426981760115
0.182880676991737656
0.320175646346619658
0.271363119895255800
0.124343150387493301
0.141880878554417555
0.307669263121347347
0.246503427101890382
0.126783552040034164
0.076863484099933460
0.052014789618172269
0.190197967465993906
0.400000000000000022
0.400000000000000022
0.280041338669250073
0.058331921820128446
0.038753864331994847
0.309504271333906567
0.125480500488863694
0.400000000000000022
0.290141179680414862
0.270632378527097428
0.063180617260607586
0.325334233431424646
0.080216348494979897
0.400000000000000022
0.362000430592910871
0.232587366055614753
0.078980990143404428
0.258169226867485835
0.193351307582240756
0.119857990704706763
0.351346624846285982
0.164396291709385023
0.053443930949960944
0.104670679555292467
0.138506657062673622
0.186374732372414642
0.281738442671720213
0.267215850069017435
0.196862582500391403
0.112016307787677113
0.114817916848057824
0.164629750088069848
0.217015913008058725
0.320741011582421687
0.394677986050724183
0.076940354836541894
0.141641013265498134
0.204208577312737727
0.188344588197046525
0.229601245264427212
0.232085084068624908
0.051166389984106449
0.275518215918338638
0.209742884254897954
0.156852098390607098
0.037781505307577824
0.012771612363865849
0.089274456258033041
0.174574519729485123
0.285078231867617604
0.228701338318056863
0.033880354764226031
0.010138297866906594
0.095640603765708695
0.056153461083782996
0.190765667341476319
0.246377578751809378
0.400000000000000022
0.223543322016735213
0.230903346801003218
0.083694744522700246
0.054594432818785281
0.134585819865173151
0.385742877598701628
0.277187441922993383
0.077646065249483101
0.049471812930843892
0.020191116570290581
0.138402013308576433
0.094934035270281159
0.004594420123501569
0.171101905818951044
0.058462941832816744
0.003525791928139124
0.068773467858306486
0.055410594626801729
0.048176843106742827
0.076580305032562607
0.059191963464377703
0.065944045226021389
0.111539871960489798
0.136745616958600685
0.185016308878699937
0.080307461503672212
0.126709056137631754
0.151454204663249992
0.135442131806059685
0.049100089399182173
0.067834656381073305
0.024576933946748772
0.072817104617562939
0.133341320241291361
0.094691393191612086
0.064569139729482222
0.026121992208592772
0.046601821283195011
0.060984460825919018
0.117238708243157450
0.070320012769630652
0.031496167002218030
0.001114365493597647
0.067137707066420915
0.032702650998365675
0.034882402919555903
0.109424949214208353
0.400000000000000022
0.163867336345710185
0.049849485495302756
0.055299489226519311
0.029972505341541517
0.096171035546759043
0.262546279279513073
0.183595715729503062
0.006621074043773224
0.048169388949542057
0.023504374661009943
0.115459588628170823
0.113952707780883747
0.019539279294549364
0.034246083150962441
0.057961863593306566
0.043967676122942265
0.037121103614089282
0.107095888524088551
0.030772287830100505
0.012146874250580251
0.062216937896260267
0.077753063710580189
0.028544734073791000
0.122309777044059084
0.201693856495219231
0.058188635030150329
0.062872245567176160
0.092792568675205106
0.021111819662565701
0.059763683822555057
0.239541626425305049
0.016395115434841501
0.036422369368939320
0.047185239519594302
0.199784057695479467
0.054063227725932868
0.011475346956022266
0.049005162964449497
0.034288605269704162
0.073913213195678271
0.156243600543300665
0.023750236140097802
0.004236580796170236
0.040378065039633544
0.023357090740212541
0.004269035010526808
0.095437143507588459
0.086350212210102889
0.087951048338834825
0.043872511196983002
0.033961724681031376
0.000000000000000000
0.057863156846923905
0.069746113593352366
0.110199489386539826
0.084457842849586726
0.040848391363731223
0.008379325260445485
0.041335972668174049
0.082403874284660075
0.021636218743390320
0.007465698004119776
0.062136474579764775
0.032462298210584280
0.026168312229131598
0.066964088104109157
0.019147830587523514
0.003564066179623198
0.033275858711864073
0.098563518669141495
0.032201191184916919
0.088238628904393587
0.217107654624430352
0.007342631819822190
0.026630968944772113
0.009884388154907714
0.015747830289406056
0.055747278008761600
0.217810122663736366
0.022418417015364494
0.040913981071551871
0.026321760132914720
0.245735362060801793
0.059401294799056349
0.060003915319366302
0.009628464015483860
0.054599767745634992
0.053184319539266493
0.150075630403540883
0.020621865181597171
0.016498573860856673
0.014008175992705131
0.056871449763752954
0.007589865354014762
0.087202638579162439
0.017288153120129025
0.085646632958272059
0.033161900594406921
0.031743533214073368
0.012555785931256926
0.144892193872235536
0.033312082689254480
0.142007495438408626
0.058115130765403714
0.066604809603211523
0.009374462567013221
0.057124301386404411
0.079732252299303391
0.015269444448930922
0.044137643418666606
0.115204357042724997
0.056481338255505845
0.030228221633722612
0.014682606579676032
0.004707211524666991
0.024255027808103079
0.043368216691335400
0.063910223679092534
0.009846634851552986
0.042919208818972418
0.116242144576602979
0.005844601074860627
0.033689642518595249
0.053939740809583150
0.000000000000000000
0.037328399504967420
0.090159670149833254
0.046806164249791830
0.066472551617837661
0.095089958412294215
0.156197863878255294
0.069136959510236573
0.079482079696738400
0.039369348708322704
0.057283448810259999
0.035569909655608113
0.043914403383672265
0.014950898140678275
0.074096348985337651
0.038576425987831266
0.100040528447406366
0.025248651362389365
0.000473110171902166
0.014426377852509314
0.030186331451936624
0.031415935043031092
0.080683964342761927
0.016814688172160700
0.052985534946606822
0.019165366298342472
0.051128669319925227
0.040683794587976316
0.058871577335190696
0.014678579455878780
0.048752205435614655
0.041114044135870512
0.027724442415092636
0.071564490919118789
0.088639477586641285
0.046147692968399483
0.019258517568303504
0.011430238647574035
0.031418920766541167
0.064182951908019800
0.062606644227663585
0.115219709239441651
0.061168933663644863
0.078091323492242223
0.042722912281152929
0.069753344650858598
0.069872431426688406
0.129449448617148133
0.052701168575693652
0.043036544539285883
0.054217870532902543
0.090997752524778736
0.128184240856657389
0.067515341676788104
0.016803648584428361
0.019234519729110212
0.137150488396451664
0.108823164661855668
0.120131985209372488
0.045822547221671076
0.010339694916181173
0.064122783894134186
0.170035040295679479
0.024212307307665146
0.066991461220901133
0.071474898524183955
0.028273762084321176
0.068386531144782020
0.095467611323581419
0.039908292856049327
0.230939102418832087
0.161165887896480703
0.049924780197789773
0.008574875654646895
0.082041532609192655
0.049379482550030593
0.110032457289406999
0.070978467248183547
0.102834122807311246
0.020572016858090902
0.130974400004414959
0.056188820741487906
0.219486576652745874
0.125137323690999391
0.097617976436787157
0.125501158698317156
0.077753093540027407
0.055618732918651131
0.185531081613280052
0.067934889464511830
0.133135138271289533
0.215711508689032050
0.143364300926865473
0.033479138238567713
0.153789796854338551
0.060873500034729640
0.086772408030329012
0.125090789181915629
0.270393643629329772
0.156736072646169011
0.119717665985891217
0.108125442803988392
0.080468239971362487
0.087993086737767470
0.343852120412975082
0.117478570874740701
0.400000000000000022
0.115791425400165918
0.066711911565487975
0.073229335732735545
0.380191843469477764
0.133237919269401733
0.397199267575607307
0.182611950000132972
0.145806264000532343
0.093680637540665523
0.342310175850204790
0.115861892533569544
0.400000000000000022
0.326222932772221863
0.135999134032777802
0.065255830801366557
0.173567101075836283
0.097057807089745873
0.398467037827912596
0.180607630338364328
0.051049692376466581
0.149382553078206470
0.400000000000000022
0.168455033805891996
0.324845150088727941
0.232522660641287848
0.259890492657971595
0.299331826343708141
0.400000000000000022
0.076367752017473062
0.231839931188196097
0.236137221409846609
0.108581072607219831
0.180892788225655410
0.243819871074272165
0.209503289880588972
0.179796372069426141
0.205484560964871665
0.142859400166674533
0.078053449138128686
0.203442168999979328
0.169264917707006829
0.191847271723717211
0.169505065066235971
0.062258758665050824
0.052326201966079754
0.391181628021522010
0.085312326118096596
0.125276326666213134
0.132082566633139165
0.080155179148787864
0.051551661383411752
0.366069516249859950
0.110137069739842317
0.275726144011099905
0.084106829507231695
0.272571896989458717
0.151175149596607272
0.367125591869526757
0.126639518154378294
0.223003150244681841
0.101854500120728109
0.059923647271693067
0.133386508414412852
0.160899421161608491
0.128862151564779703
0.384549646963095570
0.164651854860591002
0.038750598820567639
0.108835469855324690
0.229914684758511789
0.150950170779963588
0.303863564808143805
0.115036924974469365
0.202286327260193521
0.086178591310147712
0.394882020268945255
0.128784557421433854
0.264398497895333040
0.177108477152817023
0.096205143064132220
0.028423806959348905
0.190725280275026832
0.243511329951254324
0.257716566421445692
0.285959046713244458
0.049529082387743818
0.083526200871975972
0.124913912948397265
0.146679176065222100
0.232253224843925882
0.392256601938338556
0.068926407503869330
0.027015131625112276
0.117315415502565384
0.144798482901473291
0.161353315767469613
0.151066737727494210
0.068184163194701469
0.040209616939966747
0.133685622326196324
0.131115244699194500
0.310483110138980223
0.076164256272676339
0.077943052780095542
0.168364500129245226
0.049949529731710220
0.100760321475507314
0.239926659035475942
0.068955736267491671
0.046649710814981163
0.194146371856644906
0.024888195172560218
0.035501581674208298
0.365457468035758515
0.200239073088618380
0.018381411374013522
0.063466462075182070
0.028858197484818760
0.033035028492723190
0.140423163741450141
0.319008283165623630
0.059759263062072597
0.026355155534808165
0.026231184450151400
0.154018192316342006
0.265445660647432358
0.400000000000000022
0.165187079716916457
0.057016302038809100
0.034468855910031231
0.196264934055303819
0.279208722840918300
0.333135803350636195
0.047631765678894440
0.008909467925403907
0.045289551175357531
0.033007184878075156
0.058987946273250873
0.098674244312548787
0.077712414471882638
0.023097867549347360
0.017442883387810946
0.096125937373798903
0.061542033950158739
0.131147156967623330
0.140528215757608821
0.020714994214930761
0.007525458792491708
0.077502711692860909
0.139138480728665026
0.060507653377797642
0.137407108474996542
0.060720096025558362
0.057415533245570693
0.080070479392490873
0.121217765049833101
0.019165339061975727
0.063506811081097958
0.167261110773932298
0.035617057073016864
0.015363123496419235
0.077152495376229882
0.041943563512548070
0.001617286271032824
0.016613729027728386
0.013538614903065847
0.040239596416906658
0.085817414090711613
0.077230917658427073
0.044573378542692471
0.028265071112406965
0.013802308972070240
0.100392086320607934
0.181399806931265201
0.058743547305731864
0.093886926801436149
0.104573393130881015
0.123102859779135126
0.109028740674245520
0.107667342907146815
0.069638183197328285
0.062487834104985554
0.074286508102716947
0.243539242321315796
0.054458206620703789
0.050137290022617020
0.045552130586951220
0.033161848399633799
0.002625675323143065
0.004742707076769355
0.048402213672025129
0.027553350200037886
0.091869187774597738
0.105702322553693578
0.024231914512434213
0.003957520890134967
0.027895818732357566
0.039692102542472650
0.052868650008879498
0.234033777082395339
0.278522512036194214
0.050603660790770541
0.048260628192624597
0.021690586239741669
0.004784211211149546
0.111665296586673818
0.400000000000000022
0.144363658376592568
0.051298332005589101
0.052097614136958167
0.058446497877722506
0.039001298027160333
0.086702534428702696
0.013468008690985307
0.045712895377788151
0.061786261983960603
0.052785297375512831
0.020600325216980773
0.072653068015319816
0.016820654048600975
0.032737597822015990
0.079935567130554802
0.035393075031698307
0.023865696021195714
0.159217799330362064
0.162907797264128434
0.049034701404702848
0.070950418341979848
0.055850888205525397
0.088121109358189315
0.133137989166368237
0.400000000000000022
0.077311327847869662
0.095173616513001102
0.053391620854352353
0.265381373844439106
0.095475390155784823
0.019214157954547263
0.077922040764681233
0.075443586308611421
0.102179650636305533
0.243431767145960265
0.051158121366534220
0.016176282042979738
0.060566890250366323
0.156489278718556113
0.047905630463388443
0.119341372003307744
0.111880123089925246
0.155855290318998640
0.088077801285076918
0.087770947725853102
0.002556764549660930
0.088179960668315932
0.270326417397359686
0.388482620555211322
0.134373729297776134
0.098968395119922919
0.036264996283908522
0.100827781487453555
0.145973263185008167
0.036601303426269848
0.039794853972789063
0.095912154722261361
0.067066314409456373
0.036143274284244166
0.110725259721085351
0.033424481144801080
0.026307042358604822
0.054654461637900970
0.127633278566974595
0.035982229343794053
0.159885583677491727
0.400000000000000022
0.018026363608092313
0.050639845533874045
0.067520279573854480
0.104482019646375171
0.119487931231404221
0.382149382971993856
0.112189879029138628
0.142701314348523789
0.085104765594949727
0.391619044924801374
0.106424962530128911
0.068488977146441296
0.039861021665760554
0.075772130672700375
0.100438834194770024
0.400000000000000022
0.097990863454073401
0.025168217973255545
0.063000553090172093
0.074613033657456820
0.026533462405631716
0.138818198735533360
0.070502247307090468
0.146445016341040041
0.076479811101951872
0.034643836217698606
0.031731022937581059
0.193766443884783979
0.176211200680379654
0.400000000000000022
0.079165484588788373
0.078308824014198253
0.080838786282908498
0.087687190678788648
0.137573379638217919
0.059010165487740976
0.059284935956095935
0.155576627845088439
0.090650998934023952
0.054211306408807190
0.084310359116359881
0.014924961302399974
0.103544310603700535
0.131757553442192032
0.156054095091182538
0.048830100131323662
0.077317288496272812
0.217622236135122160
0.041141454899836852
0.102752347326959800
0.095039531107237812
0.143797797038488467
0.200686850693104823
0.173863174731252096
0.106166821835595809
0.185756608421096869
0.160831637588140453
0.198063242918125715
0.102948130715485253
0.094506407091941094
0.127233889706762054
0.069022209012858743
0.056701230424344849
0.101442669659230947
0.034822770444437504
0.082763812994898156
0.106185524279489657
0.185967229484798269
0.059576080692701240
0.099354414319081596
0.062465366319366486
0.072360512241466987
0.035551326151412946
0.115227259899810086
0.021774504157529004
0.180126326201135972
0.181725685903335016
0.376287802977954278
0.080835039948419729
0.077041867324981222
0.075574875587247903
0.139598557293092174
0.133952474622757944
0.117189090886745728
0.115156833719486248
0.143220327287771454
0.075585135903375539
0.070262983617445443
0.081285277705094167
0.037041886766009918
0.159947812574233322
0.092178661115387861
0.132278316685576325
0.119398208921894025
0.200960747748075486
0.120888250430285796
0.133840079271447199
0.155086496140695418
0.172673590179654279
0.205118394166979356
0.371662572439202199
0.295770704731717404
0.365114858284572796
0.383694065539250673
0.170002903680557566
0.110136457535012972
0.153423770081916294
0.206432787505157034
0.233276238269934710
0.187239043323039894
0.073488645748765472
0.089668014265437676
0.175664310610728402
0.193118085426402353
0.300423530573917574
0.270690360055500734
0.131419817054399979
0.090023761322441664
0.092140410699520503
0.153891591631446112
0.278794233907951661
0.265548594413662631
0.222435434409476385
0.220498926603297590
0.075252859397488561
0.107101095299971610
0.289240962001777235
0.178807406284734405
0.247031021728891964
0.251555247642340607
0.166725589714995459
0.181182591702227613
0.164320633559361218
0.274155507900679107
0.307183265251932958
0.231657939872157687
0.276790230525926606
0.096890493059888921
0.181263441402099407
0.273660804043544981
0.207691319919717066
0.263633068276258875
0.311177248272689277
0.200400539478160444
0.125791109060803874
0.227823557064636473
0.158427964213063655
0.249184108499661522
0.303456644752308935
0.400000000000000022
0.400000000000000022
0.400000000000000022
0.251995598124221398
0.308672137490374032
0.400000000000000022
0.400000000000000022
0.400000000000000022
0.400000000000000022
0.158838030297582561
0.254727206206504020
0.400000000000000022
0.400000000000000022
0.400000000000000022
0.400000000000000022
0.254381561421903435
0.286189684064492023
0.326538894966393267
0.400000000000000022
0.400000000000000022
0.400000000000000022
0.400000000000000022
0.400000000000000022
0.156943174245434247
0.229765219235601337
0.400000000000000022
0.400000000000000022
0.400000000000000022
0.393567993738363042
0.400000000000000022
0.400000000000000022
0.400000000000000022
0.400000000000000022
0.400000000000000022
0.400000000000000022
0.400000000000000022
0.400000000000000022
0.400000000000000022
0.400000000000000022
0.400000000000000022
0.400000000000000022
0.326906202790346989
0.277956648287138730
0.400000000000000022
0.325496077817027274
0.400000000000000022
0.400000000000000022
0.377247011905649909
0.275432684088037227
0.395679078220499858
0.400000000000000022
0.364806540115491851
0.297122361357382681
0.400000000000000022
0.400000000000000022
0.400000000000000022
0.276103901223318904
0.257274768068708304
0.258700053460886703
0.340268566108167470
0.400000000000000022
0.400000000000000022
0.350336943477021379
0.400000000000000022
0.400000000000000022
0.340505900462728606
0.400000000000000022
0.400000000000000022
0.326255673387593925
0.400000000000000022
0.400000000000000022
0.175981695131998128
0.212418968865224600
0.400000000000000022
0.400000000000000022
0.400000000000000022
0.400000000000000022
0.400000000000000022
0.399856303691344728
0.400000000000000022
0.400000000000000022
0.400000000000000022
0.400000000000000022
0.400000000000000022
0.400000000000000022
0.400000000000000022
0.400000000000000022
0.400000000000000022
0.400000000000000022
0.389441061901879659
0.400000000000000022
0.400000000000000022
0.389393386399762287
0.399840114952215941
0.369704728734363497
0.354889320767231731
0.249257063335890566
0.288560054619639628
0.400000000000000022
0.400000000000000022
0.195709959543903494
0.103878615725045739
0.169330205120737681
0.331443641255210530
0.400000000000000022
0.400000000000000022
0.335296263675250172
0.098541538760095207
0.172439486658191199
0.386613796954626610
0.394482001325709319
0.400000000000000022
0.363746911522149885
0.397541385355021482
0.113130146992317812
0.387787969827905310
0.320143007530455825
0.400000000000000022
0.394630463933944520
0.397656284759175638
0.103869185315964618
0.293670808541694139
0.400000000000000022
0.320097063793325198
0.368578880086978755
0.227862753784567079
0.082302128434779701
0.137705708048015657
0.278929820804123763
0.400000000000000022
0.341497705733792789
0.293571005603825652
0.223093766950542782
0.266034500104019134
0.380263577495490224
0.400000000000000022
0.376094137452578248
0.367199552531117912
0.400000000000000022
0.273205288891845699
0.394857195703167685
0.400000000000000022
0.235976353875940958
0.238510713189831164
0.277374635243982426
0.084173574862181605
0.334506162191589518
0.308417128567446741
0.234564512862489694
0.060879372856925178
0.030214495751676791
0.185400393631831945
0.236116553679643848
0.391423210482950534
0.349488719371349843
0.054595348979156799
0.017663756659398303
0.173143315458569619
0.195291941812448078
0.251273320719273996
0.374996908367771220
0.400000000000000022
0.280958855262305851
0.310973826193494118
0.204912509572533347
0.073759771880761021
0.198092630946271137
0.400000000000000022
0.312804498996010261
0.093009188745902333
0.126624308307073774
0.062134680082838650
0.140019299579609235
0.111547764298009527
0.018133035026567421
0.211341502235857681
0.144280355923528392
0.080756709586566208
0.113346846400998930
0.083675665739208691
0.061979152078813070
0.176972391353170527
0.240591770395642890
0.124687592531753252
0.205426798761925905
0.241319010089481673
0.308119168657835063
0.189336202177917745
0.234376399044778583
0.221092387860578249
0.197929965911045225
0.123386597501899120
0.311373898702389129
0.079035140567452561
0.122954394640179945
0.178893450828242595
0.127853241591245892
0.067194815052625298
0.030864699285362132
0.095004034955220140
0.088537811025956911
0.209107896017755202
0.176022335323324230
0.055728081514652236
0.005071886383732613
0.095033525798778495
0.072394753540838325
0.087751052928435394
0.343458726296603678
0.400000000000000022
0.214470997136480712
0.098110113687927353
0.076990075466260979
0.034756716552691067
0.207836332133432833
0.400000000000000022
0.327959374106095602
0.057919406049362326
0.100267003086500217
0.081950872538732455
0.154460886655331142
0.200655242209586471
0.033007287985534671
0.079958978528750585
0.119748125577267175
0.096752973498455103
0.057721428831070051
0.179748956539408367
0.047592941878701479
0.044884472072596236
0.142152505026815063
0.113146138742278482
0.052410430094986707
0.281527576374421107
0.364601653759347777
0.107223336434853156
0.133822663909156009
0.148643456880730496
0.109232929020755015
0.192901672988923301
0.400000000000000022
0.214614410517570159
0.314958820988744614
0.276361565161869327
0.294087468757289694
0.194555654852479137
0.169228840025604871
0.225400932104989099
0.238578071505930828
0.225698496258733200
0.273503330974786407
0.152475833563588237
0.158037343229745303
0.253738750396341972
0.262121008003232792
0.216201056485781390
0.278640870211079583
0.294221565952509978
0.257571945968924632
0.255610836487027426
0.221808588906148463
0.248448632951495108
0.304872429504405351
0.335641216864359604
0.325874743216744811
0.222058268116699709
0.255911882666919110
0.228465804563651009
0.242824944627465233
0.264323229733323450
0.176564779869884614
0.215187752716366587
0.248248431583214246
0.233276328572954494
0.250219905185498526
0.284373407821510882
0.222708925751002568
0.220174420752271588
0.263758416782262084
0.281383403554625100
0.266071906175902873
0.315691829398963730
0.344762742651150478
0.234356296118593016
0.264627104008301917
0.277958762670909798
0.268695108256041926
0.297708578436668703
0.415909053535942597
0.289599281591874980
0.321148169340513601
0.226628904744817367
0.212895536371188659
0.184565199494549942
0.217202151365867291
0.283200350549043633
0.260795833348204276
0.210317113611516837
0.227739411584984064
0.141496129410342009
0.179607968762078740
0.298328222629966666
0.304123550783970520
0.219242376385267751
0.264871059631167804
0.280957146715638539
0.219027966661879930
0.297292431481634534
0.239970248183057289
0.250749948081572638
0.284413083804039013
0.322338098913626414
0.303538491129399013
0.252945808257270699
0.257362151429813668
0.250723250447961454
0.229761357443767300
0.222818953575958878
0.176853578383701110
0.240167579021243915
0.259684141366395338
0.295479772093101778
0.240531939662446986
0.226841595769927379
0.210389426575827626
0.230759729301438066
0.258187225386125097
0.325230580875046693
0.248752315472910851
0.267530482361353072
0.325910301222915755
0.229701768379243387
0.217931750119931350
0.325143300891386100
0.258436630320359018
0.255079200828899288
0.358898176144330894
0.219624057677956008
0.339664023010067151
0.300092466541473868
0.285585318691603363
0.201788525937816599
0.193321054298015743
0.213214942748968267
0.242409412549041886
0.256931072347662437
0.351593290147634796
0.183659937807532897
0.172804436221844743
0.226798359564236940
0.237653483455566583
0.216298439744830845
0.319877070267167662
0.333520920734587445
0.230603591134903002
0.256336988523403697
0.209179281267730666
0.236909650108409031
0.277922506242666179
0.311143008696918855
0.321411355429682022
0.229225194617104444
0.247520363977727614
0.241804521282396961
0.265227010353598580
0.256092875930857167
0.182297737069396282
0.212250481590391615
0.251627534897967964
0.263047471609648809
0.271299033770192044
0.296708973388023434
0.218849669395970892
0.224065754012424817
0.254446438140838671
0.262117539527631893
0.245233301740694076
0.305480458969682400
0.338219800961553463
0.252954252375149846
0.244750664886099367
0.246642962902202001
0.255652921066303329
0.289484804882660374
0.370363882084814355
0.315521177718816881
0.330754645993440954
0.244405555222537596
0.234936232996809241
0.180592198965670470
0.229242499474045291
0.266466787736507782
0.245320347167512776
0.214649722953773409
0.267539552486362742
0.174046747311358496
0.209628976922924565
0.292190924565506882
0.268510640640743037
0.205787529589023743
0.265082622816053659
0.308583589893318799
0.262078833689132928
0.301653006440692539
0.240838179450520357
0.240467545730664062
0.265763628459187551
0.293628658589332570
0.275066395619190773
0.264089768997160301
0.268268309304752650
0.244976573503586065
0.247914801928126011
0.244576010086518775
0.171937965680120486
0.240767208567766289
0.253375507609067518
0.298860118714883771
0.259481550390296245
0.251132703550215830
0.219173872908864836
0.250879796282181267
0.266167662735836363
0.317076881354973583
0.235855135317449144
0.235078651420141727
0.313517941729576588
0.270259287436980966
0.239580961431525269
0.304262160591541209
0.234631217951513565
0.240063565614680785
0.350286302554107642
