0.003381289894169987
0.000988030585368445
0.006759438417414729
0.015727595037355775
0.068825837759646596
0.001525956811700877
0.013936074749556595
0.000310050819410630
0.000000000000000000
0.012857858512820402
0.063622276442333175
0.022503486398831950
0.004794737638040093
0.000000000000000000
0.004730358484572112
0.002160911587398997
0.013066851549274058
0.013649439810654175
0.001202902999958160
0.000000000000000000
0.003742235201240997
0.001548332040924289
0.001939040479570514
0.008126321593765517
0.005660694650511625
0.001548699087013188
0.007592043761219988
0.025993939162249770
0.008941032936911588
0.020467422064939962
0.028589312668299116
0.038303668488818839
0.031610222438257646
0.040476336402263779
0.029229429205323402
0.005095717242840709
0.016432330421120415
0.017551000576312158
0.000554385630823014
0.068731029372291863
0.071614362075233098
0.000000000000000000
0.053029150556458467
0.012609177302096273
0.021670797889501422
0.028057250621885410
0.044983263340144367
0.000000000000000000
0.005997221548149915
0.013698736414436783
0.026132552699173667
0.041617237523272038
0.075657756049224117
0.044706010045603796
0.013790086185783800
0.007283935936913018
0.021906251725257449
0.030871902753316707
0.051562170787905898
0.048903295570975419
0.004839517514913605
0.001470784378782658
0.022195539662232155
0.025092844230746866
0.027364282284064161
0.024860695916148912
0.001099958862764900
0.000000000000000000
0.000000000000000000
0.020239994627375364
0.041939600188940787
0.031010457620932342
0.003045968563195913
0.015720448587086443
0.019709507763261254
0.077559775747201382
0.007094580273011183
0.018058909793525486
0.014237717276504436
0.020806916066011386
0.048971293624278017
0.097854918774307811
0.024832214165678910
0.020233907846009806
0.044763290409680814
0.040391519015787247
0.075878042169463950
0.116661623474616755
0.042213788522699545
0.008699943911792449
0.029032292031259132
0.007187066445776462
0.055463354343895495
0.101350993408026682
0.072928045270296754
0.001123110047667108
0.023814130496963466
0.004537254851570313
0.002988035338259446
0.016950165068286963
0.091910052880633294
0.118267275987061521
0.078738533703454919
0.008031240732802253
0.024766829954265546
0.067735791204730902
0.046970220157088648
0.024489190946849055
0.012661688446024277
0.004698071691191645
0.052033869257224051
0.117950094109801534
0.030459009569994366
0.003006767169471002
0.004833814426120478
0.004584661882803015
0.010660657923285669
0.030747487692294802
0.079788773381947523
0.023357351427789205
0.004815497686167038
0.010386887194038812
0.033271844406451243
0.104695827518737697
0.099062469748155690
0.054227495724150178
0.038867100102744655
0.084240395501999021
0.064554317716004075
0.078404873550427204
0.024476557456279135
0.017148933528696151
0.093751954934150131
0.080015305582170765
0.073815428234250788
0.100229997865934131
0.021599610417251804
0.041649378233270362
0.042978946185077173
0.025960986867973344
0.047715301086966429
0.022306912412321571
0.046815635684343465
0.039411924231748316
0.034200139472839897
0.060763879404502535
0.027477917735505564
0.222021084100695404
0.225680978185782505
0.138748183428973965
0.092409892433244337
0.021054008899012083
0.025571930917685476
0.095720844440263186
0.160983425152614518
0.079496852462038109
0.045977452850262106
0.081467747357154147
0.007971638158664123
0.075949322393994836
0.151254698030427737
0.107042591525426112
0.024846094088276215
0.128276094182041223
0.022250275684715631
0.048129187520073648
0.235561304426705392
0.159054125841333410
0.006655351310048364
0.041134787310828244
0.038030043310598248
0.035922631054366702
0.111574779157738113
0.074689248926274154
0.077570101100795083
0.070640175598554289
0.087972695871663065
0.068035846882675777
0.108046515013370398
0.069968037526603966
0.184643227265276100
0.131042203323688322
0.038679119413240551
0.058908348226047284
0.019633000254652776
0.146182146880459440
0.105590536599313986
0.051238845139543195
0.068286554701012442
0.105646826718078818
0.021089450278393776
0.135602496977008824
0.073306656897122166
0.400000000000000022
0.060883853799914664
0.336811095827097062
0.179323355883014207
0.094539841947578737
0.108759961231213481
0.400000000000000022
0.096152349033605297
0.400000000000000022
0.372053417638170014
0.193890719036417664
0.159023792346655757
0.400000000000000022
0.071826359346947866
0.400000000000000022
0.399570693451031356
0.329586017807815379
0.057705801628241543
0.380219501892301026
0.101014385332196782
0.400000000000000022
0.353059718510197851
0.192484626820974392
0.044863957872780059
0.400000000000000022
0.171235192289934529
0.400000000000000022
0.394977945715214496
0.248895794868902648
0.098852301411372592
0.400000000000000022
0.140524928203912353
0.400000000000000022
0.398078660769203063
0.196164654569852548
0.172951765872786545
0.396853260573690358
0.211620710044937599
0.304101145041277721
0.317420902365928237
0.235552734055573226
0.235946993554039197
0.309623676869675790
0.244507376543273536
0.180570392812492847
0.115755400230016042
0.220506372643083981
0.061884800409828217
0.385645984173053069
0.027665259624739834
0.400000000000000022
0.194722254914854953
0.111691628089580205
0.039590262250094078
0.331466631755055141
0.042479101884628043
0.385923089956222043
0.312548522669374773
0.216518415283714016
0.027671865112708586
0.312269141075640411
0.055287824927697127
0.361327558929657733
0.232545941488189856
0.182951139763567999
0.033212660068143642
0.296125130081173249
0.052433552931892079
0.400000000000000022
0.242006662808692014
0.102293211546654703
0.031670062649656980
0.370437553262912833
0.039826379926993907
0.264424194224780917
0.154467062211085304
0.082276083737902767
0.044880876346194976
0.381335936520391272
0.202290408886071416
0.237654568886218470
0.270258831964245883
0.297260016315817333
0.073048774248665821
0.372417606256676026
0.238381586915715538
0.089008376834655525
0.262133797667955082
0.218595381235125674
0.207483343900989797
0.382920167103184328
0.176247851738659811
0.116814566265993069
0.211564849182008297
0.213978758079422016
0.026988733282388676
0.032886865529031514
0.033120984668494342
0.149076509818379888
0.063975158501550111
0.064362433009337916
0.009753501938880674
0.029510797997492521
0.032757695653182546
0.171591988360878994
0.084970832933467938
0.065892822333038420
0.009632977113501244
0.062591584607245121
0.025655743623390310
0.066115707632065090
0.043971337465674706
0.031134105039988549
0.019067378122395597
0.091839176912786313
0.026590387620817439
0.109354444579211368
0.095719214910926262
0.068968749323108078
0.016528667916385954
0.108631754010764414
0.034341964121176231
0.049422915804846715
0.162828535228137200
0.073140348492686205
0.023497538576994867
0.028979339820489176
0.060687649084682556
0.042904657649124704
0.104387198126313002
0.057448527828251335
0.111099982146127652
0.077899387470449333
0.079945976328647167
0.091530334361613438
0.226113851942412236
0.141756512673673618
0.121229930824909349
0.143128280482686054
0.049942959380437031
0.076871462412412328
0.116720515598586733
0.097058542840270351
0.001519538995071596
0.000000000000000000
0.043803273884338675
0.065154194538171020
0.107671384895528743
0.016533611544262406
0.000191586338092122
0.000228423348347719
0.004925167662912387
0.050297996637465425
0.031939538222206881
0.031063938663883038
0.010596918126790636
0.012149910362561652
0.008738729000342067
0.057454142240671940
0.039124907174828590
0.035201391741442406
0.014246456295786291
0.015313155616559222
0.001819079634334002
0.020179156604414411
0.059243869329561938
0.063329021300585348
0.005927798569257781
0.013433084037363483
0.019680414289202496
0.015788112658700101
0.067695765960944218
0.051787436301037923
0.010987412376273386
0.026215274914722621
0.034954657343805019
0.021687409860542326
0.027014788023395971
0.020177181572739268
0.160016568580749891
0.057262338214110253
0.046854187178007725
0.025062227855526663
0.062284679502143801
0.059615114717732558
0.115106669856049088
0.062426809585686617
0.044763157914656238
0.040288856459907804
0.019963062718502352
0.048154506490841298
0.000496003883553966
0.000000000000000000
0.053212274068537756
0.044989099432301366
0.193508449285198142
0.024764360360382678
0.000028048573932508
0.000000000000000000
0.023575745526223279
0.012421915732559696
0.041217093629402034
0.016110416832246149
0.001844063225923827
0.000621443053948929
0.019634170486966258
0.036381520420980383
0.037161960278442666
0.021699258769190658
0.059684073602042496
0.020074606881368914
0.006658703088384561
0.023739057145746891
0.019068538557809742
0.064880917815009723
0.031868929735301761
0.028491839341971775
0.000251351908715615
0.023858885064423838
0.024677156727554266
0.023660655335474186
0.037259486870524938
0.028358704985647305
0.017633114358827338
0.020564379869072981
0.007982131234426197
0.000000000000000000
0.063630016618342694
0.006454062024906126
0.007771429961535230
0.019423151411977785
0.023293678534768415
0.000000000000000000
0.122897847061388774
0.141059735925038010
0.070054375821100690
0.137748568424142848
0.110638485368773978
0.113234882978036633
0.001354131768333819
0.000088380182339571
0.013902712846004098
0.052250562700353165
0.139947824833916573
0.020530078690877189
0.000624451625439171
0.000038457071094764
0.025633932938365387
0.059892717003046950
0.023312482821335627
0.009326761989355552
0.024968770096755674
0.003182170583331716
0.016831806350585010
0.044017941335158239
0.024428692219145412
0.004623432162532836
0.094429743605910221
0.029087888806531011
0.003486439610589314
0.008234359559703256
0.017890512569004795
0.019728848566901915
0.058718365387867996
0.044431532469826410
0.006276183636831770
0.000760891858311756
0.002604391920196721
0.004029093618288565
0.027265056152570945
0.006172325329242946
0.012922237267694888
0.004745992187542474
0.010623946503246063
0.021259667763876774
0.038235515392828032
0.022097995439053688
0.045356595988649759
0.078252594166193318
0.057942711718993331
0.023680055086177952
0.378705255745927172
0.400000000000000022
0.400000000000000022
0.400000000000000022
0.400000000000000022
0.271299119352999385
0.022426012238051310
0.010700636856158633
0.051517974062671938
0.018923337159335151
0.030887189876743312
0.053904950294099474
0.001013248667425646
0.000000000000000000
0.013459964520433538
0.019668053378545824
0.017347848601991546
0.020775001092491422
0.008322587621992110
0.000335922556405299
0.028449011217374229
0.065043402519846666
0.060674422314198992
0.013423822201135020
0.031286315320998355
0.014839313183326075
0.004709135239170651
0.006114678242005951
0.025114996353199175
0.030230115560967729
0.027060669392112074
0.037844653777001788
0.001162136795375109
0.013193786540350845
0.029625555941389353
0.039814435673239855
0.032104159751623979
0.025985613861047849
0.039000763622158569
0.024365072619649545
0.022720119927440195
0.025012525652044964
0.070762181259817078
0.052674077931888268
0.093920352594541401
0.107664313126927452
0.070176720794159722
0.018425027713255170
0.186464255709205273
0.088616777579889103
0.046167818919087895
0.082392614264907099
0.092567058860302420
0.070825260494923672
0.039748974870861979
0.046283220007802911
0.078229036144043376
0.040688172772600367
0.101025255372030831
0.046869704467955020
0.004815323515540005
0.013315908305942212
0.073734981574313893
0.019378116986084781
0.097366869358213107
0.061447167673998535
0.009807659119281633
0.010662556225279023
0.058891316403971869
0.020841954631277033
0.102681757357900416
0.033335195497720835
0.031543019712696546
0.024002140119674793
0.023476992186318629
0.020554043584351030
0.014643024898585367
0.018311705882693638
0.049120362981094345
0.053713481321570521
0.047686280146074587
0.012158759295196114
0.045592387370261847
0.104680083686329778
0.066917525639927602
0.048724325491529677
0.091105336630973852
0.019421149444217328
0.049823632541620214
0.098739799724574695
0.135389832674083221
0.122086287510107139
0.037618307016169673
0.106012250585104467
0.041866899595684785
0.024416527754536722
0.123628934935555546
0.144803109768376598
0.064413393894465099
0.062780008026241257
0.022849842529856321
0.096405361767346140
0.059044132672261211
0.069873538035802957
0.115094647668069330
0.116064076190291132
0.077759674118739977
0.038198299823287457
0.000555361763863667
0.034269156062239181
0.149446200422755943
0.163535566718611469
0.334161253515161905
0.175677783060820741
0.019918975863457040
0.035452236108697549
0.050361597523391519
0.088203230952337702
0.177406463243822088
0.066865726484832549
0.162942075620424343
0.106902972211142755
0.064176642552824278
0.104639910499111782
0.086775560636254814
0.041554283300001646
0.306748199788738518
0.096969328207857156
0.115985734839328683
0.103525988267695754
0.097224666463232357
0.031859280537599281
0.326298072652521698
0.123841397398465475
0.135801006428956261
0.137499057960898841
0.165275577500765131
0.047051788385608119
0.208034071338985105
0.265313928108491026
0.125703238801435691
0.070458424380303128
0.172112700875941493
0.122473388829020008
0.160040830918874888
0.143385812970197923
0.108093299690193989
0.075168841702175609
0.065353120409708143
0.275318277009058809
0.400000000000000022
0.394141268380590992
0.363405741947107952
0.079778375217730721
0.128923689328296925
0.400000000000000022
0.117586699702375772
0.181220970232629675
0.370203413837223494
0.207159798817514812
0.254797720850706233
0.400000000000000022
0.151064520548071984
0.241213689090346711
0.374593466432176614
0.223096275096509256
0.360070792463724532
0.400000000000000022
0.400000000000000022
0.400000000000000022
0.382142108183097684
0.238832628900800314
0.361359104594593639
0.400000000000000022
0.400000000000000022
0.349284378720534583
0.387085444881569041
0.244407307915159244
0.363002662811603760
0.400000000000000022
0.378006333996107169
0.236728505842784737
0.205487097262833013
0.223387848964097580
0.184318762436379902
0.400000000000000022
0.337159102793917254
0.234306079135092493
0.165334054064385755
0.248443324228346474
0.208148653969428943
0.400000000000000022
0.211335739087931573
0.171887814349837936
0.083116309789289647
0.118794099840518808
0.240124148758339817
0.400000000000000022
0.366659835802896850
0.237551108414794043
0.378782098985141591
0.253380731830801342
0.124331648257185429
0.310177807796427896
0.400000000000000022
0.400000000000000022
0.385891899491519530
0.090597332182033946
0.083760194681216454
0.378009251168434535
0.400000000000000022
0.400000000000000022
0.400000000000000022
0.064016147986151989
0.049038665127030236
0.366226623182587863
0.223134750338399496
0.179196299504745304
0.400000000000000022
0.219632161331218961
0.224871450144794316
0.225006012231267455
0.314027486210469386
0.152538897037858806
0.400000000000000022
0.251978141111789122
0.098963831578281883
0.200795169262829587
0.387989005297998957
0.223344434109063655
0.203421532118526288
0.311443396285017493
0.220126731290218952
0.385783506143112909
0.350090161094620378
0.225160958729013316
0.146821711861430060
0.205812771842743353
0.189779411466586834
0.303600211788165042
0.248755151720110007
0.146133011646987609
0.064105581450356858
0.223487902027488333
0.186719513609031440
0.206614578412164462
0.007566116564628234
0.025522437690548273
0.069159988079481358
0.127293813329907662
0.089678470386509765
0.081877816204497661
0.061762778707962401
0.054334444810011817
0.113771310995204530
0.094080475094858756
0.032243189527846550
0.073949563577276028
0.150010334979279958
0.165825115595379075
0.176484919733644718
0.070639276424271952
0.065625931423647560
0.040883381073918826
0.041808317274608937
0.062914606274944246
0.227002940157830208
0.101960338560556113
0.082008422672186498
0.024072933864834715
0.051760626950307670
0.052337197669936705
0.321136464319405401
0.181668499144218176
0.084751780423634043
0.005535469385799291
0.087352790569068306
0.102807179800126450
0.269181445693733201
0.260063739618931256
0.195146635524209355
0.157909451588189864
0.103599525762226724
0.067434028258546663
0.174010483187556964
0.124520827411628260
0.156325106444190565
0.120520849686302139
0.089652694079146986
0.093225567269919526
0.060792236973718342
0.135692533446189367
0.156679289893387030
0.065239796578495796
0.004625041079863965
0.020120656041653855
0.034825793368146507
0.054375168049708357
0.111044171364214531
0.032796212785628172
0.017367049934319652
0.011860358398885301
0.038095863766717697
0.029920596024457936
0.048924403747732423
0.020994057109747090
0.035266072391385551
0.038449945821893018
0.072956990338582536
0.049553652493963367
0.055564326137008693
0.022021384778718997
0.040265281748498083
0.053036828741073343
0.054943773211024165
0.017594014276801934
0.004957409867279435
0.008620310924135500
0.042044647445666730
0.029566985094595120
0.059249688763640382
0.066558893429346538
0.026079473088154594
0.019390278306635245
0.015794472277129840
0.017971269078243444
0.128339948630003975
0.135478353213985631
0.091175588142163852
0.048533222876186374
0.004947071363320035
0.020655738318262368
0.090817555901576474
0.093102368316235098
0.109457766060118117
0.036154731502290871
0.012299710810636657
0.021670658015102554
0.036835151860434005
0.027895467074636020
0.046673731034306949
0.010224105935057640
0.008820304321292516
0.004445524842114273
0.015968368554956567
0.008228770089916199
0.035835820532328581
0.005224957366558147
0.002277544203319686
0.000000000000000000
0.016509003780316691
0.020272361049408751
0.051957806530228204
0.017815148808848325
0.011487604900104744
0.002098189279225239
0.036149144103009137
0.023294969071183502
0.051916334187406224
0.022242907828023038
0.014458100807347690
0.003586453254280751
0.027177818651843513
0.005893518073780575
0.019187772424572300
0.013592797719862774
0.013739034123894378
0.009969106402629080
0.003182504084389920
0.008730682571801252
0.011805780613525538
0.018052408000595824
0.047316510737964369
0.051723491011493934
0.022324241602323908
0.043496758770259519
0.048829035335939693
0.022396223997644765
0.005670616881774554
0.012626645608165239
0.029053679128934241
0.025513596148624709
0.014518055954152755
0.000670750617700027
0.003495327865753358
0.016622163975014679
0.036655644605057186
0.028406153569757103
0.010936697670005307
0.000000000000000000
0.004735421662503806
0.001076410767708016
0.020662151263418832
0.067978157737708947
0.208773662593563197
0.022056035502578068
0.014560526374995768
0.000348507890505394
0.025633932938365387
0.072750575515867347
0.086934759263668809
0.031830248388187501
0.029763507734795764
0.003182170583331716
0.021562164835157122
0.046178852922557231
0.037495543768419466
0.018272871973187013
0.095632646605868385
0.029087888806531011
0.007228674811830309
0.009782691600627546
0.019829553048575310
0.027855170160667436
0.064379060038379635
0.045980231556839599
0.013868227398051759
0.026754831020561528
0.011545424857108312
0.024496515683228526
0.055854368820870068
0.044475993818061783
0.044532459705952529
0.045222328589806259
0.039853375708569463
0.026355385006717486
0.054667845813948457
0.039648996015365846
0.045910981619472768
0.146983623538485181
0.129557073794226429
0.023680055086177952
0.388022637970831308
0.400000000000000022
0.400000000000000022
0.400000000000000022
0.400000000000000022
0.271299119352999385
0.028423233786201225
0.024399373270595416
0.077650526761845612
0.060540574682607193
0.106544945925967430
0.098610960339703277
0.014803334853209447
0.007283935936913018
0.035366216245690980
0.050539956131862525
0.068910019389897437
0.069678296663466838
0.013162105136905713
0.001806706935187957
0.050644550879606384
0.090136246750593521
0.088038704598263171
0.038284518117283929
0.032386274183763247
0.014839313183326075
0.004709135239170651
0.026354672869381313
0.067054596542139966
0.061240573181900071
0.030106637955307988
0.053565102364088235
0.020871644558636361
0.090753562287552228
0.036720136214400532
0.057873345466765341
0.046341877028128413
0.046792529927059241
0.087972057246436586
0.122219991393957367
0.047552334093119111
0.045246433498054767
0.115525471669497892
0.093065596947675508
0.169798394764005350
0.224325936601544179
0.112390509316859261
0.027124971625047622
0.215496547740464423
0.095803844025665566
0.101631173262983376
0.183743607672933795
0.165495104130599174
0.071948370542590789
0.063563105367825445
0.050820474859373223
0.081217071482302824
0.057638337840887337
0.192935308252664139
0.165136980455016541
0.083553857218994915
0.021347149038744465
0.098501811528579439
0.087113908190815686
0.144337089515301747
0.085936358620847600
0.022469347565305910
0.015360627916470672
0.110925185661195927
0.138792048741078589
0.133140766927894783
0.036341962667191835
0.036376834138817017
0.028586802002477811
0.034137650109604296
0.051301531276645829
0.094431798280532886
0.041669057310482843
0.053935860667261387
0.064100368515609324
0.080958124552525837
0.116854586813933820
0.144654857118417524
0.158907579410479977
0.105784625742672250
0.132964720993528712
0.155659654346977927
0.097826022994644518
0.074300189997899363
0.115888733253270856
0.229141787608233394
0.202101593092277876
0.111433735250420454
0.206242248451038612
0.063466510012936600
0.066065905987807080
0.166607881120632739
0.170764096636349949
0.112128694981431520
0.085086920438562835
0.069665478214199786
0.135817285999094456
0.093244272145101115
0.130637417440305492
0.142572565403574880
0.338085160290986508
0.303440652304522496
0.176946483252261422
0.092965254197108008
0.055323164961251267
0.175018131340441419
0.259256411158874656
0.400000000000000022
0.255174635522858850
0.065896428713719160
0.116919983465851682
0.058333235682055638
0.164152553346332525
0.328661161274249825
0.173908318010258633
0.187788169708700520
0.235179066393184033
0.086426918237539896
0.152769098019185423
0.322336865062960221
0.200608409141335070
0.313403551098786926
0.138104115518685400
0.154015778149926952
0.139448619322062456
0.208799445620970470
0.106548529463873443
0.368432095478322841
0.194481572997019736
0.223773702300619298
0.205534904843574617
0.273322092514135528
0.117019825912212078
0.355346911854095948
0.378222944767870939
0.164382358214676227
0.129366772606350405
0.191745701130594248
0.268655535709479421
0.265631367518188888
0.194624658109741111
0.176379854391206431
0.180815668420254427
0.086442570688101919
0.373056995266190461
0.400000000000000022
0.400000000000000022
0.389142430955226826
0.398187672724778063
0.308247045211311188
0.400000000000000022
0.226346660933589267
0.400000000000000022
0.400000000000000022
0.400000000000000022
0.400000000000000022
0.400000000000000022
0.310088312894727713
0.400000000000000022
0.397361794904768639
0.400000000000000022
0.400000000000000022
0.400000000000000022
0.400000000000000022
0.400000000000000022
0.400000000000000022
0.400000000000000022
0.400000000000000022
0.400000000000000022
0.400000000000000022
0.400000000000000022
0.400000000000000022
0.400000000000000022
0.400000000000000022
0.400000000000000022
0.400000000000000022
0.400000000000000022
0.339522519429458103
0.400000000000000022
0.400000000000000022
0.400000000000000022
0.400000000000000022
0.400000000000000022
0.371856017847603304
0.400000000000000022
0.400000000000000022
0.400000000000000022
0.378588929652717066
0.400000000000000022
0.327623686332563224
0.299364492653011627
0.346611009111157220
0.400000000000000022
0.399650280400349223
0.400000000000000022
0.390476696794779476
0.400000000000000022
0.319053903172040354
0.400000000000000022
0.400000000000000022
0.400000000000000022
0.400000000000000022
0.400000000000000022
0.375027220654322924
0.400000000000000022
0.400000000000000022
0.400000000000000022
0.400000000000000022
0.393102047437486779
0.281584606615220112
0.400000000000000022
0.256347410406543075
0.400000000000000022
0.400000000000000022
0.400000000000000022
0.400000000000000022
0.327299223777922199
0.345066977418736986
0.400000000000000022
0.400000000000000022
0.400000000000000022
0.253430893789367173
0.283071253000732326
0.396570599653953026
0.400000000000000022
0.379090025192421964
0.400000000000000022
0.400000000000000022
0.400000000000000022
0.378988957981001184
0.400000000000000022
0.376949555332611375
0.294821148677398892
0.375773852350346105
0.400000000000000022
0.380162484309289395
0.400000000000000022
0.240353433189016669
0.338976622286043860
0.371464997811840281
0.377130541092292382
0.034554849847016914
0.058409303219579781
0.102280972747975679
0.276370323148287578
0.153653628888059890
0.146240249213835577
0.071516280646843067
0.083845242807504328
0.146529006648387083
0.265672463455737751
0.117214022461314488
0.139842385910314448
0.159643312092781209
0.228416700202624251
0.202140663357035011
0.136754984056337042
0.109597268889322266
0.072017486113907375
0.060875695397004527
0.154753783187730531
0.253593327778647626
0.211314783139767509
0.177727637583112746
0.093041683187942800
0.068289294866693634
0.160968951680701106
0.355478428440581640
0.231091414949064905
0.247580315651771243
0.078675817878485488
0.110850329146063187
0.131786519620615633
0.328347776516323520
0.302968397268055967
0.299533833650522385
0.215357979416441220
0.214699507908354376
0.145333415728995996
0.253956459516204158
0.216051161773241684
0.348751502823307802
0.262277362359975730
0.210882624904056348
0.236353847752605567
0.110735196354155352
0.212563995858601640
0.273399805491973735
0.162298339418766147
0.006144580074935561
0.020120656041653855
0.078629067252485169
0.119529362587879370
0.218715556259743260
0.049329824329890581
0.017558636272411773
0.012088781747233020
0.043021031429630090
0.080218592661923355
0.080863941969939318
0.052057995773630135
0.045862990518176182
0.050599856184454679
0.081695719338924597
0.107007794734635314
0.094689233311837276
0.057222776520161403
0.054511738044284372
0.068349984357632551
0.056762852845358161
0.037773170881216345
0.064201279196841377
0.071949332224720858
0.047972446014924508
0.043000069131958599
0.078930103052842870
0.082347006088046640
0.093775239049098819
0.071177714607673165
0.026781884653403226
0.044186543992966065
0.163294605973808987
0.157165763074527953
0.118190376165559830
0.068710404448925649
0.164963639944069956
0.077918076532372621
0.137671743079584186
0.118164596171761768
0.171742445562261925
0.095769846220023436
0.127406380666685748
0.084097467600789177
0.081598309775090236
0.068184323534543817
0.066636793752809287
0.058378612425898938
0.009316308204846482
0.004445524842114273
0.069180642623494326
0.053217869522217562
0.229344269817526702
0.029989317726940828
0.002305592777252194
0.000000000000000000
0.040084749306539963
0.032694276781968443
0.093174900159630245
0.033925565641094474
0.013331668126028573
0.002719632333174168
0.055783314589975388
0.059676489492163892
0.089078294465848890
0.043942166597213707
0.074142174409390194
0.023661060135649663
0.033836521740228075
0.029632575219527467
0.038256310982382039
0.078473715534872507
0.045607963859196139
0.038460945744600857
0.003433855993105535
0.032589567636225093
0.036482937341079803
0.041713063336070014
0.084575997608489301
0.080082195997141226
0.039957355961151242
0.064061138639332493
0.056811166570365890
0.022396223997644765
0.069300633500117254
0.019080707633071365
0.036825109090469474
0.044936747560602480
0.037811734488921167
0.000670750617700027
0.126393174927142110
0.157681899900052686
0.106710020426157876
0.166154721993899968
0.121575183038779275
0.113234882978036633
0.128290981505065377
0.205927408107457494
0.189719549194177606
0.240811824736043761
0.217910809870651562
0.197490102583673832
0.114392702083468731
0.180446625571192842
0.189309093982004573
0.206576129994572477
0.204307251825476488
0.218060890985605271
0.140617492464761712
0.216397163414862120
0.180620107481648640
0.189517428753707917
0.201059598524200633
0.207216051766491410
0.165902966517107703
0.221927648181736908
0.160534228314434008
0.198442746265503234
0.212025433901197047
0.185304413976726007
0.176891330094957111
0.222177978310782176
0.205525441017084642
0.217304927368695583
0.202236232460623694
0.185425884578258426
0.226687052066350092
0.246277880332346960
0.260675852765807237
0.254339351252566515
0.206955051238066318
0.229465655749935327
0.313682892540021241
0.282153303010635792
0.207615273603509093
0.213886999312912718
0.193284962455836762
0.231206535921435224
0.345764450817776514
0.269503316939029125
0.176601783820201308
0.212122013907167339
0.226208616480790048
0.328410654644350153
0.134739246504505666
0.193631062117617048
0.147167103588664305
0.258609949578125387
0.271552143886535369
0.187080211435926735
0.114028712909648763
0.175246144041550894
0.155450309330518538
0.235963692629361760
0.261664474837102923
0.198675534562916228
0.128171348371017263
0.220806050537461440
0.171031512339815644
0.216651712961202753
0.238272663833899057
0.188220448228922310
0.141083058854127669
0.227273176654007231
0.175400750960257340
0.213854041253174754
0.248502785179309266
0.169201290928593456
0.146239282486651190
0.205954239140393458
0.211629933930259501
0.250544663777314935
0.235221960808676689
0.169684903371614959
0.168083870604705754
0.210306919069285697
0.212441960264135754
0.320432877322137044
0.291365638898885060
0.218475623890717841
0.210374077516871372
0.246534978368773916
0.184082345583264056
0.243312631551875519
0.310624607614618020
0.222398075440284976
0.286473023639860602
0.285952303209762393
0.185021187812641236
0.206985576554562317
0.242910404841753386
0.274775793841152804
0.131991736952035477
0.204926468176081511
0.178648747866099605
0.229724133957853516
0.216521442486958815
0.185706310068409791
0.110306038268143863
0.177745613136842950
0.192379899822481659
0.227628171927422823
0.238568949166280103
0.234501626383777945
0.122224331662411673
0.202437800331522449
0.190467436382026428
0.204720725681266563
0.211711363971190586
0.216998449520379166
0.149291752059806021
0.199270078798755912
0.169295664548041319
0.202473457908975835
0.208137095304644443
0.183096201015805954
0.186318111705408018
0.210645368844069203
0.183014925931958256
0.198171379853897101
0.189747859760079629
0.176800033887312164
0.230573616457656977
0.231605576900877685
0.181950634056084776
0.207798560407558508
0.199649319850850160
0.231476808446032106
0.298531097785973643
0.278167254597559588
0.221084960559241039
0.195124136015657895
0.186024377388071871
0.227180118160171085
0.313128994334453459
0.298184357078395745
0.224967267818587752
0.240148805699279572
0.189199014876528238
0.236804772149866227
0.143238141501461608
0.200311543191408703
0.145805778672947889
0.234079848394653706
0.256005813357187251
0.186187973159397141
0.115325217902987262
0.170326172042354146
0.150577503697920667
0.240542112696262383
0.289990414760802284
0.224087577332727106
0.121817955665582484
0.195910068286984484
0.156869321249442945
0.233453034603029269
0.254952792472713297
0.197785629871253893
0.135690665936918392
0.204762544612895669
0.160520565143856625
0.223092962432914127
0.257699313657072437
0.166962806516936235
0.157231705542435068
0.217492518924583489
0.203898177816398574
0.220517076667521961
0.217057138111501735
0.161688100068636265
0.196676074642783527
0.215096382527592722
0.191935010458282429
0.239181338764492185
0.236508061834725780
0.211614254745064817
0.202342063399297611
0.231281541789850748
0.180176728714187384
0.259098295691586100
0.284278120655182154
0.215814655036653202
0.208466871641963508
0.260042363108211994
0.204810772484802561
0.266702107927245080
0.276167462660460106
0.227728409399922671
