0.032896621035121948
0.045146666181796163
0.018852604682435551
0.051677346621164674
0.040126779609414007
0.017530810670549818
0.003697504435552562
0.055253002172214412
0.058297236221186238
0.034534524520196730
0.035745371554574058
0.027124867368231217
0.005911956134234067
0.017387224185520259
0.049220851546145833
0.163916854114448757
0.331730181228204191
0.064390823648538362
0.001442786639298126
0.011166901636187596
0.098285389651153410
0.125519008509963031
0.335052659892589810
0.082815497769190144
0.004543200218538818
0.002200298872366870
0.062437736644338215
0.120536263996036855
0.088864212587740271
0.038681736071735570
0.005387543663527321
0.000417701850364963
0.067821129009965342
0.193509641814735789
0.188826593117268710
0.000000000000000000
0.002514646859744590
0.000771004527969998
0.012561845398875972
0.179551426429283012
0.068792596305570344
0.019952544502346927
0.000675425368282920
0.000994514700330639
0.001938191162745223
0.043144756135565898
0.077211475601215343
0.046234891313802137
0.008472335934187454
0.041977335541887352
0.029936001355397829
0.044866939514307355
0.054809477760147732
0.040430861136389988
0.004258880399658663
0.039421080957931814
0.056724592878973745
0.040246107306653803
0.052489434712524652
0.030420401581094700
0.004287390972233235
0.011782006395559380
0.090103802796622029
0.203684063372899682
0.088412092526791636
0.054521204847519517
0.000181368955847478
0.001766181524919679
0.010240019655635951
0.060867002460196259
0.080193424219447348
0.025393298626721683
0.000819821301883968
0.000471839826644199
0.042680005259077933
0.096746162430229432
0.118211332876344277
0.006244231420991685
0.000317798411638177
0.000318930152302659
0.074179399020992076
0.338742021305619201
0.249091763747333522
0.007044430515771600
0.001337158118256196
0.001352462816643067
0.018211335659581329
0.154294204096709714
0.045094672840545677
0.020256897603683460
0.000000000000000000
0.000000000000000000
0.000392454968156738
0.023633839436643475
0.006004257446979090
0.029788197964975078
0.004833944481540686
0.031138684062327629
0.151293668542869714
0.017270845622681656
0.051144327184679740
0.037040974940965025
0.003160256124709980
0.053545658940821250
0.068719245622336528
0.045133988663988121
0.079355177315574038
0.034074185594222213
0.000133692976173321
0.021229572826554188
0.086608065780864343
0.131155908158747031
0.091861992664907494
0.081501256853511769
0.003009060565396828
0.003227933359313236
0.043685150807515512
0.092601317983906473
0.083522640186014019
0.060528844119482783
0.002502017385337902
0.000991665000869319
0.022923781580285997
0.078084309314234365
0.076261536921002182
0.050841980030286900
0.000763030361481046
0.000782823563867953
0.072864918763176884
0.236935630036185424
0.279059773479416795
0.024171217415868800
0.001716684608205401
0.001753043825084597
0.049755672555233110
0.141316899478319352
0.060972930581955589
0.024753343838168920
0.004315811301647178
0.000572828178125833
0.008693738515818053
0.063803863451914480
0.028500776964265770
0.033057100177448777
0.047031140787695117
0.046083411573934391
0.174789757415374947
0.073357505655907068
0.135548334597884013
0.094454930239961599
0.000708117535731749
0.017501174918391687
0.079587386253998749
0.148997402538745688
0.150906306136209589
0.121537909730393329
0.002961135634830879
0.011371145796798904
0.070870963343791116
0.198386034176453507
0.105928837256001690
0.055372335533140221
0.001778827319625205
0.009764233631950678
0.070188634895202995
0.217835550460207888
0.111479518308611303
0.095087641283995286
0.003313683304118418
0.003008356597398701
0.061987851110279935
0.142228574090180415
0.400000000000000022
0.234815030694824928
0.004649273059151111
0.012944436511271787
0.052305373364124136
0.042244631265423549
0.227440833675228049
0.061757936026997085
0.001148584537476476
0.000980907097785082
0.032826038552226475
0.126615994638748147
0.051675742443779302
0.086229764007675666
0.003892130795151820
0.000272452621055627
0.015864872283687784
0.078647336744472773
0.053564650764317906
0.061909782867946808
0.400000000000000022
0.057696398341145413
0.213828381434268189
0.216668130203632903
0.318570404129830287
0.239952949501700596
0.400000000000000022
0.051208843443055617
0.050936526789984039
0.305016906164398305
0.354905104154430995
0.210387963830831526
0.400000000000000022
0.017616394222530203
0.096813471614252744
0.218844302187976125
0.249635894083998111
0.134663092612993529
0.400000000000000022
0.012345690818313639
0.130462170311071574
0.105663985068359403
0.246224866279861648
0.162818512649471947
0.400000000000000022
0.014693072044091380
0.081507861052947481
0.088362473562937485
0.343309874936994330
0.186683073591228765
0.400000000000000022
0.011708271538161575
0.130286179390880941
0.138641410871302662
0.134658854229921493
0.126193154517715789
0.400000000000000022
0.007187880964476889
0.171951037245231086
0.290161479284901436
0.080488078987550657
0.109998881687814715
0.400000000000000022
0.003093361888345189
0.021735322264953755
0.124830041582468271
0.113123872472703516
0.089136784372144506
0.018821658926256694
0.040604915860887221
0.145594933031631041
0.184521439809343268
0.317136289693055184
0.227272427449818765
0.153868760450795561
0.045597397290044438
0.113428229931684124
0.091259368754743400
0.237518221852946965
0.099409082167791957
0.194927157332942386
0.030607311680843623
0.054646579542400008
0.022619588571973610
0.354458189895908493
0.162550841651312866
0.286446951575127062
0.011183057784271384
0.067258499846930997
0.077726718602746603
0.299926855238865087
0.149748636969063986
0.116540460392714179
0.007149411804501108
0.046233457098760977
0.073160013076990826
0.206350946673362151
0.162764453897408456
0.303420558310153576
0.009075038721147824
0.155597688237289422
0.111054329408219465
0.149942218107273706
0.196272958074981824
0.118432058378856175
0.005186219954529679
0.240719066424383010
0.218198273863890846
0.153756741503856237
0.261200511489293685
0.061853019999806823
0.000264753104555953
0.085545368698968643
0.151769659946601687
0.400000000000000022
0.212731462658034887
0.015285275234083935
0.146211401987614703
0.056310372955020199
0.213521807415658904
0.164749926321108825
0.054759571011597528
0.002446140431112249
0.098471897840902864
0.291450071180329617
0.075214111203430328
0.204704428468804434
0.053846856269434973
0.000757351989322155
0.031540983708352531
0.218289071914666510
0.051788150343951213
0.164493926017142161
0.113993541567703707
0.003012290395001893
0.005448151595499719
0.172394628996391575
0.116665123478557953
0.085502337702245385
0.175402029557098021
0.004239349303551968
0.046571137176624144
0.121749092582790264
0.053652413634515575
0.031369392607954801
0.061082640703358046
0.007833261516693859
0.027786983599773010
0.162499439768420628
0.080528158962048679
0.045942957032209839
0.052073244694647663
0.000685722111926254
0.000734192580806499
0.298375252060847029
0.264806018067213766
0.110618229644730101
0.074566562950860144
0.002149692863179896
0.000000000000000000
0.166264193834826268
0.193846023167011827
0.215596397519199345
0.096591678914134824
0.025800432315054515
0.213231001638245182
0.226893220134072870
0.027989143753959458
0.029915228307805457
0.015853797447105463
0.004907317280328446
0.072607974943015491
0.227510206622532962
0.048796397527716744
0.212348888965400634
0.048182400160321978
0.002332307225488786
0.033460659101368792
0.145465956917980810
0.071382936235290934
0.135480915976693539
0.092095843261472105
0.003594177716567148
0.003701460586932697
0.070812609746004729
0.165719720673110305
0.241824119551711431
0.086964647964869884
0.005674498672244481
0.018039307652175662
0.088472553625115150
0.033367077732944818
0.016272844218161116
0.032447069619396640
0.004853617518884313
0.010992316208741911
0.097357456875875492
0.031930215612050152
0.006288642240846585
0.022125140901273422
0.000079509602906355
0.000291390662614598
0.055587023870844229
0.037925663176024457
0.059041577648279941
0.006186361031515555
0.000725112076528766
0.000279428379573577
0.040162053262694362
0.157696299059491701
0.255918982932488659
0.059745893584252828
0.059782927455952983
0.279272141340610458
0.035129121947618830
0.005576435479424573
0.018095713717505974
0.004151164666840396
0.004865478880725859
0.095186326715907751
0.074150058169874633
0.037388537234388036
0.052105251072126643
0.006919911349942162
0.000000000000000000
0.030563634216923121
0.082355404221392065
0.077163543365197457
0.091954184220699564
0.030970830249757005
0.000000000000000000
0.001320849150363271
0.042233357926992017
0.167183171006576897
0.333353718015216516
0.045589707745777128
0.000000000000000000
0.000000000000000000
0.029754641355847496
0.017263161139543810
0.005547053825172425
0.018948079132363647
0.000000000000000000
0.000000000000000000
0.040287014264314969
0.045577211704309242
0.001211501115260962
0.024150119255308522
0.000000000000000000
0.000000000000000000
0.006846731697296079
0.119763830168864702
0.090286250901374779
0.028597326592298244
0.000000000000000000
0.000000000000000000
0.030779792787338354
0.218930525007342225
0.162582736108209336
0.058654517259936860
0.002068332930577701
0.007036719509699467
0.032922511770516721
0.011084547355634349
0.021070566036874155
0.024816459628900646
0.000529716383035387
0.047754139336590701
0.100378569807440948
0.059258490554003687
0.065064057424102983
0.027611544842728195
0.001514996583694567
0.012838703524739330
0.104553808946762888
0.059576315256903947
0.074655841756425201
0.039730224823655402
0.003237052817641621
0.003307967734021788
0.047887681134723172
0.150124370134786383
0.339572798854322566
0.034948729606540545
0.000735834346907811
0.001674261280896277
0.027087223519494583
0.007116906043164901
0.005592873641089645
0.015897314902433634
0.004655869438583211
0.003480848753041357
0.002529629045125774
0.003310936962428406
0.057296184250115262
0.008057448282676988
0.002933754669702022
0.002243224380947192
0.006019987922203486
0.157201143138662125
0.085815457347612645
0.021708201160970022
0.000840584126220714
0.000296378553078667
0.022778378212418533
0.242598953956543850
0.170687281783868550
0.039454705067802132
0.002016232224457477
0.067694155261909347
0.135800800493043411
0.041510625443301613
0.012844967467900821
0.019250860957598998
0.000942015536599639
0.054822666135303379
0.093706615184970921
0.095802920408181114
0.035278895968492242
0.011906429520092179
0.002157292611699252
0.031879478315817472
0.104126403733007494
0.149315719990263468
0.083437095383096516
0.020029457288412478
0.004231942303107821
0.014731849215870597
0.118218413737929282
0.107648060595703823
0.313983838557783279
0.067029920277556485
0.002132681988117736
0.001386483182908338
0.038494903486714888
0.079530705355768602
0.028711053791503557
0.046170052953482192
0.000029425778855387
0.008408156162114395
0.015109726665948855
0.045571317317299034
0.057430884860894003
0.036161215609709724
0.000000000000000000
0.010474104442691607
0.015535218144015029
0.130565823329312380
0.041883715278616708
0.007862759849174726
0.000000000000000000
0.000000000000000000
0.006235379761854508
0.215999985093475066
0.053399791008376898
0.018571643527589252
0.026206063514005971
0.082266858853730376
0.154578528360598544
0.069083716221069832
0.032678567736823400
0.013813842779359424
0.005015468298997098
0.036666797279356504
0.101512856807015009
0.133349115556173958
0.036509248438630397
0.008821058063989914
0.001040189513838022
0.035636733654161083
0.123415191423871695
0.124918603809185472
0.074810704700803865
0.009575922995704523
0.003392108279401574
0.012423576106619217
0.111491738587454342
0.132186710093445292
0.176389321759226420
0.053240964457458170
0.001198101976198900
0.001028143525608527
0.012620170924094906
0.105333532714159794
0.062516751373779073
0.045636205059317411
0.002173706005389907
0.020057151475262595
0.051300211761515259
0.061606302959196280
0.249130471430168865
0.030853404028033948
0.002428656961503219
0.013003592511056528
0.034141842496681306
0.153889318437896383
0.088429581866266704
0.016391537522786048
0.002123044493298167
0.001260551866542521
0.025390851216779895
0.329008188252612133
0.070215819016209713
0.028567188822793511
0.088915004516232049
0.113897060067735478
0.190749093100377382
0.226312337486140547
0.119031426836965215
0.047225976678759676
0.017673451908934816
0.084349738578523931
0.206693143986830197
0.236525697947276070
0.076320227435831375
0.051321406958818552
0.001614914461208367
0.034626300026001346
0.103254374997143850
0.160486354416880223
0.101653863771907937
0.046601006918368167
0.003237405267729265
0.005948296047133865
0.027903033729157027
0.291029455542779258
0.092058543199884962
0.003950385632823795
0.005511650188068195
0.106881399284960099
0.072896542611876725
0.153096932936102020
0.091490358647085462
0.024677369425989196
0.001991315728103580
0.074820863605866456
0.068755799641030679
0.176326921595335917
0.282903901750119202
0.069601046352080823
0.001645733068623010
0.047620129074984210
0.154265314537605558
0.244552291073469957
0.304475385111500629
0.020516707574862063
0.001879603247036781
0.014794395757109566
0.051281763654755480
0.082198471761867051
0.066053041131646395
0.069330197824930245
0.193929827132806043
0.141492171429183466
0.347070721163319551
0.351008125539672089
0.149014780081303033
0.400000000000000022
0.026492105020571439
0.063998499424270633
0.151020501850715388
0.238763365861353494
0.083578711128414973
0.400000000000000022
0.048878666956461758
0.166779754555948012
0.168985906533514224
0.192744967958649288
0.083424445837486247
0.400000000000000022
0.021983261965249450
0.179408426436846319
0.143499531249076606
0.078635309283427671
0.089910438628938896
0.400000000000000022
0.017600851483545826
0.400000000000000022
0.388536808758017771
0.239122261508949718
0.196998186904909167
0.400000000000000022
0.022686635947147607
0.400000000000000022
0.400000000000000022
0.132590881983417980
0.135536464449499877
0.400000000000000022
0.023976714107305595
0.395939027621399098
0.400000000000000022
0.097437422861327866
0.103437181520072349
0.400000000000000022
0.022545493774589857
0.332852112350815021
0.400000000000000022
0.091427089942353101
0.046916739510867979
0.400000000000000022
0.278853548339665580
0.164678105887191562
0.306293691826064973
0.348832248969566827
0.150954364909884231
0.328964272761664733
0.144606858747308303
0.340978701560951225
0.230868906259033363
0.243833125916709637
0.104258993678681230
0.339396811476899540
0.149674431689989118
0.400000000000000022
0.115232636221250420
0.103771899706570192
0.070533011480308744
0.382920613079872130
0.037186417627013406
0.400000000000000022
0.379859515633424127
0.227990477778516221
0.119546212462857362
0.377492731584434804
0.006054678357895795
0.400000000000000022
0.400000000000000022
0.200822735026877502
0.147586479100044382
0.247102614168694806
0.008809126142018141
0.394658415363778770
0.400000000000000022
0.251760392903868868
0.071082665825689118
0.309179386084729613
0.003161194209258165
0.399036769180972750
0.400000000000000022
0.172562835637235401
0.098019101179635706
0.400000000000000022
0.005668144126894684
0.400000000000000022
0.400000000000000022
0.079563978209859498
0.100400841698614171
0.400000000000000022
0.400000000000000022
0.290245142892567198
0.180381800956400024
0.226048627615768355
0.068340275649760626
0.035946135184750663
0.400000000000000022
0.400000000000000022
0.091917487444999418
0.105711364532685537
0.037621603430875825
0.025975449354794448
0.041256275220527903
0.400000000000000022
0.274632566446948445
0.071312181364751717
0.073096024055615008
0.054687702201875146
0.022736600731193872
0.400000000000000022
0.390486228874419083
0.176604196290858551
0.111289293121577093
0.026687377248737855
0.000738820172762086
0.142905693456873983
0.363579765337557925
0.178330235364851708
0.147745096652407981
0.032084245805670257
0.006413957176228449
0.126623446311928012
0.163141146438985529
0.203520668294785712
0.029142838148453129
0.033746095774921055
0.004573474830569085
0.186380510199976174
0.131337859619751252
0.129116037408753881
0.379991629101131267
0.067508044495424913
0.007152090011912201
0.143439926055285549
0.167726165227731011
0.154641097966604829
0.400000000000000022
0.073638935148426801
0.113405785900441702
0.167016379534153520
0.061243592934440531
0.134768722281425557
0.188509998906898762
0.010877109486407535
0.018179885531565257
0.080839441524828887
0.120051174121660498
0.076956703325951531
0.313465993964157974
0.122999967544942912
0.010148952524128068
0.023091661740988007
0.102132070528131669
0.078299477268929843
0.079807603299636196
0.073339263267575186
0.006730684749391795
0.044974151723424685
0.111252260197478983
0.066523679754212764
0.081241253575155617
0.035679070778325842
0.005304829489604092
0.033044007113115614
0.220638808353794069
0.132162283995052532
0.037194765068630009
0.004483210317771980
0.002244425892551565
0.071085421014034714
0.116343319000200784
0.079429562643271348
0.042059894161044248
0.006058305251237310
0.003079190076191582
0.041471418563777701
0.015316920230427274
0.107747370424418926
0.286513894965861327
0.018588473635698564
0.006666859644688737
0.034740720395066718
0.042624782245774678
0.092466773985263220
0.279516843444867602
0.093019344582358221
0.041423568240970633
0.025181401440768011
0.131452055190282163
0.081794772509873270
0.066723153222901968
0.053856327417541906
0.012940570604588891
0.087627267008316606
0.069348166219703106
0.059993166848851011
0.100419426138565804
0.028470759836855004
0.006864792475771223
0.012237363352655307
0.143250833093183927
0.107210336269124462
0.091350864883869842
0.009480002277283002
0.002912895351489799
0.021129845894033529
0.193055732886170728
0.055399660595164088
0.105077310420266440
0.037956353396455811
0.002425065809069361
0.009632879830381684
0.097671510547713905
0.089390630961718939
0.016633258031352939
0.017498201166433389
0.000553204642481271
0.013184423683948135
0.024693765107846828
0.153194515782111407
0.093592154276674583
0.006169465868761907
0.003817186423056148
0.007685327405264749
0.007692055554838579
0.132564848642083288
0.089183994656847204
0.007354032117196735
0.001152014893345124
0.000699540513521204
0.002473408728395732
0.039511182860327600
0.028946289988939944
0.013265914623147915
0.034964953965699652
0.052183385691495637
0.051775116452952276
0.062761893976799002
0.061197345646288162
0.042347270299450464
0.004227220818587949
0.103007141508805120
0.158675806028627187
0.093793015074200431
0.100809428978677049
0.054736412210959408
0.007426952717928634
0.030225927710259590
0.153774660492908721
0.223493169371352718
0.365520241723790384
0.104121048472193750
0.004679839456939747
0.014474869370209382
0.146173070785876602
0.275643378644749415
0.400000000000000022
0.117764227375730696
0.005279034565446629
0.003874560153263147
0.089524960163832795
0.127653170039201763
0.094457086228829923
0.054579050974169208
0.010043413102110531
0.003898550603406319
0.070350758055091125
0.196820578777164162
0.246122777367383971
0.008057448282676988
0.005448401529446614
0.003014228908917189
0.018581833321079457
0.336752569567945137
0.154608053653182975
0.041660745663316956
0.001516009494503635
0.001290893253409307
0.024716569375163755
0.285743710092109693
0.247898757385083851
0.085689596381604269
0.010488568158644931
0.109671490803796692
0.165736801848441251
0.086377564957608954
0.067654445228048560
0.059681722093988990
0.005200895936258302
0.094243747093235186
0.150431208063944666
0.136049027714834903
0.087768330681016901
0.042326831101186881
0.006444683583932488
0.043661484711376854
0.194230206529629523
0.348131903056494219
0.171849187909888124
0.074550662135932005
0.004413311258955299
0.016498030740790277
0.128458433393565247
0.168515063055900083
0.360485946740794483
0.092423218904278182
0.002952503290001704
0.001858323009552537
0.081174908745792806
0.176276867785997993
0.146922386667847849
0.052414284374473874
0.000347224190493564
0.008727086314417053
0.089289125686940946
0.377882508050769395
0.306522648608227533
0.043205646125481320
0.001337158118256196
0.011826567259334677
0.033746553803596362
0.284860027426022067
0.086978388119162378
0.028119657452858184
0.000000000000000000
0.000000000000000000
0.006627834730011247
0.239633824530118555
0.059404048455355990
0.048359841492564330
0.031040007995546653
0.113405542916058019
0.305872196903468285
0.086354561843751496
0.083822894921503133
0.050854817720324449
0.008175724423707079
0.090212456220177761
0.170232102429351551
0.178483104220162059
0.115864425754204442
0.042895243658212123
0.001173882490011343
0.056866306480715278
0.210023257204736025
0.256074511967932517
0.166672697365711359
0.091077179849216289
0.006401168844798402
0.015651509465932453
0.155176889394969875
0.224788028077351765
0.259911961945240466
0.113769808576940940
0.003700119361536802
0.002019808526477846
0.035543952504380902
0.183417842028394174
0.138778288294781255
0.096478185089604318
0.002936736366870953
0.020839975039130550
0.124165130524692136
0.298541932995381731
0.400000000000000022
0.055024621443902744
0.004145341569708621
0.014756636336141125
0.083897515051914395
0.295206217916215763
0.149402512448222308
0.041144881360954969
0.006438855794945345
0.001833380044668354
0.034084589732597946
0.384746953978417239
0.098716595980475483
0.061624289000242284
0.135946145303927179
0.159980471641669841
0.347351109744000852
0.299669843142047643
0.254579761434849228
0.141680906918721261
0.018381569444666564
0.101850913496915621
0.286280530240828945
0.384650138771474026
0.227226533572040951
0.172859316689211867
0.004576050096039245
0.045997445822800243
0.174125338340934965
0.352259896274446427
0.207582701027909627
0.101973342451508395
0.005016232587354470
0.015712529679084541
0.098091668624360015
0.400000000000000022
0.203538061508496237
0.099038026916819080
0.008825333492186610
0.109889755882358817
0.134884393722156659
0.295325507026282463
0.400000000000000022
0.259492400120814148
0.006640588787254690
0.087765300117138234
0.121061173005154801
0.218571552860759438
0.400000000000000022
0.131358982379077893
0.002794317606099486
0.048601036172769292
0.187091353089831991
0.365343064076658952
0.349224232694206771
0.106746471582537736
0.005771734042188601
0.015066848378165194
0.067146635938443278
0.160845808506339838
0.119617691895964287
0.131239980692877040
0.400000000000000022
0.199188569770328894
0.399739318110033381
0.400000000000000022
0.370970042861356597
0.400000000000000022
0.400000000000000022
0.115207342867326257
0.201957028640699421
0.400000000000000022
0.385181308198948358
0.400000000000000022
0.400000000000000022
0.184396148778478208
0.265799378147766940
0.380692866796454310
0.316995064094411361
0.400000000000000022
0.400000000000000022
0.191754117255159950
0.273961701560148208
0.184299294351787046
0.333223724586965864
0.400000000000000022
0.400000000000000022
0.400000000000000022
0.400000000000000022
0.327484735071887190
0.400000000000000022
0.400000000000000022
0.400000000000000022
0.400000000000000022
0.400000000000000022
0.271232292854720614
0.270195318679421370
0.400000000000000022
0.400000000000000022
0.397435752868109060
0.400000000000000022
0.377089084081851766
0.183925260507623034
0.400000000000000022
0.400000000000000022
0.335945474239160213
0.400000000000000022
0.216257131524821372
0.160040611983571501
0.400000000000000022
0.297675207265922281
0.205283021748078803
0.377887109772260366
0.400000000000000022
0.370217965094040369
0.400000000000000022
0.298475619198103836
0.358067967442328217
0.317689192138615739
0.335092494671453023
0.323808043645274046
0.400000000000000022
0.344601589022931476
0.400000000000000022
0.169879215763650421
0.126391488278543795
0.381587524535558997
0.400000000000000022
0.323633369202140475
0.400000000000000022
0.396275779866953393
0.305717196381262768
0.370784920287048458
0.400000000000000022
0.122595138750609983
0.400000000000000022
0.400000000000000022
0.273982748103868301
0.342660247433646648
0.399369649068536448
0.312229684452171696
0.398375307047965310
0.400000000000000022
0.362337667891223791
0.221024883932962823
0.400000000000000022
0.121593252588114334
0.400000000000000022
0.400000000000000022
0.379349702300307734
0.251775842683492013
0.400000000000000022
0.067521164126701519
0.400000000000000022
0.400000000000000022
0.231333638156461185
0.400000000000000022
0.400000000000000022
0.400000000000000022
0.338638468152459460
0.236692173911420223
0.400000000000000022
0.233090201970869493
0.090705706196348199
0.400000000000000022
0.400000000000000022
0.331044419265154488
0.180925475736115865
0.242326031899680244
0.079822305624229428
0.042013627209850059
0.400000000000000022
0.365097731400678638
0.123100331708702937
0.237589950072757128
0.168681243769578881
0.025748891126195769
0.400000000000000022
0.400000000000000022
0.293269319769416503
0.196791630823822478
0.202089406805835925
0.004978169476314055
0.189476830633498100
0.400000000000000022
0.231982648999367269
0.179114489260362802
0.093166886509028310
0.014247218692922309
0.154410429911701008
0.325640586207406157
0.284048827256834335
0.075085795180662968
0.085819340469568739
0.005259196942495339
0.187114702780782682
0.400000000000000022
0.381609418775641251
0.400000000000000022
0.142074607446285056
0.009301782875092098
0.143439926055285549
0.333990359062557307
0.348487121133616684
0.400000000000000022
0.170230614062561625
0.139206218215496225
0.313607251375835672
0.288136813068513409
0.162757866035385029
0.218425227214704198
0.026730906933512995
0.023087202811893699
0.153447416467844405
0.318804990860300841
0.125753100853668282
0.392304331867062706
0.171182367705264876
0.012481259749616853
0.056552320842356799
0.247598027446112451
0.149682413504220790
0.215288519276329748
0.165435106529047277
0.010324862465958940
0.048675612310357379
0.182064869943483698
0.232243400427323055
0.323065373126867061
0.122643718743195740
0.010979328161848574
0.051083314765291273
0.309111361978909205
0.165529361727997371
0.053467609286791132
0.036930279937168617
0.007098043411435878
0.082077737222776642
0.213700775876076277
0.111359778255321507
0.048348536401890831
0.028183446152510727
0.003158699679097938
0.041762809226392306
0.070903944101271515
0.145673033600443341
0.341809700580482156
0.024774834667214120
0.007391971721217505
0.035020148774640290
0.082786835508469048
0.250163073044754936
0.400000000000000022
0.152765238166611028
0.101206495696923610
0.294345751355089447
0.166581177137900993
0.087371207989297844
0.084818866940407939
0.058007492084382301
0.017806049485314748
0.182813593724224399
0.143498224389577711
0.097381704083239054
0.152524677210692461
0.035390671186797160
0.006864792475771223
0.042800997569578433
0.225606237314576019
0.184373879634321891
0.183305049104569406
0.040450832527040001
0.002912895351489799
0.022450695044396805
0.235289090813162766
0.222582831601741027
0.379712273250604415
0.083546061142232925
0.002425065809069361
0.009632879830381684
0.127426151903561408
0.106653792101262745
0.022180311856525366
0.036446280298797033
0.000553204642481271
0.013184423683948135
0.064980779372161790
0.198771727486420635
0.094803655391935554
0.030319585124070431
0.003817186423056148
0.007685327405264749
0.014538787252134658
0.252328678810947948
0.179470245558221997
0.035951358709494979
0.001152014893345124
0.000699540513521204
0.033253201515734084
0.258441707867669845
0.191529026097149280
0.071920431883084779
0.219272908542586464
0.283901935280163997
0.358513462684646012
0.262828056924755582
0.161942139725037987
0.187108635189894429
0.144766994424749662
0.222243791516563594
0.342233945300742248
0.227559148007840384
0.194294046713872043
0.185913148625320129
0.105296989350925935
0.164309354333239760
0.298164479984547259
0.208332885749974189
0.208289052891463877
0.207890760871841912
0.099034908490498536
0.142945878474151133
0.287755243460240839
0.259290720398394403
0.303371137820892312
0.219651252039253342
0.070970887632787430
0.149225057341662082
0.269781037212324770
0.235617891190750023
0.206960569703540292
0.190196767588009769
0.096809615823476886
0.146812028204418604
0.241661741421595605
0.280357615822470763
0.232209457131551805
0.167578065964243073
0.069035687783138039
0.137393346239329944
0.235111125788495384
0.331842469766842507
0.221821530671843264
0.187740508830980812
0.063297217223620000
0.121791472435005321
0.180965740185457524
0.308671439884793453
0.268454874484998662
0.215151875718973262
0.206359268531171341
0.147455618811183298
0.212135279529803128
0.271288289122013471
0.286134683049848570
0.202712394231096910
0.144390195980266672
0.171103425468965537
0.155310418959417218
0.256156103251399481
0.320446788686746808
0.199189745400050827
0.105353080777636360
0.148596074928216776
0.165637064913870924
0.244180431227417671
0.300799669239431799
0.212237091794969385
0.092713142974777452
0.131021932674408259
0.235402419576402039
0.278142862533554303
0.440390043927112285
0.223111930896146088
0.066484372821050644
0.135176072764022409
0.247347359905109115
0.212180784073747242
0.282885026684612850
0.198988667475979902
0.086719852922270288
0.133455856079255059
0.241180811857875904
0.239118482556267498
0.304242067188470133
0.173545383545811588
0.064258403474878753
0.124022924092152181
0.239893605193792742
0.303735741974548556
0.269456984414874035
0.183998478660405834
0.059641464000204460
0.100191811460268704
0.177391425417751658
0.286523043563499835
0.338618979954445787
0.211490256244915659
0.209092310988990393
0.357551094044011752
0.367750165885008640
0.282973873640033957
0.165252123065545958
0.189732745803365910
0.141723991071478733
0.256577555546002867
0.336096401850949911
0.243717191472313383
0.200231599784420650
0.188119839944894895
0.100986477097623775
0.166021029352388688
0.372460629715649805
0.272027019225215050
0.230094570693000045
0.213595861956304173
0.093868769979041256
0.136935333265625514
0.320028075543727863
0.276894001843816184
0.322031037249739638
0.229018131527706198
0.069163173772529576
0.144339195040571966
0.280636377286536232
0.213416165164688337
0.197578436863659723
0.187263556173267509
0.095914188596614131
0.147075473752728419
0.262856967848787038
0.303717569004713750
0.218477389506459091
0.159184253683225307
0.070427968868111451
0.139113755267006312
0.246199956446076312
0.384159244498677332
0.240576961273366308
0.186990823787313826
0.063237033988197383
0.118103153366869912
0.170690308816840247
0.275930631875490162
0.272225024166519947
0.219021854995648441
0.194818220231262162
0.135445446957140364
0.283998264028807734
0.279335890182005164
0.300840378194855873
0.205892184457545618
0.136822316020104695
0.163631776112867361
0.196981513670421826
0.251562259668018484
0.337473008958498910
0.203836328493797014
0.100584605902032720
0.144570245717619367
0.169685607542281902
0.306212173115641029
0.367063187561322779
0.227252541572181416
0.093913839082614206
0.127364273013838986
0.207666022854006732
0.324538761756756278
0.464442490300270461
0.233935697970391515
0.066480341399342113
0.132073863618278164
0.229544382904310867
0.228932925168454288
0.265113213566228578
0.190074518487140853
0.086731730815726299
0.131899782685854589
0.241917512233815218
0.273506530436694373
0.329592120279561751
0.166070204470553234
0.065697308474743504
0.128433196820807727
0.245704217980312695
0.327651436665995832
0.304506469192593499
0.191584345979475157
0.059724921985004099
0.099994201338765687
0.173285123892150839
0.252559581252797982
0.312701921884987466
0.214027362768226870
