0.041655862961309575
0.047285001955407475
0.145463387470169903
0.164574755637945824
0.400000000000000022
0.203425237348534960
0.035471733999692695
0.083290782126327789
0.133691037622376829
0.111484587023657711
0.096480938865470170
0.052408444209622970
0.069737720777845860
0.106991574510326301
0.071914960037853914
0.092696104831352114
0.018910607229682273
0.005155343687467389
0.080641507111328906
0.076583080860846656
0.017158105748624343
0.091150722578297663
0.140689328182921930
0.090620921008381178
0.014246430997366073
0.090801699149339887
0.026740303648277397
0.020120953534270576
0.133990558359939838
0.105511985481933607
0.050218131868504864
0.126445621470029163
0.068781575463691152
0.085744418757138036
0.049456467462143876
0.018080313222765650
0.150309843588799730
0.079305524536267977
0.119250460734466435
0.296256740852413325
0.123578345288334418
0.040318833780728147
0.077602917036311073
0.062917140944394115
0.155046733532309661
0.151932249568181243
0.081281232284334232
0.003534732060516124
0.060334512124673029
0.028095390292682793
0.149961148442484676
0.228695839877119445
0.233105292065875880
0.284784651803618838
0.092474192351332293
0.127525349753281614
0.095019459252896121
0.061985408624376390
0.063138903894232268
0.045278119881904007
0.056464528116873552
0.126201830488554961
0.029694039695203348
0.030149452264631262
0.028136503470321410
0.004105487149133028
0.076962846797040657
0.043943558843391767
0.033888288944206875
0.091624396595205757
0.091092705280845843
0.145297291856497784
0.066984721447090917
0.073140302656853104
0.022588967489727638
0.048225889420894452
0.085406039002525316
0.107135450421455669
0.028239623843115347
0.021864616295458703
0.024489412236103077
0.063082459379737901
0.012278410723951258
0.006718985416531653
0.122444873784368330
0.123234127435798438
0.042016860473062433
0.039703444461083863
0.071826239249412754
0.041984783022133078
0.223399093289029849
0.259031530117149356
0.036960135307813828
0.045839852921168565
0.066220140767870611
0.032333722493822430
0.061412242101390943
0.079234688353429492
0.144071148836154211
0.078681843794284903
0.146670444189643090
0.128774559838071567
0.034974584833563277
0.099903008976497662
0.082812077693366432
0.113511709602496180
0.067082722647032120
0.061422126514447110
0.033757484680103998
0.062640727916871003
0.043953966798840380
0.035975758555052070
0.040563203568060570
0.109643115966357590
0.127521031305694948
0.025144268132240792
0.005767883831961930
0.018404555477537807
0.080283817540654320
0.040655317279756846
0.072231240744484615
0.097918745926428477
0.009683139253293307
0.030209604342750770
0.082030852773226748
0.016866122023973567
0.045424118395230494
0.044773071256672903
0.026853308029769766
0.086308537675586619
0.051467746512846094
0.015310553471936217
0.065617661910029573
0.037081932483300752
0.043226294118030986
0.073661861846727419
0.098667909714643023
0.106569687407993469
0.005366251905408044
0.040900491654639243
0.045673442397139649
0.025760224121363938
0.070646188234434193
0.069798967599437392
0.037637850413167459
0.054097774775957300
0.110753544945624685
0.074472523508220353
0.087098250860977000
0.119946129324433187
0.092225970759111403
0.042758267110741044
0.055417130012583256
0.110389601530092085
0.095163597136791900
0.036395684168874481
0.064396523155262300
0.039534120521797791
0.007986683825546428
0.017666362405818994
0.057191046374343371
0.126509713198853097
0.214423986050708032
0.056912682148826117
0.041323558855193877
0.040854919137371312
0.087919087233832516
0.079248217770484922
0.109092010460847322
0.048321933142030565
0.043165402603418543
0.057313963801570646
0.067871944630152836
0.077527096731680040
0.108444170571298695
0.023539641328531570
0.058783106596200813
0.058314704081884453
0.033286230928349626
0.116952396894589555
0.076019739304305473
0.074356044358382375
0.082459430941688464
0.076293234411887054
0.162728611266422074
0.336534178960035069
0.261424927976788735
0.284900863545476113
0.038243726352035504
0.040422932266116249
0.088519207340468337
0.101297658894168918
0.400000000000000022
0.292291894991274670
0.204451327431158569
0.099694642253222207
0.079338398658587689
0.125431907627702288
0.400000000000000022
0.222255663035621581
0.173241413837937314
0.025323114524121733
0.116484938531302554
0.177529292992844590
0.400000000000000022
0.129225128367982611
0.104498841749435328
0.022476651291866299
0.129302343236223471
0.400000000000000022
0.400000000000000022
0.124834868883061348
0.154079155228467241
0.037417583494379167
0.156001045375925768
0.386171154354007895
0.400000000000000022
0.113940770661711072
0.054832681279532086
0.098517005270632049
0.174330926021744326
0.302299757016925241
0.400000000000000022
0.172745475958157368
0.056625856831933843
0.071291014395150940
0.144421481715812816
0.142561447356640003
0.400000000000000022
0.070287786330816671
0.039041297536782295
0.065288601818993236
0.223928462032856573
0.214980154338696383
0.400000000000000022
0.170714746056070843
0.059624417666383184
0.033555767424423094
0.172862918117897502
0.166811016928750833
0.400000000000000022
0.400000000000000022
0.400000000000000022
0.090934389048436051
0.072788513062511592
0.149221857815373116
0.337058762008062729
0.370505925391233393
0.400000000000000022
0.132557532920487969
0.167387990708873835
0.248471530759454912
0.186302141364181856
0.251164973050954810
0.400000000000000022
0.086482575255392657
0.123464996191962939
0.268479014040301833
0.097013118059978504
0.176485807075487500
0.400000000000000022
0.229953031517574846
0.088540007316338210
0.252073902112036952
0.269761684146153868
0.192339566374627513
0.281256419532981694
0.134496509330075897
0.111149447774090901
0.189140665414016973
0.387553757221121509
0.400000000000000022
0.136153370243275978
0.077622084926026819
0.167052009454822681
0.400000000000000022
0.258532637283615918
0.214274669890908348
0.114189077552836166
0.070342261375423487
0.293788763443915801
0.400000000000000022
0.190827254236580618
0.013349939793305432
0.154018118064462389
0.036384363025360057
0.299722433801320576
0.400000000000000022
0.339744246206244438
0.161659649009780165
0.155280948018222731
0.121115519264568400
0.147778932869722934
0.095261415292374932
0.400000000000000022
0.253783675169361955
0.280683088238223633
0.026374959492285292
0.145541623976444073
0.213753242071103466
0.272665540913534010
0.320919591481970357
0.242984808989065548
0.035598640972954954
0.109221898899170333
0.131147031999009067
0.050519393635349734
0.140380337260107568
0.366016817736359967
0.150235720432848163
0.083395985374617676
0.269791062388043790
0.201480324850399878
0.084562825548546161
0.400000000000000022
0.326926858410751420
0.081481103886924158
0.056703918704498160
0.119577479240625228
0.246366918616400865
0.068600128571108421
0.113658207078256565
0.258496695504854546
0.238308490316109123
0.086314758468363825
0.166447676534152267
0.105207640171912836
0.091315505697780394
0.247392543211318816
0.198275578567875088
0.169390346659199414
0.065686441385148370
0.079620491074155642
0.086310655650923440
0.302536731771018919
0.344758098931137291
0.025753528568964266
0.092232961699543814
0.070931463526449870
0.170613861425113117
0.075509438194992395
0.035228321877020685
0.161905141349858672
0.103169017456718831
0.070363685438835033
0.160551491736720314
0.096642308647907252
0.165668460518613586
0.106485771395617226
0.170297528168682599
0.034458089210163335
0.088205550253896148
0.051259539310540184
0.079976838067993494
0.018990656773482179
0.067020053904819937
0.089450425832717340
0.044148007686185570
0.022391614525470064
0.023695131966407389
0.020613611709489901
0.159282863621999421
0.250869979433570922
0.381920525054697202
0.241370868397076888
0.205333216864062112
0.166242763077200845
0.384061576015091888
0.181889791385283162
0.266060525961858696
0.304919513722433977
0.279046959162390251
0.175307628658942005
0.298073009673770928
0.178975993347013529
0.087413653778140976
0.098899374659822195
0.008366532751213296
0.099788981030691684
0.047282934464705773
0.007056985787494294
0.052956850947212822
0.120603571383209818
0.089720006680601622
0.132068257009993195
0.108787541459741177
0.110656722785829845
0.207839586365803991
0.277405196986903191
0.030112066259509417
0.042238111434075756
0.061447706626098983
0.088840498380833632
0.333190372426540871
0.397450468498027676
0.112118693323601124
0.047641156086568819
0.127590581267213676
0.055871901680633863
0.066941857707034522
0.057859579304162578
0.034466934039086378
0.043901383589714064
0.131770560845991147
0.064456705878123008
0.072177539263428320
0.024002576573220566
0.015405583204629638
0.052556291584565172
0.034724616635041630
0.050749782310895025
0.217964256897578618
0.207178971295164965
0.059301776747860864
0.071847273850099258
0.067795853356848609
0.094115335371178901
0.155593692859298527
0.177286221492304247
0.049553412503460736
0.119876667055434233
0.181697732183372235
0.209427993822026703
0.141549438604906014
0.104672649837172282
0.008201284373337645
0.112323723017548269
0.058583957969911372
0.182716605975913937
0.221074574980213601
0.234865676520687239
0.131876349875969218
0.084727459734594723
0.066881568831524435
0.055329076392882280
0.021397372233604574
0.162804453616697375
0.151335257962586012
0.045361988990053309
0.075266246078321442
0.096745560278175602
0.113139798859216711
0.263211914652004997
0.166375791157108821
0.078100998083637616
0.120123055466987275
0.047024439336585955
0.062804055218498300
0.039650722682890154
0.039610922863900472
0.030824409583308350
0.049619272597723710
0.034765094200459278
0.062938260866219717
0.052644532480059299
0.037692175186543761
0.072045037673755224
0.046011902126685808
0.047190022892382562
0.311677714060248912
0.319156050031391858
0.149242983812945706
0.027522745645593358
0.024544400339984056
0.048536737242965353
0.265789515239695073
0.111180913808639883
0.014712805442183643
0.102946518868219455
0.182016241595858080
0.276871883356543558
0.350795617732158060
0.092398595557181995
0.015525890335966686
0.400000000000000022
0.400000000000000022
0.400000000000000022
0.400000000000000022
0.348142863644024303
0.400000000000000022
0.061805648540497332
0.036421415590734411
0.116129393275607784
0.171536590298732139
0.129320876166152315
0.058711168829856969
0.059105346912530221
0.117940929479621065
0.063491974033378071
0.055208699413561525
0.198851742626785982
0.063731507179731445
0.012681789543501175
0.046863748018564022
0.069036748500758235
0.143277321068573438
0.029507778617767419
0.029618161121997649
0.054552226307013514
0.049464466891119621
0.053024839364073983
0.103839661331559113
0.070394737241026989
0.083057390587900071
0.079411642344645733
0.043556308233816163
0.060828270677289284
0.351030381982606610
0.362796126477833880
0.245207210814623267
0.047127796682763151
0.081251823844840323
0.089450408302369347
0.187975813912248518
0.078283692524994231
0.020558042667057679
0.081792196031636788
0.158678689404770340
0.127514959416744900
0.175307801095267779
0.131258302519846631
0.024530932449286946
0.232022188533038354
0.179155130676110858
0.057414143420573591
0.165722008035233015
0.137886382719471540
0.036318629011638015
0.016968401142415511
0.106446537469082309
0.352262572702243759
0.239005894261757307
0.071281967636089058
0.032818550099088580
0.062622460039807010
0.119470706098138396
0.076926259728133634
0.226109412317458375
0.118393198848623482
0.049938664609523148
0.019216005758494047
0.113335561804243562
0.056984099774525107
0.066956442552802392
0.029790486339590382
0.015135437755568259
0.095160986895569816
0.062596220183201795
0.021239347225292225
0.034737031581229857
0.011301569173346205
0.004710394488227031
0.087526627460114539
0.019115822755257028
0.047703801119179587
0.159148959483526975
0.064504808367853383
0.012759987116220889
0.034004535107059350
0.004947325904810083
0.029751532969864613
0.049735512925268288
0.017161683555482973
0.028620811800241841
0.110110303410258112
0.064951861535256228
0.126382253254986449
0.138418996247272136
0.040721301553503737
0.022112202908816585
0.238260743755729754
0.291252207098612159
0.113274086581885258
0.071844592217142247
0.091828523464966200
0.106151269607747623
0.096593546716580936
0.053111030295207570
0.037049724319652061
0.028940888817006617
0.013970845907235869
0.036535494127851426
0.088881739264954171
0.156866264294351188
0.098902021774269128
0.113019938024965835
0.032291848213336992
0.029618882116857568
0.061135907953126914
0.138218002837675102
0.127306604907151233
0.211334977661579770
0.064578354434096069
0.016447472366676524
0.145961752500690933
0.121566044108196686
0.098664656082206662
0.045596866414930534
0.027117061941428412
0.015517912836972580
0.233430650283418140
0.120591918332958833
0.073123877754116551
0.050956531888061915
0.111331408245735064
0.028037176034590088
0.141418418407109142
0.095357256436163371
0.164699878247937970
0.133513561602097486
0.081151766709276513
0.024279590337025377
0.087975861981786529
0.092564949630224852
0.239903352935021408
0.132153831183210474
0.059674583407644879
0.030751296858564234
0.094224422374746139
0.127061669167556623
0.043402945775896526
0.027673477948821901
0.079543285086783322
0.028288524722213028
0.139711250517622759
0.149185755548082055
0.138297515276924465
0.167252926089796972
0.008666182794677006
0.400000000000000022
0.157636423702065681
0.121453294231305575
0.149738786332264340
0.290695499028666315
0.044743375932859153
0.400000000000000022
0.097068702994453443
0.156986905930174864
0.218655235568379513
0.336059571626487585
0.124474142282554379
0.400000000000000022
0.227527892095407747
0.176003868592982504
0.162914707696493105
0.178933927768693157
0.045950869876146196
0.400000000000000022
0.341505328815027431
0.135495774369555455
0.069922224975990960
0.068605727420579715
0.105850492266514273
0.400000000000000022
0.104198157372859701
0.147323855715541657
0.309141146200303973
0.115683852996468717
0.070556686898143720
0.400000000000000022
0.246974249837497661
0.198849552812491032
0.343991492517286335
0.026386713517852781
0.026336103920458546
0.400000000000000022
0.288649787550260939
0.346093810868137397
0.085255520215064232
0.122017564616564725
0.010849212927124851
0.400000000000000022
0.296334740945451924
0.157144870845095042
0.164431670119094098
0.204134866108602042
0.022835638862423929
0.364045432603944230
0.165567073980943474
0.129704445151629294
0.208268949152279170
0.377346888863773045
0.068022046105834025
0.320926945278767750
0.139913196206368107
0.144008946276600630
0.218454446783026307
0.226080110956595914
0.104426236307434167
0.212148475979666823
0.244960974999324843
0.130009936181077257
0.110998959601338779
0.194583776883295506
0.112197244607695021
0.199221505314124581
0.262887990367473234
0.196588923314627323
0.142749143986748761
0.110778896247264641
0.097952978696093387
0.237430393490159791
0.368679020112549383
0.260981851719464586
0.324667946454898937
0.037430337960084714
0.063290933716068795
0.393726156036293462
0.147497417918478563
0.129573418625453102
0.228663603608553395
0.039767197795274323
0.005735733834889828
0.341832796935317595
0.176801617242368481
0.255143662437912422
0.029000068998411153
0.029315383670829583
0.003168064725755031
0.238246014933254924
0.117881857933172157
0.067205907474728085
0.088741378268956450
0.198405525747021916
0.097104903237291929
0.035014711675304476
0.185692074331477663
0.148989381001488563
0.190229290500108339
0.247622847439642579
0.035464165520046331
0.019809699808738243
0.163959185506811378
0.178935333273322811
0.184032353657535647
0.329765271592900644
0.057355683302792379
0.001950035209546313
0.225408806528870714
0.123035143485322754
0.218848467444085981
0.400000000000000022
0.093482792685349425
0.025866122056561795
0.244042314362797996
0.200221818993318090
0.130055033791653063
0.235999034164097371
0.062880517388853391
0.039282026612970963
0.126366183071267568
0.221940323890070762
0.233275333642757099
0.069386530746209207
0.134497299635063072
0.083616393164779437
0.069737118943372825
0.063338511652038340
0.188204684805245964
0.024752611372952236
0.040817213057976545
0.023747090155252157
0.090207798889220397
0.127076863358656561
0.067128063388836173
0.126706069095773283
0.033659367846514736
0.062802410787621499
0.157775891970321186
0.146937477605359135
0.132249830321146011
0.321142532094307764
0.247549613356552067
0.068646734123904374
0.247804452443097623
0.260151397532104145
0.100774948706711109
0.103631071108320247
0.040130861747544898
0.022199854552277930
0.162481298731180279
0.111552823858766414
0.065852588509509619
0.128168728451153124
0.023928359469464148
0.007364264081969166
0.047974834992080981
0.071981951840874414
0.090868108218375876
0.276825404472615721
0.398292814281210994
0.040421088333424199
0.036764377367009451
0.145635328391895968
0.075595380094048495
0.100307575224222484
0.303194060889756145
0.083742699827353523
0.032504490396779814
0.290844306137329700
0.348690714947463787
0.022435056816553420
0.090002581670653378
0.061886125633273059
0.125334916255203294
0.058805854904739427
0.165138996363627721
0.047066946993559379
0.117701033136054983
0.019345678680587279
0.119191364661423910
0.110073150432086680
0.117241085615483950
0.196993006641785151
0.138090768761627736
0.010931030559077463
0.157785537204178539
0.131402870806880290
0.169868570146705367
0.230919915331944753
0.234450878040603522
0.053457646300617563
0.047058838023337587
0.082754546882370661
0.084337115028742318
0.100890056453558141
0.044794155340505501
0.018143872221548629
0.076547077504830113
0.110885987309422923
0.133946002903698513
0.163545556292555072
0.037979787840198065
0.006293568725983250
0.139840084306071838
0.059123367475182355
0.066865450428638507
0.247147367801434592
0.186505943532274732
0.015788635605162912
0.029859847505272701
0.211249191737516051
0.075646331021623867
0.094266326452429328
0.251360717398804390
0.206497912075205514
0.016925542011147647
0.106290695242346481
0.135970646413152929
0.058705606029131364
0.135247960477187568
0.171137935967547172
0.072392659231650336
0.076403132122750614
0.101066090684710702
0.220899884727769447
0.040874081051381086
0.022410797763286798
0.098695240334272294
0.103923571034641171
0.152671801217984626
0.285183652289728584
0.056819945294102739
0.044776919854111780
0.126383322695904299
0.114166570786931904
0.200792463863052190
0.185972127871550402
0.400000000000000022
0.354760495311121027
0.080833722989746018
0.158557028204649231
0.230436597900552431
0.224624385882874450
0.344288493573190857
0.218784235366731805
0.147838718861483448
0.227114629977313576
0.118939399374439869
0.155500160049850400
0.058561329912572430
0.044766266551367867
0.111465916694637263
0.126202353458570365
0.051923199949083614
0.154088983444517380
0.193333860662981222
0.128313096194924953
0.086291468671121294
0.136813601276025681
0.073930326540659966
0.331798667594519481
0.388174378579346113
0.254754969294879285
0.077740877514098222
0.150990021810013197
0.117318312706656491
0.338105646291959050
0.160637381270783752
0.032793118664949293
0.253256362457019213
0.261321766132126099
0.363115293170973574
0.400000000000000022
0.215976940845516413
0.055844724116694833
0.400000000000000022
0.400000000000000022
0.400000000000000022
0.400000000000000022
0.372459825378792408
0.400000000000000022
0.122140160665170347
0.064516805883417211
0.266090541718092433
0.378496321904461364
0.346380430050650112
0.343495820633475835
0.151579539263862528
0.245466279232902707
0.158511433286274206
0.117194108037937908
0.261990646521018278
0.109009627061635458
0.069146317660374740
0.173065578507118983
0.098730788195961594
0.173426773333204692
0.057644282088088819
0.033723648271130675
0.131515073104054164
0.093408025734511402
0.086913128308280865
0.195464057926764856
0.161487442521872832
0.228354682444397855
0.146396363791736650
0.116696610890669253
0.083417238167016919
0.373718884067078760
0.396378732448977034
0.352342661236078880
0.075367420525878498
0.103116440140299026
0.113939820538472417
0.251058273291986378
0.090562103248945480
0.027277028083589332
0.204237069816005118
0.281912816840568792
0.169531819889807367
0.215011245556351649
0.203084541769259386
0.066515715471420017
0.394906691684143940
0.381473017475783160
0.094374278728387412
0.211561860956401615
0.204106523487342151
0.068652351505460424
0.078380643243806447
0.185681225822511814
0.400000000000000022
0.317687738056042168
0.217952411825732162
0.161593109937160168
0.097597044873370301
0.219373715074636100
0.159738337421500093
0.329845676204650773
0.185475921495655560
0.111360791123970237
0.052973490438598052
0.175976289721114565
0.100938066573365501
0.102932201107854449
0.070353689907650951
0.124778553721925839
0.222682018201264764
0.087740488315442566
0.027007231057254156
0.053141587058767661
0.091585386714000516
0.045365711767983881
0.159757868204599168
0.117034568681685491
0.057386940372472890
0.189358563826277748
0.146535661141080131
0.029626109140194458
0.079428653502289850
0.049720397161482993
0.056604840999634379
0.136044050600854893
0.068629430068329070
0.043931365272178058
0.175727965320287671
0.102033794018556973
0.169608547373017421
0.212080858093999569
0.139389211268146768
0.128681890316810044
0.243626995661137824
0.324137273452240471
0.158947528979024921
0.097604816338506192
0.162474711699400420
0.175950237207185056
0.134231397129748381
0.107208805071164884
0.147803269265276732
0.103413412325226980
0.101069096768212879
0.156481623452284613
0.181107710024065560
0.199624531405092259
0.154319151786852404
0.223409539555057962
0.127455445350128899
0.066014566285732060
0.125532431108389186
0.177752123359472936
0.135293288732697664
0.229001340067398806
0.121769400808439426
0.142957185565529610
0.355932510686851500
0.178478726257022796
0.139988214937400546
0.086451785552301832
0.115036149175260935
0.094766130607457505
0.342522660744265461
0.168913851474989385
0.116289280357535121
0.108270495689632554
0.179203352875887900
0.105564272766270117
0.249862588978407824
0.118896897764694934
0.223482984844138782
0.191828265683981952
0.114437997637626146
0.141231987231614925
0.163995601286092002
0.166920993988607214
0.322362783876709857
0.208447065595097514
0.222403194674066967
0.367285475818599272
0.349041946363280786
0.371264339910778229
0.081646672127932030
0.068096410214938147
0.168062492427251658
0.129586183616381967
0.400000000000000022
0.400000000000000022
0.342748842708083090
0.266947568343019137
0.088004581453264688
0.400000000000000022
0.400000000000000022
0.343708957266927184
0.322980200170201681
0.313872186496151728
0.161228314464161693
0.400000000000000022
0.400000000000000022
0.286212034298157503
0.323154077317814814
0.344215525767651909
0.253776485518777850
0.400000000000000022
0.400000000000000022
0.300838737476043838
0.316993862924960346
0.216351511263072338
0.201951915252071956
0.400000000000000022
0.400000000000000022
0.249436545031266499
0.124754906255523032
0.167122732691211778
0.280181418288258599
0.400000000000000022
0.400000000000000022
0.320069331673698998
0.346610629208551568
0.186974867391619670
0.214978168613956550
0.400000000000000022
0.400000000000000022
0.269137339143307730
0.360067921399632673
0.091675315336846017
0.250264565953315143
0.400000000000000022
0.400000000000000022
0.399549075565982459
0.144879937881447401
0.155573332040987805
0.183712131045022375
0.400000000000000022
0.400000000000000022
0.400000000000000022
0.400000000000000022
0.295069255157038079
0.095624151924935522
0.400000000000000022
0.400000000000000022
0.400000000000000022
0.400000000000000022
0.400000000000000022
0.235410036814707846
0.400000000000000022
0.326215337570549990
0.356485651425940797
0.400000000000000022
0.312035739266404266
0.227891232499397134
0.400000000000000022
0.341974093059303375
0.306495743256564812
0.400000000000000022
0.372500233040747641
0.200737251924033216
0.400000000000000022
0.400000000000000022
0.381373205163699880
0.385081771477657875
0.245275405577340566
0.209102426470184316
0.400000000000000022
0.400000000000000022
0.400000000000000022
0.395770872748096303
0.115052422886111547
0.230342943170891490
0.400000000000000022
0.384650876636969619
0.335673345348973251
0.339363840351923685
0.110109459170697824
0.296088789861820190
0.400000000000000022
0.357430555129534366
0.268493602231217876
0.183018187062873539
0.065699746696189637
0.301706539637049409
0.400000000000000022
0.398211072607117300
0.228865556484508237
0.244022326287179236
0.319521045011590288
0.244883836107014891
0.130276126967679429
0.400000000000000022
0.379597220942305191
0.400000000000000022
0.273997806931927879
0.181005789496490405
0.233562941879841723
0.390907783310261103
0.399537635795543911
0.400000000000000022
0.342682715543648542
0.166577582201962726
0.133097067208555353
0.275928200164220427
0.263415480745430308
0.400000000000000022
0.400000000000000022
0.176878778059967073
0.295657184444605592
0.397334785553027259
0.284784644541864251
0.400000000000000022
0.400000000000000022
0.144361621275777563
0.095985945317469124
0.245943662311892824
0.400000000000000022
0.299751811890473285
0.183044737824465759
0.337670063614312677
0.321924883480888546
0.156051877411736678
0.229786188186190621
0.293412324977158856
0.116068117070732627
0.286629107571112596
0.222022668723127287
0.259598145548419812
0.192763304743804931
0.146748554462991843
0.213016724746696695
0.318853586291699131
0.370463294948078836
0.183529420539285476
0.239170439304902949
0.203181293847595867
0.400000000000000022
0.319618325137237425
0.103875056000925059
0.377850315659542746
0.357984734289426454
0.171138634145546142
0.264182562845040547
0.136773170395452143
0.187868315070891523
0.268967070126797547
0.281850352027449014
0.100310677719672975
0.216374278705049272
0.075187898780004342
0.087341102149962657
0.066965491765563157
0.139002005745694351
0.180318534051093216
0.315432586959514538
0.400000000000000022
0.064116220299831578
0.057377989076499346
0.304918192013895362
0.325485486953621561
0.400000000000000022
0.400000000000000022
0.289075916691415691
0.198747253473980645
0.400000000000000022
0.400000000000000022
0.288495582778412141
0.351864538468670274
0.340933084795663310
0.300642544914145271
0.344604634164073942
0.340245125634670909
0.134480600771700348
0.216600407795877192
0.027712211431800578
0.218980345692115580
0.157356084896792425
0.124298071402978244
0.249949857588997987
0.258694340144837553
0.100651037239679081
0.289853794214171678
0.240190412266621467
0.280525292932535253
0.391113129800956472
0.400000000000000022
0.083569712560126977
0.089296949457413344
0.144202253508469658
0.173177613409575881
0.384356399202525789
0.400000000000000022
0.130262565545149755
0.124188233591398939
0.238476568576636572
0.189817904584332370
0.230487413999589608
0.095839367144360643
0.040760502765069623
0.183741467895785909
0.190893928321173495
0.131322156306761473
0.314326134825007597
0.210508520105495256
0.031194218809792548
0.082416139089837886
0.245973808372557695
0.126396113332518878
0.312230583350007973
0.389492636310656670
0.265799688823066371
0.088772815861246898
0.174086548599195090
0.230085981784331844
0.214299298888429884
0.283976807735165648
0.220691348471007937
0.192269326287084596
0.258100864306122835
0.310494084506737378
0.362449323332675433
0.145546730888553383
0.030612082136624447
0.211018963351820549
0.162507529004552537
0.326766025355528622
0.400000000000000022
0.282677815808509758
0.176653269730080997
0.279232740110585187
0.240728945903080083
0.306854440270342810
0.323663057617885164
0.254971070136436218
0.279071730436999232
0.293280162154733515
0.247584513117862642
0.270288535607961733
0.397877012713017064
0.209830718559579354
0.242460743749358415
0.232182053268719851
0.230637169869250147
0.244708057311536886
0.318417842249357708
0.099772901609042092
0.214882208662241447
0.255913496038913058
0.196625776511815897
0.252663344471048268
0.286932084934274911
0.176376881415033215
0.256752409372234758
0.273141652184754780
0.252509645513116165
0.260416388493403095
0.360831302420909661
0.289793273836431720
0.308612342598239220
0.255626991938554371
0.350560976544855907
0.367549438517988825
0.291787943424451135
0.177529075860001662
0.292972882201658402
0.280475499239452086
0.336638165419836488
0.386864106953928477
0.271526310232137191
0.154861437715663242
0.266611041822758577
0.395159547831247959
0.431084870641029239
0.264598844570597957
0.288509630178502452
0.227669322896073528
0.341533538811480464
0.330211850860271328
0.257555041986050781
0.304365070622167389
0.275990708504430360
0.301852247992194345
0.279755501219204006
0.357607389180831403
0.348735332381531316
0.265157056026867732
0.247281524381724349
0.303322149952578668
0.260369654338798551
0.262351248799708003
0.371386581614181588
0.249976064330137165
0.185218165937786866
0.165520133786541623
0.225271154746550017
0.256047221119687973
0.217668560345575579
0.272278603883450709
0.250518018018673183
0.220401802487528720
0.253808030547709340
0.316803656376384579
0.213170409130353733
0.222401083030573626
0.382768464394252605
0.421390916354773715
0.301158698569584549
0.296958303601266904
0.306834059352196598
0.248672060388096944
0.255666935077176749
0.368970131486872410
0.303074008680364992
0.309479781886215721
0.241598509109028220
0.296090995517298783
0.236573215239377355
0.327464658390609842
0.280874324399255915
0.444456653877387531
0.324642816894371578
0.206733025594462272
0.261822434016925676
0.385740505957312241
0.348259705146267251
0.288875919051178431
0.260098511799551568
0.353109861931545699
0.404247337976498256
0.260027509206618768
0.274272722449893480
0.275604496520967468
0.296642569971832193
0.310884415585468254
0.336783460898602005
0.217161353690864312
0.267693182667048168
0.208942701421152122
0.228667948215644234
0.252977614583421440
0.314161998744851123
0.103880901865691933
0.219209742807755986
0.272950797001619005
0.145278451294126004
0.213855271633792865
0.344834539037943477
0.176398927627628377
0.237440913393257097
0.316450634481015736
0.229463468320069974
0.188854401169509495
0.311446349167441849
0.274598921536016172
0.291269297724672971
0.243282002337258885
0.333862554249643950
0.282893585567259909
0.171685874822353757
0.154829144660134005
0.285722321341201069
0.263826241379535309
0.267453720629374392
0.369449621962633312
0.256156426097043699
0.140152903520743360
0.252599701984235203
0.337727519437219570
0.359999382189682970
0.214383769129088381
0.236642841618685235
0.160570224379338045
0.278206691825260144
0.340608649168263389
0.268525789975243678
0.330101756838409255
0.325144951076226041
0.365269442880120587
0.285414934661579633
0.325583542974923923
0.321946920783477253
0.308356418519341369
0.292267753205074921
0.255513662209631620
0.268343407722265170
0.262212837073724947
0.326819884948246653
0.248244213517722301
0.192970796863345367
0.162377300879919667
0.230664519965357279
0.309766915107792917
0.235431757509430462
0.218300611801762356
0.211631477744051555
0.262239228310832129
0.253833862999794380
0.316623135239171405
0.254020524100159129
0.206405266449547403
0.264151092519118502
0.364230061088173906
0.287840067857893678
0.277177791243476745
0.291456982670281139
0.232469409948086292
0.185160684353764982
0.232061700969233897
0.280264983478553109
0.324334311258364205
0.224359658227620745
0.235239632729090042
0.224446313963315519
0.311364328127556600
0.263151842666627389
0.367988755667564893
0.271672949802444330
0.174282182970538463
0.212248480649271293
0.327797953792901997
0.289528083592940244
