0.400000000000000022
0.400000000000000022
0.400000000000000022
0.400000000000000022
0.400000000000000022
0.400000000000000022
0.051153513132835386
0.053327336887681091
0.052128144560190964
0.029259420146331809
0.006792444443479312
0.000000000000000000
0.030133401426109943
0.052255437257957227
0.035512388510232196
0.038033839789812396
0.004009131333640220
0.000000000000000000
0.012271782814973901
0.011379870844599110
0.016609138497961955
0.014897011827695256
0.049990831183840845
0.035936100748316178
0.024562754480659952
0.029002363569347323
0.127723675456815955
0.219964622475470356
0.234945068459215728
0.015878221905585736
0.008251115280597923
0.031161539871100010
0.075880766961416907
0.080084790691017857
0.069625048488358501
0.002474726681406186
0.006348187990534774
0.015059526947665868
0.018697877815781153
0.054886067113744455
0.016024089525554321
0.019767736232377455
0.000000000000000000
0.017191449087918587
0.053238200309070324
0.238325405778242655
0.078941109838941245
0.044175073828319950
0.060053090426420527
0.050689054199628047
0.152256312601137783
0.093043979561387935
0.000987610632181239
0.000000000000000000
0.037013256668285130
0.025567032472145951
0.038952078657535735
0.035450014746456607
0.011087215133968688
0.000000000000000000
0.036224044757328620
0.012922328129110696
0.044434557288945409
0.061109957239450979
0.013482883133010295
0.004389420103873893
0.041794639234475697
0.044002513513397200
0.121812136487951056
0.091309815142596285
0.049252634334532717
0.034411244813612213
0.052944474678851133
0.009286815050705320
0.122076270424712821
0.252490995044693023
0.238554356301637127
0.038735971869834282
0.058730522855959200
0.106340242048362427
0.053852019833072327
0.122722430324924983
0.039253040805649654
0.003770875907284954
0.026625038600746068
0.085372413837427386
0.038487369039548337
0.057003701822704735
0.013771839292155084
0.008551382072777310
0.013491482559499134
0.045083627486630841
0.018206516706230205
0.124142587917947259
0.050638915337085581
0.030055317512939883
0.103504876670043849
0.040908471544640973
0.048798432252616347
0.017668867125426833
0.005651944136530084
0.018873013437333011
0.050224190425986269
0.135143726751302595
0.141726062062713654
0.073874134610173670
0.004718111668218229
0.000571022834155849
0.029121058395448346
0.118365519444759523
0.127365110298804401
0.101772413580346610
0.010403502690199278
0.002900152045557832
0.020890542595861008
0.058527414020858218
0.070082385741884148
0.019058800574647372
0.024360904727406017
0.000000000000000000
0.031049535736125775
0.074272979664279995
0.058570071157759460
0.097738965353806967
0.096755184307678738
0.003147354495531587
0.076909910397896505
0.156563446883831225
0.048111519429043528
0.147380413790389797
0.008796945020347217
0.003868761129434550
0.078877242139488199
0.072606150695008226
0.046688735956271460
0.117344634046696566
0.003744317817199118
0.000727673890589629
0.039005646890670133
0.036342882627626458
0.026902604907406334
0.007294280458489465
0.036986723922101644
0.011855289083942070
0.071808431060859976
0.115192718630737642
0.107723143463949941
0.128347838740709569
0.023383606829569609
0.079676663037481429
0.052142970542731322
0.092082359781972462
0.147567785774013582
0.129849165285953111
0.045341178598274273
0.045537616288518414
0.061099111331503753
0.038053341871385260
0.191961383926062656
0.264965269906766832
0.072567112910830817
0.051495543452180818
0.041406510816982260
0.107589580269904964
0.131327204423232147
0.094026103327273319
0.075057205722032491
0.011853239988058073
0.108878497520028789
0.103562706018252196
0.223498455487866787
0.369816209907233184
0.181047799534343412
0.011304248039536103
0.091631469289720491
0.384170196435046574
0.169308207530516897
0.154197228209036558
0.015469931938280616
0.024379253196263766
0.088460080364087632
0.311733038974365217
0.130405702232255200
0.150012930900998098
0.030650185908225644
0.072011087729789952
0.134280355822594316
0.124203685184290286
0.070956024296825820
0.049244865578471818
0.032439926221341592
0.025945118285835556
0.400000000000000022
0.148703246515586002
0.165282901041861385
0.259703037619095689
0.051686343402243665
0.104897932255514234
0.400000000000000022
0.324137382061091550
0.356805263680058826
0.345164942590668544
0.104821641542545307
0.129273049993322758
0.400000000000000022
0.343118289904583706
0.356587774947368930
0.302100167244447937
0.078305936907520524
0.064769132762768744
0.400000000000000022
0.115527698101513879
0.249412202719672516
0.235322843834363277
0.062012312279667324
0.032879280663684826
0.400000000000000022
0.226809053120761495
0.201050753890869044
0.350982415807381654
0.241958158185704264
0.017969097998886067
0.400000000000000022
0.400000000000000022
0.174691702406824162
0.371869181494815904
0.086698993922495401
0.006460674335616052
0.400000000000000022
0.241008370056644633
0.122303066920993006
0.385192000755376629
0.094186500854478772
0.057035482579476354
0.400000000000000022
0.089640317230337982
0.124515573648865813
0.106080863439782305
0.039919624367607584
0.158056582911546145
0.400000000000000022
0.216777566517309478
0.150772958756736741
0.064614940353947395
0.057021983217337487
0.034854063890279501
0.400000000000000022
0.251676488270111298
0.253979592828367684
0.194620619310176074
0.180862863662221873
0.159792553592220610
0.257065922862930174
0.166973386518888961
0.165272362359922986
0.180750811357172941
0.096066509895008090
0.085868991464367952
0.271904833462526030
0.158841868213367099
0.184478411785419960
0.382581594353922749
0.123129427751675263
0.056090114399693726
0.395164083878940198
0.382568970408557862
0.120329901060524241
0.371020227985674633
0.108217622190136725
0.020812310368845413
0.400000000000000022
0.176584291538541577
0.090138797999515297
0.400000000000000022
0.274663172846877690
0.082228416465703794
0.400000000000000022
0.387300758554524616
0.066504421040972928
0.395084366727219305
0.124969957099587400
0.116344549075725570
0.361933262726626070
0.382334712823083622
0.349682155620329393
0.281407844149537678
0.149963838363478347
0.039412096568849725
0.125645523067778375
0.093003414052165750
0.120854101241175238
0.086338932975020932
0.019735004186123895
0.022600319886113371
0.120124483464906257
0.197971633181368539
0.134438560697001802
0.069722074735446588
0.016627274539279778
0.009278121560858301
0.129930280591739861
0.316762916116863136
0.322190329353121752
0.137276965999781592
0.030382584145182835
0.012465020801354251
0.258064721247286633
0.206698521800308010
0.359002822828306256
0.351350523051114860
0.073178856743052134
0.020597072686157583
0.091063374593885832
0.387362863403648450
0.072429038553910044
0.081658150294810078
0.046323650789177925
0.013229672448862216
0.042053489680377379
0.172852177751395303
0.046084761082050313
0.057834365379141141
0.033965601583780661
0.027043359926877182
0.091256108854835455
0.180575857853907118
0.069339672357773871
0.400000000000000022
0.273659496755027098
0.011158201054341555
0.109072828018751719
0.261110783865280194
0.267215755621163065
0.393229326970088888
0.339733872208184851
0.018588138606876123
0.040815639157733161
0.071680154459619130
0.053388625562729483
0.053221687796660380
0.015563289781393232
0.003900894743761693
0.086072864247537934
0.103187373888373721
0.059811462593094417
0.095344255950229120
0.054582281291187626
0.027061863719309270
0.108870001188282689
0.350886515545139444
0.279437882618453814
0.153396026757497139
0.019348055915041684
0.006709388790640950
0.069298161746528669
0.188805554422039362
0.400000000000000022
0.400000000000000022
0.117185778140364516
0.000000000000000000
0.010770202036728703
0.043223196169737271
0.129381590338530250
0.213752547255456060
0.046382972675367722
0.000000000000000000
0.028262786976399092
0.049294136934962235
0.057580383436998478
0.092853381563944043
0.002920121159656000
0.016405895478458457
0.063974432613908214
0.195288845183424292
0.049402920084210392
0.158512509281327263
0.106219395854339954
0.023353845829399825
0.037298226567466800
0.244148909709368644
0.231551738148939062
0.203538543983214609
0.345717357176720308
0.040072578988156637
0.011519137127912533
0.026293255400379877
0.012935686142313437
0.015795103443081639
0.005257197917128587
0.001028186077562184
0.039321316891304768
0.065153743871594852
0.011891531045998324
0.012792174489450010
0.011513695228812515
0.000130780828847822
0.060933131163252996
0.316563589375387699
0.198265796024463564
0.053091873044889396
0.006284227917836806
0.002299220054410134
0.058941527809100405
0.173214767485950910
0.205908545600580112
0.394339195915247021
0.352844953538979267
0.013327458907312805
0.020065131294036746
0.028664552469156293
0.065863721235830799
0.161155311109028310
0.117267785870802554
0.022926156253776121
0.031849212571624139
0.027615266323997481
0.074064742414422291
0.222277103356455258
0.012535697953367259
0.006060143978434909
0.005380518383490584
0.055977125159344172
0.041443701239268521
0.040898162994715187
0.011597816310919527
0.009144955611529728
0.041694094004639692
0.114227566970205807
0.107008889968473520
0.037315383111181571
0.139773214460236245
0.052189307022123085
0.070916187591700861
0.044690046461402962
0.016808285202778779
0.025457992946236074
0.000000000000000000
0.000000000000000000
0.037201586799921041
0.054117372205517697
0.058705203062416091
0.034254372683944885
0.001008485769333585
0.000000000000000000
0.016601117960380399
0.083678707061823218
0.144331283269879318
0.107098193396131622
0.020765459295907052
0.002665949811753173
0.007949244350168475
0.102609777345110814
0.183601247808349716
0.291668986339126690
0.159342725046343836
0.016049612076498018
0.032590159105442218
0.057797277529910082
0.144779242526535457
0.106028808525786125
0.135470138970548215
0.101648350213184566
0.047621432984817108
0.026822701347896605
0.053521356927618849
0.092529571644520608
0.032845702793386361
0.025910212793533283
0.033402922045794148
0.063795474127901833
0.030240595555924780
0.005701591912531554
0.022861049449792038
0.007993492956147761
0.016369568992931387
0.043347341784238144
0.030617090820336847
0.015107942187374060
0.055406739669657201
0.018274295013579352
0.015807200548649883
0.014250441676386064
0.000000000000000000
0.000000000000000000
0.020172441602591708
0.023920753029142188
0.044548026713404382
0.006674483402442205
0.031548943783478126
0.023720142440743025
0.016694756850504908
0.010769538623538723
0.015300615415355007
0.023112377203492161
0.105504154774272871
0.046714114897304357
0.005406100514397591
0.000000000000000000
0.013519815076925934
0.035048590806579849
0.276776416773536094
0.173388156085780787
0.086496378792589507
0.027525438116718544
0.012915307745371991
0.000894888873162024
0.078296206301783453
0.029313201907598292
0.039272394752841999
0.045806008012419408
0.025686042931304432
0.022799063459059805
0.072245999476304362
0.033002866903682704
0.027177244788604948
0.050244911160633413
0.033322187085864076
0.093485695287352663
0.084831415566246349
0.038054790566542020
0.020137222549165154
0.022163463917467846
0.073322165671758491
0.096823046629649065
0.093713085124381090
0.022439997574261294
0.048547190833492668
0.031192717666238164
0.061734575449518214
0.053176891693350201
0.039937826008593531
0.033618787707978486
0.020974300370740898
0.008901531103435424
0.062483210696935396
0.048041168653506980
0.045703980873979658
0.027984824127191998
0.010844776457764192
0.046101272826578728
0.041147929402333333
0.105869075308419172
0.166747954926916797
0.110756088481176573
0.030332208731832275
0.092630880152262771
0.056580777914371265
0.077405142949945591
0.261460794471194746
0.217551391769127439
0.111262285563884372
0.080861925682862268
0.114880484968220842
0.145106541866750177
0.173830889606730932
0.054385048874795672
0.047657226368713793
0.104282633720537615
0.044345853853379705
0.063138285171794484
0.064586398047748378
0.056696213579641844
0.048722452927248243
0.119464964342391816
0.059889847889761441
0.077109073365996844
0.090550708697297616
0.084543224586987639
0.021737534002079777
0.016096365767159129
0.067616412077474763
0.119355589523065714
0.141124262354416108
0.025891821913360785
0.007726453684198848
0.005611788929845813
0.052537776071509279
0.060039757545083020
0.068183396019529538
0.026989532288211073
0.123731152435058944
0.124573929072380130
0.125528179309836563
0.075426538692751371
0.090111755775786076
0.039638625257565230
0.117407520961999023
0.237708228212422018
0.112973948138022903
0.064426599776822455
0.046267338917047880
0.026423981929385550
0.033607369096893679
0.165583597581386022
0.076277071025014659
0.091231176482687221
0.092454899320806833
0.006041371925522200
0.040232048080692834
0.247210767606597714
0.064858469687161482
0.099837792731370889
0.071825727729430397
0.000721090353092828
0.055295880387668285
0.289918868268502328
0.043901551361710853
0.046846837287422088
0.089276031395537331
0.043064403042769102
0.047556432099917403
0.122678957272829542
0.037421784761313227
0.045247593495212138
0.132024034109166133
0.101396229079390804
0.051530193842200839
0.100924057042920845
0.051931192736238606
0.067359087241334867
0.067354508997176432
0.056125379200232341
0.083372608746076465
0.090114833227683655
0.141700453098876744
0.071362749114858251
0.162153902602238720
0.023709667352654541
0.098882940094145055
0.400000000000000022
0.109502040276443377
0.058276437116161359
0.187102282786483304
0.053763809371832005
0.247012910305383582
0.400000000000000022
0.079094320259271336
0.051359857350674026
0.080815702411491927
0.027875214119228497
0.355243935200475480
0.400000000000000022
0.018668221903262557
0.028497143555028054
0.064068152310082713
0.071447884562649791
0.373022580776633528
0.400000000000000022
0.158524337047834141
0.122942505546476732
0.192134023182872676
0.104883002534942649
0.136439701026923238
0.400000000000000022
0.244020089204420809
0.097138513541169341
0.251440567466954090
0.077673230547861294
0.400000000000000022
0.400000000000000022
0.144047209078379673
0.083473081289030165
0.362906164684704380
0.078976703282504793
0.400000000000000022
0.400000000000000022
0.117359370259639606
0.125459187893916663
0.170154113381667749
0.090619078846139400
0.246966949159426130
0.400000000000000022
0.217041192922863890
0.066543963211901175
0.084715188342711675
0.025547188135632476
0.121698721605870322
0.139630310603187618
0.141267427133778850
0.036815662289480772
0.105720228836796465
0.052256894457564630
0.366452165429275722
0.245001391509778343
0.175168190902220355
0.061380029886287713
0.078203102924305309
0.045827350798677141
0.397611197810695982
0.398104310350551382
0.129068843449755943
0.069724456860469256
0.064454174223212632
0.156272044220098466
0.183643292389691820
0.400000000000000022
0.144579260848679059
0.157349911146025562
0.188227818295848753
0.095406782609348484
0.121267391854257278
0.400000000000000022
0.135636257777697194
0.143058219134237719
0.384467515116534764
0.062534489396487175
0.256523656282631962
0.400000000000000022
0.046303885879167755
0.030144660920970227
0.395669040944291006
0.138948455035208335
0.245338554077140752
0.400000000000000022
0.122060924108130811
0.079976231757858396
0.247280041399419420
0.165484795084457126
0.100746248144054112
0.400000000000000022
0.055368995364131597
0.028423542741399119
0.010426078164456721
0.002919989963006644
0.019892711781445187
0.056048390160937982
0.070915260615339273
0.046034073711574794
0.038576562719448093
0.034088994172862909
0.080717906818211643
0.029742053914726764
0.259428634951785697
0.219032413644191071
0.088365613240850668
0.040890694348570240
0.054399490723621935
0.053831168284961747
0.189183130157907886
0.400000000000000022
0.374169046270420247
0.024501190360799504
0.073276126334059360
0.158582548634958298
0.116381860471161877
0.301733439515291135
0.382280445019838100
0.021146741368132171
0.078683567584507369
0.193712452331795765
0.070379119215683600
0.116979483827250069
0.400000000000000022
0.104961950173055346
0.038461454851217498
0.067562880764241828
0.060813197196957353
0.052048589572026613
0.353632220379588635
0.123373040812690876
0.023378802660198841
0.041733161505100119
0.062444942684852747
0.056532882855615196
0.258186361616183468
0.337536800688003791
0.122557961158238693
0.057072564545086850
0.011477106716292856
0.030969620889399963
0.031037237011255766
0.028838621106503821
0.032888403644764058
0.004706861791902909
0.031893367856493486
0.033247549990046699
0.010623032810372596
0.018696084233264080
0.046708327479539555
0.005118679979039937
0.155118793734947247
0.209588739225990167
0.017943522824125056
0.013229719844697424
0.024981665204988162
0.002461865661744189
0.049466256232706216
0.209472186939298255
0.110805551146038198
0.032367449285981564
0.014749243775524336
0.016002425233795296
0.017684616239584075
0.172227234847497135
0.338512096281866792
0.165951315910335295
0.051594273263287763
0.033944057099483262
0.088045144368345540
0.117375912410879912
0.089193596283866902
0.048851768906028416
0.021558662858495191
0.041802350528391034
0.038230858828682088
0.032217129600302985
0.043691082509744378
0.049704832704922895
0.019030340289219870
0.010934378082844993
0.003537728602499482
0.037456454881876787
0.173157945216277198
0.235995067770296163
0.137678349909886588
0.106227589965447386
0.051091045534953361
0.018307485324779549
0.020493462205144537
0.020612770955475913
0.003298109039943447
0.049358870915594835
0.016924502165042245
0.052590685238392047
0.051822594160913879
0.031060342012210307
0.019076091902657986
0.000084873608176957
0.063667333734602760
0.064343863236360557
0.029944632995123753
0.019905865817777937
0.022286380385113786
0.006431738305415456
0.050420532190603717
0.090794657351966152
0.048360261179725660
0.016601425658357028
0.062756482472710748
0.144259879946703362
0.039331988476679403
0.084128324223601322
0.112925313114549689
0.069459835447144014
0.115038781069897816
0.225591957892158940
0.024692983466429005
0.040393637586821608
0.150457590125668200
0.059366324751488800
0.011283379570709094
0.007958922929876535
0.009636020691863142
0.013201692630879416
0.090153472587927511
0.078943848848915782
0.005407058137017267
0.000000000000000000
0.017726253586736754
0.018889380343685647
0.086553623113404546
0.189968962494028171
0.144513061510814445
0.083499997712144849
0.400000000000000022
0.400000000000000022
0.400000000000000022
0.400000000000000022
0.400000000000000022
0.400000000000000022
0.088355099932756420
0.107444709093198809
0.110833347622607062
0.063513792830276694
0.007800930212812898
0.000000000000000000
0.046734519386490342
0.135934144319780459
0.179843671780111541
0.145132033185944032
0.024774590629547275
0.002665949811753173
0.020221027165142375
0.113989648189709941
0.200210386306311716
0.306565998166821951
0.209333556230184681
0.051985712824814193
0.057152913586102166
0.086799641099257405
0.272502917983351467
0.325993431001256440
0.369312855469003720
0.117526572118770309
0.055872548265415031
0.057984241218996618
0.129402123889035769
0.172614362335538479
0.102470751281744876
0.028384939474939475
0.039751110036328925
0.078855001075567713
0.048938473371705933
0.060587659026276011
0.038885138975346352
0.027761229188525218
0.016369568992931387
0.060538790872156717
0.083855291129407178
0.253433347965616729
0.134347849508598460
0.062449368841899298
0.075860290975070410
0.064939495876014108
0.152256312601137783
0.093043979561387935
0.021160052234772946
0.023920753029142188
0.081561283381689498
0.032241515874588150
0.070501022441013861
0.059170157187199632
0.027781971984473595
0.010769538623538723
0.051524660172683631
0.036034705332602848
0.149938712063218293
0.107824072136755322
0.018888983647407886
0.004389420103873893
0.055314454311401626
0.079051104319977056
0.385309308080082791
0.264697971228377071
0.135749013127122231
0.061936682930330750
0.065859782424223121
0.010181703923867344
0.200372476726496274
0.281804196952291308
0.277826751054479126
0.084541979882253690
0.084416565787263642
0.129139305507422225
0.126098019309376697
0.155725297228607673
0.066430285594254609
0.054015787067918368
0.059947225686610157
0.178858109124780035
0.123318784605794651
0.095058492389246754
0.033909061841320233
0.030714845990245158
0.086813648231257617
0.141906674116279885
0.111919601830611309
0.146582585492208567
0.099186106170578256
0.061248035179178040
0.165239452119562064
0.094085363237991188
0.088736258261209872
0.051287654833405326
0.026626244507270982
0.027774544540768435
0.112707401122921672
0.183184895404809589
0.187430042936693270
0.101858958737365668
0.015562888125982421
0.046672295660734581
0.070268987797781679
0.224234594753178695
0.294113065225721171
0.212528502061523183
0.040735711422031556
0.095531032197820609
0.077471320510232269
0.135932556970803808
0.331543180213078881
0.236610192343774783
0.135623190291290385
0.080861925682862268
0.145930020704346630
0.219379521531030214
0.232400960764490405
0.152124014228602611
0.144412410676392544
0.107429988216069194
0.121255764251276210
0.219701732055625737
0.112697917476791906
0.204076627370031627
0.057519397947595460
0.123333725471826389
0.138767090029249668
0.149715224061005070
0.137239444653569076
0.201887858633684220
0.025481851819278891
0.016824039657748761
0.106622058968144875
0.155698472150692158
0.168026867261822449
0.033186102371850254
0.044713177606300496
0.017467078013787884
0.124346207132369255
0.175232476175820662
0.175906539483479507
0.155337371028920673
0.147114759264628581
0.204250592109861545
0.177671149852567878
0.167508898474723833
0.237679541549799644
0.169487790543518313
0.162748699560273269
0.283245844500940425
0.174073059469526642
0.102479941648207701
0.238228722843110530
0.291389251836152385
0.106174482007724488
0.217079141033566847
0.117683581841996926
0.198820756752592226
0.223782103744039007
0.100067475252795537
0.115289253802725311
0.259064007594655810
0.173736967207190285
0.203400498749623126
0.295324183217297254
0.370331589283402152
0.236343679922011690
0.301223116308038441
0.135533020651431302
0.400000000000000022
0.258584238926054200
0.197261631251805652
0.063026364038198029
0.147058210469093315
0.125881865125400866
0.356980632469577397
0.262429736341421305
0.251409159980388874
0.082180379750426483
0.172935144772710797
0.186211548558832929
0.191562772425625139
0.138310533294002252
0.105370244778704159
0.115812534967418057
0.116059951513519222
0.400000000000000022
0.220065995630444267
0.327436803644100105
0.283412704971750307
0.150569283496388706
0.400000000000000022
0.400000000000000022
0.363803365286481106
0.400000000000000022
0.363226073833169627
0.308331790112075121
0.400000000000000022
0.400000000000000022
0.378166158644276051
0.389217220375055684
0.329747293843501321
0.384085449248239175
0.400000000000000022
0.400000000000000022
0.144024841656541919
0.313480355029755242
0.306770728397013082
0.393920221723652819
0.400000000000000022
0.400000000000000022
0.349751558667238172
0.388040958218972609
0.400000000000000022
0.375116695869550321
0.400000000000000022
0.400000000000000022
0.400000000000000022
0.394432327198982691
0.400000000000000022
0.400000000000000022
0.400000000000000022
0.400000000000000022
0.324481451345674854
0.400000000000000022
0.400000000000000022
0.400000000000000022
0.400000000000000022
0.400000000000000022
0.215099505124254659
0.294669687030533589
0.196699942285921692
0.286886573527033728
0.400000000000000022
0.400000000000000022
0.283321529729210653
0.235488147099448403
0.090162128489579871
0.178720704823207788
0.174484374493467098
0.400000000000000022
0.288492150559592042
0.333128404896201102
0.246877513767740669
0.400000000000000022
0.386177198727871263
0.400000000000000022
0.228353416405176701
0.243475465284228310
0.226578162155850082
0.400000000000000022
0.400000000000000022
0.388753587750008567
0.228566325073836368
0.248932586008632606
0.400000000000000022
0.306772720141367139
0.400000000000000022
0.400000000000000022
0.400000000000000022
0.308557719356372995
0.400000000000000022
0.229485014044394003
0.400000000000000022
0.400000000000000022
0.319642510672779323
0.400000000000000022
0.400000000000000022
0.400000000000000022
0.400000000000000022
0.400000000000000022
0.396910951448084193
0.400000000000000022
0.400000000000000022
0.369360646117872449
0.400000000000000022
0.400000000000000022
0.400000000000000022
0.400000000000000022
0.400000000000000022
0.250710086507532459
0.400000000000000022
0.181014518431909965
0.121426956793564869
0.131280179405631942
0.089258922938027577
0.039627715967569088
0.078648710047051373
0.191039744080245544
0.244005706892943347
0.173015123416449923
0.103811068908309517
0.097345181357491428
0.039020175475585062
0.388547015601960921
0.400000000000000022
0.371000402163238929
0.178167660348351825
0.084782074868804777
0.066296189086315988
0.400000000000000022
0.400000000000000022
0.400000000000000022
0.368671170599797648
0.146454983077111495
0.179179621321115895
0.207445235065047695
0.400000000000000022
0.400000000000000022
0.102804891662942238
0.125007218373685280
0.206942124780657932
0.112432608896060993
0.289831661578645372
0.400000000000000022
0.162796315552196480
0.072427056434998152
0.094606240691119017
0.152069306051792807
0.232624447425933800
0.388152562217196961
0.400000000000000022
0.297038299415225970
0.052891362559441671
0.171517770703604466
0.317643666720895335
0.400000000000000022
0.400000000000000022
0.400000000000000022
0.075660703151962966
0.052292745874026020
0.102649775349019090
0.084425862573985253
0.082060308903164209
0.048451693426157294
0.008607756535664602
0.117966232104031399
0.136434923878420405
0.070434495403467010
0.114040340183493197
0.101290608770727181
0.032180543698349204
0.263988794923229908
0.400000000000000022
0.297381405442578850
0.166625746602194535
0.044329721120029857
0.009171254452385140
0.118764417979234885
0.392931994373745375
0.400000000000000022
0.400000000000000022
0.131935021915888850
0.016002425233795296
0.028454818276312775
0.215450431017234378
0.400000000000000022
0.371382829194708886
0.097977245938655505
0.033944057099483262
0.116307931344744625
0.166670049345842147
0.146773979720865366
0.141705150469972452
0.024478784018151192
0.058208246006849491
0.102205291442590288
0.227505974783727249
0.093094002593954769
0.208217341986250165
0.125249736143559803
0.034288223912244821
0.040835955169966291
0.281605364591245466
0.384186445140181521
0.400000000000000022
0.400000000000000022
0.146300168953604037
0.062610182662865901
0.044600740725159432
0.033429148347457985
0.036407874398557555
0.008555306957072035
0.050387056993157014
0.056245819056347013
0.117744429109986920
0.063714125206912192
0.043852516501660319
0.030589787131470501
0.000215654437024778
0.124600464897855756
0.360471718977758704
0.228210429019587324
0.072997738862667333
0.028570608302950593
0.008730958359825592
0.109362059999704136
0.264009424837917062
0.254268806780305778
0.397758349192856797
0.386269672324456970
0.157587338854016185
0.059397119770716142
0.112792876692757629
0.178789034350380460
0.230615146556172351
0.232306566940700371
0.248518114145935054
0.056542196038053147
0.068008903910819096
0.224522332540090463
0.281643428107944072
0.023819077524076353
0.014019066908311444
0.015016539075353726
0.069178817790223585
0.131597173827196018
0.119842011843630969
0.017004874447936795
0.009144955611529728
0.059420347591376439
0.133116947313891454
0.193562513081878051
0.227284345605209714
0.284286275971050606
0.135689304734267935
0.258928328482076697
0.195615903327775537
0.200127327458337584
0.160525298238192643
0.116266956346612160
0.172855083595452125
0.223724952519391757
0.248161889059764829
0.289387741383108132
0.188920611616038125
0.140059386819275322
0.165552907002643412
0.226054097357795525
0.288738074423024071
0.254262858661416680
0.187084917846343957
0.134826245883474638
0.164790189929930914
0.200751559093876319
0.248084975812200431
0.360364845150677016
0.356321171599032538
0.226456952096457859
0.208078696503361915
0.211730789144062320
0.298475122422578731
0.323126770572853883
0.332332297450376013
0.236870258355366847
0.229697748357209991
0.222757093933005301
0.277706993088900567
0.260478389683316103
0.260790765179453377
0.161965700314256167
0.164804604251582110
0.199572195307588712
0.260529519736424853
0.241953922295924218
0.298157674376672011
0.166882167074332427
0.154004967914892849
0.193361295364222890
0.205565694937095034
0.271851878488089282
0.331725306294061106
0.235241503979863875
0.189866405848265890
0.271409461354750359
0.183919393258747649
0.217697890041085418
0.172270476195422739
0.134232025828464219
0.167550116175818220
0.226057772594087991
0.185268526688087992
0.235048662416603465
0.204743663532383574
0.236862602961850938
0.169611479808597337
0.242665344120676640
0.266237521865691162
0.226690752981820814
0.158129542098447179
0.165278421426076877
0.164714811950145867
0.224553467302957249
0.256234094036709881
0.353065685342585978
0.305443002625752857
0.251662494289333849
0.205697021664174584
0.225772860354955807
0.294372665937817246
0.352388118498138780
0.300725195606216078
0.239127256469882976
0.225599528085440787
0.225817735272285547
0.264687765231599870
0.312262911035687429
0.258583764902148350
0.165086909815114119
0.161496016033541273
0.197455413119815376
0.251834886452166729
0.291517036497398907
0.301431029612780288
0.186471782186495960
0.153246654151673184
0.203441510843746259
0.233210702696797390
0.293189690784583457
0.298005850630305047
0.300297185166340463
0.192960130974649202
0.256334758043116284
0.170711455422036557
0.168900055709265612
0.136325573368839020
0.115074230353359883
0.187667765504732742
0.211149713815579926
0.181574062794433944
0.157079136334877523
0.104527248242895068
0.113202178536555884
0.153293789201860292
0.242790902827300814
0.378905140932773721
0.378853275903630882
0.222997459701398559
0.122251200762146531
0.152595322688336060
0.196586852370532222
0.267757233903297864
0.419002938647116852
0.388115420156950608
0.200059301323687572
0.192814691226444429
0.204255262892624828
0.270089526191172935
0.326891773344141212
0.366546930420865447
0.241062045325182689
0.230780222482097952
0.207839901573990543
0.244036245296131826
0.256388347597323818
0.276327349144143086
0.172469760106738257
0.169934392510551813
0.183201363095115338
0.231847338211989024
0.218201893906066619
0.280899630084827323
0.171469646113048824
0.158519471575200549
0.196517478842175547
0.246679402931561431
0.270214597292926351
0.290151444745599785
0.223448946511307783
0.189218752430472897
0.293314860323534710
0.180900483913365107
0.189089543553616291
0.146729253604228921
0.115644051054733368
0.166285903534177826
0.223563016308824775
0.167270173704357511
0.175119642311868051
0.115354852447924483
0.142621743788482663
0.146126855774389497
0.246316867686220992
0.291143136783436396
0.308864842758740654
0.247884504141748729
0.178907172532571407
0.155518322785977409
0.210462218142846019
0.250565148389761239
0.383015421654380128
0.351463342191914774
0.279608975782465963
0.192709354026661367
0.223846763203104510
0.281042731023677106
0.319274129563548559
0.304229180103836094
0.269190298773170966
0.227923431012439254
0.221340074637512180
0.240812741145814163
0.276257133711004077
0.254530045838485153
0.173663954068520032
0.167644822872920068
0.185319689339138061
0.215391345157424807
0.269837843192344995
0.278484906374445895
0.174849193301738454
0.155505743798314722
0.193514411183230012
0.238244550638712499
0.351454910209917981
0.296211052014238474
0.260004814559508968
0.188013337590677287
