0.400000000000000022
0.400000000000000022
0.400000000000000022
0.400000000000000022
0.400000000000000022
0.400000000000000022
0.001072897228848824
0.010637817601131208
0.003858142934399654
0.001511134588305626
0.000028344403819349
0.000924593148703125
0.002230102503608652
0.002493512092343823
0.000000000000000000
0.000000000000000000
0.016584317722280716
0.034719212194845299
0.001742798965666006
0.006675156801511900
0.000000000000000000
0.003635821024509366
0.076830243332873457
0.143712765366122264
0.013826901754176366
0.019474152627121887
0.005624778365830628
0.027497478195468876
0.032584670430034830
0.019880720964601171
0.003191335858164304
0.018533953092027936
0.034931437087350893
0.021368142925059702
0.003728576789486160
0.013170579895098601
0.004994263963008999
0.055297588193227581
0.105293822310743468
0.015649034965174391
0.008857930174017519
0.018374238016426400
0.000603343673315041
0.035149810976512326
0.045051788813703975
0.004079638361343046
0.012999542800732587
0.012131446265529439
0.000000000000000000
0.053766020519134504
0.056112931324069887
0.058896437819068122
0.020425977161534291
0.005124841830699141
0.000308452003274201
0.003036223591492840
0.001665517240563074
0.002945971331140933
0.000213259646275932
0.003518185123028926
0.000020026750180166
0.000758136558958146
0.001386713968022800
0.001315160555084697
0.018561125390034093
0.026586641373656055
0.000076318955832135
0.007379333328429953
0.007191557717277747
0.062376940046275066
0.118505071139410292
0.080125489646340836
0.000492042769996641
0.010870470662291748
0.017093998452728763
0.129457713768034832
0.073062239336929236
0.017708261672378489
0.000398041038216554
0.038666120067138897
0.080412088155895622
0.135901567262960821
0.003832997536081106
0.001625476359232421
0.001237378226888704
0.087212905614238639
0.108220133878792535
0.071246030470900501
0.002094075020241164
0.001181693257050879
0.006566464268945569
0.079209664159029206
0.088989219944378917
0.001765908916927276
0.010544464246024808
0.021817775992014551
0.079852560899434266
0.013093164987364528
0.012668542866601663
0.010858519523419886
0.001475643634062685
0.005477798707186821
0.004218090902521321
0.037095508399119438
0.022824382847017807
0.001227197781553533
0.002226946683261281
0.001825850666349177
0.000000000000000000
0.016095954019608442
0.014476525633018282
0.005221250127938992
0.035679173908981260
0.025220078369852513
0.000111253365064412
0.012436669811455112
0.011333194949222018
0.030783070007296302
0.392682255398558389
0.149393808204669576
0.000025505967208805
0.011181365207377527
0.013274720396812406
0.232244364057825892
0.400000000000000022
0.179879811753434704
0.001621856509627010
0.039614767106226675
0.116707183103693907
0.101152090852895019
0.053316058746269553
0.035865640187052059
0.003645453082829134
0.085240946792219885
0.271231974203592963
0.112614728150158161
0.002399033231766643
0.010895054404245293
0.018868426318457848
0.128671919598544293
0.159399981826234327
0.054963761692868721
0.025745027370816475
0.030037370947743093
0.000000000000000000
0.008068727000036713
0.038334425843272416
0.029060050673696543
0.004085195379855252
0.003820727425366314
0.003535780348912557
0.028857230406928489
0.046409986441136163
0.006464739511615999
0.004696558748856329
0.005278713519472904
0.000229566314979209
0.165315459421132960
0.141248997410447247
0.035024626140026840
0.032500807543997090
0.028594188305671397
0.000000000000000000
0.050507812260278194
0.067250989682269433
0.029774442258403498
0.375363442227928057
0.195536363200911029
0.000123709591335580
0.038323271188413589
0.105669125924766530
0.380308210510969191
0.374814335505116891
0.251584919948675600
0.000898835967321516
0.042376138040098696
0.106004120122872622
0.382047695954833566
0.234795647738277657
0.108102618762286148
0.006847048072163379
0.116135179974286629
0.320794170742858986
0.152302628609278734
0.018896878970295714
0.047102322276314307
0.027558744617637909
0.196337716536616941
0.257393514802733814
0.046070005275211108
0.006868229534052776
0.075710064890875256
0.400000000000000022
0.214850785125953347
0.395469247508820509
0.375667342920173231
0.128551276434642231
0.025741155609674073
0.400000000000000022
0.266106112277582629
0.400000000000000022
0.400000000000000022
0.197851872946941398
0.054450007371692470
0.400000000000000022
0.224228391488661610
0.400000000000000022
0.400000000000000022
0.139363948237335361
0.036809868274310771
0.400000000000000022
0.299082351729870299
0.400000000000000022
0.252880327558449580
0.135468375718655831
0.098858380708565577
0.400000000000000022
0.242058590701425935
0.337826957546056350
0.284380835835581602
0.135519170991112187
0.044286588822049416
0.400000000000000022
0.205639233913776281
0.217989743261290503
0.400000000000000022
0.290765978462427022
0.146918427891406966
0.400000000000000022
0.156876815269075015
0.262642570393223140
0.400000000000000022
0.298229233090964774
0.134474043310382485
0.400000000000000022
0.213161506110458754
0.400000000000000022
0.400000000000000022
0.228064954024748245
0.099732583331019600
0.281431131318669758
0.056978087458309935
0.186065663042543128
0.241100204151886210
0.084968221798156288
0.018789308340037995
0.055373647507064007
0.104258847800191817
0.387040943813919847
0.355707458016453482
0.121771055890439073
0.033634465826082760
0.082270316946227939
0.184470189167138227
0.381864678237728628
0.400000000000000022
0.130425565118229142
0.045544625199993923
0.093450866616462971
0.233109887293069862
0.398917439785044237
0.180108657053861837
0.020213894623630491
0.018605219331832738
0.082539714390326285
0.295229908445350353
0.400000000000000022
0.239256165796201681
0.057198692902085867
0.007385982000069153
0.135073129992151320
0.188107382076469820
0.344330909727103118
0.400000000000000022
0.176482925058535828
0.063604496187683601
0.097708772362181062
0.077684420363449427
0.289332334328169072
0.400000000000000022
0.216991432405297557
0.109535337282792800
0.069279509756450502
0.088264652168721966
0.210540160691949085
0.400000000000000022
0.188212265234577208
0.129390563556381760
0.000000000000000000
0.007234491431077126
0.003644395837813905
0.042219552827442740
0.016123575676692047
0.014411450469303822
0.008853454175726500
0.041317408232164364
0.041093086183363270
0.056780645043206956
0.014798685046250471
0.004119495884964090
0.005378295187806851
0.157734862913259666
0.163419796516631410
0.106688971882982528
0.047689174413066873
0.019562504187771869
0.000567541052835238
0.126110932229228950
0.165264486832644247
0.129274094783411814
0.032811810301505089
0.005468525904477518
0.000147871075559883
0.056997490242559540
0.200046636291784596
0.119342608416081686
0.023751587923732501
0.006699388123896627
0.000581653160808370
0.037787563400514000
0.179088047777549969
0.103969634069668526
0.012435294302571004
0.050968197633578134
0.001627998211573780
0.033269569466545634
0.139132818286666210
0.087787851935655262
0.012295719084564744
0.060990738220292530
0.000000000000000000
0.047060989221960524
0.135374185685493281
0.068325859782277190
0.008323367926386769
0.076069606880452639
0.006320321731111548
0.023813593514966841
0.085395425663677416
0.056797772698932318
0.004023849745776087
0.017356556931324440
0.008369819241538503
0.020485950813959226
0.002488891738392813
0.001195394422408025
0.004479377445154103
0.002092684571270998
0.003208727331492661
0.021768945893299852
0.003434463556448333
0.084300915108717289
0.068296099835387050
0.067609455575665958
0.000937095651888702
0.011613487023261513
0.000738499820099130
0.091912682398256063
0.062547017903932745
0.050017055840679975
0.000304156574943817
0.004009591893026740
0.002374074047942518
0.072779430501544090
0.021590844814185210
0.003705964091302034
0.000966783048227348
0.016619295832528521
0.019684460265484573
0.021426468110163278
0.012446490187379956
0.031676297260104833
0.000180825425841359
0.020235065358554710
0.186130085780443322
0.003540841010874952
0.012750638524430829
0.058068786327648045
0.002885906100406825
0.033842974281322311
0.080218452682272359
0.009186040147239623
0.006638935600711425
0.035207567305178544
0.000569752218160298
0.055656980982481022
0.049681200060994517
0.038848582037892515
0.003209902793353217
0.000954956912913137
0.002985663065831773
0.008313407158941473
0.000974054801936967
0.000321090503896774
0.001380338618615086
0.002651339809433855
0.001453867888039185
0.007152377059523953
0.001066776826578777
0.000473457799830491
0.034368528769855258
0.268469161670378709
0.000000000000000000
0.000000000000000000
0.000356788282146060
0.004515585668574446
0.013943212962217432
0.149886449311162406
0.000000000000000000
0.000000000000000000
0.008104866897841193
0.002384598425126116
0.000188017275444433
0.000789217869554722
0.000546276312172699
0.004271062659019602
0.045058562232027741
0.010861264405367013
0.000807082527075007
0.003121325990465639
0.001505078361259631
0.026644518390928365
0.117793601359020117
0.027427471651457258
0.010482521783844331
0.009890184763675168
0.001349723784394861
0.095045517090482173
0.146157323694960900
0.002683881367870644
0.018907950104099222
0.018022253846604681
0.027336639730155529
0.092646101034271205
0.023781695749946170
0.002142450133174785
0.004690228262316637
0.060523345511617602
0.005586681835573946
0.003558250822092910
0.000013231849194492
0.000089001012635240
0.000623576884025677
0.003252886804982813
0.000362724444223023
0.000237020148542681
0.000000000000000000
0.079485099254518382
0.371175272988106819
0.142441935691799221
0.000000000000000000
0.000000000000000000
0.012168873334536907
0.058061577807654863
0.269360642596430500
0.064018338233061162
0.000956473770330178
0.001122250034244638
0.012011207173820935
0.011421346795318794
0.000139084783151151
0.000583819736705378
0.002290092802176307
0.008246931816700840
0.000000000000000000
0.000000000000000000
0.002832532598993936
0.013539598949183759
0.000101005165197056
0.014991781398760100
0.011247644854919797
0.000000000000000000
0.009681147680200737
0.038235112086545273
0.000000000000000000
0.054172570944201373
0.049525990687306704
0.000000000000000000
0.012957075403233249
0.028742189475704415
0.060092232008033208
0.051564455582221475
0.000000000000000000
0.001383809633269633
0.010032228205915353
0.011844671003860120
0.001867643853902351
0.006453564725000501
0.002993132160853792
0.005712374228188482
0.000647348541585189
0.000000000000000000
0.000750295186238265
0.004673964188431410
0.002586724566322238
0.011012927749479692
0.228109362646270075
0.075775595248262204
0.000223266596571878
0.001361245487702199
0.007219633593391736
0.025599734249754029
0.152304157425187742
0.036918840033960260
0.003174661805432735
0.005737929521949534
0.014800011705359798
0.020517318568684627
0.002766317148443802
0.001978873474396175
0.022576495462032428
0.042976313961358620
0.073637408007093036
0.002708949128137142
0.001492369542709945
0.003262098191288254
0.003949656649953969
0.013212872889004943
0.015374773524286794
0.000900922090739461
0.004314837244757837
0.009802506732763186
0.005707041526779177
0.047145390895733205
0.060595167727624334
0.014887768739111192
0.007465457341344461
0.023751712796123963
0.090904265476363641
0.026530471182446697
0.033994883401259682
0.013555765310627436
0.026543972320683257
0.013415555653430063
0.019833654775755698
0.042074721533525941
0.006279586808189331
0.010155326916952631
0.001091203874798027
0.001248137071910785
0.022734389045715935
0.064881297466398091
0.009138337784048725
0.114350007289629782
0.362135675497861631
0.061070680542279460
0.000714356093332642
0.000781737395510070
0.026980353795498277
0.391299973124211053
0.359416194712701476
0.041326949568321517
0.003439701343293328
0.006195207564815805
0.205879399589132484
0.353774662032067755
0.020535973265760288
0.019107231528277181
0.024536011653936630
0.105006310363314689
0.398150564362772297
0.033081112781445779
0.006084966643476342
0.029665355488315687
0.009205011728835016
0.188683610693755749
0.139354310465129139
0.002915431733329905
0.016358327451199646
0.064972676724413564
0.019576299213397392
0.099004585417917082
0.036927673121223213
0.013858471183559127
0.047911054065658321
0.080552315347070108
0.033547739148795004
0.045584230358689630
0.021862413550432919
0.009045424177101358
0.046011593565067108
0.042133001921602145
0.049482583249495997
0.066603156684344633
0.026249945858202714
0.022479896416586848
0.009105055729722037
0.004740485991919062
0.201165454909493613
0.081240893543895590
0.030630687971454591
0.060868671870214643
0.073222637173974828
0.014566655024293780
0.029589164269059134
0.035151427539715792
0.060083455025752575
0.366663481769173183
0.177556252122677227
0.017641695776040502
0.024154886147172587
0.059480581408268132
0.349166363983726802
0.249814151196730949
0.015910231126364235
0.032854173187525107
0.059984343246372092
0.188755709324499421
0.340982459201188637
0.068087125275829163
0.025650896079099341
0.048652303357523900
0.019519347039700822
0.294047137270504300
0.153701718608061921
0.003208878175714537
0.044860675461280572
0.060538023691112289
0.069759796058311369
0.231778456270974154
0.061942054239525590
0.006503100476575194
0.091298141192715995
0.061273228267618288
0.387779352388473830
0.080713896800870655
0.068033658385600548
0.026182842221743507
0.326944343675603544
0.400000000000000022
0.365110292768670408
0.123741920192143459
0.153612244921149721
0.077276590338651904
0.400000000000000022
0.400000000000000022
0.399725111663376986
0.153310456094513353
0.222337348512600202
0.087412936877476033
0.396551957702407032
0.400000000000000022
0.285145002585589946
0.131313094325337887
0.285113551822310740
0.169180971668029534
0.101974446203652439
0.400000000000000022
0.329872236475776126
0.160498691320578368
0.349034510717900426
0.120036647729899290
0.370618770546677023
0.400000000000000022
0.400000000000000022
0.093009049676733305
0.025677018558761901
0.012746125694671120
0.400000000000000022
0.400000000000000022
0.317103209572707878
0.108040570730406238
0.055096195763057305
0.048495384751792436
0.353555709467313795
0.400000000000000022
0.400000000000000022
0.190213950950186617
0.100063785148291340
0.086905468497799648
0.225557104703725031
0.400000000000000022
0.161989070481410369
0.044317792373115901
0.145931429903864707
0.069965091288833631
0.045211937392357279
0.130871935153496738
0.329276787453142872
0.102503888480672642
0.169303695473550897
0.073842506094114899
0.202075141980009032
0.124382968060133409
0.199326936579560271
0.109087859753646071
0.270859028432519022
0.116996311951761134
0.152567574169653775
0.067096978212017613
0.400000000000000022
0.146078860070937011
0.222615109910279885
0.129325148208111917
0.072980222406834147
0.264704237504274242
0.389671718376117859
0.073614703086622241
0.042759151863833431
0.011562795550971743
0.271709346446360023
0.400000000000000022
0.191500310235261123
0.044898130386450026
0.032505210860485821
0.005092610181229979
0.111880000810175947
0.400000000000000022
0.399430672819557131
0.081714381402415617
0.062277993667375353
0.040162536163377074
0.266500955152317032
0.400000000000000022
0.277153350822192501
0.163587706960495072
0.090683893513805430
0.066511385349126040
0.290388815697921243
0.387574021918574707
0.028785432224387474
0.036878581573153657
0.032886140872667682
0.020134402604678907
0.003657236232728598
0.002132219433011266
0.050463974857048302
0.033670488390635300
0.034112605220310038
0.021888821147853194
0.013656666515825545
0.007046731740525936
0.034776516484274572
0.016411307234521916
0.045663633243477914
0.036348826203727980
0.033045348614439800
0.006326162893613848
0.061045119446741333
0.031751319987081528
0.019621574231040079
0.075732064496235957
0.086922419590603789
0.254616249828862218
0.057890434472008825
0.072740081619361852
0.008245845915327397
0.022282805063321007
0.025852549311876909
0.117201921091206765
0.018098445700193790
0.016576062198817160
0.035516019811870282
0.031438533853019562
0.004603508844336885
0.053757636129568867
0.082003722909761281
0.025019743512202087
0.102629511636742138
0.031241360975251636
0.022448734186026536
0.061059428362745610
0.002825124672490597
0.081590764447222519
0.108162835680335995
0.019084323502359633
0.052922860628435091
0.053380010633449729
0.022655108279650022
0.013455676173739424
0.004089612917255119
0.005376732740134458
0.000032550962516089
0.056078276672648752
0.013749814797448471
0.029533943778183150
0.007925320475186244
0.009745189065750819
0.000218240774959606
0.000756806922968127
0.004076131426886925
0.012590667928293242
0.000000000000000000
0.021481892481647853
0.010634273894446048
0.012385500106140330
0.004437761710922824
0.011067966589391723
0.000000000000000000
0.062698384735068308
0.042870451089953562
0.078137537127871970
0.020375732926833569
0.045813905196087350
0.013676147146483433
0.030397872489122721
0.008841207911946786
0.081990774691618862
0.004006427671794201
0.010970516620000637
0.099832698674310216
0.036082418663226992
0.003915485010722036
0.020813109735901301
0.006708005243671374
0.050089719714233309
0.240820805229054968
0.031591861036588426
0.021730953410165111
0.024679758035709692
0.000911084771466156
0.105497012158197942
0.137526632680703254
0.008766765121492315
0.059744355150432978
0.042377853714134897
0.165742638391626729
0.030514698098537234
0.003111052359722474
0.001016233346939367
0.001227595583860623
0.001024662782600412
0.003509418021402443
0.009244407889026944
0.005658919310118459
0.009378039699381120
0.005359977795172932
0.002310251909424757
0.000239075373757612
0.005155338962159406
0.009020974261393916
0.029140256044882264
0.009946175741035092
0.005034428756794477
0.001145657584545077
0.007905737184512053
0.000000000000000000
0.072661560345588100
0.094115333509544902
0.068508404510632420
0.004684158021235080
0.023796203695832518
0.026505752572997157
0.097427442821780993
0.060192042698014037
0.044196723527466189
0.003598253315547453
0.006185614448897980
0.101222442301563756
0.089850915109286042
0.003582869990819758
0.004395630914525814
0.012175061017532718
0.047633833514619570
0.098563843262998524
0.003741736991044870
0.013727102296044682
0.009757335622301636
0.000969038568470529
0.033272399500645193
0.044518529088714870
0.003059258874359950
0.015017702313798766
0.006753621049033838
0.400000000000000022
0.400000000000000022
0.400000000000000022
0.400000000000000022
0.400000000000000022
0.400000000000000022
0.006659579064422768
0.014196068423224120
0.003871374783594146
0.001600135600940866
0.000651921287845026
0.004177479953685937
0.002592826947831675
0.002730532240886503
0.000000000000000000
0.079485099254518382
0.378389726836354745
0.177161147886644554
0.001742798965666006
0.006675156801511900
0.012168873334536907
0.061697398832164227
0.346190885929304026
0.207731103599183398
0.014783375524506545
0.020596402661366520
0.017635985539651563
0.038918824990787672
0.032723755213185976
0.020464540701306551
0.005481428660340609
0.026780884908728778
0.034931437087350893
0.021368142925059702
0.006561109388480094
0.026710178844282360
0.005095269128206056
0.070289369591987685
0.116541467165663243
0.015649034965174391
0.018539077854218253
0.056609350102971669
0.000603343673315041
0.089322381920713706
0.094577779501010664
0.004079638361343046
0.025956618203965838
0.040873635741233857
0.060092232008033208
0.105330476101355985
0.056112931324069887
0.060280247452337753
0.030458205367449642
0.016969512834559261
0.002176095857176552
0.009489788316493341
0.004658649401416866
0.008658345559329414
0.000860608187861121
0.003518185123028926
0.000770321936418431
0.005432100747389557
0.003973438534345038
0.012328088304564389
0.246670488036304175
0.102362236621918248
0.000299585552404014
0.008740578816132150
0.014411191310669485
0.087976674296029095
0.270809228564597992
0.117044329680301082
0.003666704575429376
0.016608400184241281
0.031894010158088557
0.149975032336719438
0.075828556485373039
0.019687135146774660
0.022974536500248978
0.081642434028497524
0.154049496162988658
0.138610516391097949
0.005325367078791051
0.004887574550520675
0.005187034876842673
0.100425778503243579
0.123594907403079352
0.072146952561639957
0.006408912264999001
0.010984199989814064
0.012273505795724747
0.126355055054762411
0.149584387672003216
0.016653677656038465
0.018009921587369269
0.045569488788138518
0.170756826375797921
0.039623636169811224
0.046663426267861352
0.024414284834047319
0.028019615954745940
0.018893354360616885
0.024051745678277017
0.079170229932645372
0.029103969655207132
0.011382524698506164
0.003318150558059308
0.003073987738259961
0.022734389045715935
0.080977251486006541
0.023614863417067006
0.119571257417568771
0.377656709152694114
0.086290758912131976
0.000825609458397054
0.013218407206965184
0.038313548744720295
0.398055184108150328
0.400000000000000022
0.190720757772991106
0.003465207310502133
0.017376572772193330
0.219154119985944890
0.400000000000000022
0.400000000000000022
0.198987043281711878
0.026157868163563639
0.144621077469541365
0.400000000000000022
0.134233203634340797
0.059401025389745898
0.065530995675367743
0.012850464811664146
0.273924557485975662
0.371521383776988401
0.115530159883488054
0.018757360682966288
0.075867731128658869
0.038444725531855239
0.227676505016461334
0.196327654947457575
0.068822232876427858
0.073656081436474799
0.110589686294813208
0.033547739148795004
0.053652957358726355
0.060196839393705334
0.038105474850797905
0.050096788944922352
0.045953729346968460
0.053018363598408551
0.095460387091273136
0.072659932299338870
0.028944635928202848
0.013801614478578366
0.010019199511391965
0.201395021224472781
0.246556352965028591
0.171879685381901792
0.095893298010241476
0.105723444717971918
0.043160843329965171
0.029589164269059134
0.085659239799993986
0.127334444708022021
0.383159372694700351
0.400000000000000022
0.213178058976951551
0.024278595738508164
0.097803852596681715
0.398624327472228202
0.400000000000000022
0.382611579383121181
0.284439093136200749
0.060883179213693614
0.231131847364598159
0.383653576378267247
0.400000000000000022
0.260446543817376974
0.156754922119810070
0.026366395111864203
0.337582246841263145
0.398219459774766915
0.155511506784993286
0.063757554431576297
0.107640345967426582
0.097318540675949278
0.340822419267720056
0.319335569042259404
0.052573105751786302
0.098166370726768773
0.136983293158493558
0.400000000000000022
0.295564681926824058
0.400000000000000022
0.386743841517059317
0.400000000000000022
0.400000000000000022
0.400000000000000022
0.354634799784644739
0.400000000000000022
0.400000000000000022
0.400000000000000022
0.400000000000000022
0.400000000000000022
0.340899561354220615
0.400000000000000022
0.400000000000000022
0.400000000000000022
0.400000000000000022
0.400000000000000022
0.363824754487528101
0.400000000000000022
0.392619518578057103
0.237442821922308256
0.400000000000000022
0.400000000000000022
0.343009944159115510
0.400000000000000022
0.382050473132973911
0.400000000000000022
0.400000000000000022
0.400000000000000022
0.295823031500050015
0.243666761820052424
0.400000000000000022
0.400000000000000022
0.400000000000000022
0.400000000000000022
0.264917385999481225
0.317738766156280383
0.400000000000000022
0.400000000000000022
0.400000000000000022
0.400000000000000022
0.332684330432973518
0.400000000000000022
0.400000000000000022
0.385209948160880833
0.400000000000000022
0.393685416855597436
0.101295879831425850
0.331997092946407835
0.311065295440719869
0.130180159190513567
0.149661243493534740
0.381877318175277092
0.206762736280864445
0.400000000000000022
0.386261381483007260
0.317395825219603966
0.158017433886216141
0.281597253525788183
0.293558048920784298
0.400000000000000022
0.400000000000000022
0.282993139287882944
0.112641603412011529
0.400000000000000022
0.344333551878179933
0.400000000000000022
0.309433805261973727
0.093194117030464624
0.283309456836106976
0.400000000000000022
0.332710287620258227
0.400000000000000022
0.250818961347173408
0.328908039348445924
0.400000000000000022
0.326573440227412415
0.233005512462919867
0.357415624357871109
0.400000000000000022
0.288362925868711817
0.400000000000000022
0.400000000000000022
0.159398801765865045
0.342198162527266536
0.400000000000000022
0.399992066620169506
0.400000000000000022
0.346432860578642976
0.251852359129217052
0.301224054205754488
0.400000000000000022
0.395408666054990476
0.400000000000000022
0.028785432224387474
0.044113073004230785
0.036530536710481579
0.062353955432121633
0.019780811909420645
0.016543669902315088
0.059317429032774802
0.074987896622799657
0.075205691403673308
0.078669466191060133
0.028455351562076018
0.011166227625490027
0.040154811672081424
0.174146170147781582
0.209083429760109296
0.143037798086710521
0.080734523027506680
0.025888667081385718
0.061612660499576574
0.157862252216310506
0.184886061063684326
0.205006159279647771
0.119734229892108884
0.260084775733339768
0.058038305547568704
0.129737571861921391
0.208292482207112023
0.141625413479402690
0.049604137235609413
0.123901309215103395
0.018680098861002158
0.054363625599331167
0.214604067589420300
0.135408167922688089
0.017038803146907890
0.104725833763146994
0.083631721121335059
0.058289312978747732
0.241762329923408348
0.119029212910906887
0.034744453270591280
0.122050166583038133
0.002825124672490597
0.128651753669183050
0.243537021365829276
0.087410183284636817
0.061246228554821848
0.129449617513902382
0.028975430010761572
0.037269269688706266
0.089485038580932541
0.062174505439066774
0.004056400708292177
0.073434833603973182
0.022119634038986973
0.050019894592142372
0.010414212213579056
0.010940583488158845
0.004697618220113709
0.002849491494239124
0.007284858758379587
0.034359613821593096
0.003434463556448333
0.105782807590365152
0.078930373729833095
0.079994955681806285
0.005374857362811526
0.022681453612653241
0.000738499820099130
0.154611067133324398
0.105417468993886293
0.128154592968551945
0.020679889501777383
0.049823497089114079
0.016050221194425951
0.103177302990666811
0.030432052726131996
0.085696738782920889
0.004973210720021548
0.027589812452529151
0.119517158939794782
0.057508886773390278
0.016361975198101994
0.052489406996006134
0.006888830669512734
0.070324785072788026
0.378357656758684158
0.035132702047463375
0.034481591934595941
0.082748544363357740
0.003796990871872981
0.139339986439520225
0.217745085362975627
0.017952805268731938
0.066383290751144408
0.077585421019313427
0.166312390609787003
0.086171679081018249
0.052792252420716987
0.039864815384831886
0.004437498377213840
0.001979619695513550
0.006495081087234215
0.017557815047968415
0.006632974112055426
0.009699130203277893
0.006740316413788017
0.004961591718858613
0.001692943261796797
0.012307716021683360
0.010087751087972694
0.029613713844712751
0.044314704510890347
0.273503590427173204
0.001145657584545077
0.007905737184512053
0.000356788282146060
0.077177146014162534
0.108058546471762343
0.218394853821794854
0.004684158021235080
0.023796203695832518
0.034610619470838350
0.099812041246907110
0.060380059973458466
0.044985941397020918
0.004144529627720152
0.010456677107917582
0.146281004533591497
0.100712179514653055
0.004389952517894765
0.007516956904991453
0.013680139378792349
0.074278351905547935
0.216357444622018669
0.031169208642502132
0.024209624079889011
0.019647520385976808
0.002318762352865391
0.128317916591127373
0.190675852783675770
0.005743140242230594
0.033925652417897988
0.024775874895638525
0.242446670456035879
0.161064342559158108
0.178738853557129596
0.164867747511578039
0.131295312616963894
0.143248627982762805
0.160782780676144793
0.151201911382667253
0.156783855985834664
0.133891897759102069
0.113644785781746582
0.077485019286522988
0.164934513199825744
0.174775030541000742
0.188202379047223672
0.180624262811617919
0.234258277343426857
0.163594907039220722
0.155411786973013971
0.165111843857907059
0.187017567856650829
0.223652313039714251
0.284049055187418575
0.267324488498007495
0.161607477540742756
0.184054640473150233
0.221893195710117841
0.254018306885616052
0.205348956250175019
0.188258462581893576
0.153323497669285685
0.179871857671319219
0.227265808538046898
0.213017767233662281
0.146206253726393259
0.164021687293296553
0.163152873228893380
0.219674644393073631
0.265982811344327663
0.170086061641821773
0.139341744940129381
0.173971092026943025
0.152995954051745542
0.297423345873851497
0.243349409936206379
0.142023118761881839
0.124363185749357799
0.177764165016604248
0.232545793591854733
0.134480172678755699
0.201325369776089030
0.179104808462449777
0.143728733942197928
0.138631698932585812
0.144873992190968165
0.086794911346226786
0.172560627409139522
0.136866018581499160
0.137046975811536437
0.079637391558186818
0.155591695609074793
0.108083831619653251
0.207904868922916208
0.192268660065617464
0.275365215855877088
0.160466965671052314
0.147263004617172122
0.100856680293178833
0.210065153981491254
0.264939584265105776
0.315645951390045643
0.242610414736462110
0.149314054648928829
0.093200870032674812
0.287818888321771160
0.309553819908219119
0.233708163304388511
0.184751720958209159
0.145589237124290727
0.085077198113937727
0.309802008078250202
0.229323103456287453
0.174867125240902560
0.167894848528818447
0.155530518547135510
0.111574639123514840
0.342420754697645935
0.173288635385313916
0.189518480647380083
0.185733325212818851
0.148016870914906867
0.140272295481474768
0.277593842783266820
0.144460188445670767
0.186202285381678628
0.192851755715346990
0.261016230476296351
0.147207161226842631
0.167515830607970595
0.147489494785294134
0.126874365858281074
0.152070709136116367
0.163015361193212277
0.115437256800622196
0.135325293154263865
0.108612066015813843
0.101664971998512293
0.076557023741531907
0.164806396647328518
0.187947059915807985
0.187453765283044999
0.184941626066728176
0.226941796210241076
0.149656015468190684
0.154123411957475392
0.159651344170926413
0.190922202084042758
0.246043549041802173
0.282348652834942426
0.246803158804286410
0.163881386962367592
0.157731732992863943
0.221851252327999710
0.260600508013276000
0.217151265852081110
0.203792873216603165
0.153868546212214075
0.171612781585136848
0.222327376429061668
0.205151597233331789
0.148276540244035221
0.172346239572413906
0.167904484558480338
0.248107680063733349
0.261708070401086401
0.160040960106234365
0.131486377005153893
0.176037206221366871
0.160378522762945896
0.310900898279473148
0.234261792107749056
0.140196227373029364
0.127687304434470239
0.179899488514054323
0.276090049037075347
0.149170102863412257
0.188304911931429897
0.169559171571667555
0.129470893590718950
0.136301762847260532
0.155272272418689711
0.088500049384026114
0.154044462010488492
0.118768474345938416
0.109720695737424906
0.073783486538695986
0.154803863973876132
0.107887845160180434
0.216468278161229377
0.191748637220731266
0.282062709520229327
0.156927476626667811
0.146210172496811536
0.098731088461596145
0.206235962917420496
0.272503355062808206
0.336933310543325981
0.241440270541340374
0.152950988282628653
0.096348624028696539
0.264077562446542624
0.309490836664469304
0.237224288444840142
0.191500866431854599
0.145834631830754513
0.085862571689333991
0.302070505027875080
0.227338560098556408
0.166405425950050423
0.169433251594189094
0.158260222810036238
0.119272289802206999
0.393069862087266964
0.172018848639154537
0.169526718852147901
0.180577659057408441
0.153320783117992132
0.157909237201899588
0.288036714152569817
0.142136047237038182
0.179077251228693390
0.195486492136928341
