0.007530026734185324
0.017263473199703488
0.002628686013168119
0.012583166926270574
0.014860676190289242
0.000974611813253197
0.017983768106876095
0.021278787437920568
0.001393689854294306
0.014148803013515808
0.000124924163716583
0.000007353751729418
0.001422274892537801
0.006926304009087218
0.002097727705175626
0.003324381324364658
0.004834537163335923
0.001114529171843516
0.000674836676132484
0.001014241911345750
0.000079646788058304
0.009341447197726241
0.027971576122962836
0.002503831987148834
0.002861249503992318
0.004966675884244945
0.007440344797604137
0.079969410398556012
0.072232729368695250
0.000743129958474228
0.002313575846749400
0.003713943121813874
0.009297826806159789
0.065915547785180537
0.080319401162699727
0.010828158582840622
0.005504822412458848
0.006717140805533643
0.000441931615877463
0.050037898867880473
0.024799125044656919
0.002085109505581765
0.000182395097987913
0.005881781052311339
0.024955645974552638
0.022221232212046523
0.019313701318026955
0.003063911725405076
0.002441065431330068
0.020670528541875503
0.007591789099711404
0.008057252186901133
0.011905614451250128
0.002336788605579763
0.002723132874532738
0.012119526418363218
0.001481995078659161
0.000454453814633740
0.000000000000000000
0.000000000000000000
0.015015977916465128
0.011271763036422040
0.008444670727669787
0.009356200748648626
0.005558508471578693
0.001821359576658777
0.015980304368639554
0.031256026878026553
0.007367685190077864
0.002588230725045698
0.025244580874845761
0.004128506955139598
0.005442699235825224
0.013098735838775103
0.009157605327270247
0.143517236461371600
0.082242755131762560
0.001005331173013394
0.005582206238742908
0.004633241397747540
0.006379265092456165
0.123907239020153270
0.052565005909683972
0.002565259359326545
0.005945450212489704
0.000416063932752625
0.038628081576182693
0.049790907534807555
0.007819338454534457
0.000085801152488819
0.000000000000000000
0.003582103488799259
0.024116055803415824
0.004942369655019814
0.015590929994672539
0.001672711620292722
0.080212297258573900
0.012869807071109005
0.015957715720834459
0.031981630684750260
0.042431287023622394
0.000543164949978147
0.019861995923558081
0.019604422244400885
0.023329633627688730
0.020020854117714138
0.000000000000000000
0.000000000000000000
0.014742324904976343
0.022446049604209380
0.006169924583197626
0.006733485698783096
0.001543854069977577
0.001481231531295919
0.003706076343919230
0.000196941573344699
0.000917211718123719
0.004476552848779455
0.024942703178420081
0.003899413351933108
0.014116202353433820
0.017964709471083869
0.038553397343824576
0.067873683947571942
0.068925529337171082
0.006639593461313598
0.014468933639388521
0.009820334198112308
0.005715558213685038
0.063182497956506073
0.107697624814919762
0.003769957938164941
0.019503002552574943
0.005857575400601341
0.056445781951418986
0.034052148673924865
0.032372283594144513
0.002155550188129123
0.004939989322540789
0.019698076499603766
0.073938202993681298
0.044092430137001572
0.080072337144865530
0.004070000975372836
0.299764164328736538
0.169219060494172874
0.053772058279736246
0.143211086669890991
0.062046988110639786
0.001006905703020299
0.209946664119899706
0.118041815959088608
0.055486148995495484
0.036050622547810801
0.007624267569115956
0.007594471723805091
0.081505524116640818
0.077789093031422465
0.059850811703660758
0.015377434412550899
0.039824366743667253
0.010277133665950349
0.083106929789364389
0.125338963050164065
0.135838401573745909
0.022451785416874516
0.055056802960466576
0.006422453676006921
0.089360177814180208
0.192700026750390052
0.237444456192635850
0.089145781252079989
0.038299525921642208
0.008888754946502243
0.055789874506326165
0.098080841301569494
0.065655205771076572
0.210290001802714177
0.092870811562160427
0.004942415630817759
0.048409212308346994
0.037374598232698925
0.163603538279398386
0.121875716198694847
0.041017794505505259
0.000075368629925582
0.048971420496353724
0.039354848252624912
0.126509068486739928
0.079475034571197339
0.084776784222696841
0.004640350585426265
0.394124435760408509
0.305437333954640122
0.400000000000000022
0.365829001230118855
0.075418625452917581
0.005523657745289456
0.400000000000000022
0.396203973417851851
0.400000000000000022
0.204274090201621711
0.079190092811391430
0.011316224780296744
0.400000000000000022
0.400000000000000022
0.400000000000000022
0.075921340582754987
0.089319246882527917
0.035695580432713508
0.400000000000000022
0.400000000000000022
0.400000000000000022
0.082646610632895648
0.124705751832348527
0.025473284219291931
0.400000000000000022
0.400000000000000022
0.400000000000000022
0.074043446017338962
0.077595767032376362
0.021465680883333671
0.400000000000000022
0.400000000000000022
0.397055034913669003
0.111273738407504347
0.065838796560330981
0.004264730458404931
0.400000000000000022
0.400000000000000022
0.364484700981550114
0.171641589272944095
0.054542689266894984
0.000269621219089676
0.400000000000000022
0.400000000000000022
0.319838832804127560
0.175973710052731713
0.073163172397255283
0.001342145271639679
0.343649906744826095
0.191607941724003028
0.242879998700975541
0.093203415770248113
0.059010251393536814
0.018370344200466120
0.219362252559988646
0.072134262297364901
0.136523998271857711
0.109958849932245972
0.141921266891989278
0.029145683927322995
0.359705441840940832
0.132631779701829960
0.111063451617211206
0.035828497080696742
0.035807171344441863
0.011979688836659983
0.389310351078023031
0.288421353977215467
0.001135549400989708
0.013130514709934310
0.048669346897270857
0.008849188021459651
0.352523499057499801
0.225330070247619613
0.026536590711420237
0.007955550012728558
0.017534199297373636
0.003594871436191393
0.347795424108142570
0.256943979055588245
0.134769340683891486
0.122867786465680501
0.110232494948276721
0.003167452910971500
0.206576257744556180
0.343319480068745464
0.103003464212666873
0.128621598569485712
0.162342720062268464
0.004149846189356311
0.394919465174150219
0.366343416754100371
0.145674042155542915
0.236576147832169875
0.123999866366084843
0.005667444604445260
0.068813930250052766
0.076674931585916373
0.028231251504339940
0.035321811026654583
0.053796353781037989
0.006497587337270030
0.043241377022210328
0.014731755876508330
0.009828326303048739
0.064573847733851164
0.115093484320142131
0.004392299971280703
0.074170665712368022
0.023016057061036186
0.004982772963859405
0.078109920884822326
0.090227752102573333
0.011979818920431224
0.181769139593301182
0.031128647559280784
0.007033135590608470
0.080879800279821348
0.140446175565873160
0.017647781556770190
0.103245561868195113
0.032620082821692480
0.043384204315042585
0.055974098709337027
0.024310628896609520
0.003573916752822311
0.093509422564656608
0.027938116573942028
0.046965924564202725
0.075536790061887349
0.029280933866839984
0.001374715913074995
0.011411409350785485
0.054080016975132893
0.066128377257715504
0.293282732627233145
0.138090122639873358
0.007800327248355151
0.007711749439904545
0.023703453158009521
0.023087006623406708
0.377283908154977699
0.131967212445946891
0.006100663652552380
0.021014741709285020
0.013253666328383224
0.004670074623965117
0.007815924136310368
0.066598334483692873
0.006300482426752027
0.018314146121376201
0.009014830038032010
0.011104872309529432
0.039879689812252081
0.047943021876691132
0.001151235522516391
0.028751413607254656
0.015543964325019914
0.000191424270573487
0.028608102514954437
0.042362841798340531
0.002399168046551474
0.030498485249732834
0.022044579402736460
0.001592363273806267
0.007223070736815457
0.027028144676979605
0.003777979505233791
0.004649119519430697
0.000000000000000000
0.023080062781243464
0.023958241856592833
0.009579236579212943
0.002352113804588590
0.007954401566568606
0.002420129221324520
0.043157007923329806
0.063827977793786198
0.007274327395219191
0.001834021251974840
0.015825208573528361
0.009571180568964159
0.066510852633418202
0.212078085996255300
0.095225436128426016
0.019794537824456553
0.009744893725016310
0.028400750105779377
0.027079498914475406
0.225620799140284933
0.090731476895471758
0.006743436770174701
0.021751164861613211
0.002535571273471960
0.001137480540997045
0.003923558891931458
0.020493470193246460
0.000599525320431001
0.008701346462880781
0.002304689842628669
0.006362692424434567
0.012155698223453403
0.037966354122622614
0.001285811110837754
0.022605998669748613
0.007679697464346187
0.001194368355666167
0.035185651819218115
0.053337558156518562
0.000490093260872704
0.020699096154986905
0.012330579075131302
0.000000000000000000
0.046343276646178169
0.066650955863047007
0.000177687016805621
0.000000000000000000
0.000000000000000000
0.015486156499072021
0.011185444187898807
0.015159651664970936
0.005160538290176597
0.002632416479333006
0.004495768714978832
0.036868613006299927
0.052652967006384561
0.010926863848824239
0.002059655240841640
0.002270820757029554
0.003191275866885504
0.032379511840972014
0.087602559919960327
0.050561235548601868
0.005513606582455909
0.000288391971845700
0.001073183716951126
0.015192235345225878
0.097075617718483706
0.024224109329341739
0.000239006100238508
0.000000000000000000
0.000605370555127792
0.002062651213034653
0.006260942655851764
0.008916575961359767
0.001150176760201564
0.000676752849278303
0.000570699892048965
0.013542232338614747
0.017867711320828900
0.032324140117678785
0.001775130423165603
0.020139828871606768
0.015400243712512605
0.000537878898762981
0.004639521188948478
0.051651367349995467
0.002525083317261813
0.015518430240062140
0.008559337612871754
0.006115661780705079
0.006134626072911703
0.010864928890542896
0.002440962843366713
0.000000000000000000
0.000000000000000000
0.050058071261313827
0.017094044302659584
0.014034306057492556
0.005887875824834268
0.000000000000000000
0.000000000000000000
0.028885836738534100
0.032979368442000487
0.005998978125220633
0.000441238023643978
0.000000000000000000
0.000000000000000000
0.030709201927010585
0.085816178793270137
0.079323259373078159
0.008701938675371005
0.004240521526279325
0.011387941832081840
0.047729717637416319
0.086720780202245037
0.030861641782414073
0.002394488036382464
0.010021336169902787
0.005027585287647780
0.001031864424904854
0.036735070903737108
0.025972118138175147
0.001588763611593861
0.017052911478382740
0.008514217661707449
0.011811880380663078
0.007601907957008913
0.037693435408491911
0.007457331743632478
0.062360044809807752
0.039752931462607187
0.003381018296311984
0.015338967784158546
0.038454047375101170
0.004537421669637151
0.035246240537205056
0.017120652658882893
0.000504604291482342
0.003909473898213374
0.011686645708817948
0.001915935262296130
0.000000000000000000
0.001703120726413037
0.034157353026129988
0.021587634143298957
0.012411631150060585
0.003516281101952764
0.007875353450857183
0.011619190309808517
0.056089444564185215
0.058935598981845985
0.015061526435247963
0.002065069374579574
0.012666499984219100
0.030175993644822242
0.034396674777382827
0.081649881605159499
0.018953660523771350
0.002760161836247061
0.002760059457962736
0.011237687953005417
0.045828215703322794
0.064730454680357180
0.024706029371587293
0.002171150437099130
0.019042781168801204
0.012520723445979390
0.026244052709819582
0.047126105452231441
0.033981082862727899
0.005196604829207221
0.021513826338935060
0.026294211329809934
0.015241419015518398
0.072068405318442011
0.047683442968544570
0.008720798578186310
0.028403600683163124
0.022150587987125527
0.010328260998124783
0.041949946452379178
0.062204438875513815
0.004726530577834252
0.050677946949042429
0.037097294377198706
0.012838702877166201
0.022230134696349178
0.028151505969044276
0.003526449294892124
0.001090039303865494
0.015483795213081974
0.053469074767559834
0.024034686462609735
0.020133202494556322
0.003129735717071232
0.026493298852854712
0.008181891123567120
0.052474453188474025
0.126916346097078914
0.027901694366657771
0.002327476711002436
0.019010551704284208
0.017986829311657869
0.109422741894982634
0.170132888790229642
0.048571771880804769
0.010330760233191235
0.009674830323823498
0.023814486193929705
0.090019820261674183
0.109696774822500592
0.006390469118948918
0.001552149155181604
0.078305996460694152
0.126115687073444921
0.066906212571264834
0.163694862161511578
0.075879082983338272
0.015116888245860624
0.046408198806036666
0.075734523888169009
0.041845818928690458
0.278527921993623306
0.231724217069408545
0.037207376843658088
0.050351727818299080
0.090382132061263221
0.059725949278604425
0.260793000826925192
0.139057316821226795
0.009164309087872946
0.066435325255065111
0.081422204583556146
0.034198039130751784
0.148095880121234952
0.054265287817758016
0.002130140088845596
0.017142746935253556
0.060956714878441169
0.061617404766290677
0.091413086083131923
0.014586546823876195
0.001466912358559918
0.040456392011094647
0.058047125381600159
0.316834769575771946
0.120032006900920835
0.039978838184410198
0.001875231275851017
0.034365462594581758
0.069469283196830434
0.343135921660769616
0.072407925870798778
0.076058130343053448
0.005873459293860937
0.016139988411459912
0.064547395834304008
0.131310797505394511
0.021655191848851913
0.011780393830621291
0.000326219496881713
0.220232491424284527
0.238078847401248517
0.110574058805572389
0.266655526248033292
0.107278964357460746
0.400000000000000022
0.083739741645828758
0.147755690090193181
0.078462447736108193
0.323047989263970270
0.179120189774751276
0.400000000000000022
0.080013480439852430
0.177737558144539676
0.172725635823142293
0.381965569324002718
0.129419102805203412
0.400000000000000022
0.152621050932923219
0.181478635921759834
0.290874527757602586
0.384845646181850298
0.077090099538009632
0.400000000000000022
0.075370026630050907
0.118042574961070401
0.318038830745379808
0.392766684521663079
0.086388459921763999
0.400000000000000022
0.108443946302877264
0.139870610173386978
0.331239228279158970
0.341003138565509345
0.170772889861698030
0.400000000000000022
0.100510760485691644
0.221349042733625323
0.366455712458064131
0.099083166808801734
0.229386089819783756
0.400000000000000022
0.131849407337313457
0.302423163316407284
0.349599018172140064
0.121474578253181559
0.090054868549300185
0.400000000000000022
0.192835766836161243
0.099378591512161843
0.111299005478165902
0.105589941081049840
0.105085269846952711
0.070500416483411335
0.139792758793036820
0.159498337451391192
0.088433362486653497
0.070889543574313638
0.016312901027785709
0.082665469379438472
0.083129008118082659
0.132931432712099645
0.083621813281644142
0.092426952999820663
0.021506108122748759
0.340718634146222221
0.152644051312314566
0.123016194078173435
0.156437834281149657
0.303716855840729827
0.052835019162474725
0.324035136289486048
0.166107124011140861
0.111429777453390583
0.154768918032240826
0.314192367187720645
0.077693270117932020
0.102354006980523632
0.069629649537592278
0.130454438139377876
0.079257861540646568
0.093517510889168903
0.158021829996433383
0.400000000000000022
0.103094984004367493
0.163914647191398699
0.099637481152841170
0.049536978129226666
0.119583892973271572
0.400000000000000022
0.165763553733133645
0.148187662919086194
0.206565208015100282
0.281864668513130523
0.109846382780404719
0.400000000000000022
0.059878084607908597
0.062706928677714074
0.053654129001217500
0.059854574819193609
0.045074573592970103
0.006371933293933115
0.081298038868996822
0.163392767577037162
0.055406171717155582
0.010230331693895362
0.002933041628204127
0.000818435303939731
0.050229338903926654
0.110772787804071626
0.045533114270871311
0.012751355226904080
0.015888198174479562
0.002100416568825729
0.088858396467723741
0.065525235846056060
0.031482456195522118
0.155635950508466819
0.080050587529662987
0.001381038804057115
0.133381680734853736
0.109085825482478943
0.028118769465595755
0.121880001509338698
0.111095655102814078
0.007660641367345120
0.018061399716064602
0.019930620663205195
0.022577342859797046
0.104507369359932642
0.175220999278001943
0.033344196584767102
0.021922584648607746
0.019853449849344080
0.026102918355781633
0.048398292067795792
0.087156613925966034
0.020921613093766514
0.016921482910423839
0.025730054614376417
0.119960551598522980
0.184207769503778124
0.072745204706544664
0.028075381584541079
0.013347840239271129
0.031707121865171127
0.024970466727552626
0.021099517590727673
0.021401136578855669
0.004858887182621301
0.023094042575583833
0.063737119231218858
0.016795677746511355
0.003109584537347217
0.001345405785616518
0.000488789445213160
0.043288272853461929
0.032963230033371267
0.010150605793610185
0.005607995071349989
0.000000000000000000
0.000000000000000000
0.068335841719169094
0.043870343108516362
0.014912411940563298
0.041225869492622171
0.030506904323795249
0.000235805832316481
0.032048893814548216
0.031196712124092276
0.012648520169183299
0.062434669308558538
0.061079657068602661
0.003919141947978242
0.014194502312137572
0.011443434049068488
0.010567643347359882
0.046761894461841445
0.173398575776591596
0.021407708080768289
0.030703766479916367
0.021705079430339499
0.018422972838812245
0.047092719805512079
0.028109581646377425
0.002771585489834474
0.029092993762825148
0.052920486715560239
0.088830031232765838
0.171536358716499804
0.018938130539817591
0.005305704254047512
0.003926545132093192
0.006200640555219836
0.000000000000000000
0.000000000000000000
0.029867815313273618
0.004576814132590802
0.004425863773803728
0.017327789709330389
0.000511730521340360
0.000000000000000000
0.001160330907195382
0.000931797696209305
0.008628980433390608
0.027863138937118934
0.013562575252916240
0.000000000000000000
0.007708758993043140
0.002232811574132174
0.002549325292145966
0.009183650605169109
0.007027284451894275
0.005062890305425587
0.013738305143791849
0.003368356153653238
0.006734910036598412
0.011592996946095113
0.003161990262584144
0.093288967128313222
0.089455661965402583
0.001766184990459855
0.006496417428503569
0.006343070261102588
0.001943990070536241
0.074591017783972868
0.188137244308998419
0.020326639717547876
0.013107204925648441
0.012771495725948202
0.012247230629645193
0.038714292492712042
0.050448391281780240
0.005173958801736815
0.001573127374617162
0.000000000000000000
0.033565974890014200
0.072471161288349628
0.031040792527555691
0.012356823571307050
0.007530026734185324
0.017868843754831280
0.004691337226202772
0.018844109582122338
0.023777252151649012
0.002124788573454761
0.018660520956154399
0.021849487329969535
0.014935922192909054
0.032016514334344701
0.032449064281395365
0.001782484174895021
0.021562103764144570
0.022326547721599824
0.002635606603938607
0.007963902513313137
0.056485904513331381
0.003639612489105329
0.016193266916194625
0.009573579524217503
0.006195308568763384
0.015476073270637944
0.038836505013505732
0.004944794830515548
0.002861249503992318
0.004966675884244945
0.057498416058917964
0.097063454701215579
0.086267035426187799
0.006631005783308497
0.002313575846749400
0.003713943121813874
0.038183663544693894
0.098894916227181023
0.086318379287920355
0.011269396606484601
0.005504822412458848
0.006717140805533643
0.031151133542888048
0.135854077661150624
0.104122384417735053
0.010787048180952769
0.004422916624267238
0.017269722884393178
0.072685363611968964
0.108942012414291578
0.050175343100441035
0.005458399761787539
0.012462401601232853
0.025698113829523285
0.008623653524616260
0.044792323090638242
0.037877732589425277
0.003925552217173623
0.019776044352915478
0.020633744080070668
0.013293875459322237
0.008056361771642654
0.037693435408491911
0.007457331743632478
0.077376022726272878
0.051024694499029230
0.011825689023981772
0.024695168532807170
0.044012555846679860
0.006358781246295927
0.051226544905844607
0.048376679536909446
0.007872289481560206
0.006497704623259073
0.036931226583663712
0.006044442217435728
0.005442699235825224
0.014801856565188141
0.043314958353400233
0.165104870604670578
0.094654386281823155
0.004521612274966159
0.013457559689600091
0.016252431707556057
0.062468709656641370
0.182842838001999269
0.067626532344931933
0.004630328733906120
0.018611950196708804
0.030592057577574869
0.073024756353565506
0.131440789139967068
0.026772998978305807
0.002845962988735881
0.002760059457962736
0.014819791441804675
0.069944271506738612
0.069672824335376984
0.040296959366259835
0.003843862057391852
0.099255078427375104
0.025390530517088391
0.042201768430654041
0.079107736136981702
0.076412369886350306
0.005739769779185366
0.041375822262493145
0.045898633574210819
0.038571052643207128
0.092089259436156159
0.047683442968544570
0.008720798578186310
0.043145925588139469
0.044596637591334906
0.016498185581322409
0.048683432151162276
0.063748292945491378
0.006207762109130171
0.054384023292961658
0.037294235950543396
0.013755914595289923
0.026706687545128633
0.053094209147464363
0.007425862646825232
0.015206241657299314
0.033448504684165839
0.092022472111384424
0.091908370410181670
0.089058731831727411
0.009769329178384831
0.040962232492243233
0.018002225321679430
0.058190011402159070
0.190098844053584959
0.135599319181577527
0.006097434649167378
0.038513554256859150
0.023844404712259213
0.165868523846401605
0.204185037464154506
0.080944055474949275
0.012486310421320358
0.014614819646364288
0.043512562693533471
0.163958023255355467
0.153789204959502157
0.086462806263814460
0.005622150130554440
0.349180730504111858
0.295334747567617795
0.120678270851001093
0.288503484498681739
0.137926071093978059
0.016123793948880923
0.256354862925936400
0.193776339847257617
0.097331967924185955
0.287963138590826284
0.232700523245886526
0.044801848567463179
0.131857251934939912
0.168171225092685672
0.119576760982265190
0.270968293668868210
0.178881683564894034
0.019441442753823299
0.149542255044429501
0.206761167633720239
0.170036440704497693
0.170547665538109461
0.109322090778224593
0.008552593764852515
0.106502924749433764
0.253656741628831228
0.298074578785103850
0.180558867335211926
0.052886072745518403
0.010355667305062160
0.096246266517420825
0.156127966683169639
0.351201396540566702
0.311270435541610158
0.132849649746570625
0.006817646906668777
0.082774674902928766
0.106843881429529358
0.396370011019549828
0.194283642069493612
0.117075924848558693
0.005948827923786520
0.065111408907813625
0.103902244086928913
0.257819865992134412
0.101130226420049263
0.096557178053318135
0.004966570082307978
0.400000000000000022
0.400000000000000022
0.400000000000000022
0.400000000000000022
0.182697589810378341
0.400000000000000022
0.400000000000000022
0.400000000000000022
0.400000000000000022
0.376510874230596704
0.233077265724274812
0.400000000000000022
0.400000000000000022
0.400000000000000022
0.400000000000000022
0.397566751613927849
0.218738349687731315
0.400000000000000022
0.400000000000000022
0.400000000000000022
0.400000000000000022
0.395033084816824143
0.201795851370358159
0.400000000000000022
0.400000000000000022
0.400000000000000022
0.400000000000000022
0.400000000000000022
0.163984226954140333
0.400000000000000022
0.400000000000000022
0.400000000000000022
0.400000000000000022
0.378486191497822033
0.226136875511616625
0.400000000000000022
0.400000000000000022
0.400000000000000022
0.400000000000000022
0.270724756081745843
0.235739241435844848
0.400000000000000022
0.400000000000000022
0.400000000000000022
0.400000000000000022
0.291561276856136420
0.163218040946555454
0.400000000000000022
0.400000000000000022
0.290986533236164857
0.354179004179141388
0.198793356851297953
0.164095521240489539
0.088870760683877448
0.332975021868520515
0.231632599748756107
0.224957360758511249
0.180848393506559596
0.158234167919775015
0.111811153306761460
0.391348902725780323
0.265563212413929550
0.194685264898855376
0.128255450080517419
0.057313279467190628
0.352698322982882284
0.400000000000000022
0.394538685482482054
0.157573383682139356
0.307328179210251462
0.101504366059745582
0.332884324310945723
0.400000000000000022
0.334887081632650407
0.181305508743661081
0.316698188260936098
0.095227469415305660
0.105948878416715020
0.386083897257752273
0.362741780380108403
0.214027202224538027
0.216385297354849376
0.229765433044675144
0.400000000000000022
0.309671241748923687
0.399343389209993793
0.202640945365508057
0.178158576698712379
0.232838910975819963
0.400000000000000022
0.400000000000000022
0.400000000000000022
0.327680482576517607
0.400000000000000022
0.213053901856819661
0.400000000000000022
0.128692014857961390
0.139381860263630475
0.081885380505557451
0.095176385845848185
0.098870927374008072
0.012869520631203146
0.124539415891207136
0.178124523453545514
0.065234498020204312
0.074804179427746531
0.118026525948346256
0.005210735275220434
0.124400004616294677
0.133788844865107809
0.050515887234730709
0.090861276111726411
0.106115950277052895
0.014080235489256954
0.270627536061024965
0.096653883405336843
0.038515591786130586
0.236515750788288182
0.220496763095536175
0.019028820360827304
0.236627242603048848
0.141705908304171430
0.071502973780638343
0.177854100218675759
0.135406283999423616
0.011234558120167430
0.111570822280721196
0.047868737237147220
0.069543267423999758
0.180044159421819977
0.204501933144841941
0.034718912497842092
0.033333993999393227
0.073933466824476962
0.092231295613497133
0.321393162671448684
0.217515723537432759
0.028721940342121666
0.024633232350328382
0.049433507772385935
0.143047558221929688
0.400000000000000022
0.198969034577639009
0.034176045237093458
0.034362581948556147
0.044960788193554348
0.029640541351517752
0.028915441727038044
0.087999471062548545
0.011159369609373328
0.041408188696960037
0.072751949269250882
0.027900550056040779
0.042989274349599302
0.049288427662307649
0.001640024967729551
0.072039686460716582
0.048507194358391174
0.010342030064183671
0.034216097586304423
0.042362841798340531
0.002399168046551474
0.098834326968901903
0.065914922511252833
0.016504775214369567
0.048448940229437631
0.057535049000774843
0.004013785337550273
0.036698013333978916
0.031196712124092276
0.035728582950426767
0.086392911165151368
0.070658893647815593
0.006271255752566831
0.022148903878706182
0.013863563270393007
0.053724651270689684
0.110589872255627650
0.180672903171810784
0.023241729332743127
0.046528975053444721
0.031276259999303661
0.084933825472230454
0.259170805801767379
0.123335017774803421
0.022566123314291024
0.038837887487841463
0.081321236821339613
0.115909530147241216
0.355775323855132608
0.109669607435289362
0.012049141024222212
0.025677709993706405
0.008736211828691796
0.001137480540997045
0.003923558891931458
0.050361285506520082
0.005176339453021803
0.013127210236684511
0.019632479551959056
0.006874422945774927
0.012155698223453403
0.039126685029818004
0.002217608807047060
0.031234979103139226
0.035542836401465119
0.014756943608582408
0.035185651819218115
0.061046317149561706
0.002722904835004878
0.023248421447132874
0.021514229680300413
0.007027284451894275
0.051406166951603764
0.080389261006838852
0.003546043170458858
0.006734910036598412
0.011592996946095113
0.018648146761656166
0.104474411316212032
0.104615313630373519
0.006926723280636453
0.009128833907836574
0.010838838976081419
0.038812603076836164
0.127243984790357423
0.199064108157822661
0.022386294958389515
0.015378025682677996
0.015962771592833706
0.044626742470617216
0.126316852412672376
0.101009626830382115
0.010687565384192722
0.001861519346462862
0.001073183716951126
0.048758210235240074
0.169546779006833348
0.055264901856897433
0.012595829671545558
0.261363579493668174
0.148526898737846441
0.132790518609048502
0.235489353165334037
0.028716714617968205
0.064534377497634451
0.195668067062189727
0.145103100235329713
0.117367214356622812
0.220631808791716344
0.031455071257906482
0.071074017056200145
0.185776155022695871
0.147718988173566657
0.122697657422474349
0.175586619928238180
0.026496200919285676
0.101476295622216536
0.223267865904923729
0.179555233939219627
0.147107408770776021
0.209099794237927350
0.026084590645244328
0.094152385925554041
0.183042403477424259
0.182066539118221016
0.221479990508286984
0.264337255663179171
0.024763201903079866
0.069116271925009284
0.149537145917466557
0.153416230180990265
0.231768990327575447
0.301231221631377999
0.041640346925921994
0.108691216195348855
0.125173639398958980
0.182610586889510540
0.266110347012053883
0.259409655498510694
0.036490157350981378
0.105511882727302247
0.150917610525307222
0.201483666221617758
0.278343223264762574
0.268421399636412761
0.034749949860272480
0.104274148805520772
0.178602020297363079
0.181412997736554560
0.128622046909528415
0.107364520605424618
0.192158761142880080
0.064668721370676530
0.132694532061740172
0.175162054561212754
0.112881238262999894
0.091482943203334860
0.210597494724125311
0.071272909168178675
0.145323761478605262
0.163154343450063521
0.114026988397174261
0.089343291759368809
0.172687216873187888
0.102003668492540056
0.182900686391047534
0.169970445239108980
0.128022716483862237
0.120721143317123039
0.191152384910525219
0.094598158773440646
0.150958472498496366
0.148326186537340116
0.172744242894460331
0.165033050263687031
0.199042060372311008
0.069314749473046319
0.132769599994374654
0.121298637478987489
0.160118299511528006
0.164319578784484804
0.332678298290543184
0.108818176401274544
0.113964443396246243
0.140201808226399244
0.176537400876857403
0.149100081564413844
0.260133832182495861
0.105609278414893940
0.141116767472956151
0.158033493188474539
0.168529859671349452
0.234975907708597109
0.166925941641656500
0.104324939651177118
0.240876779659771528
0.167020208388272806
0.143632393146620740
0.200367027233045086
0.030020653961015279
0.065315742140868840
0.183051072523700148
0.141589354343188090
0.114571039746608039
0.205727947688942120
0.028678278869144310
0.068973871085735980
0.196866259998719179
0.147008184174654249
0.118086192904150816
0.171566729207312918
0.024185438105514875
0.096806220457904185
0.236811641304385700
0.164809533193222196
0.128333011456059992
0.202067665198064850
0.027533120751653088
0.096752085363696616
0.182892319327693370
0.156037574125769213
0.172433297916542522
0.242413404026279838
0.023659578311254346
0.068127481718190344
0.160140230593763810
0.157902322923209604
0.217577726777072378
0.276868991437667689
0.037420755900302166
0.107228022614655916
0.135331829678599080
0.193200119736152809
0.271751837430163512
0.303876152792842302
0.038584484187064734
0.106154898648844795
0.151903858137963949
0.200952578434714396
0.278169239842414762
0.382658483551154671
0.035386705557334766
0.104421065615377062
0.185068780459882815
0.159169209429177672
0.138767500273556055
0.120955012304649709
0.154516459523351107
0.065464647706004367
0.128812024508986128
0.164286981619418376
0.111289280506644023
0.087840448119654094
0.191316822600217123
0.069142502978746079
0.143526108124895191
0.177216259464637871
0.113554289877421097
0.083890457011000785
0.167282763714990568
0.097218947642716880
0.186038850099869618
0.182867689106688214
0.119015653645897251
0.099758460976302463
0.179445272509828530
0.097233606372101336
0.144987255684400546
0.148155095600456727
0.148513661849624168
0.125973596834402846
0.173381475741048313
0.068326485646863541
0.133461090438869778
0.130204585676484408
0.166334154625259217
0.147912821420936508
0.300781150363236827
0.107344962002248800
0.120890406131801201
0.152316321441628683
0.196419269756297837
0.155845966082673315
0.298523837667288461
0.106259514356316476
0.142848354772714375
0.159964514675820541
0.167694961450471719
0.234753799718378842
0.253289334406518074
0.104509002436166787
