0.180637234063900726
0.022817493765589614
0.015453139098271292
0.015709392867683154
0.001492041135584819
0.000000000000000000
0.108489424545574309
0.017854717909964006
0.011501844798763251
0.006734006662314910
0.003820790947725611
0.000000000000000000
0.016521326358471405
0.017870220843144456
0.015086579421608324
0.015596188487178565
0.006646457462998399
0.000000000000000000
0.142424302405316200
0.108386178629066382
0.168990495664105012
0.035174629385195347
0.006907965772616571
0.000000000000000000
0.148523679628403266
0.080809214599374499
0.070377808365817668
0.033367047284964653
0.010665860541012016
0.000000000000000000
0.159679903415112789
0.037845586970198256
0.005019651323970787
0.021916090170154875
0.007735776876234222
0.000000000000000000
0.144891288600504625
0.069895709662356864
0.033707104139731200
0.118466800599074593
0.015918460170973002
0.000000000000000000
0.251441474432193557
0.321510069100264639
0.015911780753472642
0.055262178519204196
0.006408806756140171
0.000000000000000000
0.071102594656470688
0.092947121863757601
0.053310903213459354
0.003168641228214590
0.005684954242933556
0.000000000000000000
0.168623723653738650
0.073509552102267534
0.014633820170533510
0.012206768647976259
0.003931065875079800
0.000000000000000000
0.068809294950896771
0.093969896935611780
0.052479855929586219
0.040959563181106121
0.009564159188806837
0.000000000000000000
0.064077315215198410
0.070384290013508516
0.355694224325574959
0.015071154864773367
0.003105082860411674
0.000000000000000000
0.166201016886874914
0.036242049742893981
0.097514889632650703
0.025899044313552069
0.007507738525425899
0.000000000000000000
0.101213619647447711
0.034341629799540599
0.056471618717777686
0.023117619951259268
0.001642037613689734
0.000000000000000000
0.034428507013145981
0.130506640173245841
0.047941696669412254
0.054897530069418221
0.013728979733791495
0.000000000000000000
0.064518211606571924
0.291822192433433547
0.048405908268025030
0.071489878474158081
0.010853268777089222
0.000000000000000000
0.374932127744438071
0.383957740054041485
0.258726065002594707
0.042531447679252633
0.006267441180636006
0.000000000000000000
0.347364324830072513
0.317725204098812330
0.099811194862196223
0.030457487281021184
0.007432579889481056
0.000000000000000000
0.200498139722985275
0.084163671020147990
0.032564949941352450
0.042200345713955784
0.008012149516451062
0.000000000000000000
0.214811563766681646
0.124497979725748498
0.081166626699954433
0.042286924952043302
0.001966615316222147
0.000000000000000000
0.280897603719546973
0.061570778265318739
0.011742295382002216
0.043203470593654363
0.012088429942100947
0.000000000000000000
0.118015621728002729
0.031660901451900224
0.090153850732775487
0.031916532556991117
0.002945957521509559
0.000000000000000000
0.011205537560365526
0.371690423023930405
0.400000000000000022
0.095215338734347482
0.003606742176535636
0.000000000000000000
0.036807623630199321
0.365268428055638195
0.234689475335070952
0.084029737518838243
0.003901630863521816
0.000000000000000000
0.301606654237199678
0.400000000000000022
0.379313931134424909
0.071224748939540075
0.009319904925928298
0.000000000000000000
0.309769693063097595
0.400000000000000022
0.182021324078886410
0.058386772880758941
0.007552092579106256
0.000000000000000000
0.382255529114737924
0.198373539641766600
0.078561626322177100
0.161097020058547868
0.016157224253526455
0.000000000000000000
0.161192775344063122
0.083670618935655527
0.087360329235219691
0.035743290429181111
0.009252907172390136
0.000290157139734775
0.087770873209345623
0.058028176523471225
0.267785808030677974
0.070146504649799726
0.007213282215217473
0.000637345556323866
0.135291560787245274
0.082811143341790544
0.244159193184306011
0.183679076230036292
0.011688099597247051
0.000000000000000000
0.120197528872662995
0.111016130065875629
0.400000000000000022
0.162904031810344463
0.012142036239883074
0.000000000000000000
0.080124615085069295
0.083538959149230485
0.254607328924635778
0.153639161884379427
0.019099634624957187
0.000000000000000000
0.225994945777303835
0.119464375818835872
0.218656933040707824
0.295274539276800752
0.343044620303715853
0.400000000000000022
0.314389084047606349
0.210575991546218477
0.183127734426268785
0.305644726207661421
0.338215577928206612
0.400000000000000022
0.366790051039765141
0.290233840254354891
0.141481162665845706
0.258475705504387698
0.339663052076840111
0.400000000000000022
0.388812350991652900
0.316444554562558045
0.137786355981640740
0.393765854516853531
0.332749392487336926
0.400000000000000022
0.146504102310516970
0.120846015656118216
0.250666555320692486
0.400000000000000022
0.340090021047582458
0.400000000000000022
0.133865886415878377
0.135539574388975986
0.321884746118234477
0.400000000000000022
0.341491632438226556
0.400000000000000022
0.102812743588300240
0.072403426590085751
0.164745810885023436
0.204535517229582242
0.324405627309970801
0.400000000000000022
0.094498028900792952
0.069092599231053195
0.180316614790945795
0.361229777644897054
0.341493523608859206
0.400000000000000022
0.073819385592495096
0.087104860761165331
0.172651198715405824
0.393026178320188546
0.049700695782573939
0.008235303268098185
0.039488010988987778
0.061097616520470993
0.307374434001800034
0.400000000000000022
0.066986708306271014
0.015617480707852878
0.171710174790214082
0.080311767945651036
0.400000000000000022
0.310069383620851458
0.052041591012246119
0.014168541717651381
0.101384497912296895
0.087662521894833534
0.246450674711414408
0.395287412210444056
0.073268874137491211
0.023526809748721681
0.118778808795063404
0.089702734202108114
0.322174394415453369
0.358660265774095988
0.072852426164704595
0.013155868488057085
0.238179144915103724
0.132471910239946172
0.241338935590846571
0.265957809587766658
0.051589874961768541
0.010917721238237419
0.139223732232270164
0.041665660651642428
0.119833341022570233
0.201191916811322369
0.106257158230553567
0.045248233946911687
0.105739102638263152
0.035000159226715510
0.182799778910848365
0.172885297380045100
0.042375649038470395
0.020730980064349397
0.101803952630861644
0.047363016767623410
0.027641337976163693
0.079299444697334243
0.010874198782322320
0.000000000000000000
0.089466317467666381
0.022854143096248364
0.112383825823439212
0.066915280997388499
0.009329100450257645
0.000000000000000000
0.131617067727686166
0.045689494812512152
0.126565772731360743
0.110110985529723066
0.009166297046207212
0.000000000000000000
0.168657379263028401
0.033448376262202033
0.086754159689126614
0.082341201532637340
0.006769860168696707
0.000000000000000000
0.173010172729139905
0.066718430272584367
0.081362456790885662
0.137258439711268332
0.005992068675890829
0.000000000000000000
0.195036586601823214
0.148879984868195647
0.087146316557038958
0.052858064360646800
0.010981286635809568
0.000000000000000000
0.117160463070320270
0.089246407866112182
0.053534905389936813
0.038287883915384423
0.001797346434428782
0.000000000000000000
0.109548362196718263
0.027398019661146460
0.088774931785185959
0.178917696479960669
0.006344309064670720
0.000052353973339131
0.064837943369689760
0.049951086511263343
0.024707211135500385
0.023000323885485584
0.006893190499046001
0.000000000000000000
0.068744260405133206
0.038542533013943031
0.047181252086015271
0.027385658884977657
0.008737516139040131
0.000000000000000000
0.071387844238897394
0.032355634633783603
0.051642602419473736
0.050194729169982008
0.002860691111398922
0.000000000000000000
0.138881550626042294
0.200966788367165500
0.154424545809748737
0.033055026401496469
0.001807548170818331
0.000000000000000000
0.215039195552416129
0.098836486940437729
0.097943539038794686
0.019316436475917659
0.005049926308432590
0.000000000000000000
0.257944510378985914
0.076264508776467191
0.078852147433170650
0.021435317098265794
0.002750797995491403
0.000000000000000000
0.129794049913902310
0.089560660298080158
0.047245304470032008
0.063416319258487813
0.009093906341836221
0.000000000000000000
0.215191207238986743
0.086918579255286454
0.044998059477519538
0.114836908340831739
0.007285742855102532
0.000000000000000000
0.105068061427413900
0.045415131694316282
0.011527322424107282
0.011362764346002550
0.000000000000000000
0.000000000000000000
0.111880756618739863
0.068745858342288774
0.072395966053501307
0.012873608048383341
0.002997015007240404
0.000000000000000000
0.079457781585311291
0.027363745355566550
0.080376609296036405
0.017621375980179346
0.007481256023978137
0.000000000000000000
0.096196377380162706
0.227583376379466129
0.194339618822638671
0.025506713619351119
0.009496595211249069
0.000000000000000000
0.152030069135817375
0.177997062126952377
0.111884029972582330
0.006898832705484574
0.000094737356723103
0.000000000000000000
0.094497882253392743
0.082288241121279554
0.054469620417678291
0.032636343911448720
0.007161761247602620
0.000000000000000000
0.095503195384139206
0.035604430378792518
0.048795674622345450
0.025222121885966276
0.005447040163737107
0.000000000000000000
0.122062562179405837
0.058773274265358846
0.023325443217239013
0.001726904553413847
0.000305560938786901
0.000000000000000000
0.082803490927766316
0.015566387775006654
0.004936053830831755
0.000562973921712636
0.004192126252788709
0.000000000000000000
0.038304328149083883
0.011885076804020043
0.011981419605138061
0.012323288403911049
0.001545059141479975
0.000000000000000000
0.086849574100221649
0.019548245924625354
0.044580696825230415
0.021892121179321086
0.000733770890311446
0.000000000000000000
0.072882106592689289
0.044859106430050283
0.135808877620222895
0.027330959127500377
0.005969461913199143
0.000000000000000000
0.247298628877489601
0.109753773131921833
0.111432854282494984
0.035955216812953036
0.036506158456709834
0.000000000000000000
0.179718783180852826
0.152199766459964192
0.040784443581538099
0.018681538900001061
0.009304963573503119
0.000000000000000000
0.098849388877170249
0.041239949644351737
0.021961539441675042
0.073948105028862968
0.002289749693241112
0.000000000000000000
0.337891678156526765
0.303676103334344138
0.016655514674063371
0.004820184324699677
0.001601075275141623
0.000000000000000000
0.193504191794034580
0.118963467958172225
0.020797145134301719
0.014750816840352479
0.001945108207028980
0.000000000000000000
0.157784410399226915
0.030214156003892698
0.021766587813320002
0.011189191131387773
0.001492033214023980
0.000000000000000000
0.102803992993750676
0.026305286023537468
0.007363562521813503
0.004796272116986853
0.002032858964185750
0.000000000000000000
0.057210572056150225
0.037833429129892127
0.144801299791982169
0.004765413192046226
0.005575101741311180
0.000000000000000000
0.172299932247354709
0.098804240109261324
0.084061162537593770
0.011920802679767476
0.009627948135619459
0.000000000000000000
0.245241033881366227
0.147711317479243515
0.038804472480203918
0.013542938415515134
0.002590823038268262
0.000000000000000000
0.129541491373572293
0.030384662401484124
0.097893621729923885
0.089096677124637147
0.024225596269919075
0.000000000000000000
0.383901026427383552
0.400000000000000022
0.041308557653590698
0.091099270415649802
0.062066718945439872
0.000000000000000000
0.340245288051288508
0.400000000000000022
0.223121937404601067
0.085557429751871583
0.015201953407017570
0.000000000000000000
0.106340000035864524
0.301154205461164337
0.224133598426140668
0.015963763738999236
0.023758019810703856
0.000000000000000000
0.123596884131183249
0.087041533113730987
0.050878781808627184
0.053714830786085681
0.016902083674849435
0.000000000000000000
0.058945404610451793
0.063117519386477389
0.113297406158493263
0.030714989226678535
0.020326205238620089
0.000000000000000000
0.122575991631017955
0.056126907546753146
0.080968228087422239
0.056159363145523812
0.005924386486411162
0.000000000000000000
0.106895610692932436
0.094997063012517771
0.032207487026115193
0.023213165736942563
0.018851220597296554
0.000000000000000000
0.058327965645917940
0.210823111849664124
0.400000000000000022
0.118050663052145205
0.020507958558797303
0.000000000000000000
0.191024112891519104
0.354613627604573378
0.384060213515412086
0.103868038103923227
0.002736890107563050
0.000000000000000000
0.146480960263482757
0.238769711718820887
0.400000000000000022
0.087349019401281147
0.031251547160759327
0.000000000000000000
0.299344738267632859
0.363266501285761545
0.207100754154108391
0.037581618371343356
0.057628514702692438
0.000000000000000000
0.225070454079591614
0.250813071740752624
0.064372115602182756
0.072422987101315464
0.075378384735666104
0.000585580104161630
0.106910077803737263
0.221068777320147847
0.088392879313019673
0.070152108349859937
0.023422138695217851
0.000516044401192385
0.093845071233461613
0.217146930698832868
0.080437486962694871
0.115264600089050928
0.068670704124615234
0.002943959887487178
0.153079833145582045
0.244833559448797478
0.065814790260882147
0.057036377266071428
0.067070270238645202
0.001466680139435891
0.344358452021109873
0.228687474710782407
0.122283958052310127
0.166661596012552760
0.031997697162873623
0.000000000000000000
0.258870521837431533
0.170334021155936377
0.115745131561869746
0.153163864740503919
0.033878926938546966
0.000499955020037225
0.130269924125259590
0.192721461289499574
0.160452837999623038
0.261634503966677145
0.249754444730455383
0.400000000000000022
0.201999923197129339
0.151117523444355362
0.147242268700285561
0.302718605714097477
0.289489493221062544
0.400000000000000022
0.184566095959181109
0.400000000000000022
0.140427333010033101
0.264811800434450406
0.243568614245051579
0.400000000000000022
0.136850152234916839
0.400000000000000022
0.152608490584462630
0.305475108345052759
0.242397065438130666
0.400000000000000022
0.100598456533839017
0.387810232270071553
0.201094853518350741
0.350770559960747630
0.215209802890434843
0.400000000000000022
0.057320926790388763
0.088998825516874880
0.164280615034046812
0.313581227018730369
0.242118928810564238
0.400000000000000022
0.199967559375346549
0.110747128480002302
0.078063723039929811
0.223240502510093336
0.255170904075834093
0.400000000000000022
0.078776990291659840
0.083915574952746305
0.150513670665189531
0.276244226119548075
0.246074994754779064
0.400000000000000022
0.075700196469849504
0.065900236895755943
0.120272307883885432
0.296260304648133521
0.250482195581199774
0.012229491268819059
0.176151323992696285
0.136858162967870511
0.174985942541208250
0.371007587333406275
0.190212167841407043
0.006276422027820258
0.229682042714705076
0.252829761036645839
0.167127615427039161
0.288541672539743388
0.237593317269047283
0.013032575373453715
0.119899925767483220
0.086991393119059623
0.178159419777422501
0.384097028488329495
0.241859806305295577
0.014304183114198239
0.071194352687232135
0.206575863057496562
0.234973609659492905
0.364929226161655906
0.222963920022426765
0.015046647330067992
0.267669233861647204
0.142101152605852155
0.183438952545548678
0.309739637834439974
0.220050203301156128
0.013519422701431862
0.175904279463036994
0.138973946637842460
0.060550625161559887
0.145081450003179402
0.240036737529059546
0.017159617572818905
0.063817021811392843
0.069929743299969663
0.119777023607114799
0.222651546218288005
0.208920101004571979
0.015071745925475066
0.014699917521583504
0.011638372391995555
0.036082699537524278
0.065380759304695973
0.045555012940265219
0.000031154256168129
0.117071307614888931
0.037263553295416030
0.042526964775513099
0.109051084606482745
0.041403195668762313
0.001252116558084446
0.063117220426048837
0.062085445947247284
0.055501038263920124
0.080423807469639619
0.015538277482261068
0.001619491825662258
0.172730635778340413
0.138455419762982562
0.053226697393901498
0.075650816576568025
0.024557168249024468
0.000000000000000000
0.235683900147586695
0.184137455705537773
0.089222562326189622
0.076752854297028078
0.065181338995175850
0.000877520353103793
0.400000000000000022
0.250107739622726755
0.099663493564346589
0.179515524264091841
0.065627230874355097
0.000744621797408247
0.353049381145969843
0.156853348863540520
0.057802249151361659
0.074757773556706680
0.039615019144941782
0.000701247429343333
0.070251147969392164
0.026634829949080428
0.003136007150736691
0.029310625664467641
0.089722237408993627
0.000676792783216837
0.055379919117670123
0.008313423924852717
0.040549251817650830
0.030382567404625270
0.018226445014684404
0.000000000000000000
0.063593104170348719
0.005088850951580074
0.026255961944106520
0.019812320062632203
0.014768881615953076
0.000000000000000000
0.068593216572325116
0.037650178968809352
0.009442272601482116
0.027530845878136964
0.033312597777558531
0.000000000000000000
0.164381243987441805
0.109274581942693377
0.059435815180174226
0.019348084714681267
0.019455932616960700
0.000000000000000000
0.128490033500353540
0.102159699316583655
0.055758882416921521
0.010110211256577149
0.008898624444325811
0.000000000000000000
0.324884064984452159
0.055987121433970846
0.022141375353227296
0.013020687245313956
0.007113365453651790
0.000000000000000000
0.274060450481635798
0.030298184856696990
0.027675254761870424
0.037416884359184589
0.008368835510720058
0.000000000000000000
0.264913000029268597
0.049540305406206991
0.014103593103905802
0.037847850963427750
0.007662582649616588
0.000000000000000000
0.030280136857049791
0.047074113574382563
0.005069935560488481
0.001686471451523649
0.008287469520803623
0.000000000000000000
0.081531910333351804
0.017110762114386779
0.017988613431809960
0.016452513481811832
0.006320155639951051
0.000000000000000000
0.029894864850072228
0.029998233355516296
0.064938547778604305
0.037916013338140500
0.002176897793661965
0.000000000000000000
0.253741664224396646
0.312445818831885602
0.217956227217197956
0.010536998880511367
0.001617702254716977
0.000000000000000000
0.194878590375258676
0.093706349914541159
0.107413731372282426
0.010420370124110399
0.014078636519448743
0.000000000000000000
0.108470068958948673
0.021090953926495584
0.019959149363471550
0.001375687869586223
0.003372142902176177
0.000000000000000000
0.135134013594302410
0.080388920269050299
0.010616413194256427
0.005726776639721027
0.025220211774426134
0.000000000000000000
0.225187374591135248
0.158419298772946693
0.004982433762452528
0.005403278503618945
0.016673817349298826
0.000000000000000000
0.263440724991667041
0.038383881540596271
0.020389192929103048
0.016272366789395792
0.005684167388373529
0.000000000000000000
0.146793752694658192
0.029739794713984045
0.023483264403901308
0.019057295066225961
0.005365850089205587
0.000000000000000000
0.103370900458693044
0.037418466767769810
0.059667276246838735
0.037488309666499645
0.007380228353309846
0.000000000000000000
0.215306408998005461
0.153245285059116665
0.304799373284327824
0.062505588512695720
0.012877427685815714
0.000000000000000000
0.389554925854960543
0.190562987731296318
0.181810662648312665
0.069322264097917682
0.047172018997721846
0.000000000000000000
0.339398686595965615
0.190045353430162434
0.045804094905508880
0.040597629070155947
0.017040740449737340
0.000000000000000000
0.243740677477674889
0.111135659306708587
0.055668643581406239
0.192414905627937560
0.018208209864214116
0.000000000000000000
0.400000000000000022
0.400000000000000022
0.032567295427536010
0.060082362843903864
0.008009882031281793
0.000000000000000000
0.264606786450505282
0.211910589821929840
0.074108048347761066
0.017919458068567068
0.007630062449962536
0.000000000000000000
0.326408134052965593
0.103723708106160217
0.036400407983853508
0.023395959779364033
0.005423099089103780
0.000000000000000000
0.171613287944647447
0.120275182959149254
0.059843418451399719
0.045755835298092982
0.011597018152992586
0.000000000000000000
0.121287887271348635
0.108217719143400629
0.400000000000000022
0.019836568056819593
0.008680184601722853
0.000000000000000000
0.338500949134229567
0.135046289852155332
0.181576052170244501
0.037819846993319542
0.017135686661045361
0.000000000000000000
0.346454653528813994
0.182052947278784100
0.095276091197981597
0.036660558366774398
0.004232860651957996
0.000000000000000000
0.163969998386718302
0.160891302574729972
0.145835318399336139
0.143994207194055368
0.037954576003710563
0.000000000000000000
0.400000000000000022
0.400000000000000022
0.089714465921615735
0.162589148889807883
0.072919987722529084
0.000000000000000000
0.400000000000000022
0.400000000000000022
0.400000000000000022
0.128088877431124237
0.021469394587653574
0.000000000000000000
0.394968436652657684
0.400000000000000022
0.323944793288336919
0.046421251020020420
0.031190599700184916
0.000000000000000000
0.324095023854168551
0.171205204133878991
0.083443731749979627
0.095915176500041457
0.024914233191300501
0.000000000000000000
0.273756968377133481
0.187615499112225914
0.194464032858447683
0.073001914178721844
0.022292820554842233
0.000000000000000000
0.394702082457640158
0.117697685812071878
0.092710523469424461
0.099362833739178175
0.018012816428512109
0.000000000000000000
0.224911232420935192
0.126657964464417988
0.122361337758890659
0.055129698293933688
0.021797178118806111
0.000000000000000000
0.069533503206283459
0.400000000000000022
0.400000000000000022
0.213266001786492715
0.024114700735332936
0.000000000000000000
0.227831736521718398
0.400000000000000022
0.400000000000000022
0.187897775622761470
0.006638520971084865
0.000000000000000000
0.380095102966417131
0.400000000000000022
0.400000000000000022
0.158573768340821208
0.040571452086687623
0.000000000000000000
0.400000000000000022
0.400000000000000022
0.376798855660945120
0.095968391252102297
0.065180607281798697
0.000000000000000000
0.400000000000000022
0.400000000000000022
0.142933741924359869
0.233520007159863374
0.091535608989192579
0.000585580104161630
0.268102853147800357
0.304739396255803319
0.175753208548239392
0.105895398779041069
0.032675045867607985
0.000806201540927160
0.181615944442807237
0.275175107222304094
0.337323985297596884
0.185411104738850668
0.075883986339832704
0.003581305443811043
0.288371393932827291
0.327644702790588049
0.309973983445188173
0.240715453496107679
0.078758369835892267
0.001466680139435891
0.400000000000000022
0.339703604776658064
0.400000000000000022
0.329565627822897222
0.044139733402756696
0.000000000000000000
0.338995136922500828
0.253872980305166862
0.367572405288460857
0.306803026624883401
0.052978561563504160
0.000499955020037225
0.343189761002246185
0.312185837108335473
0.378677742392666494
0.400000000000000022
0.400000000000000022
0.400000000000000022
0.400000000000000022
0.360189970117753722
0.330370003126554290
0.400000000000000022
0.400000000000000022
0.400000000000000022
0.400000000000000022
0.400000000000000022
0.281908495675878834
0.400000000000000022
0.400000000000000022
0.400000000000000022
0.400000000000000022
0.400000000000000022
0.290394846566103371
0.400000000000000022
0.400000000000000022
0.400000000000000022
0.247102558844356002
0.400000000000000022
0.396587159198339090
0.400000000000000022
0.400000000000000022
0.400000000000000022
0.191186813206267153
0.224538399905850894
0.400000000000000022
0.400000000000000022
0.400000000000000022
0.400000000000000022
0.302780302963646775
0.183150555070088039
0.242809533924953275
0.400000000000000022
0.399365769578281515
0.400000000000000022
0.173275019192452806
0.153008174183799500
0.330830285456135298
0.400000000000000022
0.400000000000000022
0.400000000000000022
0.149519582062344614
0.153005097656921274
0.292923506599291228
0.400000000000000022
0.292257380808591871
0.020464794536917241
0.215639334981684083
0.197955779488341505
0.400000000000000022
0.400000000000000022
0.257198876147678057
0.021893902735673137
0.385103220497189258
0.333141528982296875
0.400000000000000022
0.400000000000000022
0.289305534394195984
0.027201117091105093
0.221284423679780073
0.174653915013893130
0.398848251996430370
0.400000000000000022
0.300812077949436651
0.037830992862919924
0.189973161482295538
0.296278597259604648
0.400000000000000022
0.400000000000000022
0.295126806739883119
0.028202515818125079
0.400000000000000022
0.274573062845798299
0.390615007820668714
0.400000000000000022
0.271640078262924689
0.024437143939669281
0.315128011695307186
0.180639607289484888
0.180383966184130107
0.346273366814501771
0.301728838508459496
0.062407851519730592
0.169556124449656009
0.104929902526685187
0.302576802517963206
0.388999854921760146
0.251295750043042387
0.035802725989824466
0.116503870152445149
0.059001389159618972
0.063724037513687978
0.144680204002030216
0.056429211722587538
0.000031154256168129
0.206537625082555354
0.060117696391664394
0.154910790598952297
0.175966365603871244
0.050732296119019964
0.001252116558084446
0.194734288153735002
0.107774940759759449
0.182066810995280853
0.190534792999362657
0.024704574528468283
0.001619491825662258
0.341388015041368731
0.171903796025184574
0.139980857083028098
0.157992018109205379
0.031327028417721170
0.000000000000000000
0.397129857579920476
0.250855885978122084
0.170585019117075271
0.214011294008296382
0.071173407671066682
0.000877520353103793
0.400000000000000022
0.379573204958832289
0.186809810121385533
0.232373588624738669
0.076608517510164648
0.000744621797408247
0.400000000000000022
0.246099756729652730
0.111337154541298472
0.113045657472091110
0.041412365579370558
0.000701247429343333
0.179799510166110427
0.054032849610226898
0.091910938935922643
0.208228322144428324
0.096066546473664333
0.000729146756555968
0.120217862487359897
0.058264510436116058
0.065256462953151212
0.053382891290110854
0.025119635513730407
0.000000000000000000
0.132337364575481953
0.043631383965523102
0.073437214030121781
0.047197978947609867
0.023506397754993212
0.000000000000000000
0.139981060811222524
0.070005813602592962
0.061084875020955859
0.077725575048118972
0.036173288888957447
0.000000000000000000
0.303262794613484155
0.310241370309858877
0.213860360989922976
0.052403111116177743
0.021263480787779031
0.000000000000000000
0.343529229052769725
0.200996186257021425
0.153702421455716220
0.029426647732494808
0.013948550752758401
0.000000000000000000
0.400000000000000022
0.132251630210438037
0.100993522786397935
0.034456004343579746
0.009864163449143192
0.000000000000000000
0.388583336126052670
0.119858845154777155
0.074920559231902439
0.100833203617672396
0.017462741852556279
0.000000000000000000
0.400000000000000022
0.136458884661493446
0.059101652581425336
0.152684759304259482
0.014948325504719119
0.000000000000000000
0.135348198284463678
0.092489245268698839
0.016597257984595763
0.013049235797526197
0.008287469520803623
0.000000000000000000
0.193412666952091694
0.085856620456675553
0.090384579485311270
0.029326121530195169
0.009317170647191456
0.000000000000000000
0.109352646435383519
0.057361978711082853
0.145315157074640711
0.055537389318319849
0.009658153817640101
0.000000000000000000
0.349938041604559380
0.400000000000000022
0.395981523320799611
0.036043712499862490
0.011114297465966046
0.000000000000000000
0.346908659511076078
0.271703412041493508
0.219297761344864700
0.017319202829594975
0.014173373876171846
0.000000000000000000
0.202967951212341402
0.103379195047775124
0.074428769781149845
0.034012031781034936
0.010533904149778797
0.000000000000000000
0.230637208978441616
0.115993350647842816
0.059412087816601872
0.030948898525687302
0.030667251938163241
0.000000000000000000
0.347249936770541001
0.217192573038305525
0.028307876979691539
0.007130183057032793
0.016979378288085725
0.000000000000000000
0.241736334675651088
0.271897905768193004
0.268358841650528035
0.201068209545981674
0.085380859824887495
0.096758915176667751
0.290829302252035349
0.292927781948338462
0.254882277279011138
0.207391157138719584
0.087462422159938130
0.097095061928036755
0.287366319974433904
0.244989477095818919
0.188917917584497580
0.202409458611331972
0.087592494082812958
0.097862911606387173
0.310785897739387029
0.325628605100583890
0.291543442016999388
0.217816538042432256
0.083967967475953920
0.098968795513545565
0.361401360219609724
0.316420817952030642
0.257886258162302318
0.240320198198609336
0.091942363986322287
0.098231350763220746
0.396311801369886918
0.218258742868481986
0.195460872281520703
0.234698534795284297
0.087376783340271130
0.097523020196712690
0.275497551301303323
0.209196508945914267
0.259656452436976048
0.230179715092903969
0.086004192716465408
0.101940736710539923
0.315563716498768354
0.347300409750888273
0.236195884610360646
0.237936235176542416
0.087401927600330623
0.098752650284599813
0.347044630786341290
0.276521113629231485
0.245773559951224768
0.211491472250295687
0.158651638100582693
0.096609994061591306
0.356940280878344673
0.269655970480167873
0.234966982119283102
0.236176194942849638
0.167807896521898647
0.096928361111161945
0.318171430841761749
0.233840334907717523
0.179427975082190549
0.231975789717942915
0.167840516200898154
0.097659346371773245
0.315934744853682947
0.318524263716695455
0.321789849033199293
0.235446015519014534
0.154418531685881155
0.098704241124439110
0.319922274390768424
0.260293300303700681
0.352595774402372886
0.271517980379191060
0.170453414399399011
0.098009555414385247
0.368951436922679954
0.210291256188536002
0.211666179738892596
0.239469324268982486
0.173847301268466620
0.097346580456776050
0.318183891027608301
0.214882100765454637
0.239501666051872619
0.220206926335711400
0.186129053849469622
0.101529545782012273
0.388366101119196894
0.347884030050106208
0.211857349862646593
0.239238554520808638
0.166280288178615177
0.098515854733173674
0.258104055896817286
0.270957485110006557
0.265625306589696075
0.217081838004940936
0.086447807130269810
0.096773770589101971
0.271903204755403138
0.249897877493959752
0.215059736453247219
0.202389500025608043
0.087168300128558543
0.097088155356356912
0.282223584404958094
0.250725982158093996
0.194801111551294315
0.200051211908559345
0.086693051184796990
0.097835173948542700
0.288467781665668277
0.314078049020690808
0.330570136059804454
0.233942122466540531
0.083834824425775417
0.098963310937579013
0.329677019739362032
0.244371334531059164
0.237918777427429340
0.236260868728695811
0.092343601188515756
0.098249819036070524
0.410616940805488717
0.276549114708363242
0.195160003586251352
0.212122488187758890
0.086504435715427347
0.097496512236772734
0.344664305795367720
0.272906219066561651
0.262221132015996616
0.219402672850296437
0.085561049056374586
0.101907154849536080
0.321223463525606601
0.345177838427735917
0.248613701346097421
0.266498892205387417
0.087766438608999589
0.098774778164446853
0.364220266910715296
0.287455611996027205
0.244721869231309286
0.208584201585632123
0.168342611977634365
0.096639110433699410
0.400405905049704747
0.255175452460646601
0.192831531674955009
0.210437546641899509
0.164608634094643519
0.096919455099521684
0.339397305973685948
0.230499127583044222
0.183263570959806027
0.241601820271665241
0.166434249930998729
0.097624645577762820
0.319874812696829436
0.299035652610895264
0.308443336360424647
0.249138895134956934
0.163558933168002490
0.098697225866409874
0.335138839545478573
0.238137336611043721
0.262601850828363848
0.254584424874945703
0.167862207941517211
0.098025831223653284
0.368899634552645628
0.218906630425695997
0.268195875460368771
0.239173275897871518
0.158595796227265023
0.097315964495926999
0.317657139175646253
0.264664673644124715
0.272236535419590642
0.224983458407604836
0.179621569451936081
0.101492191902505163
0.367628217642645472
0.353277980751412757
0.210359209798836350
0.254952535242883360
0.180582284623329176
0.098533520426868970
