0.002235834909418189
0.012746396571948758
0.031408432092041083
0.037486464340994376
0.037031969336611480
0.047634849932680808
0.025786393335914592
0.121795646656308529
0.018463634850337304
0.035522073193363868
0.027014511442111755
0.030779887604600452
0.006048248878125787
0.056840250963055436
0.065846175743525998
0.021577809174421606
0.008934362540066696
0.043607555315188173
0.002241279077619949
0.037498073590493300
0.061022628065359102
0.076631780441880182
0.056926625934055321
0.039357131471828975
0.024103267027123024
0.098482405423878247
0.092157851548106948
0.039247430216905965
0.053382529525302383
0.175408524608615946
0.034975867602119751
0.120163562685238104
0.017103043593895598
0.077844767262849987
0.032175891409701569
0.007915558168483668
0.016577236321930755
0.030671764145776360
0.078152605429743088
0.180637234063900726
0.022817493765589614
0.015453139098271292
0.013574197712822792
0.042421461439292436
0.089300481728756723
0.108489424545574309
0.017854717909964006
0.011501844798763251
0.003201768152277355
0.025748614457024071
0.065581746969884364
0.015272695083748776
0.055193763207434736
0.060121951042716559
0.051157229130828499
0.173554117958589910
0.071060159459436126
0.027095124696916613
0.035305656585087053
0.011996280010215873
0.030221177101455304
0.070027992042068860
0.052625659580182983
0.042125251697015420
0.041198229014063843
0.028838132897258353
0.007689048895827255
0.058797423698080845
0.148895283089425845
0.046593343312924453
0.045926690779655846
0.013793615347681899
0.032288303154162645
0.190650729054828438
0.235461944347882368
0.112139239382630568
0.134422143557704904
0.100585091950550293
0.015889573593873781
0.058047921435408510
0.083173162531132425
0.073408789327060478
0.199220020542720977
0.111423806210105308
0.002732136515447992
0.074232340833156149
0.089367426229835303
0.071102594656470688
0.092947121863757601
0.053310903213459354
0.010161882741998017
0.102607247224790227
0.125473904334278213
0.168623723653738650
0.073509552102267534
0.014633820170533510
0.011213975123647382
0.063916467641697533
0.039218662039254212
0.023461986825645046
0.039966845602794482
0.154224875191133870
0.038260563849933100
0.097681478476316155
0.030036967304420431
0.040698100604990531
0.031272518233311397
0.066124247520355686
0.025997430435344304
0.094006539027087943
0.122265403200452441
0.096174405775943897
0.046778195868944043
0.005258665283818168
0.003037728277841079
0.081365216031222959
0.224057678592095660
0.082142613046051832
0.078146990177224651
0.031119328096231805
0.025216894138291177
0.176571256794652381
0.188768659952111950
0.198107899186988734
0.249261637943815950
0.120435050029670226
0.042342903595030540
0.076522450378862655
0.199856793231860008
0.394157477657719468
0.215558087192309344
0.271875406559246635
0.027385496997470782
0.093779706672947896
0.106347198342382931
0.374932127744438071
0.383957740054041485
0.258726065002594707
0.010225801810059953
0.061866083256177776
0.249646522416089867
0.347364324830072513
0.317725204098812330
0.099811194862196223
0.004040346319637817
0.168634403103977204
0.121755971843806390
0.161544721632627730
0.086975996929988572
0.076630833692410971
0.033661573948899605
0.129016386254078769
0.127037388848957045
0.076885853197558141
0.158158165271993806
0.089079703667432300
0.039911097802751171
0.039093207450268633
0.215546114919658499
0.137247493491795991
0.148816548287441619
0.068571384958686699
0.004852234105700158
0.095891234388413682
0.376081950446942814
0.191833225328440576
0.109724616005364928
0.063843922231070854
0.027938384510743978
0.266394197890851503
0.300465932852617301
0.098851713001119265
0.210933335555777923
0.232753300997661394
0.016476991368901624
0.209577580498029575
0.178554698359349895
0.312692813177071871
0.391208198245483807
0.362101072710460770
0.016188173006915541
0.104821280446348239
0.127268987803808242
0.301606654237199678
0.400000000000000022
0.379313931134424909
0.012838989836631579
0.116521822626671323
0.220131557746422929
0.309769693063097595
0.400000000000000022
0.182021324078886410
0.400000000000000022
0.284218850302749404
0.388918784961655106
0.346130724182385774
0.161750144436695831
0.368393818699147446
0.400000000000000022
0.135524356419305381
0.337356296594279903
0.326446720066208118
0.305379623426178637
0.374698344631808733
0.400000000000000022
0.083394796845676661
0.400000000000000022
0.374244355865214651
0.204912446951107635
0.383479037827724412
0.400000000000000022
0.202485908284200045
0.365825066903683882
0.303840653551046502
0.256826114978981890
0.393508031199399366
0.400000000000000022
0.212461283463914019
0.300806895601610391
0.307315807178626499
0.306207320234865521
0.258729735001151040
0.400000000000000022
0.261842259593421112
0.113892541810633283
0.114567378898131553
0.138384894075212789
0.272159262512765621
0.400000000000000022
0.279617527910514307
0.140334697751809040
0.225994945777303835
0.119464375818835872
0.218656933040707824
0.400000000000000022
0.209576086697588454
0.196601113114677983
0.314389084047606349
0.210575991546218477
0.183127734426268785
0.009444253283259835
0.098988936900933883
0.400000000000000022
0.393662781129807293
0.223143154598146182
0.332260547208315216
0.013501763782681187
0.129721973985175737
0.400000000000000022
0.400000000000000022
0.205300469403718239
0.299280919930912104
0.045048398040854212
0.084855875664525918
0.400000000000000022
0.400000000000000022
0.400000000000000022
0.356030468590031179
0.026327537891078199
0.168181600859857283
0.392482889925695799
0.325169186363625018
0.299807065695245178
0.342289571153753247
0.036810552586892101
0.180082764741602924
0.214125933798147705
0.205457675021003788
0.313960277689256273
0.255042204985745591
0.105601209407673646
0.263498215041273520
0.030585161043866677
0.083804038344620496
0.151574292749136280
0.171537107488783480
0.083105409664968238
0.199857154195271725
0.023306435721098726
0.073819385592495096
0.087104860761165331
0.172651198715405824
0.111711121760181373
0.202246073880256116
0.133817573457470612
0.039488010988987778
0.061097616520470993
0.307374434001800034
0.002414916095762333
0.055963914247212081
0.135307787306349570
0.173975933747662598
0.053179383688816015
0.042632092270535507
0.014217363983439252
0.041007696959768761
0.213647164329518330
0.205460060609008260
0.184288322203374266
0.069500591583545920
0.038438002021330145
0.101324527078008750
0.381440184785630410
0.192913431631235449
0.303014961404093675
0.097802653563664965
0.013520174841852445
0.075434443438827464
0.326346620665924791
0.200299182521036928
0.120491134869443878
0.060415055498959869
0.003251439737372765
0.043608930256815497
0.164151900718697091
0.154091737501411530
0.041324441122234427
0.081219252855885535
0.031537208489419821
0.272942233317351013
0.107065926927694247
0.112793066077771065
0.053376584739598013
0.047948838459468512
0.030832244059606530
0.257317699816210610
0.103051653973096041
0.101803952630861644
0.047363016767623410
0.027641337976163693
0.036632484436001977
0.151696487508180322
0.083604498049107440
0.089466317467666381
0.022854143096248364
0.112383825823439212
0.003239345797565818
0.032851304114111461
0.047909292978849438
0.016350078559975296
0.049521356404534533
0.121751664857389696
0.000854470922521713
0.026346292400718681
0.072970333339284460
0.042415306932964275
0.069551215146990475
0.059593105388041093
0.003279803837944511
0.018910551978326386
0.041802677218258269
0.055172682042829699
0.036355567479477262
0.040054478535287950
0.010183377584692293
0.089364561076198376
0.103275255122477622
0.071262371948078190
0.084809633720556610
0.050352745721595149
0.011930825837562224
0.094058371585094086
0.072217511020843367
0.095781923277906925
0.128375789182779226
0.170272544681893595
0.037656018121736676
0.086800149254768935
0.068758994087390474
0.069728509087705018
0.094069087583363145
0.134830956289372056
0.023590188870382146
0.141623565933083451
0.101974809228620539
0.064837943369689760
0.049951086511263343
0.024707211135500385
0.021190848691365123
0.127050087883492785
0.087667898403928426
0.068744260405133206
0.038542533013943031
0.047181252086015271
0.020430696533957772
0.065542202960293020
0.064227163979444266
0.024638763077379246
0.051614153803047257
0.013401221045516745
0.000890338612907419
0.014126136531449302
0.027590461229486576
0.022925748919768354
0.037332744757253795
0.047490809795190284
0.019562786077148064
0.056775122710636387
0.015653211108202749
0.026852935064776186
0.024508465999036048
0.054403337518871671
0.020047597505995156
0.105626566838497166
0.105225506997108392
0.051918044397865362
0.068399670225335302
0.047805223435349452
0.011034396558562082
0.026551685560124473
0.094716044227449753
0.154114393287871632
0.090607514845573278
0.084206001174270934
0.019994849228180969
0.040107200196609474
0.125190025596779969
0.094109449180769120
0.077402557630589439
0.078659096231777414
0.022619667782495384
0.070769359273343116
0.058376831947313086
0.105068061427413900
0.045415131694316282
0.011527322424107282
0.017456719077535938
0.083798911230058185
0.112765283556236759
0.111880756618739863
0.068745858342288774
0.072395966053501307
0.015250005242959035
0.040008755059281399
0.062128990899252973
0.030729716052726182
0.042870522030047063
0.064155744875211057
0.015165442424532249
0.088768367874302367
0.042534872827565240
0.038300662939589253
0.028070532760741514
0.024304207992654387
0.055120377607859039
0.172608931901114038
0.015311006797643672
0.022478984822063203
0.065921385204562089
0.025150861786264026
0.032155432891491288
0.053719958471787961
0.090738117240343530
0.049567130706614948
0.062718809297933872
0.054306982438382834
0.017219272339080743
0.044378608029518554
0.069016851348304709
0.130935160883270785
0.096706959055515018
0.173868011027782099
0.013480381490863794
0.011703452262797849
0.032273613658658856
0.051363042811477785
0.031851842694477231
0.040939445129479821
0.012159817322330306
0.050252303626780251
0.098669510263768467
0.082803490927766316
0.015566387775006654
0.004936053830831755
0.011985416524182878
0.079247368163947285
0.067813629913210244
0.038304328149083883
0.011885076804020043
0.011981419605138061
0.036671072376314895
0.052974724831944119
0.054722369040343943
0.031845040167293510
0.029211632414854041
0.014093755924210895
0.007875206630183977
0.048391259719427544
0.058811297963642803
0.071306055975354263
0.053243505719486189
0.003510225452014996
0.016838930226392095
0.062948593862252378
0.033267806554557952
0.051242014853152038
0.022807901432427478
0.010132768265235294
0.018026342250046762
0.047571473642655432
0.169765008569736420
0.080947685382491613
0.026662852532069507
0.009667562711142420
0.002535560715962504
0.027815720082229496
0.033884841090503368
0.057339699462391022
0.104035488050447572
0.137830955050020104
0.008294588459403706
0.004279944108410019
0.125196040797165675
0.164081215218754933
0.169184569300220855
0.118723652302770433
0.013683397944972420
0.019590748442163828
0.050536370119875176
0.193504191794034580
0.118963467958172225
0.020797145134301719
0.004524457547866634
0.083208358281401579
0.144200238745202713
0.157784410399226915
0.030214156003892698
0.021766587813320002
0.065594839293397794
0.071168019803633409
0.095739294512853845
0.014225751564323329
0.037595454832107716
0.050122929262234057
0.009598814260943110
0.093940697088853775
0.046306960790088281
0.035003342262978916
0.045518272153245158
0.016512213743246761
0.027596615741089202
0.089827146049656456
0.046508716932537435
0.036150817136159252
0.046182103446470335
0.021817400748877724
0.020817310377752401
0.015844529653951514
0.083397731983514037
0.104678295390672055
0.106307686460798634
0.030531507357147214
0.005669168260153051
0.008519389425574442
0.070878156282279559
0.177945926480926803
0.220540105260675051
0.218640940404512846
0.017472874057939340
0.029237395927328488
0.189339928243194400
0.353762851907094666
0.201953037324068663
0.263109188333426114
0.032702461741166082
0.083675467101423914
0.154539012137611315
0.340245288051288508
0.400000000000000022
0.223121937404601067
0.003791668570258588
0.053275877635624469
0.202330442203532357
0.106340000035864524
0.301154205461164337
0.224133598426140668
0.031695994411438000
0.030882943867831122
0.078477264973501576
0.036658761167482831
0.100332310398907665
0.107423969164941957
0.007336448321657250
0.103932971923720543
0.114719360480961818
0.203603015725660919
0.164169636906462246
0.115508012944681743
0.029888601226608923
0.157007253429282650
0.122746814779203975
0.136544805589317975
0.154150589721635534
0.070381139076082067
0.037494999443701799
0.029257025483508628
0.030867669691206839
0.185902610640326343
0.163127155637462606
0.095497842653279541
0.012871088376557201
0.030768657695841972
0.106012416538441109
0.297112988184439986
0.362579455500780745
0.151281748941521299
0.001468728249896652
0.031252936188226124
0.187376219332906269
0.333313384849429073
0.177022973442634124
0.188322857616352757
0.004803882451394150
0.065108643496697996
0.199049642759042661
0.146480960263482757
0.238769711718820887
0.400000000000000022
0.006468521810169105
0.072850226574715904
0.229338397339770711
0.299344738267632859
0.363266501285761545
0.207100754154108391
0.400000000000000022
0.088806406396816751
0.177109365825522169
0.128847578617534986
0.210356691871868701
0.277920895118139555
0.400000000000000022
0.126806615164664682
0.229830426228984419
0.217575895179659334
0.162579561245597859
0.221779424704388883
0.400000000000000022
0.175754843845488673
0.192341694136787755
0.213774582811262548
0.298633018004579365
0.299421626697751853
0.400000000000000022
0.087779286345727750
0.057194942625177839
0.115283406438945427
0.203637410090749871
0.165314176290330100
0.400000000000000022
0.033336000954330335
0.097674141716883878
0.109159000588164079
0.164778123481451350
0.221758729194588056
0.400000000000000022
0.031743804613992399
0.115699347958517162
0.056225699772367202
0.294720215788243034
0.286248937283803295
0.400000000000000022
0.037181989945608861
0.338496345009735244
0.130269924125259590
0.192721461289499574
0.160452837999623038
0.400000000000000022
0.045101438864845390
0.127945441843760860
0.201999923197129339
0.151117523444355362
0.147242268700285561
0.073877756568803382
0.021878901597935593
0.240461511233404257
0.301343722683319659
0.149006758911274545
0.325318196351455813
0.304755359302145812
0.081697972227903121
0.106409687852485918
0.154234382156712424
0.211132060888719442
0.290591978188318389
0.355415161666962909
0.124353236944506076
0.051808702617073571
0.191739201187448083
0.241890580164099395
0.250936224916696982
0.218709382618136772
0.164510101276102910
0.104765227298623004
0.179305578974132046
0.238438341753714256
0.278102465008717659
0.374139533413664127
0.069583479513722984
0.167916872287097868
0.121657997735343790
0.138232114752942725
0.215027446389051774
0.285447379992502137
0.052763811158131030
0.236826891305924908
0.092137694022374081
0.178755090223736424
0.132465914216354286
0.233599499540328936
0.034795189517490228
0.125928021796492040
0.075700196469849504
0.065900236895755943
0.120272307883885432
0.382192029005594958
0.058884148795552746
0.108754340634930155
0.176151323992696285
0.136858162967870511
0.174985942541208250
0.008733115639669702
0.017726195415485178
0.114653738974803465
0.129712671715433520
0.185081733656400571
0.116859904753729968
0.020897217425999558
0.017237803008027484
0.088099877638511292
0.111384262835104164
0.170401797884365186
0.141469696941353140
0.018013930054478058
0.043784568685195813
0.076712270557378628
0.142340759580055848
0.128881799282435677
0.109678378689951853
0.016824821260802286
0.083776794597379800
0.115993608742714679
0.116977724775026340
0.085270348199261034
0.074978291973970990
0.021674360667761305
0.083818778743953895
0.125973025616125001
0.104233305403544779
0.046935473965177513
0.030243394142616290
0.008846089041238171
0.068945416108753460
0.066449561855158171
0.032887040171202357
0.071306826945230078
0.035953019390153662
0.022843692209712402
0.041126120646645968
0.040720899528974494
0.014699917521583504
0.011638372391995555
0.036082699537524278
0.037269239832254844
0.047024150872402144
0.032236369434028481
0.117071307614888931
0.037263553295416030
0.042526964775513099
0.003292763318447635
0.013275306807469158
0.015671295898362039
0.045950728901082510
0.066026781535941548
0.026936626421230816
0.011408457079834556
0.030398970541279755
0.003852237880674042
0.033454787489323450
0.033711183065134001
0.004352989930090492
0.003879730711873946
0.038668133040768618
0.043730861048560492
0.067737465499821459
0.067356430350560645
0.036642997291180951
0.001768523141093632
0.041197594999465112
0.077087290635847738
0.041504880971513940
0.041858596673959379
0.018132628997233408
0.011581574468991825
0.082546248759617441
0.135742728335838170
0.065395197643729766
0.087242497386916557
0.121906563410125790
0.017812511814896962
0.137440597526357844
0.177520993581282371
0.052912586006375412
0.111278791136456778
0.052096523487414517
0.006431979067020405
0.064244029745780890
0.086698298492922835
0.055379919117670123
0.008313423924852717
0.040549251817650830
0.008978291624617551
0.016516488774873238
0.027931247576080516
0.063593104170348719
0.005088850951580074
0.026255961944106520
0.001272605590105934
0.006878689023727337
0.045707792429986807
0.037951341329354162
0.068051286879742684
0.041691403601359742
0.037627221077629419
0.016760278687237676
0.006206540045439234
0.014742506242916295
0.028695333388549536
0.041104678015856683
0.008629894400200865
0.015580073364175889
0.020089747910069324
0.046209613679980846
0.021359078206081929
0.040545000712401510
0.004032104674902977
0.036781340031520095
0.046906116282409004
0.040723200742642393
0.019779960551190016
0.027602990357311188
0.010836699666976495
0.039229964519032594
0.078147259861028495
0.023708737008851025
0.107319864291975653
0.187919031352135113
0.022552471345287341
0.100958239244884354
0.055808025221065566
0.006872763273916156
0.057622785691909317
0.017548308621193495
0.025975411142476031
0.076163887710432421
0.144262848179556008
0.030280136857049791
0.047074113574382563
0.005069935560488481
0.004650731100790236
0.025878587317406158
0.079713553627890871
0.081531910333351804
0.017110762114386779
0.017988613431809960
0.017485840152377221
0.052755151631230159
0.093537422991294056
0.068216180393720557
0.079902491366658529
0.111790594807891858
0.040951835760446850
0.210564014530610882
0.060998507677902547
0.073822736132953121
0.055085044202853276
0.055084095597254842
0.061168626485984826
0.229449182864169487
0.081157182541169659
0.044056793996484801
0.074855747744628776
0.068758417101452196
0.034396711969111239
0.091218032062281268
0.151760745305702632
0.126198911148495130
0.119645435231989172
0.093664113910211802
0.041322539366203774
0.142861013453396801
0.161174702896411670
0.170182591100176750
0.150089488580817387
0.346194178616938464
0.048456249092983537
0.131867014948035960
0.049376657252554454
0.129207810074327772
0.064027734104178807
0.048855003297963495
0.028737053644261060
0.080924067772556618
0.176822115693511528
0.263440724991667041
0.038383881540596271
0.020389192929103048
0.025559614237005670
0.121668829603239728
0.157114111641966980
0.146793752694658192
0.029739794713984045
0.023483264403901308
0.039872840528592253
0.078723339288968186
0.120304116010228321
0.047117735251042285
0.084405395622288770
0.074215706966927447
0.059032435761012476
0.221945377678017475
0.129871457423078929
0.098401180672270855
0.088549162304573242
0.015506505462230868
0.047060107327847399
0.132976585904321210
0.085893466134740928
0.093367266550167444
0.064006130446491338
0.038970901162493653
0.025715391145874022
0.106368897340736263
0.318660291659162320
0.127541028695416059
0.072589543311725360
0.023461178058824320
0.034823863870125149
0.218466449137057900
0.269346785438385694
0.169478938845021604
0.238457631608152504
0.238416047000570425
0.024184162053277489
0.062327865543818528
0.208369203328298086
0.237490004545815425
0.359335912083306730
0.230147458512875741
0.016415534460420413
0.093823089275319960
0.139903796349710507
0.264606786450505282
0.211910589821929840
0.074108048347761066
0.014686340289864649
0.185815605506191805
0.269674143079480899
0.326408134052965593
0.103723708106160217
0.036400407983853508
0.076808814417045179
0.135084487445330942
0.134957956552108044
0.037687738389968375
0.077562300434902198
0.204347804453367865
0.047859378110876205
0.191622175565169944
0.076343928094508698
0.075701442867969454
0.076790790386556534
0.082636461263602440
0.053594046176433499
0.183833685076744358
0.168774120132989869
0.132325222912103135
0.092960299315414385
0.027076066032695890
0.023855038655593481
0.097209745685174473
0.307455410575609711
0.186820908436723859
0.184454676638023285
0.061650835453379016
0.030886062398444224
0.185090646220226807
0.259646816234391509
0.351883734625717537
0.392516381261829084
0.339004131215304150
0.059815777652969887
0.105759846306191146
0.345186897876266552
0.400000000000000022
0.386879606982562185
0.400000000000000022
0.060087958738636857
0.177455173774371811
0.260886210479994218
0.400000000000000022
0.400000000000000022
0.400000000000000022
0.014017470380318545
0.115141960891802245
0.372457171974217016
0.394968436652657684
0.400000000000000022
0.323944793288336919
0.035736340731075816
0.199517346971808313
0.200233236817307952
0.198203482800110520
0.187308307328896251
0.184054802857352928
0.040998022270556850
0.232949358177799326
0.241756749329918835
0.280488868923219059
0.322327802178456080
0.204587716612114057
0.069799699029360104
0.196100460879551297
0.338292929698862432
0.273792299081114021
0.302967138009077153
0.138952524034768765
0.042347233549401959
0.125148259871922296
0.390223734306496262
0.370734536414458082
0.272851771642827479
0.159341764884350368
0.040809472887301176
0.273991176274637149
0.372314213740141953
0.365220191650570958
0.400000000000000022
0.370694375468488380
0.017945719618798275
0.240830516686255686
0.336507765469857334
0.400000000000000022
0.400000000000000022
0.400000000000000022
0.020992055458309691
0.169929923943046263
0.316645892621806091
0.380095102966417131
0.400000000000000022
0.400000000000000022
0.019307511646800685
0.189372049201387255
0.371500592749850256
0.400000000000000022
0.400000000000000022
0.376798855660945120
0.400000000000000022
0.318361876156718404
0.400000000000000022
0.400000000000000022
0.360727983118355966
0.400000000000000022
0.400000000000000022
0.262330971583970063
0.400000000000000022
0.400000000000000022
0.400000000000000022
0.400000000000000022
0.400000000000000022
0.259149640691165362
0.400000000000000022
0.400000000000000022
0.400000000000000022
0.400000000000000022
0.400000000000000022
0.273987703177272168
0.395364706633781982
0.387936914210336714
0.392879467008256267
0.400000000000000022
0.400000000000000022
0.245797284418244361
0.368923994940339006
0.372687092721336599
0.392749483180746872
0.400000000000000022
0.400000000000000022
0.273147104769740023
0.229591889769150403
0.170793078670498755
0.392255571574674278
0.400000000000000022
0.400000000000000022
0.289145879247176940
0.388979566082670147
0.343189761002246185
0.312185837108335473
0.378677742392666494
0.400000000000000022
0.251308946688864276
0.309509778573689220
0.400000000000000022
0.360189970117753722
0.330370003126554290
0.083322009852063214
0.120867838498869479
0.400000000000000022
0.400000000000000022
0.360758166470559416
0.400000000000000022
0.318257123084827009
0.211419946213078858
0.400000000000000022
0.400000000000000022
0.392554332072023504
0.400000000000000022
0.381834890726077403
0.209209112609031994
0.400000000000000022
0.400000000000000022
0.400000000000000022
0.400000000000000022
0.245036920509214939
0.284802089132869529
0.400000000000000022
0.400000000000000022
0.400000000000000022
0.400000000000000022
0.390891652318630489
0.249666244255325909
0.361955503520121069
0.319104584728341911
0.389492956865432949
0.400000000000000022
0.378870551858692339
0.279010351366371978
0.267412052349791596
0.175941732366994563
0.330329382972872732
0.304003021705137710
0.316704909205297092
0.234652343712761946
0.149234457517590763
0.149519582062344614
0.153005097656921274
0.292923506599291228
0.400000000000000022
0.255142621456085461
0.242571914092400753
0.215639334981684083
0.197955779488341505
0.400000000000000022
0.011148031735432034
0.073690109662697248
0.249961526281153035
0.303688605463096117
0.238261117345216600
0.159491997024265475
0.035114581409438808
0.058245499967796245
0.301747041968029650
0.316844323444112452
0.354690120087739424
0.210970288524899074
0.056451932075808196
0.145109095763204576
0.400000000000000022
0.335254191211291297
0.395682417547294940
0.207481032253616859
0.030344996102654734
0.159211238036207237
0.398867246620176141
0.317276907296063282
0.205761483068704898
0.135393347472930858
0.024925800405134070
0.127427709000769385
0.290124926334822120
0.258325042904956281
0.088259915087411919
0.111462646998501835
0.040383297530658002
0.289982065056599625
0.173515488782852417
0.145680106248973429
0.124683411684828077
0.083901857849622175
0.053675936269318929
0.276672648484380057
0.143772553502070521
0.116503870152445149
0.059001389159618972
0.063724037513687978
0.073901724268256822
0.198720638380582459
0.115840867483135920
0.206537625082555354
0.060117696391664394
0.154910790598952297
0.006532109116013453
0.046126610921580623
0.063580588877211477
0.062300807461057803
0.115548137940476067
0.148688291278620516
0.012262928002356271
0.056745262941998435
0.076822571219958502
0.075870094422287718
0.103262398212124462
0.063946095318131585
0.007159534549818458
0.057578685019095008
0.085533538266818754
0.122910147542651157
0.103711997830037900
0.076697475826468908
0.011951900725785924
0.130562156075663460
0.180362545758325332
0.112767252919592123
0.126668230394515996
0.068485374718828554
0.023512400306554049
0.176604620344711527
0.207960239356681537
0.161177120921636691
0.215618286569695811
0.292179108092019357
0.055468529936633648
0.224240746781126793
0.246279987668672817
0.122641095094080416
0.205347878719819882
0.186927479776786559
0.030022167937402554
0.205867595678864340
0.188673107721543387
0.120217862487359897
0.058264510436116058
0.065256462953151212
0.030169140315982671
0.143566576658366030
0.115599145980008922
0.132337364575481953
0.043631383965523102
0.073437214030121781
0.021703302124063708
0.072420891984020339
0.109934956409431073
0.062590104406733404
0.119665440682789948
0.055092624646876490
0.038517559690536843
0.030886415218686975
0.033797001274925811
0.037668255162684655
0.066028078145803332
0.088595487811046980
0.028192680477348925
0.072355196074812278
0.035742959018272069
0.073062548744757053
0.045867544205117974
0.094948338231273188
0.024079702180898131
0.142407906870017253
0.152131623279517403
0.092641245140507755
0.088179630776525325
0.075408213792660633
0.021871096225538574
0.065781650079157067
0.172863304088478248
0.177823130296722642
0.197927379137548903
0.272125032526406019
0.042547320573468307
0.141065439441493856
0.180998050817845535
0.100982212454685277
0.135025343322498770
0.096207404852970926
0.048595078924971419
0.146933246983775523
0.202639680126869115
0.135348198284463678
0.092489245268698839
0.016597257984595763
0.022107450178326174
0.109677498547464350
0.192478837184127616
0.193412666952091694
0.085856620456675553
0.090384579485311270
0.130716096940288573
0.194187386965663761
0.254220589181143264
0.265909442601355517
0.199089146661574179
0.222508605930295228
0.173784117139014010
0.262085539377220123
0.231552520826298930
0.244418450703121598
0.204531406913887825
0.193821870691903680
0.187223009124196788
0.269784872359998651
0.268745589137104834
0.262351560096805159
0.241564888259505200
0.196497469903007954
0.150191547703290379
0.268237822794730518
0.322912774536010971
0.223978354889000253
0.196718452567582358
0.184983595227418668
0.174072253953556771
0.302530638883184377
0.219087926039582020
0.200902688690909270
0.267780074730966988
0.317034024100269263
0.178818823637135971
0.321120715071913754
0.167348485355730853
0.224245988002425289
0.269472246476373301
0.300118899677937478
0.167384755138081764
0.287980369245491252
0.173320635047205324
0.241736334675651088
0.271897905768193004
0.268358841650528035
0.180702848865422872
0.225112697159994546
0.195537979345968976
0.290829302252035349
0.292927781948338462
0.254882277279011138
0.124850705685905519
0.083533963684898752
0.277077822270348773
0.227034561000412305
0.232377739152410917
0.321588319636405162
0.160456764277746439
0.106878246444865557
0.261834657131430393
0.242049892987758197
0.236803844454335444
0.251753169206816618
0.171519460353650038
0.096386549672724267
0.292146207207355069
0.283690663568969603
0.287672141824595551
0.252475137081777712
0.140822582140626873
0.087971138795885404
0.372255138896970816
0.299606053665073202
0.252174106859718472
0.216530646628299350
0.162701619051449087
0.099309155599300730
0.345106875334096952
0.288546957539858373
0.309270181424021240
0.318993229930413180
0.166004229931806663
0.106815373407473713
0.302750943112758020
0.314263295649977181
0.296565918408958351
0.271405222234780641
0.156674623883682446
0.105893470667329764
0.294998246187681612
0.347044630786341290
0.276521113629231485
0.245773559951224768
0.170819908261783782
0.107936689390249432
0.288615355123568063
0.356940280878344673
0.269655970480167873
0.234966982119283102
0.132565618683514158
0.177656724297344415
0.235711780659903891
0.217714729801169876
0.165461191340843833
0.233493045144291728
0.167066725031865509
0.229308863667894547
0.212039821143232221
0.261800398572538839
0.220756802320977996
0.185718997043371720
0.187634210866030465
0.237403630916488056
0.248462263188367338
0.259646504243822740
0.252280309708194816
0.205646926064988023
0.151018649884296280
0.249872727137110229
0.307604437480903936
0.258536415614234572
0.235285359251360709
0.198640874951968277
0.174259912105058423
0.303836186957380572
0.290117430045525759
0.285645471379272098
0.343023798198938690
0.339907757039413672
0.183630195790915524
0.334949064692102394
0.203817669489950226
0.274122633271051519
0.319685779251679736
0.324607489643104263
0.167674868612619599
0.312896741796754307
0.185097963825979595
0.258104055896817286
0.270957485110006557
0.265625306589696075
0.181233215753791421
0.302260651258876967
0.221625532140055481
0.271903204755403138
0.249897877493959752
0.215059736453247219
0.126923597363042595
0.087774206057352352
0.260170156141825537
0.208472018408177667
0.179425268815356365
0.279088616003994539
0.155349701083424246
0.097847983422898008
0.234984731835882560
0.221426465738416983
0.257668323392164555
0.267985050784183332
0.171985153256581980
0.096812986448208863
0.273780328842388565
0.257095115998438151
0.284648824314233440
0.261193812865208985
0.141432149898671616
0.089272500030773305
0.354825987768938700
0.285402619131256197
0.291082545590366004
0.246771113706425876
0.162644577826112413
0.099879902494552336
0.346871049692462352
0.381058557333193160
0.426642712305537741
0.408627376179545698
0.169147873698057921
0.112894574549592744
0.321053196892495563
0.354866817182355854
0.361914288864482903
0.326613497950957121
0.156549501818260772
0.106313704927715955
0.321005418688107447
0.364220266910715296
0.287455611996027205
0.244721869231309286
0.171351769460612924
0.109393967763537159
0.387526187121109700
0.400405905049704747
0.255175452460646601
0.192831531674955009
