0.004132934229897671
0.009233540114314497
0.008369908226331326
0.001933759640266350
0.005515312242972742
0.019607793230294331
0.001252198431236331
0.023327932888377829
0.009560282631632822
0.001183998272356373
0.014803662218383100
0.020031043501274871
0.000153740826378789
0.021718346966782025
0.001293511765964001
0.003334724645974179
0.033158503255974761
0.051398259817538955
0.001664476186814951
0.012796477509059124
0.000000000000000000
0.002156263833366737
0.019961343557039081
0.037729900899452745
0.000214582427641917
0.012320716166038928
0.010952946635989932
0.007558175300535412
0.009272042598955588
0.023456140724837551
0.006808942626545814
0.035660816820834412
0.010585165518336711
0.002066536048321887
0.005136150519177395
0.007196839716754320
0.001901031054534674
0.004436671578771046
0.001325830764313257
0.001457475755087208
0.021097939076881504
0.071260546626595797
0.000419172279985574
0.000381639859186579
0.008322009800014487
0.004761244612125499
0.024174764708475363
0.052546106582151773
0.006847181524524487
0.025433554116859446
0.023224835215388269
0.007693828713826669
0.043065666312583864
0.041932170013062223
0.002240226082297306
0.022929640558850984
0.032114425136821625
0.005283007395190675
0.005739321218672766
0.014399298493549244
0.008355452393373207
0.036692561161843690
0.034352346343507430
0.000796474503712114
0.040581071171156197
0.019760109751534055
0.018172000816611668
0.049746063547519190
0.019451586058558942
0.000000000000000000
0.005902942993049970
0.005618172006956020
0.002781204315969139
0.026945474897927160
0.007126812510192523
0.004597732915743797
0.003374750015623495
0.000000000000000000
0.032384126674035285
0.034770626542580708
0.006425031668028676
0.003282306375023888
0.001491671953694131
0.019654254543259614
0.006680466177428511
0.000907901387141640
0.000078379110168641
0.001086338287977611
0.017330735539393072
0.128621321580350056
0.008090792170730277
0.000369794822828010
0.008063717836309124
0.004567101166361529
0.018284750747791199
0.048752022279554587
0.009563584718134526
0.020210404380375011
0.012655349021887087
0.006118090913560047
0.023690449851292150
0.024238476306977251
0.005385645991330295
0.024350263125216008
0.014385376201814046
0.001057141314603904
0.036217824771805754
0.118937263748743138
0.003593190610061775
0.039170172957083388
0.007572205402705024
0.000000000000000000
0.079959062340041534
0.087433806358756694
0.005635153303443023
0.050142226515142239
0.012043389573476636
0.000000000000000000
0.015057639087473276
0.010901858242264651
0.008104877089414998
0.034167003858362174
0.002369029104086524
0.000000000000000000
0.002469655781019037
0.006559903286355764
0.013406809723275685
0.033325642548486710
0.002692247938302103
0.004783648260004368
0.006221224047847607
0.032875041518487864
0.001586797570247539
0.014864523092546409
0.013280603620666964
0.000347018036925526
0.010419317845050999
0.086030252636161153
0.004688842430598195
0.002968461456420999
0.017025963401386388
0.001077346672678993
0.004858752055852808
0.025345156636732931
0.003129848970678059
0.071345215965023592
0.043122455961297372
0.005384887059186275
0.063342225636409566
0.136806563435258016
0.003211854587121618
0.068154304797547222
0.045243062625088613
0.001891071873022257
0.022079993192111631
0.168738316590380577
0.003450833208393842
0.022916148013525602
0.006362662759776034
0.000000000000000000
0.040770163428230283
0.113928217748433758
0.001387232318407571
0.087691439389919731
0.071173861532134397
0.000451423731172198
0.021165248781182550
0.036286604604599988
0.000703490974173249
0.066642520004858888
0.053370217366974358
0.006597704607216790
0.008290353691417517
0.018041448685397758
0.013149670214396673
0.069666203020014181
0.007423011806369326
0.002621648740954936
0.010672315764891185
0.034159746675182956
0.003234739345918278
0.065530335708425549
0.008752193396383900
0.009008577544650041
0.008180517106711815
0.024855792839171460
0.001557271625180859
0.045045693984605485
0.032888849358228250
0.001596969991532585
0.006200063440891124
0.015032274146666733
0.009035944826662892
0.181287544009880980
0.138299957035516674
0.000000000000000000
0.008195922492643254
0.054834842741014210
0.014571595477624710
0.301674948272153576
0.200460153287033649
0.000000000000000000
0.022637090463415076
0.102603739927463494
0.011891029598746506
0.272746033324859860
0.188299386069685604
0.000859338871731375
0.001065075594973580
0.109192136779434901
0.008769078864917335
0.125748491744828716
0.118310743952313127
0.002561406409985051
0.006711632189865469
0.145745992663962765
0.096205718505828847
0.107302441020073303
0.102407440317645024
0.007336012062022355
0.004981227246335398
0.065149277499406938
0.031609526344985088
0.241727363738951900
0.130090808641773553
0.009343894853316831
0.023589677728963598
0.238330053257798269
0.013887488172301494
0.310490030877926371
0.050414639733997069
0.015940194640324500
0.023213973765450313
0.143440199060756890
0.021067493859839408
0.386665131900264636
0.018856572422715330
0.009728809824109768
0.025718607731584572
0.053353581814452274
0.003775706219946869
0.036595676817812159
0.006273581828737696
0.000000000000000000
0.006545594011090967
0.034737223787836516
0.005153385390015107
0.119735542103734452
0.034415610318596579
0.000000000000000000
0.019915537339602128
0.074924143550054723
0.001130777461949390
0.070035129539169363
0.042848324814914393
0.000000000000000000
0.003072893094887988
0.085409289686775886
0.016278822137165833
0.048142200124439691
0.031499172909971500
0.003556201416668118
0.000460571681944721
0.024294072587474853
0.029737530459825842
0.113215057316836717
0.213562498687649815
0.010606407174740613
0.008341943919067708
0.100348207004220369
0.008670612288304272
0.044340675038071750
0.127759636116202724
0.001314899136786676
0.004407321356119065
0.239394652326414936
0.005798751618624094
0.117374957617480985
0.014293758391086544
0.009863630845896415
0.015474209052032417
0.045325822481567718
0.007871707953579440
0.095269427856136207
0.001284354845315297
0.005972363063703538
0.021253097676419731
0.021166983570988909
0.000000000000000000
0.008634126135950968
0.002647584531833340
0.001910124459747961
0.003556201896182926
0.032853108688818106
0.000692823760418265
0.013352122686260050
0.008971247789480547
0.000661875155557790
0.000396493436810174
0.008332085807429834
0.001283942766280542
0.052031619825700280
0.049085789901415461
0.000000000000000000
0.000000000000000000
0.000000000000000000
0.009959433675715104
0.021537376603120585
0.051891610377037531
0.000000000000000000
0.001099317940917954
0.015375222540173074
0.026656600151082024
0.023283340703949645
0.065880949606429901
0.001819020352579488
0.017386931166121188
0.160544552644244526
0.025789383513400807
0.012480793231052613
0.034723186762419665
0.004299935280970618
0.012212282553916390
0.167446721698505663
0.001944506691483333
0.017804071086503004
0.027366100712957038
0.003591087906170748
0.004283597947075498
0.043401783058956998
0.003080917815314008
0.004452919333831219
0.001860857962225182
0.001455017103396356
0.000448156374097529
0.014241319243249532
0.000200416909595936
0.005919250694151225
0.005611421523748425
0.000000000000000000
0.000000000000000000
0.009157687132457504
0.001915445776762704
0.042731746399405843
0.011254816434308364
0.000000000000000000
0.000000000000000000
0.019293658558769196
0.002334429568320390
0.054369630710240313
0.037809095899328293
0.000510901388954288
0.000000000000000000
0.009894630492870465
0.008286290828058625
0.062228903921608486
0.041582551443426881
0.000118041969956200
0.006846712616341327
0.016377148150926640
0.002871249359110119
0.008645530108853668
0.006693311119495299
0.000000000000000000
0.016401752469494209
0.112727714554683223
0.004436222316398580
0.000143955259388712
0.000736825751535312
0.000000000000000000
0.001243385798194727
0.019761084844493897
0.000000000000000000
0.002491260853499398
0.012259018726769506
0.009244718616873924
0.010102277204714294
0.011674141204964726
0.000552741590140718
0.002338787814149878
0.008029140958871922
0.011760594375175498
0.024475695025161857
0.019017387461488670
0.000000000000000000
0.002076592428528897
0.000168341539970196
0.002128739023425250
0.009226873874063964
0.012790813408132186
0.000208695712812151
0.018901257499005994
0.002458355763058925
0.001497474758609575
0.010749845040558599
0.024759910181260607
0.001519847097410369
0.026765264146281650
0.021327168964436583
0.000659082828173566
0.004761985769223890
0.003838259530167927
0.000026583514451753
0.005163292044993974
0.009115202142761594
0.000000000000000000
0.017104204740512816
0.036155877841780620
0.004956371234024131
0.021834479051033612
0.022902889012653561
0.000000000000000000
0.024357347270635273
0.135844561371179340
0.006703044559743191
0.016655275372067839
0.000570320469694152
0.000121017792213721
0.003421208944497309
0.028472018978373571
0.001881572739419750
0.000000000000000000
0.000000000000000000
0.001975261294521137
0.005569846710569041
0.006453194998596805
0.001391816093598236
0.000085337266806464
0.000537581189087275
0.000000000000000000
0.014071883799285610
0.010903943925549449
0.000270740343937147
0.000000000000000000
0.000000000000000000
0.000000000000000000
0.002900039168275689
0.043471220676797470
0.000489990690483782
0.000000000000000000
0.000000000000000000
0.000000000000000000
0.003971048380011178
0.015218423276830623
0.001238018233471299
0.005200972563097800
0.000000000000000000
0.000000000000000000
0.000000000000000000
0.000102620386164643
0.006506588730276625
0.006805399402545079
0.000000000000000000
0.000000000000000000
0.000000000000000000
0.008457844212036485
0.002178836957594852
0.000000000000000000
0.000000000000000000
0.000795597400056359
0.004719277075203628
0.033104759024500031
0.007037878262639650
0.002612654662598142
0.003967725696991220
0.003316662793603029
0.004912894250938030
0.008256490052947789
0.003471675972374797
0.001027592675208173
0.001710875382708867
0.000000000000000000
0.000000000000000000
0.030868977519047824
0.006469225521110687
0.000000000000000000
0.000000000000000000
0.000317416307475033
0.002767360107803481
0.012633486610697495
0.001356435058841233
0.013213516827292417
0.003820931585960858
0.000314855680178235
0.006756660026602781
0.027230583121640346
0.001834859063344412
0.034129827910701342
0.009235890926177548
0.013209834878461139
0.000406165429744028
0.002179892470733983
0.000000000000000000
0.007822999101312227
0.016238649034191026
0.002828669800977208
0.001521318311253950
0.000307093497366224
0.007625191662282235
0.011445517433121354
0.004442714037479041
0.001088737663284713
0.002310730027110254
0.002974527543429269
0.019570701722838868
0.000000000000000000
0.000000000000000000
0.000741254112186714
0.005601886756524890
0.006948341680175231
0.002417499541894172
0.000758710834714444
0.011157343380109749
0.002259490657093845
0.006073957858318974
0.021509388410247840
0.004765633687482565
0.005022262320954137
0.049696677302880521
0.011707727293485326
0.003093705769720848
0.011485509623973714
0.005139548470371610
0.000995601446075411
0.005800262326895254
0.009586820373914465
0.000000000000000000
0.004613507592140178
0.000298826997674124
0.004368560671166989
0.004869463326117825
0.011700798373348014
0.039557151690590986
0.056503671619890700
0.000164988447599696
0.012934440842856674
0.022619850195227525
0.004719935993255256
0.058268978343107791
0.068481504955104203
0.003272778708527605
0.020449311449171503
0.051413010803329343
0.008974641607256516
0.008881776346664164
0.019735846810587248
0.012875656365199347
0.004524238010978422
0.042378714062508566
0.007418725624410972
0.017648887691781405
0.028635423047601499
0.016013498918193394
0.007778328174050432
0.047700296746724803
0.010619903703497729
0.023434820134882677
0.042658126026826351
0.000000000000000000
0.049000467961139473
0.056694811170290613
0.005421993500446877
0.006914790709483583
0.027944058315192654
0.002199353067561138
0.009596707156120109
0.080718687675544978
0.025248757479255188
0.002712809904169184
0.062317187617726637
0.006232298273749342
0.006470769705452773
0.049836942047221097
0.008927333296846841
0.004994685828235415
0.033654460642372160
0.001535907819997695
0.011139094421953358
0.017375357033375078
0.011568638091629720
0.141412242031283331
0.075525056712172550
0.008180257181519561
0.040540705335399045
0.053868835929940316
0.052174586435335513
0.242391286455427790
0.294142384691622794
0.026925609958127875
0.029823149196420783
0.110090442763381938
0.055559615357693534
0.116479096396159609
0.097867681220462494
0.062081883407191889
0.043990283948771476
0.055882215650803896
0.039917804996530123
0.044854671010811663
0.038536850724249394
0.040481270100277744
0.034221676112841048
0.069125871847863882
0.064768974084079486
0.229232526968735306
0.395656730012150737
0.018549316041268721
0.062169185298617098
0.100405973869678047
0.050249143084611640
0.178061818257969268
0.259333592560637149
0.011298204165238343
0.066489026638149595
0.125826876047459263
0.217820586211035561
0.054305211643512867
0.067660589543032376
0.028790132952475983
0.024871035701601357
0.122499091881544744
0.261633993602940595
0.170059866317376018
0.048436299525968812
0.234328613309356504
0.166057042171272068
0.227822587286497791
0.178844001875064773
0.400000000000000022
0.358131273271677819
0.255907413116637783
0.305015540360326243
0.400000000000000022
0.371023475004839121
0.400000000000000022
0.375048495873599341
0.278110476420284414
0.290611536061216091
0.400000000000000022
0.399908042143851783
0.400000000000000022
0.400000000000000022
0.334447372667936671
0.344426518516113278
0.400000000000000022
0.381410129519541341
0.400000000000000022
0.400000000000000022
0.323627549264567216
0.385538097245269940
0.400000000000000022
0.386753460152383099
0.400000000000000022
0.400000000000000022
0.301413815512618477
0.393572380418250267
0.400000000000000022
0.396365797742227133
0.400000000000000022
0.398424256196489690
0.318492513372479857
0.400000000000000022
0.400000000000000022
0.373727752743808872
0.400000000000000022
0.400000000000000022
0.317092976052562536
0.400000000000000022
0.400000000000000022
0.353450326240233870
0.400000000000000022
0.400000000000000022
0.289809916761245678
0.217431297806828627
0.257014475216380378
0.259433829323266418
0.400000000000000022
0.400000000000000022
0.371429490592972034
0.311769167998411922
0.290181280482009474
0.291366837580555149
0.400000000000000022
0.400000000000000022
0.357868662991019271
0.337685461578302093
0.272169335904564935
0.307031664848194330
0.400000000000000022
0.400000000000000022
0.282957713187225235
0.316525757198530988
0.271563209743027001
0.345460226933753112
0.400000000000000022
0.400000000000000022
0.281883577118003104
0.325714878929397544
0.273958970601913598
0.316093335469301184
0.400000000000000022
0.305937421061749204
0.296593792255339439
0.346199080444155871
0.213238964552968008
0.283650995418347374
0.400000000000000022
0.400000000000000022
0.288587570081434042
0.335679464087604573
0.191565042006589054
0.235330839338341119
0.400000000000000022
0.400000000000000022
0.310459937933907137
0.315261685927105795
0.188994091661788904
0.302831222433983416
0.400000000000000022
0.400000000000000022
0.034077134250913563
0.073592355668169865
0.139534115615148724
0.188936825803038139
0.350361423751767431
0.329007609028128034
0.037560779093101779
0.091256603256660462
0.302543652344899994
0.162402700536238842
0.132309276397896414
0.279302192248912728
0.049303882497961755
0.111258143716871316
0.169391083073852394
0.112311167113066351
0.242802688163425096
0.279813162664858728
0.027615722364098982
0.120123610746112941
0.171828450875167127
0.082247418542861633
0.049663128719415646
0.118066043106973398
0.018405999070487025
0.106905241570683304
0.187637710655244538
0.080757190761158504
0.117277627779920499
0.067939708025859219
0.023838692596092465
0.121854775019229589
0.234093390754834818
0.038175051516981598
0.013549542800958223
0.053293054178846416
0.061076075208824555
0.056412020039192601
0.134610830836896844
0.065998908148384050
0.176273721328492672
0.269401689365643959
0.030604699560250387
0.021128369169417793
0.122947116928497163
0.149579308039479691
0.231767791344156981
0.306315333135553036
0.008185015134976657
0.030674893408411671
0.105586958818134763
0.085333321399558765
0.370940758414915750
0.211197457344483225
0.005694000117098908
0.027256584853064370
0.143414211387605184
0.024041433071066085
0.097291317213322515
0.124781881059769062
0.006281055359226557
0.017404815805223704
0.118269963556616897
0.034859182052799621
0.051267707979830261
0.124705698318275410
0.007363070755176592
0.028461570032700625
0.059303795022140615
0.020042971313375641
0.019199497444816381
0.056268721706217606
0.010083170110766728
0.037500976242453549
0.032775633736682006
0.013764269347963027
0.012283427126854717
0.047137384955553668
0.030316126705471399
0.027272758976571294
0.068456210449632904
0.013786885075297186
0.011069826117067699
0.039091955150892393
0.038264720360568431
0.021466364354319808
0.021575215217216656
0.012667640819920075
0.050011160997143547
0.070632608954443121
0.010766895389111429
0.003928338664327784
0.029484084856546848
0.046285363975017951
0.023240380586063751
0.087456892242098086
0.002303745686037363
0.000530891229595733
0.021848236178397588
0.023942256144541350
0.038842899392823482
0.021084281256630446
0.005516241014685667
0.005668523042926231
0.036835625036799560
0.030639067150012814
0.015695026495297915
0.029002981235517852
0.007154762733474634
0.042344456838072940
0.029635546818140915
0.037636486136820871
0.053247907973061538
0.039145050954888988
0.008544681409272630
0.030254558929423487
0.007958496699689755
0.002581863601503749
0.010935755106111394
0.012438466120929605
0.002830896961052056
0.015738460629779440
0.005450445437153589
0.000000000000000000
0.000000000000000000
0.000000000000000000
0.029478668728555354
0.020371385912082835
0.011067726164205254
0.001854070866235182
0.009325073176349969
0.015596714857737341
0.010614628169160392
0.011718612082226319
0.017852957064917314
0.003560038732055490
0.035668015410862529
0.088499072993931283
0.009077369485603698
0.004519872529175576
0.012612777110715725
0.008026859714839737
0.034571530097894723
0.074030145065256930
0.004403674573834818
0.009233540114314497
0.008369908226331326
0.001933759640266350
0.008415351411248431
0.063079013907091808
0.001742189121720112
0.023327932888377829
0.009560282631632822
0.001183998272356373
0.018774710598394279
0.035249466778105490
0.001391759059850088
0.026919319529879825
0.001293511765964001
0.003334724645974179
0.033158503255974761
0.051500880203703595
0.008171064917091575
0.019601876911604203
0.000000000000000000
0.002156263833366737
0.019961343557039081
0.046187745111489237
0.002393419385236769
0.012320716166038928
0.010952946635989932
0.008353772700591771
0.013991319674159213
0.056560899749337583
0.013846820889185462
0.038273471483432554
0.014552891215327931
0.005383198841924915
0.010049044770115426
0.015453329769702106
0.005372707026909473
0.005464264253979220
0.003036706147022124
0.001457475755087208
0.021097939076881504
0.102129524145643608
0.006888397801096260
0.000381639859186579
0.008322009800014487
0.005078660919600532
0.026942124816278841
0.065179593192849272
0.008203616583365719
0.038647070944151866
0.027045766801349125
0.008008684394004904
0.049822326339186637
0.069162753134702576
0.004075085145641718
0.057059468469552330
0.041350316062999173
0.018492842273651815
0.006145486648416793
0.016579190964283227
0.008355452393373207
0.044515560263155916
0.050590995377698456
0.003625144304689323
0.042102389482410144
0.020067203248900281
0.025797192478893900
0.061191580980640536
0.023894300096037980
0.001088737663284713
0.008213673020160224
0.008592699550385290
0.022351906038808007
0.026945474897927160
0.007126812510192523
0.005338987027930512
0.008976636772148387
0.006948341680175231
0.034801626215929450
0.035529337377295155
0.017582375048138425
0.005541797032117733
0.007565629812013104
0.041163642953507454
0.011446099864911076
0.005930163708095777
0.049775056413049162
0.012794065581462934
0.020424441309113923
0.140106831204323795
0.013230340641101887
0.001365396268903420
0.013863980163204375
0.014153921540275994
0.018284750747791199
0.053365529871694767
0.009862411715808650
0.024578965051542001
0.017524812348004914
0.017818889286908061
0.063247601541883136
0.080742147926867930
0.005550634438929989
0.037284703968072687
0.037005226397041568
0.005777077307859160
0.094486803114913545
0.187418768703847355
0.006865969318589380
0.059619484406254884
0.058985216206034377
0.008974641607256516
0.088840838686705711
0.107169653169343959
0.018510809668642367
0.054666464526120659
0.054422103635985208
0.007418725624410972
0.032706526779254674
0.039537281289866152
0.024118376007608387
0.041945332032412609
0.050069325850811329
0.010619903703497729
0.025904475915901712
0.049218029313182116
0.013406809723275685
0.082326110509626182
0.059387059108592717
0.010205641760451245
0.013136014757331189
0.060819099833680515
0.003786150637808678
0.024461230248666518
0.093999291296211943
0.025595775516180717
0.013132127749220181
0.148347440253887797
0.010921140704347538
0.009439231161873771
0.066862905448607485
0.010004679969525834
0.009853437884088222
0.058999617279105084
0.004665756790675753
0.082484310386976942
0.060497812994672440
0.016953525150815996
0.204754467667692869
0.212331620147430566
0.011392111768641178
0.108695010132946260
0.099111898555028916
0.054065658308357765
0.264471279647539359
0.399693106341746596
0.030376443166521716
0.052739297209946391
0.116453105523157990
0.055559615357693534
0.157249259824389892
0.211795898968896251
0.063469115725599462
0.131681723338691187
0.127056077182938293
0.040369228727702322
0.066019919791994217
0.074823455328849375
0.041184761074450987
0.100864196117699922
0.122496089214838233
0.071366678691296287
0.237522880660152813
0.399829405270282434
0.031698986255665397
0.131835388318631286
0.107828985676047373
0.052870791825566574
0.188734134022860461
0.293493339235820105
0.014532943511156620
0.132019362346575131
0.134579069443843180
0.226829163755685626
0.062485728750224685
0.092516382382203846
0.030347404577656844
0.069916729686206852
0.155387941239772981
0.263230963594473177
0.176259929758267153
0.063468573672635559
0.238281724364952902
0.257157798604268795
0.257003082736695254
0.178844001875064773
0.400000000000000022
0.380626520486927133
0.258946901995102174
0.400000000000000022
0.400000000000000022
0.371023475004839121
0.400000000000000022
0.400000000000000022
0.280627035417193194
0.388636235021478871
0.400000000000000022
0.400000000000000022
0.400000000000000022
0.400000000000000022
0.336256125327009492
0.387702237952116446
0.400000000000000022
0.382155780086268826
0.400000000000000022
0.400000000000000022
0.342819777794127423
0.400000000000000022
0.400000000000000022
0.387677966731283519
0.400000000000000022
0.400000000000000022
0.307733140378918746
0.400000000000000022
0.400000000000000022
0.397520430634335731
0.400000000000000022
0.400000000000000022
0.321432463544034430
0.400000000000000022
0.400000000000000022
0.377577004485224466
0.400000000000000022
0.400000000000000022
0.322020495734156642
0.400000000000000022
0.400000000000000022
0.356359993317966306
0.400000000000000022
0.400000000000000022
0.291461740260290703
0.233989195168502528
0.257978846329385447
0.259433829323266418
0.400000000000000022
0.400000000000000022
0.372504435172887394
0.351576786257931428
0.324596890800606053
0.291366837580555149
0.400000000000000022
0.400000000000000022
0.358107975169307924
0.361136221581238481
0.315017660719479342
0.307031664848194330
0.400000000000000022
0.400000000000000022
0.286315461849398989
0.333093656476757094
0.303062382652998508
0.346495472098830803
0.400000000000000022
0.400000000000000022
0.287815963356095106
0.366086538892237967
0.400000000000000022
0.319056300939605908
0.400000000000000022
0.393966843656932797
0.298327206898808817
0.363018422801570484
0.340998600669170759
0.283985727537268640
0.400000000000000022
0.400000000000000022
0.289815152823861055
0.388708199773406093
0.205858800397675623
0.245194470184237512
0.400000000000000022
0.400000000000000022
0.312301067976572810
0.372720890854357334
0.190278446507104210
0.304617421208232098
0.400000000000000022
0.400000000000000022
0.034077134250913563
0.082226481804120843
0.142181700146982032
0.189750317608464530
0.352842338379079523
0.348728705111894244
0.038253602853520044
0.104608725942920519
0.311514900134380546
0.163064575691796609
0.132705769834706611
0.287634278056342563
0.050587825264242298
0.163289763542571575
0.218476872975267855
0.112311167113066351
0.242802688163425096
0.279813162664858728
0.037575156039814081
0.141660987349233519
0.223720061252204644
0.082247418542861633
0.050762446660333603
0.133441265647146479
0.045062599221569043
0.130188582274632952
0.253518660261674411
0.082576211113738002
0.134664558946041679
0.228484260670103773
0.049628076109493269
0.134335568250282172
0.268816577517254462
0.042474986797952211
0.025761825354874611
0.220739775877352107
0.063020581900307890
0.074216091125695605
0.161976931549853875
0.069589996054554792
0.180557319275568173
0.312803472424600937
0.033685617375564393
0.025581288503249013
0.124807974890722345
0.151034325142876069
0.232215947718254517
0.320556652378802542
0.008385432044572594
0.036594144102562898
0.111198380341883188
0.085333321399558765
0.370940758414915750
0.220355144476940740
0.007609445893861612
0.069988331252470198
0.154669027821913552
0.024041433071066085
0.097291317213322515
0.144075539618538251
0.008615484927546947
0.071774446515464024
0.156079059455945190
0.035370083441753908
0.051267707979830261
0.134600328811145892
0.015649361583235218
0.090690473954309112
0.100886346465567489
0.020161013283331843
0.026046210061157708
0.072645869857144246
0.012954419469876848
0.046146506351307223
0.039468944856177302
0.013764269347963027
0.028685179596348927
0.159865099510236863
0.034752349021869987
0.027416714235960003
0.069193036201168207
0.013786885075297186
0.012313211915262426
0.058853039995386283
0.038264720360568431
0.023957625207819206
0.033834233943986165
0.021912359436794000
0.060113438201857848
0.082306750159407860
0.011319636979252149
0.006267126478477662
0.037513225815418771
0.058045958350193452
0.047716075611225602
0.106474279703586749
0.002303745686037363
0.002607483658124631
0.022016577718367784
0.026070995167966602
0.048069773266887453
0.033875094664762628
0.005724936727497818
0.024569780541932228
0.039293980799858477
0.032136541908622390
0.026444871535856514
0.053762891416778459
0.008674609830885001
0.069109720984354597
0.050962715782577495
0.038295568964994434
0.058009893742285421
0.042983310485056915
0.008571264923724384
0.035417850974417464
0.017073698842451347
0.002581863601503749
0.028039959846624211
0.048594343962710222
0.007787268195076186
0.037572939680813044
0.028353334449807154
0.000000000000000000
0.024357347270635273
0.135844561371179340
0.036181713288298549
0.037026661284150678
0.011638046633899404
0.001975088658448903
0.012746282120847278
0.044068733836110915
0.012496200908580144
0.011718612082226319
0.017852957064917314
0.005535300026576626
0.041237862121431566
0.094952267992528080
0.010469185579201935
0.004605209795982040
0.013150358299803001
0.008026859714839737
0.048643413897180333
0.084934088990806386
0.116743330324213024
0.217574985150917194
0.190118326467516557
0.082816133248579574
0.230462742518105695
0.245985212111258900
0.111654537087411090
0.227923448062130996
0.174641488231751657
0.081704199124618695
0.164757749663155956
0.257479733893310192
0.119104606601189600
0.225865673694545355
0.166082742966898594
0.091080192850510777
0.162228991213770879
0.213344153434499195
0.132268224518625938
0.202415389936695111
0.146400990301621375
0.088530899499127194
0.117835503205311082
0.163680090091361530
0.146850324923649744
0.182840317693883758
0.159525712817532361
0.078057013002428455
0.140926545201666281
0.232817981836223958
0.141567738666764781
0.199159404338032114
0.163822072999032009
0.072892095724526346
0.124775758873396231
0.246622431495847450
0.123487316586875839
0.178970843938845048
0.147821861087561734
0.089427224155243651
0.141133888829606952
0.233928891584605919
0.119709466741953874
0.162964331975593790
0.138862001192334050
0.111196460998107871
0.151031825199015673
0.188064633236717155
0.056612009198537531
0.120415882098949184
0.207503878643324507
0.184188764144896294
0.244521065575393270
0.194975461135132394
0.058744241466999032
0.116625141683928818
0.203873758093940982
0.144924745816398831
0.185302590144537038
0.226231935627283109
0.064722318949449756
0.126350697275040114
0.201838300601524745
0.137685291420415273
0.189749907578738525
0.211329465934843946
0.059208535460843960
0.119155326623257632
0.174014767603943354
0.121252130130841657
0.127297671219712610
0.164556814638656373
0.060422673803385951
0.123768560337075437
0.183694753718716491
0.128963498042285657
0.153645249405095413
0.215039958904406830
0.058497980960666572
0.146928855940126279
0.164343179370647657
0.119956657313971357
0.132344681615892856
0.224004579676843757
0.056894346545362080
0.141672912951079116
0.119042720819422229
0.161812851223648968
0.160928443703779234
0.234484040645631941
0.063517434988916918
0.140217732637134523
0.103419338019878834
0.183527770859556377
0.194802048769428526
0.197512423216568894
0.065885818972468146
0.039538794806708903
0.042193204339198452
0.053313157969906252
0.228361586127961674
0.256871185891721698
0.112001336186034806
0.226500330553767198
0.182708557629552626
0.078329256162204472
0.167423195594019164
0.292162734880779984
0.116983580939685736
0.220022560652754412
0.168871365467960194
0.087559857539831337
0.162351869429913143
0.232354764413743198
0.132169749823459193
0.205284836871229864
0.147278646900404347
0.087806242144477936
0.117587380390644272
0.165013433243977520
0.148048122916169228
0.192705874947019212
0.165875418018311072
0.092354580550602569
0.145810494608664715
0.228252988785198702
0.143015498423118753
0.215516023925059280
0.158642639134319779
0.076256006947669763
0.125987172080416904
0.247305718305326633
0.127727497527351797
0.203393869438345448
0.137733348044788734
0.069166497544474487
0.135578406077956265
0.238580256067388863
0.121505557666327285
0.169800596062676418
0.133788813688824393
0.083670817930189947
0.147454083185939416
0.190621468521855991
0.047771652036986294
0.036238650650805462
0.040185547507903104
0.049845945731018623
0.198871506740594700
0.192694515560749735
0.057672507654012134
0.118953001920398413
0.201295241742373926
0.148129058838943894
0.181542733817440932
0.233005135301643740
0.059277099899794995
0.115555236320729435
0.196780719118673453
0.138702932087688191
0.182195376145027260
0.211541136915053718
0.062994333461438554
0.118846447105580622
0.177381476811577066
0.121490615238844663
0.127027409667891472
0.163816551061946702
0.062955456959632380
0.126588587288099380
0.198906857469930171
0.130923088655532566
0.166510124482946525
0.229945456443206214
0.058836367843850400
0.151427224664760357
0.182621771163341717
0.118816888838777238
0.134632488492909652
0.229930070357240529
0.057549091262735830
0.155396756925261614
0.138137941224175609
0.150322414488320510
0.145828501715516951
0.217859996217832863
0.059826540523354794
0.146791841034579013
0.109020912735445646
0.178591434212350325
0.169918756531106246
0.191004456708735948
