0.011293704449732034
0.029915845660048509
0.019334826083910930
0.015536295160618425
0.001487834604634137
0.016010828590386082
0.037827106745795709
0.001958751031215902
0.023052414227920034
0.005258744047099527
0.000000000000000000
0.007268762574932083
0.018996979438874781
0.035664159737587520
0.165433872213282707
0.134206261853496295
0.056069864772980628
0.022642544044363905
0.159815546420475241
0.110805228882035325
0.235109825405615036
0.372583021418758431
0.331891690958896646
0.090808220667893291
0.057357431525745337
0.094014509838879920
0.003181215204779172
0.040377243802528516
0.004008217685527774
0.076260712238961109
0.093633568165791631
0.156700167052766182
0.049317968663690523
0.023096266237061219
0.019889995124198995
0.061184655407135483
0.117058890675742766
0.224098648962620439
0.196518287540289688
0.018654403274073496
0.020641926683167684
0.124198248243836476
0.058957885836169302
0.261605871506467746
0.318498952243850830
0.032321347270436562
0.049397054969542782
0.365532337031555965
0.072163838147593057
0.083301249388859216
0.030807929810820256
0.039028486655177545
0.033899223079303493
0.025713090559619393
0.050092557923456085
0.005499896858318422
0.061503017969390811
0.022957846300756077
0.027646267627269031
0.020498694959752071
0.062718313047120527
0.016669821412453694
0.024700216076555610
0.018911030784236928
0.087091360472094620
0.035542759456279042
0.092210802715894047
0.039375419301948794
0.057252232049035207
0.062020645137049406
0.303160365319347647
0.186384466888260603
0.144437672675849726
0.049814639975249764
0.048580299136893643
0.077433409461892394
0.002544010886548050
0.055404925126907784
0.339888231422253495
0.116517412300487150
0.166977155494297036
0.197755848945589452
0.022776150139601145
0.067590703468350333
0.245414106828891532
0.183020100014034237
0.093342328038527045
0.021953486439530375
0.034699780153480186
0.174747072865131914
0.072509349956843328
0.111293558076900209
0.126859371915270247
0.020413641501356532
0.029243298824934080
0.199057303934510738
0.346220190342884537
0.178111726591022479
0.293937499987699247
0.346847219103380899
0.038587270741398873
0.013763875675585253
0.181089994076716887
0.032436021387433851
0.208890657003151514
0.126756854904877841
0.043590176637691783
0.016148400363958093
0.019893882454576510
0.010640109849810843
0.044063743390332269
0.029181619042261048
0.051663557696949282
0.019485037446553014
0.022366320725105953
0.111976795833636386
0.192263206955305216
0.045930865721984938
0.112410946155922259
0.045607209237052374
0.130674934835387724
0.198660572202854074
0.065395122135344624
0.100378720170294325
0.012864274373435942
0.034039561896177128
0.201347157756978368
0.144982294803582712
0.365901593513615619
0.303842409074198738
0.003412645827698075
0.041310486116155870
0.185338315763609290
0.135918572179555414
0.132593660784332906
0.354863022384007243
0.000000000000000000
0.080804141526117063
0.010749866860084062
0.016806828673996018
0.074152625351394511
0.215999385499944990
0.019071581881167112
0.054919083441395004
0.400000000000000022
0.158831830534480828
0.246989530701708815
0.339099580804064771
0.011334313949546249
0.066620480980147778
0.400000000000000022
0.115772660103743125
0.400000000000000022
0.076470823965774135
0.036635310118283457
0.110086647292761561
0.361781055282241137
0.227905500699997432
0.400000000000000022
0.032478384708107821
0.045069811730493528
0.057643958988348523
0.012802105843779277
0.381920884840012520
0.386484048659273161
0.032259488337334954
0.048853849223464370
0.037299943163864147
0.089391504918044207
0.364943115652640648
0.142183222597921682
0.065639879500547171
0.170292799235444409
0.087285622864375967
0.194050169243438181
0.122822841063186944
0.225401416294264301
0.055242205153255619
0.111509117680782366
0.137937370548763677
0.256039977598191693
0.212168442812561864
0.173840730877329930
0.101832204233008095
0.025389552182577539
0.063942210361404239
0.072581913531948469
0.018297990880379370
0.036005425644365908
0.083753832373476333
0.068537647050714412
0.164602513318134969
0.367217176230686726
0.099518934630518752
0.150955126574129267
0.266722644921866092
0.209902389474196260
0.060593493204262341
0.400000000000000022
0.144594371907128566
0.400000000000000022
0.312167547241525178
0.355756027551547394
0.214338435592370702
0.400000000000000022
0.312582308694451472
0.338958870360958620
0.275893676629695439
0.336401843534443690
0.100860478011666338
0.265758821123456113
0.310688665065022351
0.184387861301048506
0.103938486619828879
0.174786609083561167
0.072166883913463015
0.368407434481537899
0.140062172974041554
0.129757720812597233
0.292865499550226893
0.385825555332753423
0.239091198918626568
0.362754466834640299
0.073051305964343796
0.119204215906847835
0.343764740629698085
0.313213852153264527
0.400000000000000022
0.285526515677785753
0.056374820002392301
0.158064921809361880
0.358680516729696086
0.365504979518382345
0.380664843447563461
0.138013977429879614
0.056711896434255650
0.074944650117576936
0.391348467222442764
0.400000000000000022
0.320125296403174942
0.186771037204079421
0.103624858467754960
0.373380578098823745
0.261355786445659044
0.327940320254073214
0.141844417421445212
0.140514604527569892
0.039973542082768113
0.104909581497394822
0.339174274167592660
0.400000000000000022
0.167307669917812402
0.224551519144098544
0.048216744819156457
0.047878474676088204
0.257053042166344226
0.396990614199860925
0.191110660309188468
0.400000000000000022
0.125335331014362339
0.051233455380165514
0.159767141443996286
0.261182780420840199
0.169094134491261955
0.400000000000000022
0.180434782213149597
0.269679490986660775
0.277556140536204921
0.303764318730632921
0.400000000000000022
0.356703120782544736
0.142257031675135925
0.128776510686926360
0.247311731352309550
0.241105901146669133
0.376462805619735774
0.326751547869074010
0.024924739141477251
0.085167602434511616
0.261345589680016643
0.347945423541319743
0.361931305899400813
0.360677669753019403
0.020484986099305762
0.077041642643953037
0.240929948745507161
0.309659161153432727
0.343102484515066641
0.251277749746715684
0.066594531038144389
0.034736481818859119
0.169962204564100355
0.376293028826647058
0.193918243121318085
0.040159944093234208
0.015340727742248164
0.052416865843394993
0.164670783160456413
0.383925977636167981
0.174019347594744800
0.031645436145695933
0.091613725410116420
0.032976027052326599
0.099461350791902256
0.297706964292523302
0.268379560434007680
0.175826091780628024
0.075741280871909428
0.019300248490723516
0.070466608363118702
0.185764392284587687
0.182606439669030757
0.195674020605320881
0.093513981292783363
0.032776569444177908
0.043467536389877728
0.141224270001963026
0.317849927204058247
0.199920758542072058
0.150116363703283295
0.073517493836668210
0.042066417620927797
0.106390421110177075
0.250554609884700186
0.327563820265941885
0.007401357395100581
0.019880027249822407
0.025725794958055704
0.049377636964070826
0.155301074363925817
0.400000000000000022
0.038892159668487546
0.034201037266819626
0.028286632352776692
0.034495406514365674
0.073809317180163009
0.154190398178721350
0.094104066182532864
0.003736987634266633
0.084911182643042329
0.215894890821393681
0.101307314795527931
0.098572098535898933
0.043389472690176956
0.007392694015248346
0.075162132976529822
0.094270798985070264
0.029542775625142872
0.057354672249383648
0.020181829320996214
0.033638242514883739
0.032297482790451734
0.079340764998451149
0.096755737050980034
0.135865572183936384
0.023373614763040142
0.070089603225780964
0.323188616231207593
0.079547921842667235
0.078545061782957407
0.256968420462421854
0.078298797706120665
0.017919359249911684
0.069937566838282575
0.031779216352867692
0.019476175314182106
0.158191484593877635
0.081615667209608195
0.021320704354050275
0.080160680526408415
0.199885845090306047
0.128420253005003954
0.112970072509432362
0.046882419601804802
0.012834134071934719
0.072773160302141524
0.085887375424438722
0.143233781126900384
0.378741383135453580
0.069774434876706939
0.084216336760212812
0.178755482281224204
0.011220766009307701
0.039316306888145885
0.118645217825794014
0.015618938729189921
0.004289976854076150
0.018643193029425069
0.168861054061390403
0.058366007504331338
0.104128251250815096
0.050669159540012942
0.003954429309495675
0.063269686962827629
0.092747398735562925
0.013997600206172732
0.117095874292945920
0.036100815068559618
0.010835846889377044
0.027637198560686364
0.049307870754571673
0.107506758532899455
0.135458315246091171
0.020563675937736590
0.204804806701981590
0.298002138524128934
0.055764523905628090
0.057948527027313915
0.175457734455411851
0.022216631983363915
0.031789195330079491
0.036196777332734416
0.025197380186009227
0.011796765952864503
0.096824621360979926
0.048156473973078873
0.031535430733986659
0.012290479388746011
0.067178907048821901
0.092258545459039387
0.023955707707205110
0.294535206127500060
0.258972122064505872
0.021368630144735345
0.037837998042478907
0.212350047023725896
0.061441484490670974
0.272978060586779814
0.271685333814006724
0.085000216134307041
0.022810899687387583
0.082191200821746663
0.080814817404803785
0.062010822930513590
0.005706696678206841
0.008797299721520584
0.039397333107346312
0.008710949156039831
0.030800845148287750
0.016708028491037738
0.006969420003213914
0.016130789954639478
0.014701273188380418
0.014583894582859486
0.097418221660511548
0.030269070067247224
0.056081981620243054
0.017072078074838910
0.013044875047961868
0.095111776768662851
0.129695092864740180
0.017462341388547145
0.141555948885908528
0.349000177338838813
0.157095751548946949
0.022145200464713452
0.040336160727721997
0.010395986675166755
0.012164138395957553
0.097194134838799282
0.051905606811277913
0.005432194383846555
0.040183009047363549
0.056320202896575314
0.037015300326413314
0.019773035623031635
0.014066792560811073
0.134220084983665139
0.039790009940777471
0.198625840862595826
0.192614006052171188
0.050799926609812730
0.023572147426090085
0.115730574248757739
0.114809563037335027
0.399361535077021546
0.149973427008539772
0.186966201315463071
0.039062336398985244
0.055538002290685347
0.019456782177214388
0.113297300362319692
0.024453539439613568
0.001285272541700977
0.058084295808122417
0.014987640160152384
0.049207803388233301
0.024230983517225014
0.017666245509368482
0.013592627252935134
0.031377036790759337
0.007345291066864256
0.089770662222336012
0.055579925894262153
0.088322549862131158
0.017395767912969137
0.028685239138577491
0.298971168935288523
0.069512943093902615
0.042217899153548191
0.205221098532116730
0.090802624657618902
0.260217635060337293
0.153508625035882973
0.007246441106989659
0.003305710844007039
0.012709879617594405
0.021478127964634636
0.060759855268414528
0.005108331745436699
0.037196148239677630
0.057289729405819056
0.047137010927492617
0.034230748216629303
0.012482215989462971
0.229307387263095852
0.104180483092676010
0.346001019279891187
0.102105455486865435
0.057374772265599769
0.044256621594197021
0.294400834495070651
0.092676210951384369
0.365060852797715274
0.302064678146372390
0.145940460549655232
0.021272495986067817
0.162931058408540858
0.095260266436718394
0.243881467520373818
0.158239947688301574
0.274197341796781180
0.072797440351814874
0.050822616171411802
0.069197158877325249
0.164873912134154532
0.054279339142610232
0.108660600358429574
0.100206375516589868
0.020280402719222917
0.132073743289876672
0.105766692289520542
0.100898428227025022
0.030091688804363890
0.063673470754913239
0.349566246439376893
0.061920331469627846
0.062737689562231511
0.273668601593395455
0.150635245388294425
0.203566934111310271
0.083422172848507087
0.017481888888224301
0.072702260645790467
0.078567679298645762
0.077679913809779094
0.036578243267471514
0.011643119000972653
0.038884438557202722
0.338027277989988884
0.374270187317259362
0.400000000000000022
0.001674589471376062
0.093379437211219718
0.093632352041800537
0.259926328095589465
0.259868633482398415
0.079142159220568026
0.006916682570758599
0.009304993051993525
0.077092534609269597
0.318397144773315710
0.400000000000000022
0.066445657338534206
0.017155484111423164
0.008364029043173266
0.022198719099644371
0.389729279009344176
0.311875025319158949
0.396878493944483379
0.032582890185333606
0.065232268787096509
0.095539008471359321
0.291775862005737352
0.400000000000000022
0.320278283124263707
0.132439350856053462
0.082389430864374114
0.197471387199247839
0.300717716373648802
0.400000000000000022
0.101781594364626332
0.056507934160225558
0.251456997108188307
0.060760031436950607
0.235090020287745338
0.342800128423893846
0.149230602205777302
0.127611764072649542
0.093968008727078056
0.016259571565422664
0.400000000000000022
0.400000000000000022
0.056149506784979292
0.070632167484969768
0.012968665484611237
0.037184624195614274
0.368145962884882993
0.199421571335226921
0.062656795877105001
0.017832903204097118
0.117150789843853784
0.143553799035209734
0.265675655039383840
0.099431421598119435
0.156795099890092687
0.027792404593303996
0.082291558335559525
0.086417364509050659
0.093934291669001302
0.130667015298892464
0.273698021740230113
0.022811345348499365
0.032121525731019597
0.206898057321265594
0.325205295849538722
0.283032461566495863
0.100653876422340166
0.097878613103942108
0.224464330588833805
0.144030623844423222
0.353482183234603675
0.344427654940778205
0.287481487717621220
0.321047117020543116
0.160475946593292507
0.208633979488872578
0.223426852207937232
0.306772266783301051
0.141127271629650802
0.150396367446909596
0.116497207239533163
0.092605927464294802
0.177349509550287721
0.209830495012403639
0.076184243146010300
0.129363118649097775
0.107067293000296465
0.019410231396462637
0.371471665565258125
0.397052452141692769
0.168673149296971969
0.204665733169028086
0.062049842794082599
0.010332030815375322
0.400000000000000022
0.246375785876031123
0.218860665547875949
0.244286878546811054
0.095196906803131587
0.040306541156413099
0.141314437376425434
0.151166289068111998
0.281161354829079779
0.211379797683932030
0.059068613641207024
0.053346756711573372
0.062824475168054561
0.264884069106028464
0.309384413520978785
0.313146782787138089
0.080515969509924734
0.085558181472170050
0.120407548447325846
0.228763083570967529
0.040628091207345965
0.080028108444122587
0.244354268080764186
0.149015989138173821
0.224679722600114123
0.074818314433674094
0.067942496698026628
0.135244729914768408
0.225189609712200506
0.206067584181185870
0.199686709490951075
0.120826853041702417
0.103901106641725804
0.091921560675201852
0.094523103765777841
0.042705864739859115
0.215579015223179238
0.053476173238090681
0.061008908679487599
0.067055940951395096
0.203124198049758259
0.023609768771438572
0.140985242321153392
0.225862622968760363
0.184644315546313026
0.184355107304383231
0.163763601535876963
0.009593200189104636
0.161050356930502098
0.132631175157199160
0.068618940457674846
0.150049594174476941
0.042746910173214331
0.042087760820944085
0.124384927296769449
0.267396447678514337
0.237251811862360523
0.134320615015951078
0.063290989632558331
0.013001966183048545
0.053768389085072726
0.106876927426362622
0.120266899107355107
0.119160620200499612
0.031611765387942400
0.057989110964217716
0.089486258800830262
0.017445467464357184
0.012193817209520759
0.111233021939056820
0.173996401711204118
0.069672284198210394
0.080561185339413241
0.009830353018668289
0.013763959758019920
0.137353186244989933
0.203807377815385854
0.161632281950060158
0.144916782989790605
0.097336898533519123
0.096805194783908199
0.047830508566866305
0.084147473000019582
0.196020196291895488
0.389474859403950657
0.035746943695966565
0.108088804045422829
0.090748169753294750
0.400000000000000022
0.085095668143631370
0.103358540834511153
0.056748826188559101
0.046559193900321837
0.031803531426504321
0.196045711167715991
0.027425455544199423
0.078026196302231052
0.053665067695629440
0.059303407383439463
0.053991263144239243
0.056398910738194752
0.023224286116243172
0.111828110064706082
0.114917739617669920
0.113208214452339029
0.037154411459630374
0.072010202079133792
0.042802624066202770
0.071533608190924206
0.047912441689964544
0.058513955789493977
0.030553271614492637
0.048631735690962463
0.064553599909652482
0.062228945518416796
0.027713183889957929
0.028627716376299843
0.082104254211413485
0.132483923903545686
0.087350882450404954
0.067079038711707700
0.004640016063781306
0.027145319312664298
0.090297533054898307
0.085308142397616221
0.094817286312580323
0.048718579706772937
0.010402605107568139
0.034364607510033743
0.003213189988980499
0.008144488083869320
0.133139037154491768
0.081525632604427495
0.044500478244886219
0.085891729837710221
0.047600197375221129
0.180923584783509617
0.116724422955854862
0.101666039258760499
0.040186996881347928
0.014054307158163085
0.029351207608988322
0.261755403434927425
0.046469707659750913
0.070023744801856302
0.084569625063965467
0.030280827169563922
0.097105655713518729
0.132156111053692599
0.054291942163445017
0.265458145694094483
0.177429974214813185
0.006994461787692295
0.025250133932968707
0.055138688547879358
0.041684770606516028
0.220771571015631329
0.051434336511168369
0.012018051085907984
0.012457306602448145
0.170981422794257348
0.056305038226231306
0.043039359980351362
0.005603534914873349
0.017205119132768124
0.036495828520795678
0.023750822328757516
0.028455026671763334
0.007464603086703997
0.016897875256578404
0.022646897966887954
0.070047970698542100
0.071453954190417363
0.061230440936110145
0.100677202600886029
0.117835521467066953
0.181244960049831982
0.031867945646158136
0.054558332613060409
0.134524303745061524
0.118463053847900512
0.247926577563084422
0.387384726148140068
0.077720976574558093
0.101389870786892433
0.129448563655415599
0.171124822628474588
0.002916655901995466
0.038129788277054662
0.018568635194072432
0.153209160444906817
0.077882460152034580
0.173830221752263342
0.115399321214150211
0.067422718924349229
0.101884178530184624
0.163617183607617539
0.088426771620039479
0.371630329575680318
0.280351897663026761
0.146998003680756550
0.075767554223073685
0.399173960627551505
0.059425218393410882
0.360564979267448404
0.248910126903400336
0.056960384701224553
0.075001287525524873
0.204132577450996333
0.092108521854535816
0.091926668590562102
0.025041522762117768
0.024333594882139008
0.040885167711980447
0.024721777746425914
0.068627951894083453
0.018666779522253638
0.030021834231133946
0.021389534001739006
0.014701273188380418
0.021852657157791569
0.116415201099386328
0.065933229804834750
0.221515853833525705
0.151278339928335226
0.069114739820942503
0.117754320813026753
0.289510639285215421
0.128267570270582471
0.376653624660217567
0.400000000000000022
0.398380233133039108
0.112953421132606729
0.097693592253467326
0.104410496514046672
0.015345353600736725
0.137571378641327818
0.055913824496805681
0.081692906622807648
0.133816577213155180
0.213020369949341482
0.086333268990103837
0.042869301860092857
0.033956787685010072
0.195404740390800635
0.156848900616520237
0.399744922981535855
0.376741471698493646
0.069454329883886223
0.044214074109257762
0.239928822492594229
0.173767448873504343
0.400000000000000022
0.393124968959212340
0.219287548585899661
0.088459391368528026
0.387888624399336801
0.091620620324807459
0.196598549751178880
0.055261469250433827
0.040313759196878532
0.091983518887425897
0.040700730719771781
0.099300361311689386
0.029730880375543431
0.079169263478759300
0.036550473553691211
0.059023304418028361
0.027843986026616328
0.152488975269456511
0.072249747306715850
0.113022765938686764
0.036306798697206072
0.115776599610672090
0.334513928391567572
0.161723745809796676
0.081593318455496985
0.262473330581151965
0.152823269794668315
0.400000000000000022
0.339893091924143576
0.151684113782839386
0.053120350819256812
0.061290178754488042
0.098911537426527016
0.063303866154962557
0.060513256872344483
0.354176693808619825
0.173807141706306234
0.214114166421789681
0.231986597162218755
0.035258366129064120
0.296898090731446185
0.336450958834215275
0.400000000000000022
0.195447783525392493
0.079328258705130147
0.078956401747677207
0.396223407432025998
0.165185560908227724
0.400000000000000022
0.385263380760235696
0.166354102051011754
0.050515794811001900
0.354982557003844623
0.392764127205629143
0.380604052525836178
0.400000000000000022
0.400000000000000022
0.111384711093213740
0.064586491846997052
0.250287152954042136
0.197309933521588377
0.263169996145761753
0.235417455263307429
0.143796552154281665
0.036428803083181013
0.151967625744453216
0.116406802139331383
0.144962171617357305
0.059273307846624934
0.115337028451862528
0.369051283885929948
0.084286652194733802
0.174714485395867869
0.400000000000000022
0.196566111110279357
0.315977880267232503
0.129029382085559474
0.148156823723612024
0.271362832848644486
0.143962801433990401
0.178058633980073405
0.049442517640907457
0.045682680897149788
0.240231596314181090
0.400000000000000022
0.400000000000000022
0.400000000000000022
0.005087235299074138
0.134689923327375616
0.278970667805409800
0.387522617886517096
0.378253937329382395
0.388379492814200200
0.006916682570758599
0.090109134578110595
0.087842401469353654
0.335203973447311732
0.400000000000000022
0.282445042838479210
0.036227065992590277
0.063283112484568263
0.400000000000000022
0.400000000000000022
0.400000000000000022
0.400000000000000022
0.043917204134879866
0.131852749767244315
0.400000000000000022
0.371712023216355325
0.400000000000000022
0.358179759975109202
0.169074660974336904
0.192476078157135688
0.400000000000000022
0.400000000000000022
0.400000000000000022
0.134259979072734154
0.101577745890719065
0.309100956096536872
0.073562137280729883
0.400000000000000022
0.400000000000000022
0.181490090543112270
0.176465613296113905
0.131267951890942203
0.105651076483466860
0.400000000000000022
0.400000000000000022
0.121789386285526477
0.240924966720414108
0.100254288348987211
0.231234793439052427
0.400000000000000022
0.394342102520288285
0.117899001030360634
0.129342020884879505
0.255088160392617502
0.357335582335265411
0.400000000000000022
0.273272152475449337
0.258627304123100754
0.053181956775881528
0.146233768696963751
0.158999278040999142
0.112232282549380669
0.166672440943258365
0.356766354823780274
0.091348992399213777
0.196724039049154559
0.400000000000000022
0.381772877622208351
0.398827169487876887
0.352649147004941210
0.307781002578138396
0.285057823793096132
0.400000000000000022
0.400000000000000022
0.400000000000000022
0.400000000000000022
0.400000000000000022
0.368768882097580075
0.400000000000000022
0.400000000000000022
0.400000000000000022
0.360016214734574569
0.398537544604449567
0.217357685251199501
0.346532590382334416
0.400000000000000022
0.389545651942616700
0.180122729765839151
0.304149727732658970
0.179234176913759480
0.375846627704640057
0.400000000000000022
0.400000000000000022
0.386621847942412500
0.400000000000000022
0.301141041712709168
0.366723394819575943
0.400000000000000022
0.365580001782878972
0.400000000000000022
0.400000000000000022
0.400000000000000022
0.320379665273466008
0.197689257378817762
0.309231210877473850
0.400000000000000022
0.400000000000000022
0.393823004748194316
0.191360734141452993
0.119536371602310218
0.339828719223605469
0.400000000000000022
0.400000000000000022
0.379202044657521831
0.272329218676249540
0.224032406915080862
0.400000000000000022
0.301983877653005051
0.366194480776673437
0.356439036778002705
0.289530593665743741
0.264653264682882250
0.179727895931068915
0.365884301368033349
0.400000000000000022
0.376731017425809722
0.394260762330804648
0.247903454310107518
0.168705327717790621
0.338502674328694797
0.400000000000000022
0.285633764074966323
0.400000000000000022
0.340914346237541577
0.104709628618256195
0.220776050123483891
0.328238721372235309
0.371988338222470960
0.400000000000000022
0.321420024534303017
0.400000000000000022
0.386746056317698483
0.392611874093639290
0.400000000000000022
0.360388235681637692
0.303307388605637940
0.261407685844125548
0.315930671809984465
0.368282428104908632
0.395256310113929588
0.348574074292802294
0.149309666438246724
0.352564050113025940
0.400000000000000022
0.400000000000000022
0.387724600292319588
0.366073105046929026
0.074253375184378495
0.183918570070315673
0.359456474850224583
0.399471347560698464
0.365369633430711604
0.308158877101723627
0.156080789838974665
0.052181949283216317
0.182156021773621113
0.400000000000000022
0.349032647740048940
0.109832228291444609
0.095901913081661405
0.062247218862063275
0.178434742918476358
0.400000000000000022
0.370125259607757218
0.193277718095756113
0.236530508399907025
0.130312925585845729
0.196266545575810442
0.343436585624892043
0.352527033434027248
0.352860918098357290
0.400000000000000022
0.055047192186690089
0.178555412408541531
0.276512562037882437
0.400000000000000022
0.280769688748952251
0.196872522127294503
0.089525395632737009
0.090026730290199572
0.173027801428467298
0.400000000000000022
0.227346214086271481
0.228142560005514333
0.127182561532297650
0.101369825004367267
0.160381684254416318
0.306953520622894938
0.341619653073638840
0.119229467459806657
0.134797766867492341
0.138934009410394715
0.086532048423701199
0.227311276443059651
0.400000000000000022
0.110425767859411744
0.082113478956784169
0.086800588142270679
0.065048678128858312
0.122441052871125500
0.218743998088373859
0.156333011700949653
0.031450171524224559
0.113538899019342152
0.297999145032807222
0.233791238699073589
0.185922980986303860
0.110468511401884670
0.012032710079029649
0.102307452289194120
0.184568332039968558
0.114850918022759096
0.152171958561963971
0.068900409027769144
0.044040847622451883
0.066662090300485491
0.082553954987431649
0.104900225134849340
0.269004609338428124
0.104899247367467641
0.114590081470667182
0.364892657049864511
0.127148119217888350
0.259468646566467065
0.343222057042846029
0.179964836964881164
0.058106356131259619
0.083991873996445643
0.061130423961856015
0.281231578749109534
0.204661192253628554
0.151639412011464497
0.105890329418015738
0.110441507695972330
0.296991500803824804
0.260576364058696552
0.167262014672877407
0.312340565295899375
0.190264108286747946
0.079767622089833817
0.111137509357407432
0.198372469674779756
0.389032323625463139
0.290546005892338255
0.135650673271381167
0.190773533367132153
0.023678072611755842
0.210297729682403234
0.174950256052025299
0.058658298709541278
0.009893511768949498
0.035848312162193190
0.205356882582186123
0.082116829833088878
0.132583277922578430
0.058133762626716948
0.020852304566074079
0.085916584929715573
0.162795369434104997
0.085451554396590079
0.178326315229056093
0.136778017669445612
0.128671368356443994
0.208882158610518343
0.081175816400729822
0.162065091145959878
0.269982618991152667
0.139026729785637126
0.400000000000000022
0.400000000000000022
0.133485500480186203
0.159338397814206334
0.304906298110827423
0.193341454611838465
0.034705851232074959
0.074326565609789078
0.043766015380081666
0.165005926397771285
0.174707081513014478
0.221986695725342242
0.146934751948136877
0.079713198313095257
0.169063085579006511
0.255875729066656954
0.112382479327244586
0.400000000000000022
0.400000000000000022
0.168366633825491885
0.113605552265552578
0.400000000000000022
0.120866702884081828
0.400000000000000022
0.400000000000000022
0.141960600835531608
0.097812187212912460
0.286323778272743024
0.262286227873508915
0.223410734164558811
0.238417182741403444
0.314050641812483544
0.266295618870669382
0.159908323234637273
0.238199631201840317
0.163390817292767693
0.258666781994305539
0.313075493587888554
0.321250205030651048
0.191440589723763682
0.270002604260017431
0.201599840827297455
0.285961874945718342
0.224760954020220699
0.254655197830874869
0.283650479103349173
0.224874574760782847
0.266550605450432632
0.368712299398942012
0.397527790569091044
0.382157992263049362
0.284006397209355221
0.225572469437061190
0.291866174249428956
0.253558301077560000
0.259911700800898537
0.246155778458697710
0.254474346776643934
0.223855332582090005
0.306304898120872249
0.316931038818236199
0.298053713351488447
0.225086053929538649
0.282769237188000122
0.224881374867546446
0.364001491830135804
0.364117018663919767
0.321748147093323222
0.188469696221433669
0.285428842936059024
0.240773632524366288
0.367808238255725062
0.377029794542962371
0.308310496084568619
0.183022599639676542
0.234782032042858330
0.316563486610724587
0.294394696170891201
0.251855937740536218
0.230214518069960627
0.186829850410349524
0.219548512127221207
0.259494094165654221
0.224162307132814848
0.256040248687392280
0.194568427600213451
0.279523012746796751
0.210412768506609948
0.332602587042366171
0.265530738252687193
0.279880412422896907
0.148193471850026542
0.187878394588536224
0.278429541911328293
0.329729158661548671
0.317594244964218397
0.331323625319966952
0.299990576895574068
0.259967324362841368
0.261521287177304773
0.319118141081463524
0.332737149748153882
0.226996179094271278
0.175597073457261860
0.193863107860778205
0.252750062718521573
0.323386444324797517
0.344572115868442497
0.271934283309656355
0.230168398545714803
0.174454974900894066
0.296963674799191724
0.336730810046399043
0.388677950417548268
0.295677302287347565
0.243575776687688594
0.169565924465620910
0.336204790923403551
0.283534712429139968
0.359366831747111148
0.346846772681332904
0.294594260496863269
0.177817644210315762
0.297053392659092086
0.275259499602531377
0.247167821558293727
0.278069328982133657
0.335357442644205250
0.280413874815317044
0.148849582325527890
0.244658047455529160
0.172523708089929451
0.255989190041978898
0.274979642394736823
0.321276490006686677
0.153276698021126062
0.280830151477603041
0.201638453939148754
0.284169825852896074
0.249045869914018919
0.242239499003005648
0.238168044634777865
0.241666036362430642
0.274368891368217016
0.352216511805847954
0.396710310234903607
0.378278716361544365
0.263324246170368315
0.220106089310059760
0.273285310529579495
0.231381346168798380
0.218690165680990062
0.228618893346352381
0.254296973917722713
0.222495827218405523
0.297490352189724083
0.313956298132844203
0.312139548035753278
0.252673574605654649
0.328616783870368356
0.244245237761263112
0.367833127388688175
0.350256014302331220
0.316139926513862690
0.208990940136687453
0.353147948329775474
0.208247677036484224
0.291023926970385205
0.324130824540684148
0.328060675864121354
0.203369785264842368
0.282001963520623899
0.370028851367347422
0.309304101701290524
0.278637835870488071
0.262378602733347677
0.206810371257472092
0.233919556862451972
0.283251607318638632
0.232106211213896629
0.262447060476146354
0.190125023294716200
0.241029162729918617
0.210443523599042004
0.315407131936014939
0.278431272264203000
0.279915961109121592
0.146807999296264119
0.204656765441749461
0.261771015821253616
0.297843645462347317
0.338691842741491278
0.341041790580522308
0.285268774427986760
0.259137524633884619
0.259345108272460434
0.307158354241368892
0.326322774862231157
0.215530213441852664
0.151147990601487758
0.163911249767157652
0.234632102043432988
0.327900633347413650
0.342765768205462895
0.262685433454345751
0.228150310672518647
0.186281974361785257
0.326667935611789084
0.377409798801237040
0.421045143878384875
0.298789728172210889
0.234303469352442562
0.165385281508287740
0.367569109779413816
0.273850234595170383
0.307878728622473175
0.272067414980652567
0.250835781061637286
0.187699721263485164
0.335192536304659894
