0.400000000000000022
0.320463430282405592
0.311508271456659158
0.400000000000000022
0.400000000000000022
0.377612286377148831
0.084980826035047932
0.211392305259407193
0.026759372171767687
0.024779134372096532
0.032689332648107715
0.006546742254897773
0.203860966723688974
0.227169878461021685
0.031524242686100323
0.057381278487226309
0.042698006615328465
0.016723780200943832
0.060859141029450475
0.040263924615849038
0.036237652404381961
0.031606778231358768
0.034511346969822096
0.009844904175997838
0.037798432475416574
0.087336271661624790
0.059824665203602780
0.008313647534034720
0.024234453384214392
0.010014298889753344
0.010605320336568483
0.070902009148304357
0.165256064212612963
0.082591379695839337
0.013115602866152556
0.000000000000000000
0.029968626869054153
0.137184810040654220
0.111629114067456126
0.107221150957971384
0.060591659640598393
0.002288803294060304
0.034732441759038848
0.038995708768543316
0.038880428090592771
0.005350304465853571
0.014137499039652819
0.009375791529462382
0.083555836111644313
0.216931947141105308
0.312083271987437794
0.400000000000000022
0.360184959195775423
0.180942295696740196
0.018868052126305060
0.076085511978639844
0.033091176707675779
0.037543116771228360
0.028215712020849708
0.010980402685678006
0.092138755863070049
0.049632282654662768
0.035056247624170978
0.053352129526345805
0.072349219786880442
0.034378377002480295
0.077814838868232164
0.061753128724888980
0.035126368074947595
0.054910703927788698
0.048253262930386162
0.006577869206238837
0.049960918130788443
0.100847152214200972
0.073777590697865117
0.053539065655314085
0.054198249827344058
0.007670936381818235
0.009380531377440290
0.158057623469323394
0.170699111389227415
0.126734853970292327
0.024141103655682446
0.000744025817751233
0.041324378804928216
0.088544252935569487
0.064024408001038507
0.068989177838169713
0.096717879604978879
0.002852359817180789
0.075936349424617161
0.101332520670842294
0.050676203746498297
0.007871753296580387
0.081754933577564054
0.008236337353558998
0.007444000701904317
0.100902436546478666
0.198827545779943549
0.346813537694140916
0.042119560330289005
0.057301861964345911
0.013675186110480800
0.060002392919506820
0.079838272815632993
0.166751070587818490
0.036435847301669384
0.011124451318266785
0.137082852130955224
0.079417295469103283
0.039372251932868085
0.171173482314155967
0.085454192886083843
0.012163522612113228
0.069643393742899989
0.034071311601203469
0.028013549200430220
0.035221302152257189
0.051924844973010267
0.020375555387072915
0.023128652886736423
0.066793471837399435
0.064486282656452093
0.013652174757355303
0.028593749400438590
0.017776755986312454
0.035062447717517278
0.157022286948683198
0.179480397598808045
0.143364127661875229
0.028088204666188717
0.018502675434043714
0.044071790176417235
0.098041917425007369
0.078820359109355281
0.103264795809771479
0.044898345126498963
0.015084759365520123
0.085408881804720990
0.070860909511141684
0.032186238009397489
0.010925162204505498
0.099750305878795215
0.010663600997165753
0.017064049556492027
0.103727117577901928
0.291265866703616705
0.327566136139423536
0.008079228185525394
0.012473948159313665
0.016306309858618036
0.170560446281455169
0.066491953706143928
0.225167607165948858
0.148602855419061486
0.047664474330763110
0.143862030397313101
0.042300270606148452
0.092452503166727845
0.344053234905115746
0.216712452270605704
0.011095366728582103
0.094920355678171267
0.074190697214277110
0.158563542944530067
0.215786911857559910
0.082884971976137575
0.019491407612336524
0.050379182697469854
0.084181223423946683
0.116114759044907256
0.192027865082682631
0.059756644536188647
0.019501244645061328
0.012019231651939759
0.130597783626559938
0.260882113759747458
0.390224066404776804
0.123895569747225723
0.038296461103519919
0.021318721126940200
0.127829116552328675
0.141730401733035832
0.096331245411194644
0.058823050710423923
0.055712809974250779
0.027959288711346991
0.257871645322250875
0.212590806602478311
0.164244945768208889
0.089454325785585057
0.038195668359912532
0.004424445724641591
0.178746580619094098
0.296826894063962732
0.273775996420462631
0.049899798324152728
0.024660175252356108
0.007587712252396370
0.080616364022991271
0.226897441074548178
0.395921018968152794
0.274281669731232858
0.082370891027564175
0.058019224763975565
0.026179760265541495
0.261044054355054456
0.400000000000000022
0.160082734089884909
0.096081966529287063
0.057986968629752063
0.044798782602202575
0.363545629897591649
0.400000000000000022
0.102435142324141637
0.039945170651748726
0.071109372554046674
0.081897472937666957
0.319155521653541996
0.400000000000000022
0.057490943943106082
0.018063873859239816
0.098474045458815357
0.164832199826546677
0.191017262285927442
0.388866095088492569
0.157202306493688104
0.048409243569448770
0.299016500886832237
0.373608399725145257
0.325544425985550112
0.377756551137366281
0.267060382672922703
0.092947334303695728
0.199718904057849617
0.349042139570891807
0.350147856613021724
0.400000000000000022
0.388524173482216906
0.059451858635948825
0.009456562329951552
0.037058154893060108
0.197865198144962895
0.141471716832399702
0.044483672909456512
0.047775602986493124
0.009681972658855644
0.040032858029636506
0.280861632114342674
0.400000000000000022
0.197253700704849183
0.092701006731890925
0.040628792477643477
0.033152694438943531
0.219693730267215614
0.400000000000000022
0.128209567065389440
0.034307505075624439
0.142526628391181881
0.011774812847382994
0.243877878266321124
0.400000000000000022
0.076661443819107916
0.018352235195802508
0.124911239293597626
0.085212215053913770
0.297562879237372901
0.400000000000000022
0.061594380421218169
0.008459843538939214
0.163801551817378710
0.196584871973494696
0.046671324242022430
0.167569866804346712
0.138380659684116197
0.029326608173562869
0.353086980441980169
0.271665116040621824
0.172069966882382325
0.384884287401967007
0.204921062029001233
0.030579523784396358
0.154405798592601007
0.338226569422240275
0.133745410713112606
0.384469775053330132
0.278464677912596437
0.041002551781704227
0.013021692282104362
0.001039915866558961
0.089890572091142651
0.068701064735665507
0.044497734678078424
0.015825193689738896
0.033033980159321449
0.192263472610416236
0.239085227811559692
0.379049403695995046
0.154251346154201358
0.022518813281106373
0.033031964238890599
0.125769932937711271
0.195358967211944734
0.238344499711715008
0.089763723496457809
0.023376292577091600
0.085695563390926419
0.002746047968133125
0.066297896628677272
0.051817606988670807
0.065251477412865119
0.014414380168560541
0.194091382854169270
0.043136368633492031
0.076420236573233088
0.209086795508552220
0.056298995870253013
0.008348195689436219
0.400000000000000022
0.220173938985841200
0.087244210029796376
0.296378973043624538
0.128823362430728117
0.009785620365782208
0.228154874415677000
0.333309665132766164
0.183073136789166591
0.165026637361981449
0.212439158670063077
0.024337530684543716
0.105261127743128083
0.335955671070318151
0.136672466424750172
0.149762026026727113
0.246903590904320125
0.014993798127934816
0.030418089778494462
0.056951756580628191
0.130800360607856381
0.076251105214001524
0.011134594854773212
0.002969084506887081
0.074919240639251566
0.315474938919085179
0.311043271511416697
0.277034012325366730
0.026943687969404953
0.019397738200457520
0.040704569883014685
0.079498393661699224
0.055506182131298619
0.026942921349756798
0.002671312665590454
0.003795081172352958
0.219444762423523787
0.013145656765228560
0.026211769621906755
0.009354002697649209
0.016189649324841300
0.014698522516136734
0.158714323492094272
0.041543967251573041
0.021710973597214293
0.056589211308781022
0.042383713049031518
0.007146164303900799
0.197976053216363468
0.192289873992927407
0.066334865296766660
0.106582137350470479
0.040594056595058534
0.014579273478734269
0.062127206232436019
0.179434009642741005
0.121875045980553431
0.097019534238994717
0.144897651256123194
0.010545611347488961
0.095189152338044467
0.169257903237238494
0.077306066078556349
0.110787777580030389
0.116389905572632818
0.032328345590189218
0.021008229436204291
0.031360238645338975
0.022109135865986319
0.019260735395468968
0.016447128025442827
0.002168138804959879
0.121460189239574523
0.128435029608226420
0.151221714307623295
0.101159454037820673
0.046411476851415195
0.013371654158731634
0.061580648338664272
0.119784286394413325
0.124328279706366118
0.055497002997123596
0.014533499743519449
0.010526679501914474
0.170951468599285006
0.037916275265273386
0.042768812407708579
0.009867525442741640
0.026010638609178668
0.025257555728598596
0.089242770434182800
0.063733582119187629
0.020201682653802254
0.039042817083506973
0.028492390155266528
0.015859124804416230
0.164738560172529164
0.240496177211244028
0.064674885072139268
0.172100580661570857
0.105780376141590915
0.035530134230965411
0.083769094683182083
0.190625802834691077
0.100198572075573256
0.046807393024300654
0.101596243491422600
0.015629133190330921
0.118073916743378790
0.133936475431788882
0.053251929847987635
0.020597181971884763
0.055993117139452667
0.005758104907509873
0.018349202138645063
0.071321324631587607
0.010317224524563290
0.050536404551782529
0.021174443945691290
0.000000000000000000
0.110054457871235398
0.103883882246791626
0.070129602030575555
0.191766121952000324
0.055123210065710859
0.000000000000000000
0.260503110286688322
0.093372271091466924
0.072876974378968257
0.011498894884161828
0.017867828532157872
0.000000000000000000
0.134982372851962101
0.062860631034682882
0.035803273408503727
0.010689213075193216
0.020844771851695251
0.000000000000000000
0.145393469555817167
0.076965663227635109
0.008862248227216605
0.005443748047899221
0.031465417082360204
0.008913528881587373
0.024731633278240701
0.036865370955469448
0.075211461445810313
0.101819983835690339
0.102745383268510598
0.006079576417741672
0.005750006207771424
0.160877849087757846
0.218402546164499251
0.115085232890181480
0.075424658264651417
0.000788043063976548
0.094525588183302450
0.069439822488166186
0.038403734250537738
0.005984722259741141
0.017191665336430621
0.000944276565906643
0.008552550389612182
0.037965202237116122
0.006458654659546837
0.055711162000896472
0.022206570152634900
0.001154451554837655
0.232448519243844687
0.117128460887391414
0.071168486479315535
0.223773129581076757
0.095224159076346154
0.022388990150653692
0.101262420123779506
0.147681873260277929
0.066599826067606949
0.015831901306314396
0.016935615446414740
0.008320155074681257
0.020305756778380191
0.095608517314639985
0.024799247595496357
0.028160880762584439
0.038835058958278094
0.000000000000000000
0.034869258724353154
0.035572458760382945
0.006116292467058873
0.028616614539199975
0.036563062002568800
0.005554202738826089
0.078088203466856881
0.034100700856981643
0.079998472815072302
0.149772914318506339
0.124462370491124949
0.012253754919292455
0.096282881882963023
0.022719932795045476
0.188343058781428513
0.124448906363723494
0.161715751564817017
0.006499055153233744
0.091411002632614313
0.030367362420488341
0.017547784699473587
0.005063085348452907
0.018669137228018762
0.000548626128559936
0.069112543688289785
0.078037547966666079
0.019146968043800588
0.003977986711985050
0.014453960077067222
0.003243706979107398
0.214562886907714162
0.110823357931816649
0.120448161859212990
0.006462586990014440
0.043027747733813029
0.014277154087487840
0.323611564565924326
0.146005736421576104
0.030326058238712650
0.001889490151414176
0.035697665376794571
0.037525068133246284
0.308289771706641957
0.251923866563121213
0.044772822170799004
0.006781411218148357
0.039194551427782109
0.045406413886180871
0.140700200053296476
0.077968269725980449
0.038319808539260064
0.020416037170938799
0.069528948052500386
0.027129647423639221
0.207590390408872782
0.054569565112751642
0.053614437448513214
0.153616815827725794
0.050300452043491539
0.007629980938585392
0.155728811308083331
0.033748086294602020
0.096012203423155709
0.030775944173931161
0.033175530584387339
0.008862541877373536
0.127014888185283392
0.063167141551023834
0.028208442606389900
0.002570384752736616
0.025466516531256197
0.005628359853438921
0.072659319719308488
0.063389730916285025
0.018568037348849167
0.034511456774467195
0.023689587403440147
0.000399064454705949
0.294720742158226467
0.134275315750279178
0.143060001430835942
0.088785023959557285
0.051468126274015966
0.028279452506135005
0.234054748081080177
0.109342969406453591
0.122729634691754630
0.064406091196732185
0.041127457693282257
0.008823596322136215
0.143999054624723594
0.173233727539181204
0.072791742372028873
0.035491301263021489
0.065637957258594823
0.012428973986228161
0.075342546574556524
0.072357676399074464
0.037295552597619283
0.030241668806746787
0.085705052096429812
0.098279261758658643
0.274915156308754460
0.080033931294247129
0.028282385590083559
0.030045993611678701
0.062214162167128523
0.038813745672223822
0.236164091205717880
0.074214262816147417
0.160369422052680483
0.076554434964352824
0.108797118504393858
0.023294513050679155
0.223845407139630526
0.072012416480059793
0.186034516645113446
0.032145633179514722
0.041068175052919785
0.005100632103425309
0.148814299650718657
0.095690770645083481
0.035287125510331932
0.019864761821718230
0.054687779737984228
0.300306130925767467
0.400000000000000022
0.345542237466067659
0.161171420604566268
0.127644866361644904
0.124234331346781468
0.400000000000000022
0.283753230443924642
0.164794109683001455
0.077300280829113707
0.049300652981399205
0.148849825839253463
0.400000000000000022
0.206545718388834065
0.248867473741023221
0.067237624093479789
0.054168988301327457
0.115246071706139513
0.400000000000000022
0.312858238751809958
0.070421921584089636
0.034406955663202864
0.026631838538325507
0.074317080323757598
0.400000000000000022
0.381304013570527178
0.030893083081259112
0.061131947773383793
0.058517931180785299
0.156056049945946684
0.400000000000000022
0.261701305762353176
0.087257273959836248
0.400000000000000022
0.204978962771342810
0.239040938055971930
0.400000000000000022
0.180010685963041400
0.105178965464855903
0.400000000000000022
0.183739449418327316
0.180567086722762560
0.400000000000000022
0.350326529902935446
0.232422263758625791
0.092516411016707184
0.005190025105372897
0.040723444523305341
0.400000000000000022
0.400000000000000022
0.264008057206892799
0.120901619758356837
0.196183806484309442
0.133906483756435990
0.400000000000000022
0.387344507993502285
0.226086997038941195
0.099884414625455095
0.163587105542055911
0.220319817039912880
0.400000000000000022
0.368931835850968282
0.221467832885622357
0.055059792367661620
0.029100686795887776
0.147911303867144905
0.400000000000000022
0.390373483266395427
0.278323405356196485
0.080706947928617753
0.043704448667016095
0.090360287780023280
0.400000000000000022
0.219041305034573863
0.142595640987552702
0.082738095338878756
0.051210056750878044
0.137567746614584874
0.400000000000000022
0.179657439055874807
0.063508955887868035
0.229814142228998375
0.147301916125999716
0.113734940041527899
0.400000000000000022
0.123585810134170707
0.051685885364590858
0.276697378612709710
0.363150885899501008
0.380463446337391931
0.350548876633213047
0.395252195239931714
0.282830393603690888
0.061880348634611074
0.006265815680062258
0.072923011085466588
0.283950548127314684
0.210702682041496864
0.114962685357600472
0.065349305430057472
0.042431086341117003
0.055763263116352740
0.021677047676511303
0.374715153231827081
0.218938643905222136
0.063319760416461618
0.048210544309873996
0.065617416144052032
0.009181470798136908
0.394498717910262087
0.295170001554065253
0.056835253791750771
0.023429023892883757
0.040865242172645040
0.005715060848001469
0.400000000000000022
0.400000000000000022
0.242085877936272398
0.079752542772427937
0.107005396984931056
0.058640860981637719
0.252190721777847682
0.213441609177902197
0.387303463277309579
0.119718917883351456
0.090224865110565905
0.031320199536932450
0.147870134673830450
0.050684347479410655
0.062067812579499657
0.050949406501684807
0.108485940396650771
0.006148286426879572
0.097490649847660815
0.075747774504840562
0.059699150577067331
0.139807573674257890
0.172764788820693682
0.014981487081769588
0.200066282936266215
0.234103593071065874
0.168779059754131211
0.000189254714551158
0.030061737207978674
0.098747428741837950
0.043228311020005294
0.055146655800571140
0.070849785538043969
0.005389437842508215
0.021444301581348954
0.006531262402436415
0.220875647355267185
0.109015981685148977
0.059610266914517096
0.006550150026699237
0.043846144046116614
0.009251755527207355
0.339295309093693154
0.268786437991536842
0.039342534469411758
0.000543591046438434
0.022350502873237883
0.029813838123736693
0.213661195661669023
0.388581496413263450
0.157184211449081568
0.021273916160070835
0.032965341907937838
0.024950760950532981
0.139997442489073171
0.332177147109134374
0.400000000000000022
0.089597859382384779
0.044956800565896710
0.009563671814373396
0.067869644508223109
0.066208807345800730
0.066088487845035071
0.039393635814719906
0.080771509683714077
0.009041018439369634
0.074265054031197236
0.033027711673500798
0.033159158724631488
0.007464890076681299
0.046138059739532999
0.014655513556065496
0.299344305611168315
0.319476140896275629
0.362427846776029350
0.207490387067448268
0.319649617022596422
0.216292997338773829
0.023116333563497661
0.040065932148147014
0.034453426611707333
0.034627217398046820
0.045052456034559131
0.004573932612168297
0.186758850479654070
0.066398409297625416
0.017367632061648250
0.129499100231105141
0.039935578931779570
0.006451029871627212
0.099729270060835082
0.085841775977348600
0.012466497567311514
0.024599467945344958
0.044892609899440550
0.003868426814517139
0.104329233022410872
0.161537159677356601
0.110823264844577218
0.059005066317342036
0.084627329351693301
0.009127134544468190
0.035439080629067317
0.194075913639793207
0.362103116805367331
0.137818704171315143
0.014843512020378487
0.005976179678889360
0.034826137306624240
0.082695630466251419
0.149103635783534139
0.093228627114486443
0.016812640054333756
0.006934862502158181
0.067225422828772599
0.028850862931936193
0.042629795835347692
0.005676414230096152
0.020591188171350493
0.000269335118285953
0.400000000000000022
0.360493647570604869
0.317895452421056823
0.400000000000000022
0.400000000000000022
0.377612286377148831
0.195035283906283330
0.315276187506198846
0.096888974202343228
0.216545256324096852
0.087812542713818567
0.006546742254897773
0.391267013707917166
0.317433530013820464
0.104401217065068580
0.068880173371388131
0.060565835147486341
0.016723780200943832
0.195841513881412577
0.103124555650531941
0.072040925812885681
0.042295991306551990
0.055356118821517350
0.009844904175997838
0.183191902031233755
0.164301934889259871
0.068686913430819382
0.013757395581933941
0.055699870466574597
0.018927827771340715
0.035336953614809180
0.107767380103773805
0.240467525658423276
0.184411363531529676
0.115860986134663141
0.006079576417741672
0.035718633076825580
0.298062659128412066
0.330031660231955348
0.222306383848152850
0.136016317905249817
0.003076846358036852
0.129258029942341285
0.108435531256709489
0.077284162341130502
0.011335026725594711
0.031329164376083435
0.010320068095369025
0.092108386501256481
0.254897149378221444
0.316081691911213047
0.400000000000000022
0.369745609912249917
0.182096747251577873
0.251316571370149733
0.193213972866031258
0.104259663186991314
0.261316246352305104
0.123439871097195855
0.033369392836331696
0.193401175986849555
0.197314155914940725
0.101656073691777926
0.069184030832660198
0.089284835233295182
0.042698532077161552
0.098120595646612352
0.157361646039528957
0.059925615670443952
0.083071584690373138
0.087088321888664277
0.006577869206238837
0.084830176855141604
0.136419610974583910
0.079893883164923990
0.082155680194514052
0.090761311829912858
0.013225139120644325
0.087468734844297180
0.192158324326305030
0.250697584204299717
0.276507768288798639
0.148603474146807385
0.012997780737043687
0.137607260687891253
0.111264185730614945
0.252367466782467020
0.193438084201893207
0.258433631169795897
0.009351414970414532
0.167347352057231474
0.131699883091330627
0.068223988445971884
0.012934838645033295
0.100424070805582813
0.008784963482118935
0.076556544390194090
0.178939984513144718
0.217974513823744137
0.349448668183989730
0.056573520407356234
0.060545568943453323
0.228238073018194959
0.170825750851323482
0.200286434674845970
0.173213657577832914
0.079463595035482421
0.025401605405754625
0.390545771573315270
0.225423031890679360
0.069698310171580735
0.173062972465570175
0.121151858262878429
0.049688590745359515
0.362647220949791571
0.276695689540116196
0.072786371371229217
0.042002713370405551
0.091119396400792391
0.065781969273253790
0.163828852940032937
0.144761741563379870
0.102806091195712157
0.034068211928294095
0.098122697452938987
0.044906403409951674
0.242652838126390047
0.211591852061434882
0.233094835047321314
0.296980943489601024
0.078388656709680260
0.026132656372629105
0.199800601484500573
0.131790003719609389
0.174832562532511004
0.134040739983702639
0.078073875710886309
0.023947301242893661
0.212423769990004396
0.134028051062165532
0.060394680615787386
0.013495546957242114
0.125216822410051415
0.016291960850604675
0.089723369275800519
0.167116848494186981
0.302760955757696792
0.350427497571703550
0.031768815588965542
0.012873012614019616
0.311027052016844552
0.304835762031734403
0.209551955136979856
0.313952631125506143
0.200070981693077465
0.075943926836898115
0.366001390379836422
0.151643240012602043
0.215182137858482447
0.392798190542653414
0.257839909963887948
0.019918963050718320
0.238919410302894819
0.247424424753458272
0.231355285316558912
0.251278213120581406
0.148522929234732426
0.031920381598564682
0.125721729272026406
0.156538899823021133
0.153410311642526526
0.222269533889429410
0.145461696632618459
0.117780506403719981
0.286934387960694148
0.210631714920807067
0.289164499349831017
0.396445929156246768
0.186109731914354287
0.077110206775743720
0.257482812332658073
0.202043379368476078
0.302099823785716315
0.172885680375547468
0.167620169214817788
0.079007323024929937
0.251804695850977533
0.324013710422664303
0.386645925555164749
0.196390578947723576
0.130522500838504835
0.043296300463337836
0.153238745375360225
0.272889355899697761
0.318672425855124675
0.293640758242180888
0.104587578062136963
0.315513528096847351
0.400000000000000022
0.376602788851588821
0.338873929535089324
0.400000000000000022
0.367715540580205613
0.400000000000000022
0.341772455207900228
0.190973869948542957
0.309702190722620396
0.400000000000000022
0.308932559929138317
0.400000000000000022
0.264532687018586121
0.281435092690326905
0.386955772797168640
0.400000000000000022
0.217681214030281178
0.400000000000000022
0.381893664924914389
0.152319394521756607
0.342345344466671253
0.400000000000000022
0.131808024266863666
0.400000000000000022
0.400000000000000022
0.195725282907805831
0.252149210059311235
0.400000000000000022
0.313258356439634789
0.400000000000000022
0.400000000000000022
0.400000000000000022
0.400000000000000022
0.400000000000000022
0.400000000000000022
0.400000000000000022
0.376523782538822405
0.389206883837888262
0.400000000000000022
0.400000000000000022
0.400000000000000022
0.400000000000000022
0.353934047268704977
0.269480418651685871
0.279769266631045621
0.146661741937772594
0.085207117432761853
0.400000000000000022
0.400000000000000022
0.304040915236529263
0.343774590130585644
0.400000000000000022
0.330808689849263593
0.400000000000000022
0.395329769437208545
0.259239691477884726
0.303617584088452130
0.400000000000000022
0.342538907921537517
0.400000000000000022
0.400000000000000022
0.233242645733005349
0.278500510102268950
0.400000000000000022
0.224572747686252794
0.400000000000000022
0.400000000000000022
0.345777003968885721
0.354948747962427480
0.400000000000000022
0.151954668201241483
0.400000000000000022
0.381999026065095670
0.339180512961047398
0.129409419580901186
0.218779923555224742
0.275948406298701099
0.400000000000000022
0.400000000000000022
0.329691318055726268
0.387390113997508889
0.400000000000000022
0.314009503693189806
0.400000000000000022
0.277991608726771755
0.357963884375920194
0.392179146264572842
0.400000000000000022
0.400000000000000022
0.377751552126373236
0.397620998627509992
0.283485517199407955
0.151770920725753711
0.074966880415727757
0.117420745763545026
0.293709603092916938
0.243736662200818299
0.307226157968016722
0.303916183349699109
0.394607959980208922
0.210014609270554070
0.044195860957617669
0.384667590351661537
0.326367036354784812
0.258678727628406324
0.286555044021589045
0.155381139640509813
0.032557763375228511
0.400000000000000022
0.296866585539690031
0.123133150420428022
0.075246630881554560
0.106116719585510166
0.020129441016562010
0.400000000000000022
0.400000000000000022
0.314668813848964390
0.288839338280980129
0.163304392855184083
0.066989056671073938
0.400000000000000022
0.396100941087217828
0.400000000000000022
0.386164698095306180
0.219048227541294022
0.041105819902714662
0.373694467840429090
0.364352785143953972
0.245140949368666261
0.215976043863666256
0.315533430180780949
0.030485817111423286
0.202751777590788884
0.364881511691916627
0.196371617001817517
0.289569599700985059
0.387887980320341441
0.029975285209704404
0.230484372714760660
0.283358320945181930
0.285463441888443969
0.076440359928552692
0.041196332062751889
0.101716513248725035
0.118147551659256861
0.342796208026581506
0.338106597142395604
0.282423450167874901
0.048387989550753907
0.025929000602893933
0.261580217238281842
0.188514375346848201
0.115116449045815722
0.033493071376456039
0.046517456711707067
0.013046836699560312
0.400000000000000022
0.276908186412257284
0.065554304091318516
0.009897593744087644
0.038540152198079179
0.044512360639873433
0.372375519153763324
0.399084111874393632
0.178895185046295840
0.077863127468851864
0.075349054956969350
0.032096925254433778
0.337973495705436666
0.400000000000000022
0.400000000000000022
0.196179996732855272
0.085550857160955257
0.024142945293107666
0.129996850740659142
0.245642816988541790
0.187963533825588475
0.136413170053714616
0.225669160939837271
0.019586629786858593
0.169454206369241717
0.202285614910739320
0.110465224803187823
0.118252667656711691
0.162527965312165817
0.046983859146254713
0.312856096203883050
0.339232385573897177
0.370447681416853136
0.226751122462917259
0.336096745048039269
0.218461136143733692
0.144576522803072205
0.168500961756373469
0.185675140919330628
0.135786671435867506
0.091463932885974319
0.017945586770899930
0.248339498818318349
0.186182695692038741
0.141695911768014382
0.184996103228228737
0.054469078675299015
0.016977709373541688
0.270680738660120046
0.123758051242621972
0.055235309975020103
0.034466993388086592
0.070903248508619232
0.029125982543115731
0.193572003456593700
0.225270741796544244
0.131024947498379452
0.098047883400849009
0.113119719506959843
0.024986259348884418
0.200177640801596474
0.396312936835129359
0.395284898654198580
0.309919284832885999
0.120623888161969423
0.041506313909854778
0.118595231989806330
0.273321433300942496
0.249302207859107394
0.140036020138787104
0.118408883545756377
0.022563995692489104
0.185299339572151389
0.162787338363725081
0.095881725683335320
0.026273596201980914
0.076584305310803152
0.006027440025795827
0.266490971518245634
0.296765802039266446
0.202346234496047772
0.244331425694324589
0.153378579071644067
0.215534485727164687
0.294995545126682079
0.377195248930645155
0.184659740691927726
0.335604438029609375
0.150599620513161087
0.140140411452806868
0.403785444059491128
0.313056757774892058
0.118416974905284439
0.251471127288602325
0.144309158803720972
0.133617618254294940
0.353837266269403872
0.228156924520188154
0.122185374125362831
0.168687822635389090
0.110496040718410696
0.126970277232070994
0.294417479584261677
0.248289922154317472
0.182479980952719278
0.209496308097939038
0.101168228084132575
0.135380411639148185
0.318932348087392181
0.276828419089741151
0.297574660022215387
0.336082927063515446
0.141373659401747592
0.130828382006993676
0.301303074693276551
0.235088905105110518
0.300245433376704618
0.260853669769162466
0.199102596838557216
0.132392058148525643
0.253174221016442158
0.218863048473043414
0.245492657925343416
0.246913446126211189
0.248867410104159581
0.127025386726947076
0.212778108790086518
0.192096083979006599
0.332750655547422503
0.288523937515848428
0.182069343394890892
0.186573655926867921
0.262480135988287622
0.234659405736777849
0.352485136470885030
0.356755473543979740
0.224319048607965754
0.137377847606821951
0.302399002155040619
0.172497081211292785
0.269251109485490414
0.256946824394319484
0.190101331685323727
0.131940405847710274
0.325957032489106346
0.165309002932993415
0.169915524823392700
0.166235550673543009
0.140449476228980269
0.126162150184267213
0.322343527729630486
0.231968319534905570
0.193276837846645261
0.192559541335272449
0.146216807918534947
0.133792581992471071
0.333190422726093727
0.333855246557127672
0.309550381515332040
0.278430236223329464
0.202685825892630817
0.127401093728366388
0.284682068567952085
0.351710627578211810
0.336854343436517767
0.234822812815511733
0.245225153131310381
0.125988254470226851
0.222372333309036607
0.338355744580493834
0.270705958492594378
0.229490150729418085
0.292973220277650881
0.113510787621974862
0.306971847070319881
0.409978757971680541
0.278379312131212975
0.274383707904287844
0.202150486587108130
0.308535022715342833
0.296379261725384646
0.358982151736258082
0.199433427970350685
0.312250978039851745
0.160936184520170222
0.149901878974462721
0.424924199661088298
0.303392787239538109
0.135967715374715498
0.265292364675685344
0.138848875255050797
0.132838118394223936
0.413728364990936404
0.357391597206249301
0.126621225534638143
0.166337739011612029
0.103250198369341059
0.125398227163832449
0.319346358664566787
0.312307503109787665
0.186940502597818053
0.198393152038817161
0.103947854861053873
0.135907257379210861
0.296008796025249654
0.332692323890277419
0.340765521312518971
0.364689929799511203
0.156830781159608024
0.132498904743810569
0.253805076655194195
0.257899368167033460
0.350460360985186514
0.324056236725065394
0.229983892245047838
0.134696277990046992
0.234450742621662628
0.214974787773552889
0.238985771706182099
0.242705262651026737
0.242765753189099653
0.124959140861643767
0.226736454353832523
0.261943458537391982
0.424683612831440072
0.341834984475270998
0.205524483505119898
0.244329758025763372
0.234771422408645541
0.236277128542227488
0.334829925310375087
0.373983370291637918
0.204398570609096941
0.140335913894335002
0.369729506344776027
0.184278372014738234
0.260939406498551019
0.281055895076244233
0.206816242241308873
0.130515433959639132
0.318990161719050758
0.203454488640317566
0.245834915181783575
0.168847844764756616
0.136013544597555186
0.124071459581395011
0.297482276683682267
0.252249823737959789
0.269349959610498901
0.194961876205692858
0.132126198146469309
0.134878201786466423
0.327173104820273952
0.305697175958278722
0.354419636969356855
0.324939741766838985
0.226664997883112923
0.131022396173810035
0.267381598167323264
0.306534491817946342
0.364965063193850303
0.278637690420129258
0.329725320395244159
0.130906281601300578
0.221517561527614870
0.323791378018966070
0.266734147187691950
0.223508220891654952
0.287495144879207687
0.111883528451792197
