0.001200587443516686
0.003017384570303332
0.062072103100526896
0.111986202267402718
0.014122255721398641
0.011706450467140139
0.001665572236550661
0.000438024791947605
0.041097899603893762
0.068821218272221166
0.006752346557717104
0.002019729430683948
0.003154009755369313
0.032627913300573970
0.028637786095013638
0.042419747489438282
0.001477248985020104
0.000691887235968475
0.009618344774464094
0.060750514543711234
0.035074733689593407
0.014525490972198400
0.010333107916843665
0.002697655318195686
0.000925224175838349
0.008633799125693158
0.004150993868237812
0.003480708615486917
0.003409074273647864
0.004194931528539411
0.004496322054310326
0.025743053974672529
0.001639007094855812
0.000000000000000000
0.000000000000000000
0.001640921639872046
0.015079927018019771
0.038432463501485242
0.000550427535948971
0.000000000000000000
0.011629874962817921
0.004544389110878038
0.026214998934383366
0.019649688845989839
0.001128384020810937
0.000000000000000000
0.021278790662189961
0.010092583198330044
0.003304117091244307
0.004161873829760143
0.035302201507622956
0.060838833168434282
0.014063909233327709
0.000110604587407435
0.000000000000000000
0.002551210599470942
0.035452307169347462
0.084497216168634065
0.017403917522496159
0.003914085329410758
0.000000000000000000
0.000196403115150896
0.012123330201301477
0.039734516329609990
0.004917828146078232
0.000836959466374890
0.002249126561749710
0.001907944862013844
0.007287272328780400
0.016652037336994933
0.000458044049854140
0.003350813462657574
0.017930155980539993
0.004595233709747570
0.002813322106361297
0.003217645423059827
0.000000000000000000
0.001719408516972987
0.012335259977115388
0.001638987243297549
0.000000000000000000
0.006332877752201981
0.011941422006418703
0.003633973068154012
0.000000000000000000
0.000000000000000000
0.000169065025696375
0.011964578536106003
0.014428753402429079
0.004078474219388233
0.000000000000000000
0.000000000000000000
0.003319925493760253
0.022639531666737781
0.012198936221300014
0.005075608851179460
0.005949860586571087
0.008773689044381004
0.036001167674879021
0.084252983190025721
0.010126686548375521
0.020817431269803604
0.014831726228374562
0.006237220278855024
0.037924103722831351
0.063668373485357366
0.027295795295337801
0.006439723007208525
0.016590673517434158
0.002697266853749482
0.009208298685794071
0.009796859851587930
0.003777236135825434
0.008711349633371333
0.012505904380956015
0.002974826738837076
0.016365999937892881
0.027807910172546094
0.013695808648734112
0.014408931051461304
0.036795609942764443
0.017711863335315978
0.004407471857394801
0.017155513206865262
0.011245843878395858
0.018863966292440922
0.053915869467839883
0.032699593862526119
0.000522894633598804
0.011246300370437341
0.031821135186677563
0.047408725630199530
0.011589047725056372
0.037648139392635116
0.001030767707871847
0.007930115591668766
0.026072791110828972
0.028616131448469348
0.007108327959586345
0.021878832059841244
0.000324754411144431
0.000000000000000000
0.017923559109401872
0.024943875953661116
0.018887589989794371
0.013381770652602596
0.055556020992780293
0.138909217986159406
0.055536297385675407
0.035843976833978261
0.036956840289608411
0.005575901696086857
0.034541581647608073
0.134464529214848860
0.090165758309448646
0.063141077438310239
0.061690326623347974
0.005305821831162450
0.022620799413811149
0.016374856026634691
0.088980418076073875
0.045174104776146209
0.041099263522301158
0.005120343347571660
0.037943319851494975
0.066536559143040089
0.085504616012844883
0.101644622029841245
0.042129597268961094
0.006647193416615982
0.002078723187376810
0.025515015370724106
0.160183461641835945
0.048804184152511476
0.048073718677936000
0.032382414625151582
0.005087166267826242
0.035574340532683095
0.148607975373872048
0.112391551971104814
0.086896813880632140
0.029998751865414994
0.019231758923624834
0.062992334948636514
0.145258266877210801
0.106309826925105544
0.147466755212050743
0.062441524445520938
0.004421343532277420
0.011346249953653100
0.073594193889609374
0.054545686628305119
0.137145238785783885
0.021259726562871062
0.075915947864844818
0.182994705070364416
0.316268715547652457
0.208946901743655267
0.236462517076066914
0.016788441604341977
0.124692710888974628
0.159530348700574531
0.372400709137684083
0.167952336862781243
0.250450721060971104
0.012391936576802157
0.093664167706343476
0.176632833200000505
0.397000931878091157
0.226860200590410177
0.283540622800458442
0.016805129344669718
0.041109524474454651
0.144525846537744862
0.350584921466341570
0.221731442999790640
0.348372550038256457
0.080788521184689099
0.006276771937541680
0.139478402825228859
0.400000000000000022
0.263789293587234686
0.400000000000000022
0.184235282303487569
0.007229699420533437
0.154833135777030034
0.397478779896855317
0.306619603899181081
0.400000000000000022
0.177705665283574760
0.009474097946241069
0.150997014181849631
0.390139710717219534
0.264589694359557814
0.400000000000000022
0.178468645371054724
0.009164476151820434
0.098920410071554027
0.368892475754383053
0.129243494792514846
0.064192529869350298
0.009185973262923190
0.064632414451790382
0.130670682984348002
0.298270363262600258
0.089435317979144002
0.076697991648502231
0.000592545254117612
0.076430201662866737
0.175812385919896841
0.168256776031396271
0.077345858334250228
0.037654071790894708
0.000264529475370212
0.105835668216984341
0.393607807527802778
0.216569452555245567
0.054726402435826001
0.059136973837357526
0.002087398742018527
0.027194161388819731
0.352333662137136183
0.320839987134864280
0.031737995258479264
0.097605574305623333
0.010394575677787992
0.001389970152267724
0.197860693771467117
0.290318062614110139
0.196017163225121055
0.067366099234259180
0.013766790474347443
0.004583594508438640
0.088101855362752765
0.306364458066921974
0.088041262474230247
0.120191967993108245
0.003743350741970741
0.003854291469052157
0.089538746923902332
0.171508287429314621
0.041535767374857244
0.127729308996493401
0.007964136983226684
0.008056131962798216
0.068479184078690428
0.161849454190869046
0.039169013497270457
0.009194923993494093
0.011667256198737347
0.089744073025329787
0.012572210817195289
0.071762476956227325
0.022110520491094524
0.025169941061028982
0.007864329726215927
0.141942691590354414
0.113982128431163329
0.053110738483249091
0.010656150960601088
0.028597352699863854
0.008450238145823394
0.081021358524674417
0.141504976844051472
0.028546949966129824
0.005100615831245933
0.031688654517347425
0.004889108708910476
0.016487526627031245
0.121706421456541244
0.084207688485521140
0.029121533962256425
0.065721382606724332
0.019334662590069968
0.000676763081586120
0.105030105491852127
0.094931823062312903
0.020082116762562763
0.067928417956169690
0.015893209631976237
0.005614625361159694
0.040718054021292194
0.048406638741903582
0.020220932586210449
0.086141189412104913
0.018175714365516141
0.004823033114912219
0.015410263328566237
0.022988144571622206
0.017133003477235148
0.193489559893866847
0.017698985125291368
0.001269738287488905
0.011912333088795078
0.018901566640300849
0.026634332121562354
0.007357510530223271
0.001218829438294868
0.021270424291621421
0.033698370129358619
0.021193575006989047
0.002489651387833764
0.006445200402906224
0.004677798865046611
0.087584769675225230
0.129984861326257778
0.033718722868079268
0.011634261355942959
0.010498360619228826
0.005296475045895603
0.042989875623769713
0.131001098673639238
0.036922671201209602
0.008206062479825253
0.010046212287071301
0.003511133531190803
0.010665259084507446
0.006458595582650581
0.011376938003258017
0.001299360578171761
0.048809693792611020
0.018991358106701026
0.003309452743494581
0.027081327765155358
0.045054188328275381
0.005999766115668798
0.035320505171696888
0.016396914501670155
0.002886880031815493
0.030308666871810112
0.011552534441022267
0.000000000000000000
0.047311988650745609
0.029910181889010512
0.003895690659067044
0.005707355349139482
0.004811889833799189
0.005565589175795413
0.047981213727207837
0.033307488520438105
0.000531925328598637
0.000000000000000000
0.010012863089364213
0.022494572245836765
0.000068835772734256
0.000000000000000000
0.020149001916719273
0.071005020274851102
0.015724043030496154
0.000000000000000000
0.001964483204763238
0.000000000000000000
0.064733938224169729
0.166729439828484122
0.007118591782338529
0.000862193621513558
0.000559045992628918
0.000000000000000000
0.018530073878772202
0.191226234588686872
0.007627966756789938
0.008018690004943220
0.000000000000000000
0.000000000000000000
0.000963176147151520
0.006651922099247491
0.004216455618079377
0.004508085789890522
0.002194249857758391
0.001300537842381388
0.006593487889417042
0.006261060008477666
0.003379569905727769
0.000000000000000000
0.010223057926239468
0.004916961729892647
0.007675827416037435
0.017687885253945858
0.006097928090602570
0.000000000000000000
0.008973040563760927
0.000000000000000000
0.003071524958009170
0.009358326255653171
0.003884928539029330
0.000000000000000000
0.000484450575598064
0.001547114084378616
0.000486922405751504
0.001024892584471036
0.000873190012715537
0.009659554990744156
0.001734181862857435
0.003389326729236772
0.049345292138718626
0.033379034095918386
0.005741123537968552
0.000049463875213268
0.000274544874156702
0.002541225101412806
0.046117394067874976
0.059306439713262105
0.003543622223676803
0.000000000000000000
0.005711834739906622
0.002342243821173988
0.036982087508919639
0.086203239735685666
0.001936456768810321
0.007071994944694165
0.005888354861926822
0.001273962913734234
0.009681205976927051
0.029275548737896930
0.003327368258834861
0.001631731944172292
0.004598083782954222
0.005622309310893000
0.001294843999447379
0.013626283181686315
0.000761118520908261
0.002740886217372672
0.008728154576014164
0.020279040792817962
0.001125782651012073
0.000000000000000000
0.000000000000000000
0.003433558787977700
0.003548218121887005
0.023464584150119670
0.000532281573225379
0.000000000000000000
0.004873665458662860
0.002168179960211005
0.000000000000000000
0.023828707178024301
0.000962095849323009
0.000000000000000000
0.002904328586203608
0.013066171292407580
0.000344178863671282
0.001404924821417291
0.013498842449727362
0.015463113901398803
0.004074138015953615
0.003411874373591821
0.004051746609824177
0.012464180934436742
0.058651389262746406
0.046166160489777147
0.001134383090283119
0.000000000000000000
0.010879895087316627
0.010390717665163132
0.085546121400232572
0.030793924818587490
0.003172699715921453
0.000570654181619243
0.003748544269582850
0.001059969367785469
0.004135771459122957
0.052807679079731724
0.011379800468534904
0.010315166475167776
0.000000000000000000
0.001839238255075201
0.003589691751452998
0.027879350067085057
0.001751601996945911
0.004943252237825197
0.000000000000000000
0.009163303255337731
0.003642568748972965
0.009871259477001118
0.003317129532114040
0.001313667768530218
0.000000000000000000
0.006176213619350146
0.006517002154659755
0.011948840053828323
0.005583166797051658
0.004462314229035560
0.000000000000000000
0.001485229521003471
0.000770222714552379
0.004267919873972889
0.002618634788778648
0.033032094166005346
0.013873333465273072
0.007149440651268943
0.074081243714130190
0.084873139965792752
0.009548044631936179
0.001794178312228188
0.005849860606653842
0.017163305564128352
0.065377758231922323
0.045090975107855077
0.010992575820824600
0.007365865966578568
0.010144788888529412
0.007904949601360926
0.028802139012545573
0.038813978415713726
0.021564843737719754
0.008925815319623328
0.002874579916949605
0.004089339291697163
0.000000000000000000
0.040527451495578126
0.023874537161730214
0.005307183194471660
0.015503322723729415
0.011442338955529204
0.006412969099573462
0.029201332458183505
0.022965884994585035
0.005237885227323932
0.023725119964044507
0.051860739161412706
0.008061021154041108
0.011710927340926007
0.004605749204936211
0.005875200592761842
0.008064543520013456
0.048511041272723515
0.007900490004655123
0.003769878016651419
0.013928010453331488
0.011715255294122384
0.033274328293580901
0.016095722353092864
0.001252645705720304
0.001287848093586057
0.031750696410957888
0.105365792735604813
0.009935296531311005
0.020016639006390842
0.114098178860812152
0.160140828943710040
0.046479867848412570
0.055971866350814643
0.017762202309734271
0.045319896536627137
0.109062276254481616
0.065064468032567213
0.033878251058766885
0.063832071067033661
0.023041697718271088
0.011306124803212660
0.076431198201635575
0.104130656342589764
0.042095658953120556
0.057531361151488575
0.023202869265254698
0.003036956674620002
0.009577474788712726
0.093553278576649218
0.026974277147773180
0.021930528025312618
0.026017534027706627
0.003699307640551503
0.013817677593688127
0.069740260215746933
0.067586500376810354
0.050264217346563687
0.023234222559635146
0.005711622211491459
0.002732333014847247
0.025133930658135469
0.074662525744300809
0.062555225273943346
0.037497864250664092
0.027175339925140641
0.001791321007898689
0.007478081619099608
0.118219673220746169
0.134676934024313799
0.023931858434544370
0.021040751547549176
0.004434974613754763
0.040291466210758520
0.246775395321824409
0.260482659235502900
0.127466329218139107
0.400000000000000022
0.266266314007037930
0.272326520366049207
0.304856268182517987
0.381524855020200393
0.132613136584609825
0.400000000000000022
0.305961508676772298
0.186014762457725968
0.283990709077839854
0.384131859218609040
0.090176051772394752
0.400000000000000022
0.215266598334764220
0.295762663276261384
0.400000000000000022
0.400000000000000022
0.059857487178755844
0.072256779126946072
0.135897351017222390
0.243288783257277486
0.400000000000000022
0.400000000000000022
0.092718677257497634
0.093935050192712005
0.183367750283344122
0.315093139953132151
0.378998471852302066
0.312413842926563601
0.109309745404367858
0.105317985661464109
0.149890368508103944
0.301334466996249939
0.370042597553747687
0.368950934221157101
0.176143685336533490
0.125395127400848405
0.212740468653555781
0.173707262386719408
0.301328662436888439
0.386218210551384611
0.122755523935715830
0.113160382436691964
0.118380374903979138
0.170934498849021232
0.218976393930625735
0.315648712353694405
0.062386628688734874
0.400000000000000022
0.295590514906565294
0.175764542438346494
0.274894384764706401
0.130198755482288986
0.171778200132534670
0.400000000000000022
0.286482716656700720
0.333264456884238669
0.400000000000000022
0.183919923975838062
0.065758910234062384
0.400000000000000022
0.374802964287301421
0.185139268348498254
0.330776629669131017
0.171136788790165750
0.016943358413112328
0.391588079971857628
0.400000000000000022
0.300089660035259109
0.278640077585606716
0.191794346918198744
0.000000000000000000
0.235882208953230588
0.400000000000000022
0.315867736934442700
0.097997406214059821
0.285935994737692600
0.017086239380616097
0.133087951545392325
0.400000000000000022
0.398236363547314287
0.029753876923581508
0.286848132812073220
0.004408034282240239
0.014594902397700855
0.400000000000000022
0.400000000000000022
0.035649579189563060
0.196667941777974142
0.000000000000000000
0.004634071054229000
0.400000000000000022
0.400000000000000022
0.120786765082680950
0.156642982066626524
0.006309945833973502
0.037744574227770125
0.146911972730909668
0.215577545356422262
0.115069616532610136
0.009950592588901437
0.006343643682047954
0.044520673950704193
0.194058247432650488
0.192666912845943616
0.063072993180931528
0.019767821028727369
0.009073746495746278
0.325494653451217308
0.362010351415634313
0.139993070574598477
0.033823198073474420
0.038621312148368600
0.023662685701741744
0.400000000000000022
0.400000000000000022
0.078394566490529657
0.013543295921393483
0.028188084812187267
0.016488220359727329
0.212856278144230748
0.344887458194347407
0.075404362926728433
0.017692843515268321
0.109738052615168669
0.026022329266791367
0.018343551461509552
0.025293350539692408
0.070160813029810407
0.027629173078319393
0.018000983905947256
0.035892162255043707
0.010436966006625113
0.020811630441176492
0.133033395990195757
0.012300782841524083
0.004057129215543300
0.010851692893396638
0.010009648226240390
0.283376815026750606
0.354176038818990846
0.028484099900990874
0.024451170498542622
0.012030327868944953
0.006995093991480402
0.019927609027946235
0.091217011461958417
0.041613987545637048
0.000677247468394878
0.019542675920458628
0.008717267608769617
0.020966768056265461
0.188069122134524702
0.071600636439239571
0.007752566315089483
0.010824734524489829
0.120258025103351956
0.207255456709266372
0.095112764943670380
0.023892226984787126
0.012663893419222562
0.011053797000228894
0.203801569605680660
0.201324574635892928
0.028396320620016850
0.001874745633228730
0.003695616086162436
0.001704968995192749
0.115310730496512331
0.120244532894388745
0.010055248352079655
0.002489587678472346
0.018099817580406984
0.009030507373701625
0.039921946596058265
0.010782751416217064
0.004062140181427707
0.003268509423620887
0.003792489638694963
0.011827997162686401
0.022618645010595018
0.005417116014854552
0.075336699026603629
0.015604253723546038
0.002062192915196161
0.006434262377211777
0.022896452155647815
0.035927050253513823
0.067209247500030753
0.003929154091558963
0.009625853679543970
0.000000000000000000
0.000193714307704297
0.054151658579310105
0.047095486646465345
0.005188818961697543
0.008166651391719633
0.002250970338791209
0.000979988833447568
0.014783168215633444
0.075298590423331535
0.005601421636105152
0.000606298346561915
0.002580212273671927
0.031551512427063506
0.024068025287245470
0.090989221147769514
0.005803037751759384
0.000000000000000000
0.003607973859473493
0.100649376594863491
0.031262079255753243
0.019517534268257516
0.004813589232871493
0.011690474135956079
0.005705049630171815
0.019919193169120216
0.009525505263328508
0.001653347315752189
0.003222170716563987
0.023335877770924589
0.011659355320835096
0.016789960965966005
0.006195035035430131
0.003210492811180675
0.000391759895714830
0.003619288750032233
0.008595228329497310
0.008940804477535449
0.001825902277520848
0.022334990938071706
0.004896609350193476
0.000000000000000000
0.000000000000000000
0.002413497971630641
0.005104607393405879
0.014221862953359150
0.000972566635890940
0.000000000000000000
0.002934769306374121
0.006406711299540105
0.111417395239245529
0.145365236363321132
0.019863379259367195
0.011755914342353409
0.001940117110707363
0.002979249893360411
0.087215293671768737
0.128127657985483284
0.010295968781393907
0.002019729430683948
0.008865844495275936
0.034970157121747954
0.065619873603933287
0.128622987225123941
0.003413705753830424
0.007763882180662639
0.015506699636390918
0.062024477457445472
0.044755939666520451
0.043801039710095323
0.013660476175678529
0.004329387262367978
0.005523307958792571
0.014256108436586160
0.005445837867685190
0.017106991797173232
0.004170192794556125
0.006935817745912084
0.013224476630324489
0.046022094767490487
0.002764789745867886
0.000000000000000000
0.000000000000000000
0.005074480427849746
0.018628145139906776
0.061897047651604906
0.001082709109174350
0.000000000000000000
0.016503540421480785
0.006712569071089042
0.026214998934383366
0.043478396024014140
0.002090479870133946
0.000000000000000000
0.024183119248393569
0.023158754490737628
0.003648295954915589
0.005566798651177436
0.048801043957350319
0.076301947069833079
0.018138047249281326
0.003522478960999255
0.004051746609824177
0.015015391533907685
0.094103696432093889
0.130663376658411212
0.018538300612779272
0.003914085329410758
0.010879895087316627
0.010587120780314025
0.097669451601534063
0.070528441148197493
0.008090527861999684
0.001407613647994132
0.005997670831332560
0.002967914229799314
0.011423043787903356
0.069459716416726658
0.011837844518389045
0.013665979937825350
0.017930155980539993
0.006434471964822771
0.006403013857814296
0.031096995490144885
0.001751601996945911
0.006662660754798184
0.012335259977115388
0.010802290498635281
0.003642568748972965
0.016204137229203098
0.015258551538532745
0.004947640836684230
0.000000000000000000
0.006176213619350146
0.006686067180356130
0.023913418589934329
0.020011920199480733
0.008540788448423793
0.000000000000000000
0.001485229521003471
0.004090148208312631
0.026907451540710673
0.014817571010078663
0.038107703017184802
0.019823194051844160
0.015923129695649945
0.110082411389009205
0.169126123155818459
0.019674731180311697
0.022611609582031796
0.020681586835028402
0.023400525842983376
0.103301861954753674
0.108759348593212429
0.038288371116162401
0.013805588973787093
0.026735462405963570
0.010602216455110407
0.038010437698339637
0.048610838267301656
0.025342079873545184
0.017637164952994659
0.015380484297905620
0.007064166030534239
0.016365999937892881
0.068335361668124234
0.037570345810464326
0.019716114245932961
0.052298932666493853
0.029154202290845178
0.010820440956968262
0.046356845665048767
0.034211728872980893
0.024101851519764857
0.077640989431884383
0.084560333023938811
0.008583915787639913
0.022957227711363343
0.036426884391613776
0.053283926222961367
0.019653591245069827
0.086159180665358631
0.008931257712526969
0.011699993608320186
0.040000801564160464
0.040331386742591728
0.040382656253167254
0.037974554412934104
0.001577400116864735
0.001287848093586057
0.049674255520359756
0.130309668689265939
0.028822886521105373
0.033398409658993433
0.169654199853592452
0.299050046929869418
0.102016165234087963
0.091815843184792897
0.054719042599342682
0.050895798232713993
0.143603857902089682
0.199528997247416073
0.124044009368215552
0.126973148505343914
0.084732024341619083
0.016611946634375110
0.099051997615446752
0.120505512369224466
0.131076077029194438
0.102705465927634770
0.064302132787555866
0.008157300022191663
0.047520794640207698
0.160089837719689293
0.112478893160618071
0.123575150055153862
0.068147131296667718
0.010346501057167487
0.015896400781064936
0.095255275586471053
0.227769962018646299
0.099068401499075170
0.071307941237571143
0.038094036836643044
0.007819499282673489
0.060708271190818563
0.223270501118172898
0.174946777245048146
0.124394678131296232
0.057174091790555638
0.021023079931523525
0.070470416567736116
0.263477940097956997
0.240986760949419343
0.171398613646595144
0.083482275993070121
0.008856318146032185
0.051637716164411623
0.305054113412438377
0.309829791396696030
0.164611568003922987
0.400000000000000022
0.310271552955139029
0.377676411345378049
0.400000000000000022
0.400000000000000022
0.250036990716601737
0.400000000000000022
0.346069694735905320
0.345545111158300444
0.400000000000000022
0.400000000000000022
0.261360281318637422
0.400000000000000022
0.298735565783827206
0.390681983844908154
0.400000000000000022
0.400000000000000022
0.295218403009949393
0.089061908471615783
0.177006875491677040
0.351978945560522838
0.400000000000000022
0.400000000000000022
0.357416254505674491
0.158567808279199030
0.189644522220885819
0.361374692616552751
0.400000000000000022
0.400000000000000022
0.400000000000000022
0.218826600520288905
0.157120067928637419
0.350302840828534967
0.400000000000000022
0.400000000000000022
0.400000000000000022
0.218582564351021247
0.222214566599796853
0.313143108266976777
0.400000000000000022
0.400000000000000022
0.400000000000000022
0.224766015259706881
0.127544851055799574
0.269854908920575287
0.400000000000000022
0.370534963225711889
0.126579158558085186
0.400000000000000022
0.330765214761716275
0.306435225422694468
0.400000000000000022
0.219634073461432988
0.225434384575318170
0.400000000000000022
0.319977759870774814
0.400000000000000022
0.400000000000000022
0.261265782310088346
0.103412982024957092
0.400000000000000022
0.400000000000000022
0.400000000000000022
0.400000000000000022
0.225863191225991772
0.076080332250469868
0.391896312977984329
0.400000000000000022
0.400000000000000022
0.400000000000000022
0.223532342176678056
0.097605574305623333
0.239366498512109505
0.400000000000000022
0.380582219679827083
0.382462634715846350
0.396197992631830198
0.084452338614875277
0.146854742019739748
0.400000000000000022
0.400000000000000022
0.336118334990503531
0.348503261038539347
0.124600002275348495
0.018338253139671599
0.400000000000000022
0.400000000000000022
0.207157866618877695
0.238203709152831400
0.127729308996493401
0.012598208037455684
0.400000000000000022
0.400000000000000022
0.280908165112629671
0.195811995563896973
0.015504869827467592
0.049411830426507472
0.236656045756239469
0.228149756173617546
0.186832093488837447
0.032061113079995956
0.031513584743076931
0.052385003676920124
0.308076791997708321
0.306649041277106960
0.116183731664180612
0.030423971989328460
0.037671099195610139
0.331210440969008979
0.393478392251181142
0.281498047418649977
0.062370148039604251
0.043721927979614536
0.055351340219089169
0.400000000000000022
0.400000000000000022
0.200100987947070874
0.097750984406914626
0.057309618774443689
0.082209602966451661
0.219337308738965286
0.345564221275933448
0.180434468418580574
0.112624666577581231
0.129820169377731442
0.093950747222961040
0.034236761093485786
0.030907975900852105
0.110878867051102614
0.076035811820222995
0.038221916492157705
0.122033351667148626
0.028612680372141257
0.025634663556088715
0.148443659318761995
0.035288927413146286
0.021190132692778446
0.204341252787263478
0.027708633351531758
0.284182471340693299
0.362200424399479914
0.047385666541291727
0.051085502620104979
0.019387838399168227
0.008213923429775269
0.041198033319567652
0.124915381591317029
0.062807562552626095
0.003166898856228641
0.025987876323364849
0.013395066473816230
0.108551537731490691
0.318053983460782508
0.105319359307318838
0.019386827671032440
0.021323095143718655
0.125554500149247572
0.250245332333036086
0.226113863617309618
0.060814898185996738
0.020869955899047811
0.021100009287300200
0.207312703136871501
0.211989833720400367
0.034854916202667424
0.013251683636486745
0.004994976664334197
0.050514662787803769
0.134302088603213382
0.123553985637883321
0.037136576117235018
0.047543776006747730
0.024099583696075781
0.044351012545398513
0.056318861097728420
0.013669631448032557
0.034370807053237820
0.014821043864643155
0.003792489638694963
0.059139985813432008
0.052528826899605530
0.009312806673921597
0.081044054375743108
0.020416143557345223
0.007627782090991572
0.054415476104419609
0.056203940676085917
0.036458975582112460
0.067209247500030753
0.013942017180923177
0.032120425925380738
0.000068835772734256
0.000193714307704297
0.074300660496029389
0.118100506921316475
0.020912861992193700
0.008166651391719633
0.004215453543554446
0.000979988833447568
0.079517106439803170
0.242028030251815657
0.012720013418443680
0.001468491968075473
0.003139258266300845
0.031551512427063506
0.042598099166017672
0.282215455736456344
0.013431004508549322
0.008018690004943220
0.003607973859473493
0.100649376594863491
0.032225255402904759
0.026169456367505010
0.009030044850950870
0.016198559925846602
0.007899299487930207
0.021219731011501607
0.016118993152745550
0.007914407324229855
0.006601740622291756
0.023335877770924589
0.021882413247074559
0.021706922695858652
0.013870862451467564
0.020898378065126531
0.006489687986317399
0.003619288750032233
0.017568268893258236
0.008940804477535449
0.004897427235530018
0.031693317193724868
0.008781537889222809
0.000000000000000000
0.000484450575598064
0.003960612056009256
0.005591529799157382
0.015246755537830187
0.001845756648606477
0.009659554990744156
0.021497695333456801
0.113903237201294097
0.279085759723474214
0.272610716023470145
0.227029693597894461
0.109611383876636811
0.022067918124547403
0.114800063430191016
0.257079289086464657
0.245595147650020384
0.184666082334963844
0.105586268236132236
0.026671341565855478
0.157655057325880782
0.220974152686646802
0.264344440106443146
0.190057491077519347
0.110778546463644892
0.045856355397588602
0.124020135457738864
0.155090347762214725
0.235234523991046773
0.202131972806352783
0.115489885752655147
0.115740187295981262
0.030637045179803424
0.120131422833604132
0.209237255441281772
0.200035138998410827
0.132340788073871618
0.127487908088315893
0.011001086583006102
0.074166980891014075
0.173314356194755353
0.189324880139880469
0.130009783260480488
0.139555441066244706
0.010082572492373786
0.083130667571421055
0.161477630528575611
0.185932482144478661
0.125012160136497297
0.151419045855991669
0.013766521346097450
0.096090336498067919
0.154506266872204784
0.212368862281276799
0.116911890779201638
0.174676060490598528
0.114946523700885969
0.130698441282903116
0.280086857234541742
0.231291634579259636
0.146626962346337986
0.159955226474035900
0.116627249528108115
0.137897128392596824
0.246146129545898651
0.182725493027607488
0.128767260001798139
0.128221848089747764
0.179705738224126749
0.187856826162967117
0.208424680365330323
0.188864242874926785
0.130968198561677351
0.106490453573780217
0.199626734628319646
0.157128234826283103
0.131210425909050632
0.194030225730224631
0.144089580641626774
0.114141256293465068
0.225953887769766104
0.125196913588376341
0.100594817635018874
0.177117426890664148
0.197731114259685398
0.103925648248938449
0.187819463145850907
0.076591459233448608
0.106979999797464087
0.155704153208390678
0.187337230565374185
0.113165673481893783
0.139605095666409662
0.089887165754541518
0.116296415324264560
0.124411274974321528
0.175779584266750166
0.120923494596746242
0.121953222101074371
0.127969598908616672
0.139535628726795008
0.101157154938513946
0.192675380753378117
0.014559714887405590
0.110496137124765720
0.186724340087915303
0.184168607884676094
0.151229742882850238
0.093834549922616098
0.020414773629610233
0.113909557337442652
0.296109833569713266
0.289542632531015753
0.204042079321029912
0.102125313423260908
0.019178185631749434
0.153135305598095101
0.277390053437181427
0.284067002281714165
0.199926810079151612
0.116394322054963043
0.022695125071454474
0.131348426212643976
0.177257194103930982
0.229048667176940945
0.190395523471302480
0.115166515027171762
0.044636288223145359
0.037088943750420350
0.138570978140352352
0.216389972717061924
0.192819683988193713
0.130983307054362952
0.103790248595646950
0.011206200524933931
0.075193695506916902
0.179287433607166202
0.185542825451474325
0.129905444269291653
0.137195473338464907
0.007920470893396380
0.077956101168373773
0.172835334255925482
0.167171264695303023
0.113286122384245028
0.148871946445901460
0.008592581637993483
0.091011684667172063
0.173136418309710660
0.190440819718087628
0.104607913433160019
0.016189728977433208
0.108276788405984245
0.108005821062843135
0.169525451546176431
0.156254526517461384
0.113410572352884625
0.156137796533403511
0.114953179852578302
0.131912827543631678
0.297483118653508793
0.206394234246565167
0.140267693351767642
0.126392589603199129
0.158376010459624933
0.174459343770794778
0.284598537575269539
0.198436059622837752
0.139114323681455848
0.108139714591488925
0.146417970790080815
0.163398812922277953
0.179039807857829941
0.189199452965132853
0.136748272439321056
0.113548126570699681
0.115921657510382456
0.141635029152458569
0.126007717279156245
0.185204709274133905
0.185790752246877328
0.102469846387574059
0.133222834479488683
0.077140578163957807
0.110116193007165755
0.165187291056165947
0.181758459858514798
0.110786441501236482
0.136040068906756267
0.080720485772864864
0.106353436006584923
0.136769641987595003
0.158390780667951980
0.119821796474896602
0.118974416747396533
0.099247679655482784
0.129949479528032485
0.128992815582402776
0.170422913260336706
