0.047562393099420064
0.049611104357988156
0.059010306568698490
0.095660162564617193
0.095193376944415473
0.113964265158393127
0.067375133812250909
0.035265191886423602
0.013383579793955663
0.110519962902468821
0.118142000669542127
0.106001182772356983
0.071233990084843074
0.037818408279038394
0.038975513771539606
0.076244803105550069
0.065656355850765472
0.030839913855893228
0.013682695531431997
0.008614872457986880
0.005877700502528179
0.015613055419730629
0.007041153878591729
0.004118095869890657
0.013733968042539985
0.040976823601063764
0.035791372652294796
0.021483127425300161
0.002086737925800673
0.028919645467121044
0.033752168009505645
0.031315144531564233
0.026154047212827495
0.004691975885626510
0.016558081236140356
0.045942719454006443
0.047702803681161518
0.032598921314978921
0.073995266427392944
0.165404109803281407
0.353981864681894076
0.082046054143859889
0.059281193288686779
0.037282024666914722
0.022935751226915501
0.084614844814900281
0.092572594939678149
0.097634553739784080
0.159240116724993636
0.082611893165350891
0.071633404884172219
0.103756211845351318
0.100589159118838339
0.121136266286647407
0.117329642525098379
0.136291085491698855
0.278632859594078686
0.164006450387875147
0.069144453906722095
0.060224661065984689
0.087662648951288322
0.176475214563147409
0.126063745525663407
0.069438348361482008
0.024975423250709384
0.019649617682005804
0.029214817995772517
0.061636011798167870
0.102733670546136191
0.053093970249333794
0.011872224617067804
0.000161748497372157
0.017083168889455977
0.023541909169606200
0.019465783129788358
0.039847327678497628
0.014829854704424716
0.011013304025403872
0.031605509311890441
0.026958005161694078
0.007521698467687923
0.013228159297213294
0.034083156887261372
0.061337000552248354
0.098261110076525229
0.084069076775851112
0.116725485769762591
0.056473771935470110
0.168522065578324776
0.057439086464365394
0.118028389421639790
0.066638091959676765
0.114722979771575612
0.091303527311594232
0.075265918503366003
0.104033448953418775
0.056203271292806820
0.050626490861028606
0.031464058756086814
0.073607791090552613
0.077441761567816528
0.065117729563186386
0.062437837441714814
0.148944086289085564
0.224891084888763471
0.272745441750206707
0.053604544399372560
0.050571196143265454
0.089645978906400692
0.376801003295256676
0.394966513505306760
0.367683840574179410
0.018461933645097864
0.017436877934063545
0.298978496964680374
0.381873523474996257
0.394173798315418433
0.319862580351397252
0.022719210557049441
0.006748435499678705
0.124175682802112552
0.149174577617694232
0.277852500484758458
0.065358403556922656
0.048357650976923870
0.019357779071317374
0.098988586698639344
0.113322506728791850
0.058393005359039463
0.013156353945513826
0.076890815588223110
0.140465670186241620
0.057719457987204660
0.247462113622534230
0.201447448032234078
0.040868352413691876
0.359972109459661627
0.292707356803685648
0.091803103491055207
0.353730909562287810
0.360965804191710649
0.179960646132576452
0.068572072850254212
0.149787822203970244
0.173348624956722347
0.085212695058412433
0.084242060825836934
0.096927987248225558
0.050772693350624232
0.081816548829844127
0.141588215250072952
0.236587814273015340
0.323500144242206300
0.343964588921382319
0.073268798608392388
0.041035534234457660
0.143990863016263737
0.319412203716567977
0.400000000000000022
0.327256388945297516
0.028740912617483204
0.006863165389656879
0.317919827226190277
0.400000000000000022
0.266708477918039477
0.144806054701328124
0.027754516558497463
0.002283850161905464
0.167520829650102426
0.400000000000000022
0.363547013597106949
0.109192954249434745
0.017185748491454836
0.001376094524660964
0.078493436598191524
0.349795548518682387
0.341061466134193081
0.003147405014789711
0.015192090493235029
0.043346884896145556
0.056828790377805638
0.325057883887078847
0.136214204330218025
0.102258225118629698
0.089920885133776995
0.047063846072147440
0.143150554376486050
0.400000000000000022
0.367725301348448996
0.252527841141610421
0.091113755818475667
0.022257817143918689
0.218445999712570643
0.164016668155618855
0.086034462820156227
0.127722697414950015
0.279985254022435404
0.259332230081224635
0.185853077831423352
0.049837000533712469
0.080060470255135158
0.244285440200549375
0.096502604786433466
0.104321009310561166
0.126642764498905491
0.058730713975602304
0.161082237307869608
0.134332481340119408
0.020515196165063358
0.008638945932455705
0.048569766977268378
0.142297567629729810
0.134950797091334340
0.081082194251635292
0.043726235039321076
0.004001721978122015
0.217297288190139215
0.400000000000000022
0.179024281971055771
0.127770468508089041
0.063838208492836557
0.023776084409925850
0.154082068064626376
0.396880980730310973
0.131304136588246745
0.285580121974834344
0.139543155197930147
0.078137983975334960
0.071813395361926630
0.400000000000000022
0.124793438581517674
0.109936818679533005
0.103021542405138014
0.073392798024954950
0.106742169732007314
0.322227856384727063
0.152918858116120659
0.157140945397853837
0.129915319346679770
0.028985263830201946
0.116108731335563597
0.071878520890323483
0.106775079139763057
0.032559052148518751
0.164976814476068823
0.132397973708826999
0.127633669374981468
0.096836158870055089
0.015886735305927966
0.019438119727473904
0.090542904991220058
0.122332428920981770
0.191208194944946425
0.046396618392785034
0.043112302528915382
0.048360678191947420
0.044204943251950776
0.029569716008019782
0.069785371383011149
0.069982049726741255
0.050042098729094805
0.034033252430375874
0.023379701623540729
0.030210550921992006
0.125264492054588422
0.122712325972281516
0.097706369018541919
0.149686767426631756
0.021153327408756629
0.128140144711373666
0.203396507836683199
0.331415265431737438
0.126170989207892020
0.194523321239039426
0.098962869468277093
0.222488505252427637
0.076011284746993674
0.244413697135189567
0.067981987877940742
0.221132267125429133
0.181068332498865864
0.031145110766871126
0.060217739798342107
0.165802024014009730
0.061049528613846861
0.097164180301981748
0.073275143786833100
0.040166812203972481
0.065688487591124972
0.073267670047334532
0.134400188748391936
0.184927503340719002
0.044480875775653975
0.101554799772150345
0.088374344978397204
0.038448826485524584
0.052801589416612546
0.075539569108717633
0.039013002674749386
0.235929900885312988
0.041142280292751979
0.021160598698803258
0.036024093230990192
0.108790979216589659
0.152513558022476015
0.168480358399195285
0.032807979322319936
0.060740571365770338
0.032698860369969433
0.091714617570026927
0.207917975007862854
0.182811848301147190
0.019623990134017652
0.048224166291533296
0.032389457817391040
0.091142747666604823
0.080931980632606856
0.400000000000000022
0.101312887959184195
0.328790096460078340
0.049631162997861619
0.093778749458898344
0.017101782123409265
0.368019339042183757
0.049642881833341611
0.184993793065203110
0.035204126936581551
0.213079816362718333
0.048750964845914950
0.178941427538506226
0.095287028265448520
0.100794419503926494
0.033339343484137848
0.127534656417068154
0.143876936503156028
0.116732848794297558
0.060195353520108671
0.074350693589040687
0.255951633608641482
0.392726006849714149
0.206391260167355761
0.137332054524477970
0.066141271736107093
0.044570338506915386
0.063798753654160989
0.046557888425817928
0.084209571828156013
0.340255892886668798
0.045075414862885854
0.031731210689100113
0.044819003588020524
0.135642575544374283
0.362834800970089633
0.195413792895326399
0.042960023078420569
0.018145651509103425
0.008370911614559795
0.069098896599638387
0.400000000000000022
0.273984413715723518
0.076963553687708353
0.005626210409399296
0.001355278392254839
0.019525547352058664
0.056084699856403956
0.103980561597224436
0.200253989253842135
0.122686413060545479
0.030812596403951949
0.018764187978005466
0.021529591839200932
0.058237937186850469
0.103159064368054429
0.098025627169233229
0.348022717801419579
0.378773416934896745
0.048142759251171938
0.155506986819711784
0.070653807834687291
0.063725401062104448
0.033623767714972275
0.103934977053828106
0.372113864173872266
0.342433347123857756
0.029441349176412227
0.041471053469119876
0.052245473729813162
0.129901198187577671
0.137218482882568493
0.040197502152203413
0.068397648428754218
0.033138922324933623
0.036198817946285246
0.067758596519820219
0.046837246905101680
0.163901286435283400
0.059876056349098344
0.035381259184040031
0.027406987684105065
0.053212002629501508
0.079404858420607530
0.035987425139153068
0.014026510219004662
0.024812352519756123
0.013897669603491074
0.056840563329874569
0.050740621006915385
0.001024170500983652
0.068580472540815007
0.027591548260490290
0.018822119657865358
0.057690730054644132
0.014145198028864794
0.006084272659077595
0.130975801584749946
0.054140504090251527
0.032153331084676863
0.022273579982078226
0.015083308666294728
0.052564330920827726
0.081244841315170999
0.031646105876353692
0.117760010765398243
0.142185855130149530
0.024352968695865354
0.103370235473787514
0.053402032568352201
0.021985297003849012
0.014331789473506098
0.103124999067932085
0.136658504240293355
0.229860796939534040
0.052745578347518238
0.044916135735227819
0.040284094035320350
0.157584607131420723
0.135425112719669449
0.025587784321952411
0.061763773457522472
0.069427914799077950
0.132060745465092527
0.042738572875774955
0.085412529388398842
0.137533330600362491
0.033299709857488043
0.050861625428862425
0.035556298774180400
0.021015104457079693
0.030354822610631355
0.036919067482203152
0.090893623109969734
0.047671753343353863
0.006238840720201061
0.009708557114642340
0.019057256365059297
0.020483091069660245
0.075651639385300576
0.003857976635661283
0.004532550473168272
0.022807816912040840
0.020544329105405899
0.011497900452811540
0.070549367165553004
0.153210080319351294
0.015323215104622194
0.086420353071087017
0.037408989966223112
0.046656934783791987
0.208365787608541159
0.070492765398904686
0.055863605699253749
0.132340126033824390
0.105888223861080072
0.078853430358025167
0.121010870303907392
0.056629949567150964
0.009818288758837878
0.127158087517167118
0.146716381266472962
0.111025809719297458
0.084748259529808426
0.041365781209560533
0.149213804767912600
0.141912377426969383
0.167175654254318407
0.043576544144075378
0.025645791692667282
0.113017555223715219
0.243746509561803215
0.082948999000718698
0.021891323115443645
0.027876244532536853
0.020893603556348058
0.104834611963944446
0.095173564183973797
0.098264731463501592
0.017396305946072971
0.016433094004983086
0.104787941405392784
0.082809219977895226
0.033434070296356970
0.055722868027281325
0.006187002590043023
0.015006376982437127
0.132834396811086136
0.026849144152462916
0.020616627794243999
0.021056905150795190
0.002246922115518062
0.012536113124785841
0.056689958157198482
0.069250101872797343
0.058903644239633193
0.099145356567797188
0.042860208759299599
0.075758488637634597
0.060946837223871411
0.051169995157591804
0.118510963571569386
0.087085284489218054
0.226582862815893210
0.224193722049394029
0.130849770551951711
0.173214463771620364
0.057818614637088851
0.124946695029309399
0.180220194234865627
0.134854415682365725
0.092805422393013204
0.084736192709124192
0.250320821970001328
0.311179268419378097
0.298176575060084825
0.122393591205424146
0.103395237418333522
0.369705049354540405
0.400000000000000022
0.148522418310018611
0.031932896654470362
0.023790592734056856
0.197941791326308958
0.400000000000000022
0.299365213102679051
0.398316412350868898
0.025925298756013682
0.033979152322971821
0.400000000000000022
0.313073424832804759
0.393606835929876719
0.355882751019052535
0.002107834003007368
0.034214892790942239
0.400000000000000022
0.107610170875296521
0.160333582672205044
0.039849818841472526
0.007067333596911342
0.009771712497563628
0.120412666241259042
0.016005789882689418
0.034563577641495528
0.090801322698328302
0.050657423367088922
0.161435648246680691
0.082669854073415261
0.190750308691753051
0.311062818907066774
0.071125377987709737
0.357147291446954118
0.391234454547242150
0.105408855226112680
0.395808980022037349
0.400000000000000022
0.266630242157097297
0.129346894705297588
0.156185083314346579
0.080495767328376377
0.055681860688299958
0.103700105235803627
0.130791409890469362
0.206066318583009306
0.101927318974261466
0.099441568119784829
0.287043638361449638
0.300072603142565841
0.108680935865576325
0.036670495981473150
0.071167200215055806
0.142443524494402868
0.400000000000000022
0.147360832965636457
0.310730204094955165
0.048319993779626411
0.016096975884884041
0.327069974929720564
0.327796121362501969
0.266524072930070521
0.067781389852837978
0.030851427292561660
0.072402610223556180
0.269238238824352716
0.372564785581865121
0.400000000000000022
0.076839331159424318
0.038953730592704558
0.040505731553617835
0.148554568742824661
0.302479675991420782
0.211167193561177469
0.073186967183738835
0.015640220122266853
0.104002019084612402
0.133972303496643991
0.228369946924802308
0.238394536768807230
0.121736413097093571
0.262471339402718828
0.080259026073703249
0.150597557239743080
0.176481047419199066
0.094623643141855215
0.132996072914063485
0.138466893127112023
0.029940461912564970
0.046839287081924544
0.041459004782243888
0.211290371338738292
0.163109112839532444
0.114088043736967154
0.106421222451703865
0.055115696644950717
0.089378136390690213
0.198335257450422991
0.206040225218293016
0.106709731020501769
0.076644649640651749
0.092563214376942579
0.145555834587040300
0.122931163748024125
0.138514541917124034
0.055119419434364381
0.052696986757954811
0.206233684238961379
0.138644166130555413
0.116791142879258528
0.147947355801342301
0.094908431425564876
0.116804721605482817
0.356306238768696382
0.063331618911772178
0.105249410994447123
0.303616462059438819
0.211240053076477724
0.048409151615622981
0.351050454756824837
0.188812764316478421
0.226681990466705424
0.396256918203370501
0.262332789842504688
0.095488615460562296
0.172743958672801290
0.031619891614125921
0.057932599797699741
0.275853998120413224
0.099704760010297711
0.047735423982694800
0.275825496317214813
0.047396081326538456
0.085651607660830437
0.400000000000000022
0.102809535814723338
0.042445250456071212
0.119959477477724272
0.070724291064292635
0.371357673924192389
0.400000000000000022
0.104229850207038191
0.065748078731213133
0.095892819247576117
0.054737521080800239
0.157054155943111839
0.199238230327069304
0.133541430142561146
0.039835625497145859
0.122914464526749770
0.052274671761522173
0.079293474387695531
0.150411514527458573
0.143461278350048349
0.112831994095646718
0.064286778906378683
0.013759122873506627
0.048244590487431072
0.240524795843386485
0.192927378796296234
0.323576980946317372
0.044148462201307213
0.017768070499572727
0.121316732928514720
0.398116706234093620
0.350015191464372544
0.214676448032451145
0.185096177365844439
0.096661441578950624
0.112282762652081855
0.319727749354754065
0.260329605108358342
0.142261236533054558
0.138278021702111065
0.036707885524899050
0.036883643811328908
0.156854432608385913
0.168381028666408000
0.125471913620285869
0.115228360243006964
0.006491558057556498
0.020931058398974963
0.155039863713828691
0.078243324598000707
0.160442942931404792
0.038047532270313981
0.049915507342865734
0.332531441155667573
0.208747690907397199
0.146538120379785697
0.087427508919653285
0.075726679556604989
0.039525574266541977
0.072129082921494475
0.120160955404719799
0.335689856100669926
0.149417297501400453
0.059129173514159736
0.054583960836680372
0.106555256553726968
0.226164893638104741
0.363631612248235481
0.344696829041313324
0.034298056992440956
0.072498630987417462
0.036999561076896934
0.222140591941037496
0.232067374161997436
0.228885809507841320
0.060103664896689203
0.037451841591472093
0.063099164542103139
0.161131419711001644
0.161298884572907225
0.379066958261843001
0.132161216259058995
0.018042284959131721
0.092087659907412633
0.235862804981223889
0.084452737393354765
0.347645512059366335
0.196911752437728044
0.021854603766812399
0.097584542432490595
0.349681530013939423
0.038318450672269799
0.311331679890687330
0.349103349524120810
0.013870258138324654
0.028987589131013968
0.046281563999683861
0.195911300995150389
0.297398563888285339
0.107009878506299297
0.078516885364006375
0.023107258731023074
0.024082757944585108
0.037773479773747037
0.127688473966623361
0.081864882668460204
0.064620644986042114
0.073894041483168429
0.099125408836464007
0.282734447089846075
0.322310085781184363
0.028726089794601103
0.018734373566533954
0.023924207112513210
0.118555939148312597
0.359405988743373261
0.345199323120951695
0.017780077810406355
0.020335291712568454
0.019118962449134594
0.074538047334017976
0.383423189007426335
0.335781717067419549
0.105879316200223755
0.001605725098085398
0.044383419218331534
0.061970481991950828
0.080974390157963497
0.399458141837740643
0.126280941812648428
0.018153804168670087
0.046533613146965871
0.012498906045493322
0.029079962538327883
0.189838178177579503
0.197396212202959970
0.009041596771052061
0.123267875302330077
0.306447192531928758
0.101450005356085088
0.259719044257560872
0.141548428154377876
0.004787835533361927
0.043554417408653824
0.110420253209357874
0.266639822285653305
0.282823364693356227
0.035847758536792201
0.051047661963990215
0.054981817259388763
0.036265841282484473
0.076093661504052348
0.090373144480728626
0.053843280428336034
0.018483897166404580
0.082544742496056950
0.130391148100975462
0.142811498561415895
0.169915884532543804
0.035843305662555711
0.019865056657475181
0.025054118453235540
0.070441755832713532
0.039506161127080872
0.047674562533526692
0.023104292477998348
0.027775327296435316
0.006300800221188266
0.050648314097550579
0.016929536761951750
0.026286544467716794
0.072560444208747771
0.007296238502231513
0.004357519265932077
0.001570570680960639
0.012982681625780645
0.023004416049694110
0.066577275646201806
0.015861547802348285
0.066166013478986221
0.042498266318442036
0.020869980874188749
0.076534331514623133
0.174761451444293670
0.043775135162416871
0.180440888044650860
0.334229711650501804
0.113839036772031443
0.095946484269689783
0.081813789314534549
0.007509270576617662
0.043770689049792512
0.090584626417934966
0.117719180866280151
0.201139888861493615
0.100307971446938315
0.094527240093215975
0.099294400604018868
0.253244769696037875
0.230618489664084936
0.139552049480345552
0.129138907269773395
0.104693106685501539
0.145444325259048185
0.153258535778243776
0.203554530057940941
0.243534513372719474
0.104533699942331110
0.088680033707900827
0.074531812545720014
0.097259907562629755
0.096011178461396826
0.067758981338096366
0.104576318641401739
0.056286625801340744
0.012116541222729241
0.025321612534372966
0.026098410243651029
0.024601186939550899
0.089385607427840574
0.044834800236725043
0.040323923125463075
0.044290944337341001
0.022631067031206566
0.040417545919932581
0.104301535175058663
0.184525224850915520
0.041477262317449685
0.091112328956713520
0.053967071202363465
0.092599654237798423
0.256068591289702663
0.103091686713883607
0.129858872126646707
0.297744235837105797
0.392620428237566599
0.160899484501885043
0.180292063592594171
0.093911974234065679
0.032754039985753387
0.211772932332067398
0.239288976206151111
0.208660363459081538
0.243988376254802047
0.123977674374911417
0.220847209652084819
0.245668589272320742
0.267764813373156718
0.164712810430722778
0.142975434217765651
0.242743659659411748
0.399774608980740354
0.246955449388593901
0.091035777022165740
0.088100905598521545
0.108556252507636397
0.281309826527091855
0.221237309709637203
0.167703079824983614
0.042371729196782351
0.036082711686988893
0.134002759401165294
0.144445231776063082
0.136167740842493140
0.108816838276615119
0.018059227207110829
0.015168125479809284
0.149917565700542127
0.050391053322069113
0.040082410924032363
0.060904232829292825
0.017076776819942775
0.023549417150189711
0.088295467469088937
0.096208107034491425
0.066425342707321131
0.112373515865010501
0.076943365646560971
0.137095489189882958
0.159207947300396641
0.135239071933442923
0.235236449341331977
0.143559056424688164
0.368670412721364305
0.281632808513759436
0.248878159973591501
0.239852555731297157
0.172541594408664456
0.216250222340903686
0.255486112738231630
0.238887864635784541
0.149008693685820010
0.135362683570152798
0.281784880726088149
0.366430742202965787
0.360060316613564191
0.187511320768610545
0.165833074860048335
0.394297207383173864
0.400000000000000022
0.375445545310362894
0.085537441053842922
0.074361788877322310
0.287587770232709650
0.400000000000000022
0.400000000000000022
0.400000000000000022
0.044387232401111545
0.051416030257035367
0.400000000000000022
0.400000000000000022
0.400000000000000022
0.400000000000000022
0.024827044560056806
0.040963328290620944
0.400000000000000022
0.256784748492990711
0.385561341213488951
0.105208222398395196
0.055424984573835212
0.029129491568881005
0.219401252939898428
0.129328296611481264
0.092956583000534984
0.103957676643842131
0.127548238955312032
0.301901318432922283
0.140389312060619914
0.386164615330797489
0.400000000000000022
0.111993730401401592
0.400000000000000022
0.400000000000000022
0.197211958717167873
0.400000000000000022
0.400000000000000022
0.392407908973279373
0.197918967555551828
0.305972905518316796
0.253844392285098697
0.140894555746712363
0.187942166061640548
0.227719397138694934
0.256839011933633510
0.183743867804105621
0.241029783369857781
0.381325663239289181
0.400000000000000022
0.385286606789735142
0.109939294589865538
0.112202734449513453
0.286434387510666633
0.400000000000000022
0.400000000000000022
0.400000000000000022
0.077060906397109608
0.022960141274540921
0.400000000000000022
0.400000000000000022
0.400000000000000022
0.212587444554166144
0.058605943851059127
0.074686460385461631
0.390899867023029479
0.400000000000000022
0.400000000000000022
0.186032285408859049
0.056139479084159394
0.041881826078278797
0.227048005341016212
0.400000000000000022
0.400000000000000022
0.076334372198528552
0.030832310615501880
0.147348903980757950
0.190801093874449601
0.400000000000000022
0.360893028353063361
0.223994638215723268
0.345252932205922958
0.127322872145850696
0.293748111616229157
0.400000000000000022
0.400000000000000022
0.366097992833504193
0.229580648945587690
0.052198279056483658
0.265285286794495201
0.205475672937862758
0.297324834158894546
0.290831810254482459
0.367924434612482143
0.323404412434289856
0.240968774476374076
0.139215136924402710
0.278395727705558149
0.380749773061661911
0.203212335806935235
0.180965658951212943
0.219205978875848084
0.204286548562642611
0.284013401055893677
0.272847023257243415
0.075634615599427732
0.061335932690410516
0.254803451216229715
0.280941733760285195
0.251741939970592854
0.229029550052977593
0.138634666464885953
0.120806443583604858
0.400000000000000022
0.400000000000000022
0.284273692965502867
0.375200891690290805
0.275078261569314308
0.072185236025548827
0.400000000000000022
0.400000000000000022
0.356939286643069065
0.400000000000000022
0.366418648354198240
0.173626599435897255
0.244557354034727892
0.400000000000000022
0.182726038379217387
0.371808553659508711
0.202726302415435738
0.121128222007649763
0.380774160438210441
0.355508491725283537
0.238570465776951096
0.400000000000000022
0.232724855161403066
0.071430514286273145
0.236068208813287855
0.142602811954616132
0.400000000000000022
0.400000000000000022
0.269206664683107055
0.198146052440040132
0.223526488622557584
0.151573679950855328
0.172940891249039830
0.218676350054543250
0.224084335133781232
0.162168054418127650
0.305304249199358613
0.098671290154307201
0.122405776916610906
0.198772192719406021
0.187666221601999111
0.142401710103666534
0.134072150289389819
0.083741172600247882
0.098286689216525877
0.274558048273762345
0.216307080419836956
0.353787531868309413
0.169412954255895642
0.140480396471854257
0.219023101947056653
0.400000000000000022
0.365089427757344653
0.342816592743824811
0.382817251237021428
0.398266762845083777
0.238453751859973889
0.400000000000000022
0.348784640436398230
0.358747690627095106
0.214289306449104766
0.281121582660088631
0.104865631689269670
0.368333058631287846
0.343204799981033704
0.156617024387156994
0.175446100041349057
0.172293582071566226
0.081980587012821821
0.252204044015810425
0.151518468384833821
0.200609755135377266
0.103736019861438961
0.123183177390200266
0.400000000000000022
0.370275099295327870
0.191018996155439685
0.188982308691803602
0.164101024535002193
0.077974400752066561
0.124930672338107007
0.195700524513437418
0.362084692893808902
0.345020892245959498
0.100271453806911715
0.075744559535483647
0.142579349784717202
0.333890247422549746
0.400000000000000022
0.400000000000000022
0.067106036314760892
0.133239202353187786
0.069698421446866360
0.309234911601473428
0.383864166028790255
0.396325324097954124
0.079727655030706862
0.085676007883005389
0.095488622359494180
0.252274167377606495
0.242230865205514068
0.400000000000000022
0.233474104218243217
0.346832381419210078
0.141718822905274267
0.316658961093109981
0.101554519516764030
0.400000000000000022
0.246554634271069634
0.206848396832015502
0.132788669369072160
0.400000000000000022
0.087069415518184756
0.400000000000000022
0.400000000000000022
0.114664677642251134
0.062326932615151820
0.173816220416751988
0.326740975275217505
0.385077230937151016
0.167205232026407968
0.152867578953047034
0.279058892339664522
0.397470828787655162
0.244164739941102799
0.265020528491101304
0.148006154404567269
0.109190983492957500
0.137692795137329405
0.145683297262281963
0.350180610770688738
0.400000000000000022
0.073801504657486944
0.050465584255634070
0.068743210700533741
0.254198514692686894
0.400000000000000022
0.400000000000000022
0.060740100888826934
0.038480943221671879
0.027489874063694388
0.143636943933656336
0.400000000000000022
0.400000000000000022
0.182842869887932108
0.007231935507484693
0.045738697610586361
0.081496029344009485
0.137059090014367446
0.400000000000000022
0.326534931066490564
0.140840217229215581
0.077346209550917810
0.031263094023498784
0.050609554377528822
0.248076115364429972
0.300555276571014385
0.107067223940285311
0.399616686710296265
0.400000000000000022
0.149592764607257039
0.391339122517703752
0.212202235989065180
0.068513236595466376
0.077178185123626092
0.214355230263185981
0.400000000000000022
0.400000000000000022
0.065289107713204411
0.092518715433110091
0.107227290989201932
0.166167039470062117
0.213312144386620856
0.130570646632932025
0.122240928857090259
0.051622819491338200
0.118743560442342189
0.198149744620795709
0.189648745466517554
0.319337264542049470
0.095719362011654055
0.055246315841515223
0.052461106137340598
0.123653758462215019
0.118911019547688387
0.083661987672679752
0.037130802697003008
0.052587679816191439
0.020198469824679339
0.107488877427425161
0.067670157768867131
0.027310714968700446
0.141140916749562778
0.034887786762721799
0.023179638923797437
0.059261300735604774
0.027127879654645436
0.029088688708771709
0.197553077230951751
0.070002051892599809
0.098319344563663078
0.064771846300520269
0.035953289540483477
0.129098662435450873
0.256006292759464682
0.075421241038770556
0.298200898810049075
0.395315418448701883
0.138192005467896784
0.199316719743477283
0.135215821882886722
0.029494567580466674
0.058102478523298619
0.193709625485867065
0.254377685106573492
0.388542775932985029
0.237410718171290142
0.108466273938724878
0.248978166397518019
0.359242958753384467
0.316569839780244444
0.140774196036574067
0.115181294742821252
0.142716821697508600
0.282833784347930661
0.293378593671284105
0.228217462317170022
0.215463313381045574
0.125374556973948864
0.248980521159651080
0.269246020396890107
0.362254899288805055
0.244666709016058470
0.188828867953310719
0.219083154110320533
0.265390787883958534
0.257975412677830196
0.316673973987566693
0.227179788943532218
0.215405958597699981
0.274673782064393024
0.230596829983136992
0.267627338263007442
0.259341956819226838
0.162822484034607556
0.213122671402176111
0.292687440543870692
0.320524241599999871
0.192267025609897807
0.214369025535366853
0.137603539746530196
0.263378804934001287
0.226652787854586119
0.226222051926753431
0.243220324487964185
0.380236685761364934
0.366114967891451704
0.326780316057842302
0.256232771911218349
0.254369822868369344
0.229504296721524143
0.373781820630779027
0.387050892152970283
0.339121282678127689
0.177446606199111817
0.195237076582729596
0.279155585178000987
0.278343036003880218
0.240742395156302608
0.272943587829356127
0.178668598107154158
0.189664846588949110
0.258897929183976971
0.211798840290612106
0.157131097449437152
0.301062579431722321
0.197160126350811482
0.271054295989595018
0.235215008756001931
0.289745916975332640
0.181645659742594445
0.179037216286609902
0.272852458055624969
0.274096606549261823
0.222677015899031300
0.227994088335333300
0.213331511686148806
0.195527789297716831
0.295640765133878103
0.229619273688524417
0.228861845200779568
0.192663339676450385
0.149330598870951736
0.231432643166428531
0.278881910592957527
0.339843247816166927
0.195831227650825446
0.201344864544317048
0.104177637139435245
0.244971969229895836
0.258622915943412468
0.289700576856910919
0.251268282342615501
0.310156406880681690
0.267960640525890414
0.275818174061290389
0.279846070550630655
0.316449719306672761
0.230683287636293727
0.278105564683859330
0.270309148902844243
0.318901431890010079
0.175707890150762325
0.122860236195595593
0.297610544449450398
0.369342628531958983
0.344218337879416025
0.149330666741391976
0.257484488552011337
0.225999049010725789
0.358862279493439240
0.385030414375012120
0.274088175403081891
0.191066698174482658
0.167412235698222306
0.271897283019993552
0.277415148788782095
0.391177356789280894
0.258871171290519619
0.144713976872852396
0.211614469801582161
0.238109978627480900
0.231446517296048870
0.250003339906176347
0.220132894873538876
0.195286616610789943
0.238155772179809627
0.204891353196357318
0.231175677864593282
0.218618826130565519
0.134709834048038407
0.222541285677467005
0.242834897716718900
0.292200211397308174
0.221798609780907235
0.302633109917284204
0.178638453403800052
0.267939152665443048
0.236322503598459133
0.283356465238907229
0.325400815314293324
0.437506201117871252
0.396592185986582801
0.329973593938434562
0.249399096761516420
0.255535340896247298
0.225803751370188821
0.324546814944748074
0.310165645708082693
0.296406119928441347
0.156478057857571795
0.144495139350884871
0.314357372680345803
0.318394411028179392
0.249918842702862465
0.296781867162976776
0.192450235584998630
0.349469383258218025
0.395280446191234147
0.280119467181172532
0.212021276209366227
0.349787780352126376
0.259688949711603168
0.316148925972903172
0.258816879814635192
0.301903836829461480
0.201250626058447263
0.203668775090795645
0.303548839646072766
0.265358938591564564
0.200867497123506517
0.191044785858442145
0.175436062278544469
0.185160100756793455
0.297889381033427492
0.209897272108549388
0.191491215896775230
0.163121063724980531
0.120672948466632610
0.210449600147128185
0.265211861448924890
0.288997113058954980
0.175885502621552225
0.227065734126022323
0.163445458839139607
0.312720126944170451
0.225175604382555516
0.300048968558057683
0.331309994083429149
0.411441708637436510
0.313537079714796552
0.310207115399924127
0.284577667226834197
0.311781712812562839
0.231715586017265496
0.273418799993210782
0.229565215815778711
0.246768364817076286
