0.400000000000000022
0.400000000000000022
0.400000000000000022
0.400000000000000022
0.400000000000000022
0.400000000000000022
0.004081857971570423
0.020278133772901490
0.004565104870115515
0.001236691024867416
0.014456642899337274
0.022905235024371352
0.005251292714042724
0.015786738800418022
0.007975443409907907
0.005232617882077057
0.047125596945057587
0.024335500843834800
0.001883963395630727
0.000564258885653832
0.008679361170562883
0.004431311894671315
0.065647336779784876
0.030460821103558969
0.022203029649324049
0.018434544343006225
0.009657372803329511
0.001409681284238399
0.016832021759359318
0.059985469121634057
0.001210102282535004
0.001227938059639828
0.005608151823950208
0.003642151456606792
0.013648749475832445
0.018987675947812956
0.000000000000000000
0.000000000000000000
0.000202850565389799
0.015139381589053768
0.042203685582995677
0.055006601651824388
0.002855382602359759
0.003647269621899745
0.009823953224654120
0.059590606690260922
0.261996806972201457
0.304688716893626310
0.000000000000000000
0.004708907093207149
0.006538905991127755
0.059732502414871283
0.022823594445968615
0.021680833117505804
0.005107685432350218
0.032090148860032877
0.017093198971574200
0.000142835200666275
0.001778101492962553
0.018249135764365307
0.008546462677231113
0.014797505429361344
0.000000000000000000
0.002121996601408813
0.053303212377166731
0.040885767615316614
0.018274062203957820
0.007726796631499750
0.000988055270415303
0.002109533739572188
0.034094068899498342
0.014869811606164848
0.008931303453333095
0.005003924787062668
0.001858631601849931
0.000000000000000000
0.011656183889147752
0.041378779167632163
0.000027219782930342
0.034858529247838305
0.017529408303150237
0.000097866256837109
0.008513075636707015
0.040344242870016957
0.000000000000000000
0.006959181315868914
0.137233058864888430
0.101057111713737435
0.059189957474739249
0.017166075357411562
0.013113825925938372
0.011477516764900057
0.085679567604626139
0.115120967733472412
0.125627099921230556
0.132728368541323943
0.000000000000000000
0.003425825840324368
0.006196815838236709
0.001928285122940037
0.010703168573323202
0.023991481021389264
0.017676369861697787
0.062271521511659766
0.034320664781425231
0.004874938020651646
0.002408947212432832
0.053420441165486492
0.035081004650637342
0.064507273240141938
0.010545952992618863
0.000000000000000000
0.000222909414582546
0.034737670490419502
0.052638211359407459
0.051298501319383419
0.023575966022399499
0.001742471202826466
0.005743600537936706
0.022046962942064589
0.000736568484450406
0.007739505950794720
0.030976478316503568
0.006541291775662794
0.024607073447620371
0.047884756867477993
0.001493084936531603
0.049926407234938353
0.040255525111084198
0.009839455964540592
0.022469281288942475
0.035601575703728974
0.000099676010621001
0.012906063511683170
0.062611484832129027
0.050446616802058759
0.034499677757159855
0.072514034217374124
0.027621845958249347
0.009556875268457825
0.185193921960697561
0.190033627654818099
0.185885262009431451
0.156247560510006461
0.029245052134890794
0.053553738114688686
0.086292184788463289
0.000972524093017781
0.025590167444875585
0.021922225910975923
0.019728979552386717
0.089443751282328329
0.080898086418896412
0.002172074726665301
0.040333907923278581
0.036397304859782015
0.027640114063234418
0.071790199753745537
0.045782460758743523
0.036827797378680464
0.025953731570300533
0.033337547969796155
0.055916081661077380
0.037048742964353711
0.056777153763260875
0.034548301938432231
0.043588074939309079
0.090531414718627301
0.067336948691831822
0.053144924119064588
0.114606416968443578
0.015603664900574507
0.020358799268398863
0.106910443622009826
0.000000000000000000
0.020317669410991380
0.029869137902404218
0.024786194009366647
0.052232120154720604
0.128910009692279726
0.013292292950763477
0.021357816745405211
0.025473121810662764
0.019683422116637143
0.034279447861376162
0.036978482391494594
0.085013451833292952
0.034467813801163476
0.028793436150896311
0.085566573167383003
0.044181213619388940
0.064532236403924276
0.268238405851289663
0.264361759905980542
0.183807307473160625
0.029500648836294382
0.043798824390505184
0.033930075831323563
0.298178413884324089
0.332752567425385726
0.198857622644210613
0.085355085349645449
0.079483340284059345
0.067347094071112321
0.303434609207741735
0.360740009610072576
0.197801690682695430
0.083996847736073382
0.185761409097167179
0.109863912233671646
0.396547969139233847
0.400000000000000022
0.238446704744415344
0.092469233413431884
0.116670056788190965
0.119922744152137759
0.196520477409369482
0.338845908564663123
0.303149946801911430
0.078077665793326589
0.064495236293981364
0.065293946233787009
0.300219381675017494
0.242166483075410610
0.206179056186559351
0.060482415674594558
0.088993280984155668
0.143348964452565841
0.217781775296874980
0.119455891944080683
0.077300551416949054
0.108583697255073525
0.096522248052284376
0.133846986051016498
0.368684757833568688
0.266901697953191963
0.160056861941282658
0.184910808722167697
0.148275865912845195
0.101605480871868631
0.183246108830084242
0.070581533312469594
0.118186965288701012
0.013400717512945066
0.011873719527911967
0.034467133452675269
0.386368135840358340
0.223753187583136309
0.170052662350619888
0.006106310640024560
0.036817971533990516
0.072610104897755615
0.400000000000000022
0.394804140740616427
0.195750489957095430
0.002978953276983345
0.075518274749691083
0.055566097451525048
0.400000000000000022
0.400000000000000022
0.301350766972318940
0.014045676756521642
0.079428741482049953
0.039552422776310665
0.400000000000000022
0.319881060397927852
0.162416080304336602
0.036685711885310210
0.050016807484759583
0.025309220367366273
0.346387077650160080
0.173518590219359670
0.097000107294668458
0.038024803844813521
0.046130645872333613
0.062853565682513629
0.378869646129539717
0.208320233450932951
0.208196014944626917
0.187038418965603859
0.094422151679813299
0.124680658495889690
0.237334439005171177
0.144854606225084337
0.156506033866468358
0.187389623723117293
0.149031342494907681
0.062526635474781336
0.000343730767964867
0.011573174632630447
0.007310659467355351
0.002610041857377917
0.009969097488965377
0.040232736496353422
0.003300419844532349
0.019915028021326657
0.061547045749929419
0.003661844685714247
0.037449045101704832
0.074968349223387618
0.024818161679847836
0.008082180120193516
0.033924693811891019
0.000334416575239207
0.010019512934774530
0.092506282807771512
0.039687476147977872
0.036197687674338869
0.034569523197878441
0.003569223567066522
0.019916700503437985
0.088555334290493504
0.155513794876176364
0.251920008904867210
0.031466717552625978
0.020420735496415529
0.045548673470139391
0.095748589200437967
0.081792257956917400
0.350762579132903762
0.379957557892855069
0.020131882988885273
0.033239448377867721
0.061448779346010701
0.057542789094049286
0.079907538605470924
0.371046933884342900
0.187250337595786465
0.061684253550956782
0.008439203649067330
0.032985002678571358
0.039435567972788126
0.066514526515974143
0.207492409529878630
0.148177334345711592
0.019712312378103603
0.000056172080164992
0.005662836780180959
0.000923525025942184
0.000384416034310872
0.004890481769133859
0.013464308849951387
0.000133632255021651
0.009568831394702118
0.017728453766340649
0.001420778376055528
0.007168766370599757
0.027112586892061162
0.025732438509316169
0.040574399797922267
0.004872747577213133
0.001589683373727019
0.008776026211157285
0.055665556830573407
0.008223041418630429
0.029277757582082065
0.039400713398549184
0.002702797797166018
0.033786071834680048
0.055729771829010941
0.069529716695255386
0.400000000000000022
0.075844957364839052
0.001051932086822521
0.010642610757209367
0.011251077679565019
0.040878169044932078
0.400000000000000022
0.400000000000000022
0.017503795380145622
0.013768265224429440
0.021373417983384400
0.002758699452379770
0.053329041045527867
0.400000000000000022
0.245302978444620179
0.060522458792176825
0.077982574263001647
0.016373368038197368
0.028666266146770800
0.097614034977099307
0.215637060230564725
0.282821363719751917
0.264209095747504119
0.000034370703945647
0.000555147048089861
0.000000000000000000
0.000000000000000000
0.005935175171843072
0.055422722049831938
0.000161056639782008
0.003122615295403061
0.000000000000000000
0.000000000000000000
0.006603748528793932
0.011697094990142333
0.015045607804244989
0.027540671435711272
0.005628367453029018
0.002150217543704285
0.046883160570226817
0.009882204514449244
0.003147104873522729
0.006904633514326542
0.003443948754333693
0.000707111536948941
0.006514016631971245
0.014062146258964806
0.099286946968259238
0.097421917850363332
0.007338597014132628
0.000124715308928238
0.015844516005530534
0.015658730457376865
0.033290344131144914
0.176370459102261290
0.049541502749098514
0.000000000000000000
0.010958915665675688
0.002246304158070934
0.000646343992711483
0.054224482219056562
0.108474054619378382
0.156238230879861856
0.104856755483929115
0.035608347473070422
0.000000000000000000
0.005607870367960302
0.107243197091969097
0.205617215750343085
0.313213520441959326
0.126379411862887620
0.000000000000000000
0.000000000000000000
0.000000000000000000
0.000000000000000000
0.002951486291199952
0.020271064144229849
0.001729160600384355
0.000515776823919910
0.003145972301830125
0.000521886713008537
0.013591887142192000
0.008227651072436481
0.022585974773634353
0.023908240657931429
0.012447853652995384
0.003466399560553300
0.072434691348392977
0.020671954020105916
0.017012945179261767
0.007410753824609423
0.000757149797853935
0.000593910567382650
0.026045463351756344
0.011733254010107896
0.055946466946998591
0.027960677932028537
0.006137771511481997
0.000847759196227857
0.012901773747563249
0.017891604180660110
0.019214659163614992
0.045536035669031999
0.016949862228767418
0.009774430266321344
0.016412187239785107
0.018341947209992795
0.000000000000000000
0.035708696761278885
0.125683416805278142
0.275260932800194369
0.077399180933701212
0.055405495778968930
0.000000000000000000
0.002832789052720542
0.138535860117914106
0.241343654337207281
0.317335929129138550
0.139625750909118163
0.004528969857133654
0.003878973444586543
0.000937723098885715
0.000000000000000000
0.017153102316836588
0.004393073488952138
0.000000000000000000
0.002333883395934387
0.003568605214043381
0.000285989691933235
0.007302090896656449
0.002853420172096343
0.028308806261903584
0.031681053643235674
0.010340191149032108
0.000995605262663393
0.018814167118495932
0.015101163612836088
0.034081009850532792
0.028082257547344967
0.000000000000000000
0.000305683708607763
0.008678161517116990
0.024671886152978825
0.021148898671228079
0.013207941605277976
0.015088846392789273
0.001811233029687856
0.013547309822136226
0.019337153289432103
0.000000000000000000
0.030168333068275797
0.031401227204169095
0.011286046640117446
0.034500619225382757
0.050843669229316740
0.000000000000000000
0.024085097623464148
0.117278434923018676
0.171793302035482182
0.121336174527292825
0.086518393599365306
0.000000000000000000
0.000000000000000000
0.101109955750669570
0.146731140594062504
0.327314566875346991
0.147970007647153817
0.009072540257965157
0.000000000000000000
0.000000000000000000
0.000000000000000000
0.007152214958161911
0.022910767784183328
0.004965052784391613
0.002242567537182854
0.012055007256243219
0.002332889046437417
0.014067268947231461
0.031507020274148062
0.021950293921290422
0.031885754455002503
0.031025875734207599
0.016434025346966002
0.059435021752805316
0.024994627645119942
0.173560860273828388
0.083576038051624585
0.011714314674805434
0.003575043000698724
0.035507784581830931
0.071301604655015866
0.098838950992144015
0.033504122549724756
0.014965635294625041
0.003747729446139425
0.030970128555977923
0.065823026900449763
0.001531459214791857
0.023361337697303530
0.005198659586978811
0.007705287415449584
0.029753599057552909
0.049594024233073408
0.000000000000000000
0.001653877714706766
0.091139811615521593
0.358044205027953144
0.090688920795538336
0.065370576955285115
0.000000000000000000
0.001630018566918453
0.137299474740876948
0.319087834073897902
0.185617215086478382
0.182958068181344830
0.018783289950047698
0.003220494708959798
0.004875817542016872
0.002677674015963074
0.029813444178943077
0.018137932287007445
0.011971154556162121
0.004333383432313818
0.041619610319028263
0.021233993396881850
0.071071658676716498
0.044738937390579672
0.078973301910647789
0.048495330574822200
0.105759356748284350
0.063828388994648183
0.184131326319470601
0.089333647388379900
0.393241753163067087
0.129625922075424893
0.007389208654812012
0.003316695308832425
0.071030708427650760
0.192493196044558029
0.151084229339142978
0.037675897077729795
0.003551386265388806
0.000000000000000000
0.069395132452596514
0.118410578392576710
0.011396968802836201
0.025089958970466900
0.032563954756129269
0.009409111049405484
0.118833004179473262
0.113378115483250927
0.076103370005131676
0.013493877299880153
0.068784487409149511
0.093779788161171204
0.091046028491855349
0.103221073431938773
0.004504240019713373
0.005364377983447259
0.086506016651992687
0.244513643924161583
0.109824080041570737
0.071128145654345123
0.214592716762802754
0.124151935092224108
0.147310227557326145
0.340623281071025907
0.134802990637386849
0.243742547330068948
0.204444598637300246
0.077520980659216823
0.348976435259015672
0.400000000000000022
0.249742095304819722
0.288947063800836346
0.244103385649722560
0.212859854237787222
0.352890183690049541
0.400000000000000022
0.343040086188149462
0.328649875163878225
0.308836233451191322
0.195616760004900192
0.368122487262367959
0.400000000000000022
0.374742407367672059
0.330094328910232160
0.190344692874335197
0.029914913235409707
0.335867212054598296
0.400000000000000022
0.362345322315146656
0.332516688879362254
0.213168049261641152
0.042462857623202677
0.238403805795122381
0.400000000000000022
0.356946619015425903
0.314302795069935414
0.214307424974632538
0.090698727303908697
0.083176043594843388
0.378226174452648500
0.225696153104562675
0.288559744158724985
0.257184744014651634
0.098362390904243494
0.099117207455461612
0.087672319309536506
0.061951260639043736
0.245053627466168156
0.161502672595153857
0.085938900514703598
0.103390971985387131
0.400000000000000022
0.177172199037590378
0.103544510136215226
0.372754179947016095
0.234758999401350976
0.082155474990315391
0.400000000000000022
0.280552350066421374
0.214809956196263863
0.297367434546878806
0.327585774485227410
0.130331179173745509
0.400000000000000022
0.283253449985493344
0.223495143417417275
0.167903497482409986
0.113922219097287114
0.236249755410559648
0.400000000000000022
0.319304052723392295
0.248788425435892607
0.275379419643696610
0.053640120573556695
0.167166696711214813
0.400000000000000022
0.309784861676668188
0.223490345894962805
0.216271854620194159
0.118205568005389727
0.146453226666029335
0.400000000000000022
0.328070512352114430
0.283917999790372910
0.142452814962651858
0.230097854610979091
0.122050360634766319
0.126931560085945028
0.244028151520324504
0.265819673407250212
0.308528373118545196
0.371214520246014756
0.400000000000000022
0.072329905253070134
0.103730243565793634
0.150498747138857858
0.003303246411592783
0.001538147443130788
0.012779177085763442
0.090585216213874470
0.048744848580781881
0.015339393217091914
0.001138842421449772
0.009916330410354312
0.035815734265931085
0.006797547350926817
0.092140920965594050
0.087909004744386954
0.000000000000000000
0.007316481962798473
0.052661966221632564
0.037407851429958200
0.112336841700494808
0.080585353957982109
0.014711221049878469
0.011694524982242351
0.058465547853525549
0.026089998609498743
0.115469424028785017
0.128211929617344123
0.347973330017851135
0.087923237166419005
0.022923509580694872
0.010470806635781791
0.182830968650542797
0.160297215254708830
0.387091172356792024
0.400000000000000022
0.021175550136027697
0.003934392907252730
0.072026841256884078
0.077032110468909926
0.035856118399274370
0.400000000000000022
0.365710394415582229
0.019056773064747991
0.110817268284192305
0.047722872583918316
0.013067061995695944
0.323768753799148823
0.398800764318218703
0.030482516912565108
0.069320010213986816
0.017726578023254676
0.000000000000000000
0.003677766108105624
0.001007363932935836
0.001910702063601354
0.013659579151927370
0.026844751054102133
0.004001722678708490
0.008687715651380865
0.001428574439305613
0.000319389218269615
0.024205706425508941
0.053362638635478438
0.008809140519050969
0.030169450358398384
0.023894354519225617
0.006987593060608324
0.030654648774008166
0.042654926482495761
0.012384224927314681
0.002756200985008672
0.012910542150769621
0.011233108086296090
0.027174092421662046
0.041426957383030226
0.147946632592601823
0.032192106925188542
0.016588286554035197
0.004077828125475632
0.023151606006144132
0.060729197383516884
0.220487161541817439
0.388914183381723566
0.008983237775577163
0.001743910656500731
0.052875116925027082
0.062709158710872653
0.040439632662272247
0.163815140666433906
0.026582621390327694
0.028610690734774243
0.074035107898102664
0.032266822020094454
0.049250450603017269
0.005181231061816487
0.087147395229016725
0.150769162741713841
0.137753525346059280
0.061294483535436678
0.000000000000000000
0.017092566991889990
0.025500370837335994
0.142899275996603570
0.010432995198521547
0.007926023002080349
0.000000000000000000
0.008658458650543847
0.012853113938440512
0.000000000000000000
0.024516207124630655
0.020866471604819511
0.000000000000000000
0.003447267309455803
0.015620397913752863
0.000503442415310673
0.011865442425519504
0.013619159191649858
0.000000000000000000
0.000000000000000000
0.005152547921463583
0.001440309275372455
0.015985557880612438
0.003127745302974307
0.000000000000000000
0.001905655962128799
0.013186095295318202
0.003356746527314443
0.028611764672740504
0.061200021345638476
0.000000000000000000
0.000356596468092209
0.003851394718489663
0.001626835605462796
0.040879304590182970
0.070360682096290650
0.000085487909212514
0.002978444213034104
0.024760280642765080
0.000117134479027559
0.014391348377010711
0.047578578475957797
0.000459931808160996
0.003413068242492149
0.017004312916834900
0.002560167722600548
0.092525348505645755
0.106273669396893367
0.400000000000000022
0.400000000000000022
0.400000000000000022
0.400000000000000022
0.400000000000000022
0.400000000000000022
0.005811018571954776
0.020793910596821397
0.007711077171945640
0.001758577737875953
0.028048530041529275
0.031132886096807828
0.027837267487677078
0.039694979458349447
0.020423297062903290
0.008699017442630356
0.119560288293450556
0.045007454863940713
0.018896908574892495
0.007975012710263255
0.009436510968416819
0.005025222462053964
0.091692800131541227
0.042194075113666858
0.078149496596322643
0.046395222275034759
0.015795144314811507
0.002257440480466256
0.029733795506922567
0.077877073302294167
0.020424761446149999
0.046763973728671825
0.022558014052717627
0.013416581722928134
0.030060936715617555
0.037329623157805747
0.000000000000000000
0.035708696761278885
0.125886267370667937
0.290400314389248126
0.119602866516696882
0.110412097430793332
0.002855382602359759
0.006480058674620286
0.148359813342568231
0.300934261027468231
0.400000000000000022
0.363991188870498417
0.004528969857133654
0.008587880537793691
0.007476629090013470
0.059732502414871283
0.039976696762805207
0.026073906606457944
0.005107685432350218
0.034424032255967262
0.020661804185617583
0.000428824892599510
0.009080192389619003
0.021102555936461646
0.036855268939134697
0.046478559072597014
0.010340191149032108
0.003117601864072206
0.072117379495662659
0.055986931228152702
0.052355072054490609
0.035809054178844717
0.000988055270415303
0.002415217448179952
0.042772230416615327
0.039541697759143665
0.030080202124561178
0.018211866392340643
0.016947477994639203
0.001811233029687856
0.025203493711283977
0.060715932457064269
0.000027219782930342
0.065026862316114098
0.048930635507319332
0.011383912896954555
0.043013694862089773
0.091187912099333704
0.000000000000000000
0.031044278939333064
0.254511493787907106
0.272850413749219645
0.180526132002032047
0.103684468956776882
0.013113825925938372
0.011477516764900057
0.186789523355295722
0.261852108327534916
0.395415590834067854
0.280698376188477816
0.009072540257965157
0.003425825840324368
0.006196815838236709
0.001928285122940037
0.017855383531485112
0.046902248805572588
0.022641422646089399
0.064514089048842621
0.046375672037668451
0.007207827067089063
0.016476216159664291
0.084927461439634547
0.057031298571927763
0.096393027695144448
0.041571828726826465
0.016434025346966002
0.059657931167387851
0.059732298135539430
0.226199071633235882
0.134874539371007990
0.035290280697204933
0.005317514203525190
0.041251385119767642
0.093348567597080462
0.099575519476594404
0.041243628500519477
0.045942113611128606
0.010289021221802218
0.055577202003598294
0.113707783767927756
0.003024544151323460
0.073287744932241897
0.045454184698063012
0.017544743379990176
0.052222880346495387
0.085195599936802396
0.000099676010621001
0.014559941226389938
0.153751296447650621
0.377386566510218124
0.125188598552698177
0.137884611172659266
0.027621845958249347
0.011186893835376278
0.322493396701574508
0.400000000000000022
0.360282575989489318
0.322513229909225152
0.048028342084938488
0.056774232823648477
0.091168002330480169
0.003650198108980855
0.055403611623818655
0.040060158197983371
0.031700134108548841
0.093777134714642149
0.122517696737924661
0.023406068123547150
0.111405566599995079
0.081136242250361687
0.106613415973882200
0.120285530328567730
0.151541817507027887
0.100656186373328640
0.210085057889771137
0.122671195358176069
0.400000000000000022
0.166674665039778652
0.064166362418072886
0.037864997247264651
0.114618783366959825
0.277956599963602224
0.218421178030974827
0.090820821196794382
0.118157803233832376
0.015603664900574507
0.089753931720995370
0.225321022014586536
0.011396968802836201
0.045407628381458273
0.062433092658533487
0.034195305058772135
0.171065124334193880
0.242288125175530611
0.089395662955895155
0.034851694045285368
0.094257609219812272
0.113463210277808341
0.125325476353231491
0.140199555823433353
0.089517691853006329
0.039832191784610733
0.115299452802889002
0.325666600394343142
0.154005293660959663
0.135660382058269385
0.400000000000000022
0.376678308244644378
0.331117535030486798
0.365962915614312934
0.178601815027892047
0.277672623161392518
0.400000000000000022
0.381741942205691132
0.400000000000000022
0.400000000000000022
0.296220540306560087
0.324486613439374738
0.400000000000000022
0.400000000000000022
0.400000000000000022
0.400000000000000022
0.400000000000000022
0.357429451488149086
0.400000000000000022
0.400000000000000022
0.400000000000000022
0.400000000000000022
0.400000000000000022
0.363125977172891523
0.381866443360332319
0.358555485817744213
0.400000000000000022
0.400000000000000022
0.385116938238164064
0.350483372872321230
0.400000000000000022
0.284629340698613287
0.381865793755985339
0.400000000000000022
0.388639046855501324
0.353737450093321470
0.387675626218695668
0.210154619247989366
0.160476595011792456
0.400000000000000022
0.304137897981519023
0.341402291331449170
0.400000000000000022
0.346593806816205108
0.259174069396744255
0.272583128031704203
0.210227126551888882
0.325867119570936614
0.344748781425238127
0.156520433827173178
0.221577937274088144
0.400000000000000022
0.189045918565502347
0.138011643588890509
0.400000000000000022
0.390050097114217786
0.252208137340935279
0.400000000000000022
0.302081919142186739
0.253126834791626287
0.400000000000000022
0.400000000000000022
0.326081669130840912
0.400000000000000022
0.328681802963620595
0.272679717031339752
0.400000000000000022
0.400000000000000022
0.400000000000000022
0.400000000000000022
0.348049149332530783
0.279420910063727712
0.400000000000000022
0.355222098895665472
0.329582777015551387
0.400000000000000022
0.328142249256960561
0.248799566262329075
0.400000000000000022
0.291724158224749397
0.243453333960697821
0.400000000000000022
0.344498630850018750
0.301208732856671602
0.400000000000000022
0.391392382953183238
0.330246375579393237
0.311649357761973778
0.314421439677036174
0.326499526087925984
0.400000000000000022
0.400000000000000022
0.400000000000000022
0.259719528976187441
0.252761586060701315
0.213025382613639236
0.003646977179557651
0.013111322075761236
0.020089836553118790
0.093195258071252382
0.058713946069747253
0.055572129713445342
0.004439262265982121
0.029831358431680971
0.097362780015860517
0.010459392036641065
0.129589966067298890
0.162877353967774585
0.024818161679847836
0.015398662082991990
0.086586660033523596
0.037742268005197400
0.122356354635269338
0.173091636765753620
0.054398697197856338
0.047892212656581210
0.093035071051403989
0.029659222176565261
0.135386124532222984
0.216767263907837682
0.400000000000000022
0.323907275266683725
0.054390227133320854
0.030891542132197317
0.228379642120682208
0.256045804455146797
0.400000000000000022
0.400000000000000022
0.385753930031442538
0.024066275896138002
0.105266289634751792
0.138480889814920627
0.093398907493323649
0.400000000000000022
0.400000000000000022
0.206307110660534504
0.172501521835149080
0.056162076232985636
0.046052064674267298
0.350392139801282143
0.400000000000000022
0.237974926442443724
0.217497344559698408
0.037438890401358282
0.000056172080164992
0.009340602888286581
0.001930888958878020
0.002295118097912226
0.018550060921061227
0.040309059904053521
0.004135354933730141
0.018256547046082979
0.019157028205646263
0.001740167594325143
0.031374472796108700
0.080475225527539607
0.034541579028367145
0.070743850156320648
0.028767102096438756
0.008577276434335342
0.039430674985165448
0.098320483313069168
0.020607266345945108
0.032033958567090737
0.052311255549318800
0.013935905883462107
0.060960164256342091
0.097156729212041174
0.217476349287857196
0.400000000000000022
0.092433243918874280
0.005129760212298154
0.033794216763353500
0.071980275063081911
0.261365330586749489
0.400000000000000022
0.400000000000000022
0.019247706036646356
0.066643382149456531
0.084082576694257061
0.043198332114652009
0.217144181711961759
0.400000000000000022
0.273913669179394414
0.134557566690279518
0.110249396283096102
0.065623818641214637
0.033847497208587290
0.184761430206116073
0.346634751061178858
0.387462525261041302
0.313524914231788632
0.000034370703945647
0.017647714039979851
0.025500370837335994
0.142899275996603570
0.016368170370364619
0.063348745051912292
0.000161056639782008
0.011781073945946909
0.012853113938440512
0.000000000000000000
0.031119955653424587
0.032563566594961846
0.015045607804244989
0.030987938745167077
0.021248765366781878
0.002653659959014958
0.058748602995746323
0.023501363706099100
0.003147104873522729
0.006904633514326542
0.008596496675797274
0.002147420812321396
0.022499574512583685
0.017189891561939112
0.099286946968259238
0.099327573812492131
0.020524692309450830
0.003481461836242681
0.044456280678271037
0.076858751803015352
0.033290344131144914
0.176727055570353508
0.053392897467588185
0.001626835605462796
0.051838220255858658
0.072606986254361572
0.000731831901923997
0.057202926432090656
0.133234335262143455
0.156355365358889442
0.119248103860939814
0.083186925949028226
0.000459931808160996
0.009020938610452452
0.124247510008804005
0.208177383472943650
0.380849677303427503
0.232653081259780986
0.162688788438570153
0.135873629113884870
0.136905385934083773
0.185448906102361061
0.128015849828256784
0.116825087154588392
0.176359624397653320
0.180007107294666568
0.150640253704067639
0.113662462495197486
0.186945186762330545
0.090457157509879926
0.183498374425207472
0.215954591849746746
0.141972498177090289
0.126828511282516737
0.226412555271942068
0.092072434071723011
0.249555319393098385
0.193130878990616206
0.166471422218415932
0.119412412853029018
0.201386676528037240
0.110821069030274430
0.251603815779386009
0.202374348068793120
0.162912481401077891
0.118268872847117193
0.190825058793814256
0.109424031857866658
0.205715846249817591
0.285623550122194314
0.214274955775907883
0.125514225897614407
0.192042991918420641
0.108396220530654952
0.154463300851962526
0.179972366069590661
0.303613196145867625
0.339053100294838039
0.183483363770239744
0.111535118589677726
0.208378774711129311
0.156337017620773677
0.279967033211214744
0.367244521967090787
0.368228380724529625
0.197590625894153188
0.144812990422850368
0.125724516334114356
0.138468734374041530
0.175361337584849009
0.115794913797336543
0.151647987163884862
0.150114151985026395
0.128466154447160974
0.163417982122163186
0.112302290106395919
0.110020369922347053
0.235471404582265731
0.164379487731606544
0.163699867809247418
0.131985069489597290
0.123777354305226531
0.137407353060835208
0.209839119131197543
0.235940373004530746
0.162319237038258513
0.152329288730046281
0.115916734052503981
0.128182645488165853
0.253634847696559529
0.275580402486738985
0.181320113969742708
0.112432981377249080
0.112524192858515087
0.116057246552341550
0.255437742327034867
0.245780444857689878
0.293306555645629685
0.169079597225082756
0.113373171654557958
0.123996679851537214
0.255098654092999033
0.146676236092482953
0.211522296031058044
0.276384127774152721
0.231269599844217633
0.144070874974362995
0.206661728285008117
0.138895245155243846
0.195575078798515906
0.294789459364150241
0.258764928983174214
0.304325183781492314
0.326194939673055850
0.150587806699778226
0.117725886110010017
0.125759986230409071
0.174973593930308674
0.109060761664738548
0.126788406024589823
0.162900856534289290
0.121945281855196916
0.107592765918813296
0.108530144928773456
0.095286343305465607
0.084206058472799494
0.210404325485887195
0.239623052039991652
0.145651048026014862
0.126825536140376172
0.238661509287702051
0.088013613176723515
0.260478300825858433
0.202116677300715336
0.178751129816497961
0.119915918209195282
0.199322435706837414
0.105990529289191573
0.291346109199147385
0.262287584086381975
0.184294128964176629
0.118253104268408876
0.186911864416312939
0.108259319502559223
0.205063506104380899
0.317851464826638397
0.239189424033242670
0.124597745660543824
0.195396579000548326
0.109197371850844355
0.114470485498423119
0.160012984193041413
0.316827583642864730
0.368700582115425224
0.282898272528146311
0.122540621037850059
0.166380480069328457
0.128484696149115979
0.280634248644088258
0.409160550081973606
0.432495520508416886
0.206772677458335358
0.151405760440912501
0.117494661136485226
0.119790242162683164
0.165294161841235299
0.107906460541519506
0.127154172079531308
0.140293798417596455
0.107997509957793031
0.109466594912022694
0.106953408742073097
0.080887875671069961
0.126285350816515762
0.171279093175773667
0.189631843066307954
0.163632545354598452
0.124541639569037396
0.137394793149785310
0.220955678638142888
0.243046614415473761
0.169192026863443840
0.166176411580405414
0.117512760349399628
0.130750669853684609
0.249655122923089418
0.269800943938775128
0.207401136864455715
0.168637915193655535
0.114918674229243234
0.115980958773478665
0.247704586686612965
0.227060157673774826
0.292675427734861049
0.193412354959948907
0.117337473454107749
0.120358347116197098
0.260615254499229176
0.140753261822561565
0.164545166022258854
0.241937921442153703
0.250111858220262384
0.161521071264451782
0.292141603920987869
0.154308399144420239
0.159001981089303773
0.258502248551154112
0.259694729794346657
0.339594864524969065
0.379663660848948425
