0.108102053294454326
0.089141013179153933
0.078277797771315286
0.026380313427863983
0.037634071070660691
0.018856551875717317
0.096465419610497968
0.060886767798985060
0.072199776591757414
0.009080304835828378
0.036718480448288793
0.007343453727680727
0.089858512160422024
0.085811237238310606
0.140833024487028391
0.187301078720523845
0.075525403134636612
0.000000000000000000
0.074481294093176956
0.065065441755879722
0.084935260581618668
0.098417021323508241
0.063873592788154021
0.000000000000000000
0.178558315297030062
0.107863243556590230
0.097344082527540149
0.033684489094068716
0.015791833339965675
0.000000000000000000
0.039133247702305321
0.057915895755525471
0.082011724604335617
0.069107391897967010
0.091530792097656022
0.016498896528432110
0.100754683088930319
0.052287228400939509
0.128292248461690517
0.064433010398802212
0.155846846217881724
0.022277350372180427
0.144491191479548253
0.031215494796530976
0.061471568006756551
0.061716234047562379
0.050800448205374535
0.006429020693020369
0.196809127149290164
0.157033368267035511
0.190150889416648705
0.113481560340688264
0.024614515773689942
0.002388130211489077
0.187702037983805997
0.178953072520872891
0.087987612801033344
0.041733958894362058
0.005331788661663342
0.000072340172446013
0.170498268521748514
0.136308335668037989
0.131489124591926299
0.086592620786254459
0.070540293696518763
0.000276628030314460
0.187260848125147927
0.122197526528017963
0.041471145996731788
0.185200044535402286
0.180207774089269745
0.011223315696796752
0.134335897290820350
0.031460347107431043
0.037451033010176701
0.078278152432989107
0.098199118883975117
0.018770811780957800
0.250505737578375964
0.039061229348546611
0.012143420448536439
0.149310106251911656
0.059213765777328370
0.001437862623272392
0.054294503255392076
0.038583795123458213
0.012467606694304923
0.057484775387699347
0.094788588633533510
0.003067997343546663
0.063656557925477766
0.029004076665592515
0.052172856996764598
0.014759545402750315
0.017941993526633934
0.000000000000000000
0.127623888828013260
0.145644440197310848
0.253572787964721713
0.352898730831800844
0.053163131234837575
0.062631163471711354
0.199306814599829796
0.191229888436930062
0.197075857630723827
0.110694896876765383
0.079122603177980116
0.108242324278431334
0.163182816441732076
0.200225389033464818
0.184857120195092040
0.097804212192213816
0.400000000000000022
0.189550267315298254
0.174467476522462028
0.210597471671091468
0.056863422801795412
0.157747005046213917
0.400000000000000022
0.203962122685510089
0.154070282059095620
0.162629133292002237
0.121937842794173412
0.176478680885852474
0.112637397797404601
0.028746928592490291
0.095382895230314041
0.060598268826250822
0.105118517166190209
0.038423931319302079
0.105680938496899163
0.009807779606951741
0.039312636879698548
0.092999447450025821
0.093264058368286301
0.046550136514991007
0.194505672864349055
0.040712408496582635
0.120129697340475017
0.086150259800967216
0.128832101193469578
0.054689472069295815
0.219311093019915360
0.042523561770253723
0.203545489699954840
0.096927885995378965
0.219843543606884240
0.221258158697617974
0.040091359302885828
0.096088543930730241
0.156287746919562820
0.208071757525734119
0.182160420564125208
0.054404106379676145
0.118857796100512558
0.210147155483776743
0.162135507250942612
0.196218641338006650
0.134039359299996830
0.012625082899348911
0.198116114967135215
0.231442749794593894
0.164166336030920373
0.208465982945631012
0.225449642729772914
0.062590056911683678
0.108751513241406139
0.175734676620428465
0.161407199035828675
0.045643573461285704
0.118687588922652631
0.111895806864817815
0.043673575328473997
0.070222226370890692
0.109653461451053702
0.057475467857987315
0.100971845641915442
0.017937360184068527
0.099075898058797018
0.057598121003059916
0.026756227202610124
0.069598664826859821
0.121858448350314341
0.093266465256355582
0.290199234500906733
0.170761004437041342
0.107290883960736119
0.109310284025156551
0.180956159467712402
0.085463383043439506
0.357763902176767457
0.111539307406134866
0.400000000000000022
0.082330989720178827
0.095433490880515143
0.110652932904328344
0.310115627114963932
0.400000000000000022
0.400000000000000022
0.151631315479571593
0.185560588846451963
0.068606402411022366
0.400000000000000022
0.400000000000000022
0.400000000000000022
0.226343311142958414
0.203926080900370121
0.038213396977879538
0.122793291340294985
0.297555620124740405
0.400000000000000022
0.283775534581682365
0.267547182730903943
0.136187443532851254
0.102319847030804489
0.251231390158077272
0.400000000000000022
0.106167061095139972
0.168131463665154052
0.190065972466602118
0.363688504624644693
0.400000000000000022
0.400000000000000022
0.047304447960718074
0.122149025990754362
0.078905159830731320
0.377756603200027796
0.400000000000000022
0.400000000000000022
0.074679839679435631
0.287211711567161854
0.144900870629842138
0.381865004201258573
0.400000000000000022
0.400000000000000022
0.036978450708879743
0.266437372233493563
0.151908123113475263
0.394101823592767797
0.332117313709517636
0.275666408903681159
0.077018729219542365
0.256471690635009963
0.048753482768361639
0.284347336132202311
0.389604682669012603
0.326695884982675433
0.155400759494564666
0.212646157520647472
0.096561265536308671
0.116498944964435497
0.226066633013861595
0.363047503946538563
0.165719647605820752
0.274144820120780230
0.087695693032480260
0.088763979966707915
0.277328401885286735
0.258844948347583426
0.097917510850581341
0.157821587734781832
0.063799633452198662
0.077461227953147707
0.141180588708158194
0.212003540603632745
0.171656872279517980
0.077989040326078271
0.045740701614883465
0.274112140553323280
0.292646870643758994
0.172390271633899805
0.055465413358614608
0.070995111106932296
0.177058918879035854
0.373358232980279703
0.400000000000000022
0.400000000000000022
0.118248741664309431
0.142515883199756693
0.226431819713257904
0.361355630279033058
0.198607533625988320
0.315337764546555099
0.118439853741999529
0.395931106113611486
0.249961944413563841
0.400000000000000022
0.226771054666579597
0.084327396726186402
0.060708562080982895
0.137318233818511326
0.172508483980261973
0.136356710330296366
0.125348874743143573
0.159690825066465703
0.076167786081730207
0.212454100329101059
0.153821825838738685
0.137884354547299331
0.092967216337952116
0.211586067775032194
0.116693422480242656
0.282469417192916961
0.088186124210156508
0.031503890980015409
0.060434586076121191
0.198002297097363250
0.093175777541873298
0.199920062108337626
0.141727273871800952
0.028391731993792284
0.022654207485908368
0.099879091317734509
0.209679195151316777
0.174578393918323804
0.160612321471259284
0.108939103409347121
0.092543196596890615
0.066374484782910484
0.188065827099014315
0.400000000000000022
0.201426448706208738
0.153422053311426304
0.122177365517878250
0.056572703772170829
0.067535988508206038
0.197936411331631618
0.242855372689746773
0.248408196527367564
0.071594200370226652
0.193818321063791210
0.081665334362132441
0.158277426401947002
0.201929066409183788
0.209774474504824837
0.027491822142706963
0.041602469774854822
0.214002018379907233
0.345854634779965808
0.132928699267996719
0.126265841890251335
0.068001557255161854
0.040351695006257043
0.136158498666845901
0.304843873318699055
0.211427286581659102
0.125696586720507819
0.022608439910728886
0.237508094855530399
0.099662924762245891
0.212808578033626017
0.065075406831490351
0.029050072738100258
0.029667952096207741
0.233261405141418965
0.078448740297714689
0.208814030960204539
0.160357192833704781
0.057369442838577610
0.055950308354377740
0.335540667691074102
0.183313926023200957
0.053194422049979331
0.134474832230557229
0.048401459609431680
0.019762414083983344
0.084373612999681130
0.167565180880240056
0.257327540534900534
0.133013694065941213
0.036626588172628816
0.003037506761413596
0.018348261307704696
0.044456965419234835
0.210609816588989335
0.343696061519262241
0.275546201153690773
0.008709226864056382
0.073069812871412412
0.112488582780073759
0.092899354043332730
0.141038667849493787
0.200270269092813397
0.004939346333293003
0.089527349696837649
0.112853905931750792
0.155270113168761298
0.068708634218660580
0.059548530355107522
0.026011720876040145
0.040034534028699061
0.067650537685195355
0.210491939701070108
0.076233760679639356
0.029597344906537253
0.024246883199321390
0.091094899647237368
0.159800441993375480
0.215660941307143555
0.082766460771437234
0.012762915143085302
0.018429097310661190
0.122277762723807110
0.178422515789304237
0.199703862930377063
0.275762107855903271
0.078831954037453467
0.049045001052087298
0.236237857254229272
0.349126476728068957
0.126107221732449509
0.345485760231099726
0.097146885623226500
0.020703284845002192
0.072102672993726996
0.132565282657383265
0.188774946686326273
0.056109454559970004
0.019341988081878606
0.004742945755784995
0.039040699912025946
0.027518851621270199
0.083692788411888028
0.018465936864468995
0.002208260204087602
0.001911899473601713
0.069205174255925345
0.208045048797583121
0.039965020093244687
0.045310782993179421
0.013743574135198295
0.008935645305368410
0.150820281940354434
0.214490298337269014
0.205231249039314390
0.170940777880126432
0.062544953843511192
0.005245309498153538
0.201993887096170582
0.123816114437086150
0.153876371613215962
0.209051585692067332
0.029522324479019695
0.013080048878782788
0.050565994423569349
0.057125734697676983
0.155124278437809654
0.105863772367404435
0.040510553394120755
0.033202702924400446
0.069940909389128406
0.043577652489684600
0.125903706988879038
0.260089028894107066
0.052741448560442376
0.012062483158726687
0.187980864841097606
0.166015825718721699
0.113858558646333152
0.250098040993516901
0.070435477939402788
0.000785647663071802
0.087039596549663686
0.045190195060085717
0.135521065980203997
0.086019902660927627
0.014285997920925164
0.000000000000000000
0.094696310648103826
0.009193544817434372
0.039301317236328279
0.044665794314389363
0.001286559440015736
0.001071639374079001
0.096073585232650485
0.059768980882621302
0.047297718765132571
0.030215632238579371
0.010322019328532918
0.006340183580960764
0.213451144852280866
0.146200417181557768
0.114202983866282443
0.068127910268841935
0.096522614330759163
0.008932333368014288
0.351770199383281357
0.208307076471773323
0.110537857826710370
0.077820708079945289
0.025921931333305507
0.012136091679694049
0.253491820480096663
0.137740828407810628
0.121874073267528651
0.119616727666191774
0.025500104142895347
0.034614958513176329
0.210531987943851584
0.199421565278379398
0.186395875081264456
0.215853222546009471
0.112555522511442518
0.091419005664359898
0.018179274534671917
0.072690591722610137
0.211621215973779753
0.233920462309689464
0.096351380617562626
0.011306259161524970
0.033529506357162675
0.100786785596944151
0.091947668386788611
0.113592761212118920
0.011269392040625950
0.000000000000000000
0.068951652769468963
0.073370031201239000
0.083909747632721673
0.048387398670570743
0.009233069424015854
0.001985883231461715
0.138057922156899576
0.087851876840767229
0.021720890566638708
0.001973366162979037
0.000891742981047400
0.009921079643109950
0.214012181015648673
0.225232530595179531
0.085262581542754706
0.114375944814379210
0.133018779447757890
0.036114775389004226
0.264697865605404370
0.307888922214472616
0.060809327357134853
0.082260499816467783
0.048312897239739333
0.006073248697620114
0.096692815522552558
0.120011835595144861
0.098464483565478614
0.105675117350546743
0.300786149717508000
0.120617380157229476
0.011366285221908919
0.100459057552370876
0.250391421745997933
0.270675601692128287
0.400000000000000022
0.111838324883618667
0.059529565896540661
0.239047885615929934
0.297616577818192174
0.304542414213479162
0.400000000000000022
0.035291909650880221
0.094054263049106385
0.208061710591021493
0.128492497603715894
0.085405790585970351
0.026830545756272035
0.000000000000000000
0.076447835574387585
0.195765710263181902
0.160919367538903069
0.034044868416563942
0.005152979016626302
0.002719065634956171
0.127524046612523284
0.082102300142615561
0.060548691587244019
0.007819574700604657
0.006217253444892061
0.003834390518055453
0.026346570399025375
0.051771156506853426
0.040620732327956516
0.373256553122335966
0.289898010639763504
0.022639308720094883
0.126002512436220349
0.114725331535238589
0.007130011673670045
0.264742537172576842
0.035952437384571365
0.000583854942539862
0.035092918639613488
0.165495165621137114
0.133184589440577122
0.195570475223746765
0.172912221302442298
0.039629132355550697
0.071400796878327094
0.155493839597441369
0.262086721360791031
0.092095435259714739
0.184061205608473388
0.036455891219194209
0.115305780002257469
0.130354038078422940
0.229202496314804605
0.083870641678387411
0.062948473782476352
0.009376125946018377
0.197884290662707824
0.183455546380387441
0.109531310982198538
0.148117694954175455
0.022386606236576727
0.006291287674921913
0.273975325679104209
0.306351283974141908
0.093776093004266550
0.114077944616358201
0.067152728444133183
0.031071660551997490
0.041421846934828366
0.106699346667628092
0.152591816872715474
0.186024820131089369
0.019693006269897298
0.054742954057178342
0.010644638810187686
0.310294719840382538
0.224243443369789131
0.400000000000000022
0.259152704232738729
0.243177133382894400
0.023373096484288456
0.101193172284804567
0.103138902190715614
0.400000000000000022
0.136458671924655661
0.287230145841319007
0.052561427833616316
0.109016106540502755
0.032197231609345796
0.132042202612012494
0.036648859380672930
0.250119747241558388
0.093682440176285520
0.181168775276260435
0.058387258076481791
0.093132145717917530
0.020460321823932391
0.356341745165565660
0.098438784539558510
0.161051004435119188
0.116242165176024759
0.096211286170112098
0.027947785544426566
0.367935987052320390
0.115214430635262363
0.160319265893613783
0.159249303929367286
0.332766944072470150
0.077609900617637714
0.400000000000000022
0.159185006546185115
0.345872773852204052
0.125946512963445112
0.178307274596743975
0.059387157024594156
0.253356100285084818
0.076472903122119532
0.231195961143377676
0.142243969250754443
0.208416232149243819
0.032220599196212230
0.397337605469409993
0.074114057812802059
0.245522998736479453
0.091950032167616977
0.122082391460113543
0.045947336346560515
0.289514230490022506
0.173953810737769499
0.081991006519692405
0.148185223492387247
0.168456795510174590
0.065402880201873168
0.337034034639314806
0.293396858865923371
0.158226557839038245
0.121412946374507974
0.164173837157769509
0.028561319559461389
0.292648997891777674
0.149065142285119689
0.192103487141160018
0.112796927327229138
0.015783851477139999
0.005146020572935553
0.161862672106823896
0.051776365620127766
0.222401947415044349
0.091300945949277956
0.054417360861041965
0.007584207375661017
0.249805975753883719
0.167031600247971979
0.102917812166672451
0.180346819249156298
0.212165841126861210
0.029592808635061058
0.286944151504993528
0.082335597375276126
0.220099901033852685
0.152182163634024648
0.209393373471846556
0.032721282553716965
0.400000000000000022
0.190444010224021631
0.367012255317552827
0.248385227924005941
0.277595773829544645
0.031929322448491074
0.368065760294918887
0.052493103865913049
0.087919322576759815
0.245207101424804452
0.105981983187581424
0.076190370959475007
0.062567781743099044
0.073264667302985920
0.060955286512655804
0.278110129752059343
0.338578178319219047
0.049156815852753041
0.086656634032034913
0.156442517016582960
0.117171159021288093
0.109654218837939049
0.117107282023388201
0.010708044480071012
0.074424196742623447
0.054493174963140337
0.081743539688303932
0.091088517282937251
0.076023501377348798
0.023583336169614201
0.008760917483643388
0.042018514417344568
0.154126018803101950
0.178470555006980891
0.135665258820394319
0.065824532692424442
0.008500399201351927
0.166012784372306654
0.184365835844531395
0.182608310902116738
0.076997595202664110
0.041155847632595707
0.001725984456491783
0.191302978141446478
0.229823327345097028
0.127774862749721052
0.273639441619662083
0.080665363493332351
0.025190053283446107
0.118656070203003852
0.380469100080526090
0.240260533086817551
0.228883826174389293
0.026029672667362422
0.065844981485736920
0.048722651734684493
0.080727525799184449
0.136292763766982961
0.147668278547764292
0.069314653577792082
0.059734169903379847
0.046358913774581970
0.077707142147183800
0.245688091882043630
0.278841685636607772
0.037657723034391397
0.026499080529273904
0.072682362471285816
0.102159098754753208
0.388745971397737033
0.357167101228159534
0.008431344301045654
0.024998120273457106
0.078927817060865615
0.116391756326635662
0.066227886111068029
0.078316961217553507
0.029351998805428575
0.009586099603866388
0.039477736151821409
0.243133420765069580
0.230586311713718822
0.079167011335076060
0.038351906248590251
0.007264420551148571
0.066616009371223112
0.141749921339990037
0.203861348312994073
0.138877032763072533
0.058566847738896442
0.011453823238658300
0.184480160329629800
0.211710573970730981
0.084358583040008553
0.162510320523454516
0.184347420648128785
0.020833819198111510
0.069303586083347968
0.400000000000000022
0.138947851717168058
0.095444165659052227
0.017946308954188070
0.009042056237686931
0.106211504832637499
0.158021414023018336
0.233969192074565069
0.147259897585599014
0.053862388529387455
0.056392295271798690
0.052108299756776666
0.137187655552431925
0.260319885380218219
0.038460321720568243
0.024776014870099273
0.011039087508893576
0.097991213912219821
0.093246644420035704
0.203660331043933440
0.363275164051625188
0.079958079179166822
0.006213654074589998
0.080447572899816605
0.087953559790956704
0.032696243038714039
0.295022188989452705
0.101452293820388673
0.003713397335814974
0.224023171809453581
0.140820782356494256
0.052006238151928071
0.122472161633138663
0.034712495891415299
0.009627298037019914
0.061156830637134965
0.027530495371195989
0.141281485303481669
0.266706161901235972
0.057191105052127669
0.004325583834305314
0.033326694314837209
0.042494198122523752
0.078749884663917580
0.110863045346274752
0.086630394068148153
0.005203344147786355
0.042206417733337928
0.066913538496795932
0.049719524653350965
0.087864840236727138
0.044644032360934602
0.000000000000000000
0.258922335234808731
0.303631311516422975
0.283509046810629661
0.197321091307990415
0.100179024914171882
0.024101861373870860
0.298459306706668648
0.184702882236071231
0.226076148204973348
0.218131890527895694
0.066240804927308494
0.020423502606463514
0.140424506583991360
0.142936971935987589
0.295957302924838017
0.293164851087928280
0.116035956528757339
0.033202702924400446
0.144422203482305334
0.108643094245564314
0.210838967570497693
0.330255739338864873
0.116615041348596404
0.012062483158726687
0.366539180138127751
0.273879069275311915
0.211202641173873329
0.283782530087585583
0.086227311279368474
0.000785647663071802
0.126172844251969007
0.103106090815611173
0.217532790584539615
0.155127294558894624
0.105816790018581186
0.016498896528432110
0.195450993737034173
0.061480773218373877
0.167593565698018782
0.109098804713191597
0.157133405657897490
0.023348989746259430
0.240564776712198752
0.090984475679152271
0.108769286771889129
0.091931866286141750
0.061122467533907446
0.012769204273981132
0.394227980459616822
0.303233785448593252
0.304353873282931064
0.181609470609530227
0.121137130104449098
0.011320463579503363
0.400000000000000022
0.380960697552833683
0.198525470627743700
0.119554666974307361
0.031253719994968850
0.012208431852140062
0.394270483551524720
0.274049164075848561
0.253363197859454936
0.206209348452446234
0.096040397839414121
0.034891586543490789
0.384418418533418960
0.321619091806397306
0.227867021077996224
0.345714388324121213
0.292763296600712208
0.102642321361156655
0.152515171825492263
0.104150938830041201
0.249072248983956496
0.304879950815537759
0.194550499501537744
0.030077070942482770
0.284035243935538639
0.139848014945490762
0.104091088835325044
0.262902867464030576
0.070483157817954334
0.001437862623272392
0.123246156024861053
0.111953826324697220
0.096377354327026599
0.105872174058270069
0.104021658057549371
0.005053880575008379
0.201714480082377356
0.116855953506359758
0.073893747563403306
0.016732911565729355
0.018833736507681335
0.009921079643109950
0.341636069843661960
0.370876970792490379
0.338835369507476392
0.400000000000000022
0.186181910682595458
0.098745938860715587
0.400000000000000022
0.400000000000000022
0.257885184987858673
0.192955396693233139
0.127435500417719449
0.114315572976051466
0.259875631964284648
0.320237224628609707
0.283321603760570639
0.203479329542760545
0.400000000000000022
0.310167647472527674
0.185833761744370940
0.311056529223462275
0.307254844547793338
0.355658470355835865
0.400000000000000022
0.315800447569128839
0.213599847955636302
0.389981630185595285
0.380129729493434709
0.371139926664090791
0.400000000000000022
0.064038838243370519
0.189437158279420453
0.268659979417272321
0.233611014769906117
0.123829721905272416
0.132511484253171219
0.009807779606951741
0.115760472454086147
0.288765157713207654
0.254183425907189398
0.080595004931554942
0.199658651880975369
0.043431474131538819
0.247653743952998329
0.168252559943582763
0.189380792780713597
0.062509046769900475
0.225528346464807433
0.046357952288309176
0.229892060098980194
0.148699042502232426
0.260464275934840783
0.400000000000000022
0.329989369942649324
0.118727852650825125
0.282290259355783169
0.322797089060972708
0.189290432237795236
0.319146643552253029
0.154810233485083937
0.210731010426316590
0.197228425890556114
0.360605859757869851
0.267223948740573924
0.208195558123095675
0.357413794537294938
0.271071882150144605
0.235567132909247468
0.363959822543072353
0.396746220548873652
0.154685492171398431
0.292812718849879527
0.212190567839622701
0.276712979038086115
0.175997611539708665
0.343482520896438048
0.195766448543205213
0.106622049110950370
0.079598352316909080
0.307537752113761553
0.240931014238374736
0.210503156624114007
0.166055055138244007
0.121462504295373752
0.063889408677981832
0.300731552881714326
0.359895535751346807
0.215634541354580878
0.207344409872713742
0.340707867342530002
0.201832664989038846
0.148712730895564471
0.216009630692784615
0.333547976340427876
0.271488203174528875
0.366187452494230903
0.166282261463313208
0.400000000000000022
0.385981187927050939
0.319676934250304245
0.400000000000000022
0.400000000000000022
0.400000000000000022
0.400000000000000022
0.252824487764376160
0.288699491037167577
0.400000000000000022
0.400000000000000022
0.400000000000000022
0.400000000000000022
0.335359417683461225
0.236123312509715910
0.170255599589892059
0.159442150720967901
0.400000000000000022
0.400000000000000022
0.400000000000000022
0.324038845809586418
0.229319589250768785
0.122780168854736860
0.400000000000000022
0.400000000000000022
0.267218065530259175
0.284373628841178783
0.286277258636714216
0.375044864741182205
0.400000000000000022
0.400000000000000022
0.207623713854331871
0.281398329920121593
0.376925200990149145
0.397877552317562166
0.400000000000000022
0.400000000000000022
0.380318743883594323
0.395244964549064104
0.323208145226586141
0.395758090815852115
0.400000000000000022
0.400000000000000022
0.268174411852257433
0.397492772722079502
0.347864564667883180
0.400000000000000022
0.400000000000000022
0.349780466716483218
0.322541727956021873
0.348421722802626899
0.170835874228475154
0.330294672478762874
0.400000000000000022
0.400000000000000022
0.237391766014257044
0.360831381013034747
0.265018061046483289
0.181901825166308651
0.400000000000000022
0.400000000000000022
0.323946205444858970
0.374803856296817117
0.251869530190249713
0.117325299526169297
0.400000000000000022
0.389108819961901720
0.290020997991741414
0.270618515062010956
0.079583484929338671
0.082607248526083255
0.303043260814982118
0.263779906223760519
0.384481843732843553
0.169289986275356241
0.100158062475925430
0.281696347928984347
0.400000000000000022
0.339421871881871839
0.158383225525287080
0.251341930356088594
0.365370027969298294
0.384955895654573887
0.400000000000000022
0.400000000000000022
0.338171181110860530
0.294698046833781313
0.383597622037711417
0.374239683991518080
0.400000000000000022
0.400000000000000022
0.400000000000000022
0.400000000000000022
0.400000000000000022
0.400000000000000022
0.400000000000000022
0.136820500592099437
0.148627884657742709
0.376601018674596277
0.278490467167843425
0.212547081289771372
0.187916656486242617
0.232955492369451650
0.137123072594386025
0.400000000000000022
0.400000000000000022
0.187041170400052387
0.179623850369987043
0.364373750411223774
0.233864581501530777
0.373286254320428501
0.205293406233544723
0.042211935460086419
0.134858782818744610
0.252495472060503601
0.174919317230177201
0.291008579391274891
0.217750775249149764
0.051975068163406482
0.031415124969551754
0.141897605735079091
0.362640937983814415
0.347093124328326119
0.294431791851261060
0.174763636101771563
0.101043595798242555
0.232387269155217124
0.360014861567961308
0.400000000000000022
0.278424043908872820
0.194577900944021998
0.123903349974370025
0.247875681913617307
0.297359315853302997
0.325711274081352642
0.400000000000000022
0.328231882690686594
0.096784253653672769
0.312474391266794993
0.400000000000000022
0.395073023310649640
0.376790605144454616
0.235804147172187284
0.093336803628443876
0.090325121509539308
0.294729544179091640
0.400000000000000022
0.280596977815761039
0.195580495468043403
0.127735727158541701
0.086710608780838999
0.213865640814029701
0.400000000000000022
0.400000000000000022
0.163354309754899202
0.049107520440002786
0.310190457326816216
0.201822023516999099
0.400000000000000022
0.377050049074326821
0.037481417039145912
0.054666072369664850
0.312189222202284622
0.194840496624350351
0.275041917071272568
0.238674154051258303
0.086721441644006192
0.065536407958244128
0.373516901848744531
0.399836326028171540
0.283780733763698167
0.213641843565633233
0.086753365858021930
0.027026834635131912
0.150989622370904242
0.309315102220230120
0.394062761498643499
0.271890726829013718
0.095193435911525265
0.014491330000071894
0.202828421637334499
0.256167539389965837
0.294968399628997902
0.400000000000000022
0.381083798154813747
0.029543046062167892
0.142373398954760394
0.400000000000000022
0.231847205760500802
0.236482833508546042
0.218216578047001453
0.013981402570979934
0.195738854529475176
0.270875319954769100
0.379700666807963438
0.215968531804259567
0.113410918884494977
0.082404016147838849
0.092142833785475706
0.204838193237627281
0.400000000000000022
0.114694082400207592
0.054373359776636529
0.035285970708214966
0.189086113559457175
0.253047086413411226
0.385305362813876839
0.382718632327511576
0.092720994322252129
0.024642751385251186
0.202725335623623715
0.266376075580260940
0.232400105969091081
0.400000000000000022
0.180284247857842139
0.052758398387902278
0.400000000000000022
0.400000000000000022
0.178113459884377573
0.372361647271489460
0.131859381514641799
0.030330582882022106
0.133259503630861975
0.160095778028579244
0.330056431989807941
0.320092856291923966
0.076533093134006289
0.009068529590090310
0.072367394226863169
0.070013049743793937
0.162442673075805621
0.129328982210743737
0.088838654272235751
0.007115243621388068
0.111411591989263301
0.274958587294379053
0.089684544746595651
0.133175623229906559
0.058387606496132907
0.008935645305368410
0.271996839410054647
0.282847026904183563
0.322216521944156675
0.342654869392067574
0.234011625837815485
0.208473553225714814
0.336320555600684912
0.270663597229698460
0.326029173283122420
0.286292922478859013
0.158607131003144386
0.210912544301528865
0.347794042392670311
0.287479927702206706
0.340343262856359630
0.203225742816522975
0.179326254874970031
0.255886576038244107
0.295183373237827007
0.315103232957611834
0.283000102445021329
0.236386994765457020
0.237222025859870539
0.223651670327383340
0.316952032788010707
0.379772502855658889
0.291219626681262111
0.308980150411350296
0.233960537002567082
0.194622363496928741
0.270354101539450442
0.278944433733037400
0.318122970702892971
0.272964834482106122
0.176158841473138705
0.202089389365301964
0.270302657727430451
0.292095712269164476
0.258416364641450957
0.237452896918742995
0.263359453060137305
0.193843528836842222
0.284586615438073121
0.331727161228701939
0.279434257916176709
0.200492538093490991
0.227130125081410950
0.190081331188637570
0.293259023774610716
0.315658833957512763
0.391038758119173213
0.315477182624383456
0.248693460290792839
0.233927811565400517
0.373330740590684218
0.314970816861266267
0.394513801755576210
0.319877468338815474
0.167409821310571250
0.206723252315818673
0.390990401953293321
0.322433071241259028
0.434028898046657285
0.329819780719515787
0.181565382078609561
0.184868535987479987
0.336149723585010218
0.304555231815590854
0.387367196185765872
0.429960532803755069
0.246084069648429965
0.174216452167288427
0.327665322081315102
0.335417660739390167
0.353167570533011732
0.416270719330641359
0.292720535138324855
0.202765260916762446
0.253601190350240369
0.205816921257186980
0.363912204284239704
0.354523692755150277
0.241850467260889546
0.210070690927513293
0.267408240979895073
0.216863265774710740
0.265949165621290506
0.338941721795696205
0.346987899195206451
0.209636465438092806
0.292926448137312945
0.281578495991271216
0.293963420150780974
0.288421121645630718
0.259727253570318894
0.214337697205018080
0.273990115232450482
0.287860689208376153
0.354438800581629243
0.365327120683815787
0.266512832080982365
0.234464910511901825
0.320507429337750782
0.266797446081131207
0.320436530125742525
0.342348491070433414
0.186835651402054270
0.217700625546742577
0.319751406418318340
0.251232655386172898
0.322719582400563143
0.283874212226166600
0.221167811776082329
0.249775103409481836
0.287019785779569880
0.262603212631715044
0.245880834417458977
0.222548576244999158
0.234816674941805137
0.233651685623540245
0.304335769138015799
0.330807408109716372
0.224748230054292758
0.183614315615794471
0.195618903847134817
0.206433256393134257
0.270617605790792803
0.233308762822402316
0.265614241781665761
0.206248901897038900
0.156326177695516905
0.199154069737792261
0.280179151778390978
0.308796262296163415
0.241768565066399765
0.242706964593534441
0.230328234327692061
0.183438944545637667
0.275776818207437102
0.337243521412674996
0.293924268310487513
0.211744175765864739
0.214843730837506158
0.181417731642201374
0.303437200118254646
0.318457037132047704
0.397970194883840167
0.342311422579390345
0.268340905802508245
0.253323097200651937
0.346356715030343598
0.297747413697727559
0.388878577797148683
0.315198981071231010
0.195600123766804412
0.247136951428558765
0.354641022564771147
0.292359059360514872
0.385247519271321892
0.317623042064574146
0.234910992551954412
0.243385871054290770
0.322663475893605556
0.294531729722621927
0.322827123135883520
0.373880654560217740
0.237197251441751383
0.171284832158114353
0.346813710994655466
0.319733713670663500
0.307632721584466973
0.334254965533917592
0.204824220055963152
0.170825910139139253
0.279491117534032385
0.206059888136857355
0.312087861081223161
0.289110119314026637
0.205782446396576418
0.202341722799198181
0.266226843396375701
0.229031294492993337
0.282621306734030298
0.318845718125433109
0.352579510927702455
0.195168161385162742
0.272017244046549589
0.272880306678579210
0.301117995304973907
0.303902847919239438
0.266366654536783432
0.204171225638330345
