0.005437670351873021
0.159010306978041416
0.051680382861579374
0.031264321275932122
0.023842973400429908
0.060575282315776247
0.008498655077894157
0.022083236415116326
0.037469693806875218
0.055000593835885667
0.001434568862023002
0.047541293039674588
0.017917055386459733
0.001158521304375315
0.019261031102934409
0.077511965431504126
0.030201994281599101
0.140074685201844296
0.041168717188355478
0.234576407071541509
0.078121178332468080
0.059907850026952640
0.056515772287694221
0.104081377333194877
0.123991801881228866
0.064386320358942262
0.013370435956799881
0.005948309283965342
0.000889196346602352
0.000000000000000000
0.094833471643494982
0.032167529492653966
0.004077148082554450
0.024527109612587208
0.010861995926929911
0.000672119776291828
0.010577471901074605
0.025482317763688388
0.016186714611096196
0.013184015720133974
0.008245119338940496
0.013103612079617388
0.001567676013041551
0.048639025988560486
0.178938617998106758
0.033408116268829793
0.024272876383750940
0.002413419953968151
0.015181403941047136
0.087397448605521108
0.119556288309212611
0.127341900974761751
0.005459844873184842
0.054955839308291538
0.011218915814261233
0.029914549052858876
0.043281395108913510
0.047837846770181616
0.004331425352223857
0.024254060393351519
0.008480699777214530
0.001246578931055875
0.026661417480625813
0.055858150492429336
0.079468057113429524
0.038557574465555466
0.065604731375209543
0.315335927602379607
0.140537412386579796
0.077554327667201189
0.080436964412831463
0.027369073529509687
0.111428560463286142
0.071021603780316897
0.018809603282581574
0.054033270519985382
0.052787670966080974
0.067584251311860730
0.019288381031312345
0.024898639812313203
0.007101659367328206
0.062098527707961829
0.010146492822338898
0.010115391528838580
0.000000000000000000
0.031363450662647528
0.024955716350431392
0.046981492213283224
0.022315640496269586
0.011267327241825310
0.000884690755619328
0.024387467025641277
0.041054440477586503
0.056566675830134618
0.038414654250071595
0.001860220706012924
0.048426218532674231
0.204182939295736221
0.114668709231055668
0.032907096812223743
0.034064969655427935
0.052491895482792386
0.018027498156179017
0.050940538284988755
0.012082099810568360
0.039699453479329898
0.011949702395279567
0.045191553742917223
0.008384903052182244
0.121202319457728955
0.032755602139447157
0.082270174312556579
0.045751246496762113
0.081399033512034633
0.050003824632635210
0.122801225809523129
0.048807323250933413
0.073084822255933074
0.064338829772447675
0.140489120383062743
0.225449729313296182
0.203186525164262888
0.005727401411985029
0.019229888505153975
0.006477871973208184
0.036324677992986096
0.031235836258692119
0.048774494865475991
0.013940974166198248
0.053987719594891535
0.013921959302490251
0.004062881521241354
0.004710033738616118
0.059400920263379731
0.043553372589243827
0.052278829177115571
0.002750478877963540
0.001922424940178346
0.008948227031095879
0.106598797674870252
0.114875834182870479
0.052872393906977760
0.023377218469551958
0.027526433536827891
0.162959332017180270
0.267174061594555812
0.080900658061939884
0.076231519506214943
0.087330145477397925
0.161372924611536600
0.059852872198032016
0.119419739844040446
0.032829212364211609
0.072443795107449610
0.070854821801996343
0.055393392079931901
0.019266207451391317
0.096684632579461416
0.042643226010570648
0.127529370414632109
0.167765908578284856
0.207699763058530606
0.064114777716201735
0.145061330944201011
0.143512375431548128
0.274058612861589834
0.091617218832601641
0.233369424838085593
0.140956589268838473
0.140751263081481226
0.038745426664150664
0.092827708781743817
0.082775264916599089
0.178595465702365480
0.029513973914466710
0.036095652470263341
0.030319461063176456
0.077468402346901014
0.019521891673866500
0.048008139641467176
0.005253883806551970
0.058010813161098324
0.032988458931691403
0.071471866912512935
0.035319434410240838
0.050081562900996537
0.010463547481050750
0.072212237390608516
0.067696750496051936
0.085937588801793252
0.058159546971479438
0.069553758066884186
0.389940866825973620
0.062837965329205256
0.173192992283426078
0.072779519286522543
0.308457135497833879
0.221651678344977954
0.155849475940833149
0.028949282376444271
0.059491317814375749
0.074626913450966809
0.400000000000000022
0.330542719270589036
0.047411147042047568
0.030983045857303271
0.034157600857979038
0.060936047208817096
0.351928859523257864
0.251056936181383805
0.182970289942933101
0.252843145772330191
0.083897970105072495
0.213532451288513114
0.287959875179768621
0.361043793133171531
0.328190724415962976
0.400000000000000022
0.123810966507900688
0.256289379773568915
0.354842034870328171
0.400000000000000022
0.051667081223523856
0.199040867035254060
0.370034162418899470
0.100350385650776017
0.374562323577217415
0.355142039152527955
0.025454006632165568
0.123927924050477839
0.219372355573259903
0.197225260370596261
0.400000000000000022
0.356101239937641145
0.013180364248760460
0.071377574554549600
0.214495615063000966
0.152873043275680187
0.400000000000000022
0.400000000000000022
0.317462543105902162
0.005151132969200561
0.107311425137630811
0.074401373276409929
0.319957074293242771
0.301082966815611475
0.374385280077561444
0.037461758387671233
0.045086306612192303
0.058087471103146660
0.319584558513095640
0.290329466435741201
0.381283112018941328
0.194740191561728976
0.083248665144561126
0.125679811009072245
0.221252797795285366
0.282252894108791785
0.174387839764188868
0.226671140898374174
0.078343351630626043
0.152778289680283674
0.272820573166830282
0.325495024643632114
0.291754027753448830
0.295702371157283317
0.152459719221432866
0.125285770459912377
0.230857234726086852
0.400000000000000022
0.206967250774949485
0.282317525639009304
0.342252620797604712
0.135890618021899334
0.238582445426072626
0.383925770107262532
0.013498015181276265
0.124578032544068906
0.361615113619348783
0.050016819725912820
0.254553813972627330
0.279070728842620408
0.005917892344844622
0.062852295329211688
0.302102076570934630
0.072650119225809717
0.206996770985905520
0.238148688230228667
0.149779392621606777
0.004159944382997080
0.104327754102625889
0.068742688090333917
0.138209011149414362
0.103799434445222133
0.380112405794769681
0.054163988860609399
0.001620148828999902
0.096184507171628783
0.121434269897856564
0.148993199588288161
0.400000000000000022
0.220291562353355591
0.024617104029419766
0.112388877144714072
0.105193681685682716
0.121768181120128646
0.122664896291121345
0.113292934656670674
0.055367960143337704
0.126920158954569429
0.089526265239575659
0.202041352197386975
0.131328196940431519
0.068330013987106267
0.051803434607178178
0.108499143888036276
0.050567926707855419
0.247240476175757562
0.048991600355578799
0.046188780562410228
0.052892139281686859
0.047448634997233195
0.011445938569093327
0.281478306219943630
0.008874942848996535
0.062965222093371992
0.181026971764118666
0.029444358033860141
0.023307976401688579
0.103269323049811290
0.012224778362615821
0.041468246830101835
0.087288648621084125
0.064036739064785381
0.029011329405498072
0.022820446000681976
0.039092042932905538
0.014864385793166398
0.030783009396557322
0.040263642123801138
0.032495776278943213
0.055222828234154864
0.137602841712285429
0.057334568985948804
0.023432599869454770
0.016339574138609512
0.024378397664743843
0.034711642513006624
0.153125599751246760
0.125246877635453446
0.020863214403258099
0.066105042914803902
0.056737373523720561
0.102466150518482790
0.076783665807329982
0.141676284543020281
0.030045476781978955
0.063781468984313361
0.056024036823969996
0.100958331751264035
0.035318404820412028
0.028347396046974248
0.052383061526656040
0.059870990327694835
0.022333563061973569
0.094145886171654605
0.007629709157754323
0.015283166836102894
0.023001572449820998
0.050109730446863010
0.007115311041007496
0.120751904033441701
0.003983785261869213
0.031605691233309530
0.097337374160542056
0.050520436957527580
0.010443319092811622
0.070618522899067920
0.001860668947990854
0.014620946610951892
0.096133327583720035
0.068056029749136923
0.036461908017400485
0.008482709812409176
0.009222552799768517
0.013091508993265681
0.036371536632388894
0.079551808278609415
0.026618839672122925
0.049519873130839255
0.042103585442069866
0.074631336225311470
0.030181730338957956
0.109596066630385153
0.041177884685981270
0.002387430111738916
0.198839751396135467
0.206175073498872125
0.123800610092378111
0.069630269462531952
0.031988332841988126
0.066802571449275761
0.122552323598846213
0.143349520015718573
0.139123308983304494
0.042580461081085645
0.063372573621880590
0.087582715377386544
0.045478333691503864
0.023386087666109431
0.010701784993068741
0.033826899051812409
0.033377917467399099
0.006067753559378710
0.031933302886809595
0.090293363728126505
0.004229672617665193
0.035278431731337254
0.050622691061770801
0.017350824166111715
0.000994338132039874
0.039277942867126811
0.053231732248937388
0.056526402582356326
0.015061161029689876
0.026835206261914595
0.001011991021316628
0.032953429156982891
0.104033359340496484
0.023676912327818267
0.020408327218165694
0.013479471413460623
0.000937307177036527
0.006764803950888052
0.003600317902352972
0.037840553476773738
0.010336817397990389
0.002813672915118083
0.024909148375959162
0.046513932879990200
0.019408077479627556
0.022711324628131170
0.006618583522036694
0.041441882251193704
0.092355451401470334
0.199022021736493415
0.051193473218017350
0.081758216473658815
0.000703706379349098
0.014636877794119178
0.120573783753290378
0.360479991078985318
0.044316395012347333
0.031744290006227215
0.038856056277208201
0.005769151381173997
0.023399270898785716
0.064984976961377811
0.025756059431521514
0.024429349111924313
0.059510630173633818
0.019051310769530344
0.046752792584676697
0.090873663486393350
0.005246616240588998
0.013299482397227121
0.012521139401580186
0.018459401124448258
0.002563441798866612
0.012646947743861957
0.010309349510779388
0.046559272508903717
0.022054366652855081
0.020960458129997625
0.000938778887576586
0.024799618161241890
0.020263031195615552
0.087101896890908484
0.072194209053714070
0.004630398748892383
0.006214455962671161
0.037249622775683319
0.012748232318813299
0.030720921103945246
0.047676686759332322
0.081781506163933065
0.006639960842886430
0.040581985405822356
0.056031324861469736
0.153723004408146152
0.022667930847021789
0.033481360922192005
0.062364231596542724
0.075530847639779422
0.153080272791404959
0.061986951513557279
0.033535819974155091
0.090822137461677277
0.041241204976269930
0.062009335061730834
0.063120809793044616
0.042236801118516985
0.084254549275638579
0.057544552831688044
0.056373708239851536
0.138500981341271923
0.086380826974464933
0.044015799893640996
0.133183245981333825
0.051790383755929925
0.041818531148734392
0.167114869681506878
0.053461647855638249
0.066111289552689953
0.039734142169088590
0.029555173328237816
0.000326709129219787
0.039402795077829830
0.032328968800647014
0.038260711385833056
0.018354460716075695
0.022569802916841422
0.010813991699164601
0.034663873608581641
0.022974526441513914
0.063822696332959394
0.035256617734043566
0.003447493129738944
0.018136024871464776
0.035830351732454219
0.001678755987794299
0.112881468764279791
0.064555222287257547
0.104251783876274970
0.005188895833273555
0.037184789316430822
0.045249914684768126
0.114786938377912637
0.067253553172926445
0.124374499749802039
0.020256811803354070
0.231342689778211319
0.159914878767726365
0.020772602187061843
0.030042799591724914
0.121240547477828337
0.013301038750245672
0.081387988947245221
0.112685125434908592
0.064190054774839883
0.061196912816553636
0.002376993714409934
0.010639924086203460
0.220689875239614530
0.116350636362700016
0.116919094738444460
0.105523434446966213
0.005839884630503878
0.011944874914984509
0.151772715942087161
0.044073130634564250
0.057095043161189594
0.078311638541872300
0.019309926388904851
0.048858272380459977
0.046807193637291113
0.134423169840553441
0.049854430870173112
0.043010212252089716
0.010827461982328441
0.115792433559109148
0.109546611490145898
0.094447418840639549
0.127975488400185577
0.135373312653817607
0.011342960394807571
0.094837023220860170
0.144492072781459646
0.080992426607182796
0.243961625540817489
0.214232557299759707
0.363027226401634984
0.041597689483028603
0.088050480028344952
0.225723463982467898
0.298948901097725039
0.160687705657956592
0.160706886015230088
0.163899993261463983
0.269154521936349866
0.306118354803089632
0.178818824551758737
0.101113966671678560
0.074295180976938019
0.091153658374556121
0.146173664175042850
0.207371795076887189
0.091959427005209787
0.086803583979968749
0.121950631723876393
0.049412693817984972
0.400000000000000022
0.199371443480008792
0.112503159129351438
0.255352456825169494
0.092218258542934861
0.090844301136244449
0.400000000000000022
0.145265296771264291
0.127314576952186814
0.187343570315545993
0.041364861130632119
0.185279546317459493
0.378228049442998648
0.133328730665087880
0.140857350666803355
0.155731312211318695
0.040273628038726389
0.134803385660799413
0.181506790889900488
0.127512396535142264
0.170398700157214367
0.091701392713800789
0.028884838286129016
0.193979416133303689
0.266145276523527374
0.194852573393630601
0.386434823459817278
0.400000000000000022
0.388004589005484846
0.088603347216073311
0.317082290593767691
0.400000000000000022
0.326571110794599551
0.322261164156833646
0.395287300086711535
0.167647415415581424
0.344464840655203275
0.400000000000000022
0.230472932771906613
0.266773385747712588
0.390984416005293212
0.117677736312234590
0.234913638083247223
0.267611653415408768
0.148287211684491715
0.321165919501716912
0.305563541912481029
0.103424946353353447
0.282879808541920685
0.373995343854704343
0.241456593075509290
0.400000000000000022
0.369012200834979653
0.148901763523776931
0.328071053764116161
0.356323138159217345
0.282984267876081663
0.394202464273634035
0.271158410621939794
0.400000000000000022
0.400000000000000022
0.366831073941972341
0.300464972022067955
0.355204116221810584
0.313597146908670132
0.400000000000000022
0.400000000000000022
0.176927264570233334
0.252604398439262690
0.262350290722046464
0.370848062503444431
0.379009310863015092
0.400000000000000022
0.318175639131469512
0.291523867679452153
0.196446607808742485
0.159353627544424892
0.371821555979760576
0.396738543045669578
0.347283359549936499
0.168193435724854595
0.155693597029009478
0.202114190336227795
0.222507725933641709
0.259158237691141435
0.304355827974794380
0.258280914516481164
0.217848938067919079
0.230112230990056121
0.076907599346536418
0.165772567953886757
0.293589230048593941
0.165340251963840196
0.347833178791320419
0.295421248801965519
0.267291959407477853
0.225126670299273135
0.374904963393908497
0.246553763615814547
0.259152426585836371
0.270410353722019881
0.325913418288376000
0.182904355406809355
0.375445785907699281
0.282136094824216366
0.356276701846452770
0.143385986147657907
0.170419208466082495
0.226471235283251332
0.263007211316141076
0.282110844025088348
0.400000000000000022
0.113581472780801912
0.400000000000000022
0.344516524064707008
0.110195252279668601
0.165560663595700236
0.400000000000000022
0.200236113917676983
0.091274842960069991
0.334956381404673487
0.276520920413311722
0.228585575608762220
0.118319915641749124
0.195148570656249354
0.226834539482365427
0.321948074248864347
0.303400583021020853
0.209725608951002673
0.244679441755954213
0.226745259589976017
0.200297207747220207
0.173723348233080221
0.234933240361825668
0.283993343150088617
0.256823504844136685
0.242355903575157461
0.152470015168153422
0.133950580010446241
0.287118928842788002
0.221292912436155204
0.315023228358241481
0.188933039020815596
0.400000000000000022
0.059889029542104892
0.187768475619101038
0.127323632791923547
0.166657618353139997
0.100835162142594276
0.400000000000000022
0.134290801604717069
0.153342293230639498
0.131994973039868374
0.164729601925865166
0.089758174272771690
0.038517385546428626
0.065494689885349525
0.120314168975390809
0.232015377149465962
0.214494364685878236
0.058705708726983288
0.134807462770891895
0.105196321710642193
0.102845169400978764
0.142505635550270709
0.209962645776110679
0.067406444725259460
0.030601292701010009
0.178659405224021517
0.255412800013146424
0.083730151832457231
0.137398178130060222
0.109288657880657225
0.027840856155910237
0.071611653291672614
0.115995425973949809
0.058814259286979934
0.168325447625440799
0.169501394174171427
0.089199325772358562
0.083064495213256401
0.025909843601055822
0.080188254643075094
0.175536816822639108
0.183516041648118799
0.066653434568636871
0.254076112504875773
0.336974408760575217
0.216064886063473960
0.287257385328960557
0.169187803241820811
0.191551826351888999
0.079661421256842807
0.152334846051228989
0.070915382065329630
0.032659351420819119
0.041393288295716722
0.282879902698762786
0.110932373129478887
0.049334665445555759
0.029028853804785863
0.014476169866939136
0.037542719119164472
0.032957048002998743
0.041604766431549041
0.034356287230868934
0.038426104283039636
0.096045602704747518
0.035984115421370061
0.007981579640725826
0.038408301841174303
0.069768241983214005
0.050815288681290441
0.085441388834391035
0.029236593759159137
0.010089669961696411
0.067341777705550526
0.047130101050837307
0.054055373313354901
0.086462527994852587
0.137932199338328371
0.015179878622377983
0.026221312953635612
0.089841922223636808
0.043387619792232018
0.018592145101656004
0.090647229534595156
0.059893230697277901
0.061978390734531805
0.061039546928453967
0.032299244593553517
0.021405224826790643
0.035324937017184310
0.032675563936795389
0.167133143122882799
0.103287674646660346
0.059959212064073134
0.046787968749559927
0.110274021326292521
0.217340461998792339
0.055368230969698978
0.021622246054741483
0.073382366943125582
0.003851016827584615
0.000909440788769975
0.204268997652828854
0.101206861494782863
0.003022340812308917
0.008111518711744160
0.000962448097966849
0.033002731309012351
0.035098392126011985
0.072375005500237871
0.009368867034551011
0.043732219515409974
0.033535181588818561
0.010428830585105891
0.007694668914664431
0.091674306399483999
0.074839253973145461
0.094588424947878252
0.115508614865537929
0.008366776860972402
0.006374977528909549
0.165775110928929464
0.055280700763932336
0.069104874752705853
0.034179790798420290
0.063388955230894328
0.033407803453853323
0.068597169295106522
0.056877771286502780
0.077711918464016830
0.008053152384059696
0.088983175290868299
0.110272506787930061
0.200180543040868741
0.070454504320951752
0.159270181905162983
0.030905700660948200
0.154711562995963475
0.161742500941645828
0.400000000000000022
0.122437573344815392
0.091652140033179855
0.095371828564902422
0.109850528714368872
0.147391072780014565
0.129371297320320072
0.039126495388321400
0.030377658395889653
0.060399826520236177
0.019051310769530344
0.141586264228171665
0.123041192979047323
0.009323764323143448
0.037826592009814322
0.023383135328510097
0.019131520900740082
0.013140913699941217
0.038129265507550344
0.026496064121875586
0.059743288229037697
0.030299485991795581
0.034064070209615015
0.002506454900618137
0.073438644149802376
0.199201649193722324
0.120510013159738277
0.096467085437465003
0.007043818702860534
0.021395859903718291
0.124647071381204427
0.132304520628025946
0.158062822078707005
0.053136531632517171
0.136737345472224603
0.017858876657147662
0.070496534458681218
0.099312719970383254
0.201560851178327782
0.026999356199245650
0.057735421315543524
0.070844931373757247
0.076777426570835292
0.179741690272030796
0.117845102005986607
0.113003877087584623
0.129379711927232743
0.106845936351479473
0.366022451703485241
0.203658222179624399
0.119791128785718154
0.164691513688470043
0.084913626361197730
0.167802268703137664
0.209522585121588778
0.105190430257046524
0.098049070413626385
0.185970916947414799
0.119374635067790669
0.061106912180046741
0.192013509493820067
0.060563307222966462
0.128209817260651754
0.049880634991427503
0.039670564857076394
0.000326709129219787
0.070766245740477365
0.057284685151078388
0.085242203599116287
0.040670101212345287
0.033837130158666726
0.011698682454783928
0.059051340634222925
0.064028966919100413
0.120389372163094005
0.073671271984115175
0.005307713835751867
0.066562243404138993
0.240013291028190467
0.116347465218849949
0.145788565576503548
0.098620191942685481
0.156743679359067356
0.023216393989452574
0.088125327601419570
0.057332014495336481
0.154486391857242528
0.079203255568205996
0.169566053492719249
0.028641714855536314
0.340239171523252004
0.192670480907173536
0.103042776499618433
0.075794046088487027
0.202639580989862983
0.063304863382880883
0.204189214756768350
0.161492448685842005
0.137274877030772929
0.125535742589001298
0.142866114097472713
0.236089653399499610
0.395681288135783626
0.122078037774685053
0.136148983243598420
0.112001306420174376
0.042164562623489978
0.043180711173676632
0.200547210807563159
0.058014104800762481
0.111082762756081144
0.092233597844362553
0.023372807910146204
0.053568306119076106
0.106208113900670864
0.177976542429797269
0.102133260047288704
0.045760691130053252
0.012749886922506788
0.124740660590205027
0.216145409165016178
0.209323253023510014
0.180847882307163393
0.158750531123369565
0.038869393931635465
0.257796355238040453
0.347727584920437038
0.161893084669122667
0.320193145047032390
0.301562702777157576
0.400000000000000022
0.101450561681060619
0.207470219872385397
0.258552676346679555
0.338877913561109523
0.231542527459952963
0.216100278095161968
0.183166200712855304
0.345527460596466884
0.326030185505171544
0.304343905596961617
0.268879875249963374
0.281994944035468598
0.155268436090757855
0.291234995119243889
0.320604958718532840
0.348592739108842975
0.178420802812570389
0.344159165394605449
0.190369283086823465
0.400000000000000022
0.238116870144159498
0.205330867911095227
0.338127721741768583
0.270813724245300314
0.120358275050711144
0.400000000000000022
0.175584757834440774
0.204782979299087842
0.206865461989412525
0.089373000772099281
0.190533430124011471
0.397408254395405669
0.166317189596779269
0.212329217579316276
0.191050746621559575
0.090355190939722912
0.145266933141850185
0.253719028280508963
0.195209147031194241
0.256336288959007619
0.149860939685280248
0.098438596353013205
0.400000000000000022
0.316370766740753928
0.316633913797156774
0.399709523439295111
0.400000000000000022
0.400000000000000022
0.244452823156906446
0.327502199861918697
0.400000000000000022
0.354476963929229283
0.400000000000000022
0.400000000000000022
0.215058562457628971
0.356789612155194114
0.400000000000000022
0.291408979980723737
0.400000000000000022
0.400000000000000022
0.300648026255167677
0.400000000000000022
0.320819937737360839
0.345741278529961338
0.400000000000000022
0.400000000000000022
0.398670683824078331
0.400000000000000022
0.400000000000000022
0.388651662028070666
0.400000000000000022
0.400000000000000022
0.200568844747300773
0.400000000000000022
0.400000000000000022
0.340508403460000775
0.400000000000000022
0.400000000000000022
0.400000000000000022
0.400000000000000022
0.400000000000000022
0.382447344640166886
0.400000000000000022
0.400000000000000022
0.400000000000000022
0.400000000000000022
0.341545592347893612
0.386019660945353449
0.400000000000000022
0.400000000000000022
0.400000000000000022
0.400000000000000022
0.352182709657989146
0.352491878882664256
0.400000000000000022
0.384168503226763325
0.400000000000000022
0.400000000000000022
0.363154681969356907
0.226280906828001283
0.400000000000000022
0.397698830258090608
0.400000000000000022
0.380556632505120396
0.340066649705233204
0.346827088716262277
0.395762675029493805
0.400000000000000022
0.251295439110725216
0.376666617853943064
0.328800207619116214
0.316060278497209080
0.400000000000000022
0.400000000000000022
0.400000000000000022
0.400000000000000022
0.400000000000000022
0.346980627224128590
0.400000000000000022
0.400000000000000022
0.400000000000000022
0.400000000000000022
0.400000000000000022
0.353224514103379017
0.400000000000000022
0.400000000000000022
0.183917223647358796
0.341989708796502867
0.400000000000000022
0.331072472875689749
0.400000000000000022
0.376636162201966496
0.400000000000000022
0.375527042986587234
0.350585294986210161
0.238210782821509925
0.400000000000000022
0.400000000000000022
0.241054235581676740
0.336449189497899370
0.323889893881599999
0.297328263699096151
0.256528926791163459
0.298948005101471459
0.400000000000000022
0.341443681849414871
0.304465216251727788
0.305910116122631470
0.366113711653810736
0.353779488380763230
0.400000000000000022
0.356735517964657300
0.259550344391245469
0.351577084726861444
0.362017186529819457
0.347751878781794310
0.275134911459274767
0.247243514667116859
0.317718667809830491
0.336499931101825467
0.380232768523893205
0.368659140646775241
0.400000000000000022
0.128219043529211180
0.239571910226279217
0.235822776679959822
0.217225545060995423
0.348075638318351865
0.400000000000000022
0.180479582167127311
0.206234432512326343
0.179443608037101576
0.176175540494958482
0.355051774970854550
0.047392328395425162
0.128459911978721530
0.289470347645320425
0.261459735183326103
0.237802341087566815
0.161975031776794565
0.147032241133507741
0.146664568540744028
0.190133818022062834
0.206542374615056090
0.238973975181608761
0.090226890725941422
0.069693335633915540
0.193523791017187946
0.276263051308325902
0.123993793956258341
0.169893954409003456
0.164511486114812089
0.165443697868195655
0.128946222277621425
0.139428025843404607
0.075153833425589442
0.192703845290184639
0.204213036687178023
0.242324925523605322
0.208311372848709847
0.046773058004313917
0.146293297557879010
0.232274190346359655
0.285982192166601590
0.143437100375966853
0.378887210331509738
0.347301558833257418
0.279846355047787321
0.343281422152930504
0.270146134993084819
0.226870231172301012
0.108008817303817034
0.204717907577885022
0.130786372393024458
0.054992914482792685
0.135539174467371321
0.290509611856517080
0.126215539965581769
0.072336237895376743
0.079138584251648880
0.021591480907946627
0.158294623152606173
0.036940833264867953
0.073210457664858564
0.131693661391410977
0.088946541240567223
0.106488921797559144
0.106602638320437981
0.009842248588716681
0.053029248452126192
0.165901569566934054
0.118871318430427364
0.121903296851791534
0.037719303571568309
0.019312222761464926
0.080433286698816192
0.083501637683226201
0.133607181591964330
0.113081367666975505
0.187452072469167619
0.057283464064447849
0.100852649178947082
0.120023652562594757
0.152983686422617171
0.059770029787637270
0.093034659646334075
0.258732982093413388
0.268153464233403915
0.184840157020832063
0.101929514056085468
0.053393557668778763
0.102127508466460085
0.155227887535641595
0.310482663138601400
0.242410983629964827
0.102539673145158772
0.110160542371440517
0.197856736703679037
0.262818795690296203
0.078754318635808424
0.032324031047810224
0.107209265994937991
0.037228934294983709
0.006977194348148686
0.236202300539638449
0.191500225222909354
0.007252013429974110
0.043389950443081422
0.051585139159737656
0.050353555475124066
0.036092730258051854
0.111652948367364682
0.062600599283488392
0.100258622097766301
0.048596342618508426
0.037264036847020482
0.008706659935981059
0.124627735556466876
0.178872613313641932
0.118265337275696547
0.135916942083703640
0.021846248274433024
0.250976267679235643
0.313248482611625467
0.286995028449364198
0.279782675165730299
0.263659333717688293
0.335103729338397383
0.266988232717387197
0.264307462632285328
0.259283211415864911
0.285781836583278159
0.247853171656294641
0.296040213093192672
0.315071199434372451
0.363839596883404393
0.305422140517858764
0.269218947248956786
0.225564967672504640
0.305463355643152468
0.188497090364704245
0.394772388740777636
0.365099753367017332
0.269178928530604378
0.256112454338967677
0.318734149245992693
0.300748355021084990
0.343032701676461826
0.266255337629163202
0.259227991665865576
0.252041616526778145
0.300662236224531476
0.256014341838468884
0.318713400967486016
0.275886460440029790
0.244736145445248771
0.248061793340128039
0.266299570195308644
0.125298443228716472
0.249722740205823635
0.340351216775332144
0.249560082975986697
0.250099048010188729
0.194213617418669465
0.159235574571747723
0.250470958397934707
0.320314460450914440
0.223944414656865293
0.272435525717644567
0.181391882826656470
0.189257614741092900
0.199017190328147242
0.144464038588875576
0.185777574172779236
0.250738110019639138
0.238918295077691162
0.224319155580014917
0.175515385403612278
0.181925637115173039
0.164219889318414192
0.248897202347653446
0.235627555088229607
0.283736321266611136
0.279817572487858102
0.184943103128979575
0.182047730724947426
0.242596600172755444
0.253569562709172580
0.222299569031302380
0.353064433235177499
0.192840075280377304
0.193920088902159532
0.300805148194141392
0.263893485962735264
0.309506363893071790
0.309461118611353725
0.184226958445766337
0.152244244075948748
0.282165555412023594
0.265870450437489858
0.241310180451117268
0.280468319982100311
0.215406529734925745
0.139633338779272809
0.246923654065956233
0.225561785000828241
0.109125402443477681
0.207865533464866331
0.224256208658315248
0.196619788457039590
0.252723638386132710
0.165176811707820365
0.143320644284755910
0.193105763057619589
0.184389903532585886
0.203359288059490412
0.261602861201893633
0.175214587103766639
0.273467327554729189
0.345094109081502454
0.350535795138476769
0.278284608158879621
0.297704308502056147
0.377073394432650866
0.256358932753032065
0.255406374846273543
0.276824223578184592
0.292535713564404276
0.267773968551534958
0.354061355556001989
0.275039468093025874
0.397761370263206293
0.302018241266866161
0.314939937586170060
0.282327805337748539
0.391298183843014513
0.188111904926363899
0.456149644180627256
0.402185622121610742
0.321413114730322358
0.333960220056309653
0.411783290415383862
0.319419373694009134
0.352594119915363435
0.303977784714640209
0.257683619711403133
0.246054039992998769
0.295211849728688080
0.237223887707408959
0.292605980355890583
0.272536301107616064
0.228634107972218253
0.207124125757681160
0.222321655769858961
0.118004693540968306
0.216752816479301919
0.264328456027522141
0.238148633527669573
0.246553791046347365
0.204769135307636352
0.153976116906141519
0.226212478709277104
0.282772424748399309
0.226487843587548615
0.260700063697149542
0.187809501935995854
0.211459646419342034
0.221820662557956155
0.165474129887681398
0.233470216315277784
0.249427071058019978
0.275616807071835224
0.193374132349248523
0.163111010294783032
0.172162730773411904
0.184554769960660892
0.254607195801532626
0.256777016048954587
0.216562431690425827
0.229083748335817045
0.199703228122430965
0.179648524442170304
0.283796363137738594
0.310836459696575917
0.161414900526398342
0.352342961735458593
0.224895132256522051
0.217341790983914790
0.359176404095845947
0.344106368708258226
0.368246216075709010
0.325303067837826532
0.191308171991224657
0.185638715169282653
0.280765371450300227
0.260856283288028290
0.243788168189512239
0.259477972122660716
0.194698651664984956
0.134276498130169675
0.233779196477084561
0.183855088704680980
0.113016020057571109
0.192866618938229373
0.177284217898251828
0.135874857245511710
0.245478603249544819
0.161418643181890253
0.141623417779085659
0.181286904453244163
0.158336034994257413
0.178441966212039838
0.263503215834973881
0.166778057017526488
