0.003676167545426452
0.042545700330061706
0.122278191096943850
0.024538286455947671
0.011263514741647501
0.011942704913836571
0.008838093391227732
0.045236885592820207
0.053411277306758383
0.008718251679712283
0.111024913848235970
0.025522602532668717
0.022020313448296164
0.262506097236067104
0.144526253473835964
0.008254483545639468
0.034137808381303356
0.024868545503821348
0.021085046835348925
0.136011935691042002
0.088079598301650769
0.035142036690762199
0.043850936033189951
0.056819310665364373
0.101949336873452853
0.172476946776651374
0.041116605441609749
0.128485901886399551
0.084761771499404642
0.037641618618184165
0.251700713048212010
0.234342785104758589
0.088542768937613092
0.011922030166075005
0.087057429343867523
0.016717648646124940
0.053157534106040058
0.059315401809714896
0.050066214312836775
0.278846630086324543
0.041383705725068373
0.007296334439131196
0.013492456492442167
0.022878532662088561
0.067684458799493807
0.149244877852437952
0.037657845285477387
0.022716848139395736
0.024110525110992015
0.053922199560148376
0.137064073678815679
0.031362388459026759
0.010722970012216258
0.002521139520122604
0.026065705457248615
0.043576310322494108
0.043947735407058409
0.072521390456492793
0.060692270153027895
0.004529328780647429
0.014275348395123299
0.120389896626607512
0.122440939125360318
0.163989964447793346
0.076896221764670508
0.010641544292238621
0.012998078142565667
0.071548936923507500
0.112578212086366855
0.125730043806941805
0.084287173094854534
0.054752196688837157
0.044133537362747062
0.158618370487622784
0.099601970197975037
0.103069497876981414
0.060608397199733335
0.069088842049584834
0.147611840764684976
0.273705089736764884
0.091572190973530240
0.120480978071891537
0.265966601564600558
0.037973648795515742
0.126438207607577652
0.203419540993592163
0.036018132711843717
0.181014015452650390
0.199107951867935479
0.050519236653195937
0.041091596675766277
0.181670470957914748
0.295968795891068059
0.065223023207973879
0.006195284596497321
0.032356734725521398
0.066900561553230764
0.141032425961880814
0.229332116635703243
0.041193029190597703
0.006340050711465181
0.003272140539946639
0.056850578283017442
0.160964747139148406
0.065935417571563418
0.188743975711163969
0.400000000000000022
0.024427484445714368
0.051709188554158424
0.222769732904193940
0.204801682238976490
0.373819286149132735
0.245231085890634082
0.010209042804547401
0.074046290032916226
0.102475568961880648
0.112290190146549979
0.149769972023037518
0.065142770251791576
0.030922091996987977
0.067944833411823294
0.053272172394209102
0.052586117375443234
0.092756378833649317
0.045753776614511507
0.041547327747999976
0.064701386156380852
0.043735593301218567
0.184928327964110018
0.212866525519122635
0.259191381034418800
0.025888323549274863
0.115556204692197378
0.146208542351226378
0.089378530421389379
0.400000000000000022
0.400000000000000022
0.048434156132598036
0.096179587131892980
0.244372931868693466
0.366841217151082088
0.198798500480299234
0.119005811220117663
0.077116569762758616
0.255519641583819068
0.395998513377164629
0.368476505471471316
0.157788319242633091
0.041491535921743615
0.036931281638215144
0.367219767709335621
0.400000000000000022
0.158713521526705342
0.018864783309874414
0.042419415637326464
0.024465865319751277
0.133578683606321330
0.092508648154747727
0.124301553343153487
0.231016065998110809
0.089389498848619908
0.009401888760855895
0.082355887724241170
0.109207249870948792
0.121396753818411099
0.349747145102514034
0.239768419626054274
0.048292999253542079
0.171360060541716319
0.180463612615926694
0.129401961334196958
0.382186251073372396
0.267552848186832670
0.034345118535766959
0.080633857213709095
0.255870289876802381
0.288781221435681357
0.148524003354388590
0.137504970456109071
0.046837725004439522
0.207912304458663127
0.139411237982958541
0.091115683966256078
0.060625019598596029
0.107765279630193445
0.046578164739309022
0.090365203008347009
0.065781412054916888
0.039105718753712486
0.123378257029246513
0.126412091993117981
0.050180469003095030
0.259334314123195908
0.400000000000000022
0.350473656103273135
0.343200679531192487
0.343753964880868457
0.151831376035413412
0.355990896119579014
0.371786249211691955
0.341158376538016894
0.328796220086854163
0.272260254997198359
0.175941137090050825
0.380554943358908826
0.306287904516400034
0.128071529056118932
0.197598922221117523
0.341687437409618766
0.147035591872175908
0.304900701017634446
0.288096121182954412
0.135683493854989928
0.158214889289317984
0.385499571210656311
0.178175171140948330
0.315190381218964699
0.211108883537263869
0.177600094709981615
0.150329961332669571
0.400000000000000022
0.310818479045669782
0.189921940902761571
0.112167560220497328
0.229202111928913904
0.151352972144210007
0.211142065532077261
0.189741343405868512
0.363343809109432425
0.241556601760078010
0.258814592682248601
0.108946301839268969
0.244417306152053093
0.188368330659331923
0.242735412265384476
0.118594650468443349
0.112602871605354871
0.144082901538610753
0.400000000000000022
0.217405615534798924
0.174990151417471679
0.111271709436675248
0.198133963505201183
0.329387094091988131
0.281337297879733994
0.149445192235555135
0.058858455860012128
0.100902333695722574
0.399594415695864402
0.280301629919062156
0.231594535157433612
0.146127076420934227
0.400000000000000022
0.269627856011133482
0.298264125942941993
0.246764480848688683
0.357383419670935454
0.197839534485022395
0.374430870248369851
0.259724115749546181
0.163804669101973305
0.174802819329331782
0.242726003070651841
0.155638409915077019
0.085553929842113546
0.175122146163625481
0.274814561573811678
0.093955753433453637
0.167396990793962031
0.150199280656142464
0.218384024342959226
0.099698878389676449
0.162966629151684139
0.109439940318256379
0.219965279057006802
0.152512393042087552
0.208834504294059892
0.201287714739031731
0.208108133745842028
0.063080578888891015
0.152162449928382404
0.124755487225856374
0.228298774819723660
0.081755435175755176
0.046157341977802108
0.054882874268392889
0.253474859222361626
0.149064272513159624
0.156189085071251121
0.035617548283412952
0.116796396361741772
0.055736878092783743
0.033788487123419066
0.025140202913223230
0.108123590676044157
0.072422874998492981
0.150823799804694902
0.063373109239202793
0.073031773945422235
0.067195992042102040
0.164852167449829723
0.096273934754509030
0.091442241529815685
0.020980894234244905
0.076771470933369043
0.072355444768087390
0.137243341205394692
0.392106800845867187
0.224901397321983998
0.095273760927816142
0.170749365414064741
0.077578033849589820
0.194064744881593254
0.205500664400788319
0.232833361761971946
0.082284196130223530
0.154049802925043416
0.016077843780632258
0.344329457513270598
0.118344371802758322
0.158493364198611764
0.056472403269077820
0.113642895904728078
0.080873765504846346
0.176060617317046447
0.235573880204209163
0.199283793189570124
0.050024523485937424
0.040669168499767691
0.100510311510560543
0.206007746985794049
0.123902824446222609
0.089046462770137752
0.056735642358221108
0.131128087549657102
0.034195345817368966
0.112734468408159733
0.099433619428911157
0.126620395691589366
0.019844195710538606
0.004799752364963156
0.003529689980645725
0.130809136773418072
0.130153028089584705
0.099470934787505585
0.052375289139754415
0.030909208472074370
0.050354524088215828
0.064921735011013407
0.136091469883852845
0.180717355475159464
0.029598181718092857
0.042291548816012291
0.098204677556567060
0.094233642722837949
0.271830014076251514
0.171106338474660169
0.094971147128902797
0.078293575245859656
0.111672462135843115
0.289331989701825831
0.278218591351200195
0.379290659884907566
0.054085456373372115
0.036463818938573325
0.039492980042671794
0.398894855517699876
0.192935472468552499
0.115947579188776712
0.061611755804766480
0.125782429445717825
0.039070383146727360
0.286875351626441455
0.327220920141317817
0.155626137455139590
0.123828673696557312
0.068386964790940599
0.050707920040254449
0.137123887787638427
0.254938316760815575
0.154327727453335728
0.167213519330945692
0.070549666392896851
0.033899129579829240
0.086625738583569839
0.121525883350713571
0.111730682732812461
0.011720305179542456
0.000108594756079712
0.005928930552421899
0.066572586572578474
0.175820995493770116
0.117653837592612054
0.025612876311466221
0.016995257042631849
0.007097693245314870
0.054974746296187309
0.086497529911829185
0.101907922467323150
0.028785722980457767
0.050128967189025354
0.010530305976538073
0.079799202853735429
0.157755457203289817
0.121349425542272724
0.001812737367143647
0.037704082380464188
0.105277842676383168
0.058902698521866345
0.118819509142693264
0.156319664326231539
0.029042942195000636
0.014727247829985262
0.053110121626276333
0.147886702703179551
0.131651867013434398
0.068149553069567548
0.069265861406876433
0.083361159308888128
0.037321096832730584
0.084488240115500587
0.127773204598185836
0.215583903047938563
0.086212936790223793
0.035840873026020632
0.027049363078358733
0.119769172590641820
0.170071869656079899
0.184707517908213770
0.074052662262282992
0.002360945400346225
0.016554415452736844
0.008755369449906196
0.009166494534569207
0.042527403731462909
0.009151571610629485
0.022985175997315841
0.016054365498812798
0.026408556788047047
0.056893665177475662
0.007581869664964043
0.007230115208940993
0.005112715155215722
0.001155112676142200
0.033737276385997973
0.130128020781133780
0.090393560873575696
0.018772178477413595
0.000075428652633490
0.036465711965739667
0.039525890940006678
0.161541083081797904
0.129516550959793697
0.066933931719261305
0.024439363504210384
0.011707046680514664
0.037565536002777858
0.121076000652735938
0.074307064701396211
0.029950736145554012
0.021563162106768868
0.024100615205555065
0.105664532250911977
0.141211721133374324
0.082889331530088775
0.052217504733708446
0.005665183215956241
0.046777773129362349
0.072189426186336475
0.183414221087189910
0.276434683061718867
0.136765481523708488
0.037570660350296353
0.050639929583587845
0.105183475419939623
0.350671193855588981
0.338524518947896924
0.217851667721726205
0.019875886739248654
0.016081148023896156
0.053539267125379354
0.019964612211327122
0.058432986577681527
0.018082247727323884
0.029808087386370342
0.008871505515468836
0.071128430411204813
0.104576122367567192
0.061374381354479396
0.026732609881320875
0.024787633129431812
0.034543192934859704
0.031912774943463049
0.183550054254098621
0.090887166719012577
0.161893746924630544
0.138209273478543865
0.050211131033692707
0.053335289730326620
0.130522802038888386
0.039355370886809106
0.168593406883371238
0.141785677382229386
0.031115641399348436
0.038450953679043748
0.114540711399690284
0.063511659342307569
0.038424460024932751
0.088127000496155974
0.056240756766279959
0.069434723921430269
0.280887122711261539
0.116378323590576302
0.006383375540823152
0.000951157144357335
0.086632654189446420
0.039512116110510490
0.291798403428055186
0.293961697451472603
0.273253422463685891
0.153237108262861965
0.061036663222710327
0.041640058926966012
0.149842457522544797
0.374360726270479838
0.351638034076561468
0.103355710765161674
0.053834687359092914
0.018615304957614723
0.064521249345223464
0.129123485987025666
0.017164958620920615
0.011828393187294131
0.057721138047766490
0.129408102139693504
0.172272260505961061
0.150710454745277722
0.121898819171851386
0.335044909051779416
0.074695120274808111
0.113535590066873776
0.082141664405913209
0.113525529541510836
0.400000000000000022
0.400000000000000022
0.036426318852140920
0.078981629957228155
0.089612270802898686
0.339420642804803996
0.400000000000000022
0.233581709379746705
0.026100882217597647
0.069168440451279845
0.215819600730671024
0.275066877870552784
0.136810659031660509
0.152956621228091588
0.042186546735024207
0.100293508565763911
0.131578099534411130
0.046436131091671967
0.149376799434968482
0.132808208433784630
0.036728182336169729
0.096162102248763093
0.325744294648218580
0.083266258652901021
0.400000000000000022
0.400000000000000022
0.021296116998407805
0.117650647591622859
0.234804666215588875
0.089026444747043271
0.216264757941838137
0.149079095379023668
0.030017756945105084
0.096450188055191954
0.140063668440858241
0.079111039790749377
0.058517288631126686
0.051832561532388272
0.079788795436823615
0.098720625251038363
0.179260433950348103
0.096250058155104415
0.092894460181411745
0.368314057921323545
0.117721628609046239
0.135227313861014997
0.189020279559337340
0.093969947540738230
0.268849173170389144
0.283856912273911632
0.060383559330419979
0.073843417686935503
0.113912759134169761
0.234914293825288112
0.400000000000000022
0.118997637857430200
0.141045219957684931
0.081492524193984658
0.047615901066942558
0.125469104420512623
0.158740442835851592
0.043039726176014759
0.126168725181078439
0.043278886123044938
0.140897689926639258
0.066482296791013029
0.207416307445351611
0.175645600203731767
0.076079977585854608
0.111338074454461367
0.148868111483381749
0.059392438960186186
0.118866841170434348
0.197673014643598655
0.130853483642218771
0.098902105691952763
0.165558186294983395
0.104839998117652336
0.093217122546459433
0.074734107625306356
0.086774895990217538
0.400000000000000022
0.378696396213227537
0.261727477978061840
0.098485676933116106
0.294141071267169818
0.271929686745109644
0.345427897613020674
0.329624171485818407
0.179806889968425199
0.151534263052791135
0.275519651564304746
0.366502624518432851
0.367964818992146281
0.193354801567490908
0.092547071157707661
0.113193820328339412
0.243148232872821279
0.352581447278913163
0.249656482609523583
0.097893617781192294
0.077535124116138582
0.088330541275551969
0.236738827141539321
0.287461079089873728
0.067092906253985937
0.310009563979815939
0.295871944438185930
0.211417993670827475
0.178959869615137629
0.252647284034013153
0.077053649336365743
0.185360779250784702
0.100959441420843427
0.204794656625864602
0.356400150454112774
0.176114069197322698
0.058127007613144613
0.080483015042427858
0.060006985187299168
0.099332372189028836
0.188746350087727333
0.139099722496133810
0.113748031593767382
0.075171528143558972
0.047039920605983943
0.189225538917197678
0.275181544970078684
0.120583402373964033
0.269317094164932436
0.182701519621040892
0.188628499924318765
0.099547955179586145
0.210359044079224788
0.389350847139068756
0.224981100830753400
0.184795190834303596
0.136516800148549833
0.098477964602200277
0.086247084340295974
0.350383655748955247
0.183305933560370449
0.102823184800218986
0.132454022339203809
0.055650826792532360
0.078440047455332271
0.202836237893861265
0.186013336062299611
0.147831422116607991
0.153443675669840573
0.057162009723516462
0.105796079475267230
0.177183760258149497
0.106233446606573356
0.140573266507391048
0.115546495269280208
0.226449153547453153
0.164429947401021459
0.150865676633265666
0.042555095047479834
0.086967328665137913
0.105549595060607279
0.153848398772924222
0.082488215342684704
0.127708301759066195
0.037688054099094599
0.085487170429277684
0.026817325894223989
0.021726624264108877
0.042171463132130160
0.147043787753603022
0.138681822981403746
0.167429900115649233
0.050693813812938637
0.056351879209942363
0.082847759764106910
0.193899936704736819
0.049099024083468085
0.208270641779313925
0.225824632864821156
0.063286159510155177
0.060656566276467511
0.051787538216220230
0.028372504743132677
0.165611468197150669
0.197170643685789598
0.099161308052950148
0.038889689499058862
0.093167832816867260
0.088433636282699554
0.182586911148669623
0.123459381078193514
0.035249188018250333
0.080394684830300461
0.203586465872344191
0.193027569410340216
0.247286228668788938
0.194982456203282167
0.047042496660721904
0.027445424081545426
0.141174787178261735
0.220808325719412446
0.162460796900908838
0.168436999958172351
0.094709811226967533
0.075782701105842967
0.113949657624863532
0.187174450629934763
0.138182741108785534
0.080626139437851504
0.061330498508404274
0.049383037928166562
0.034885376742755499
0.143944224048316971
0.137231361796041951
0.114603977310754168
0.052868144280143331
0.042717896762236446
0.126083980845156679
0.130653104335494236
0.088867761911322812
0.080535786830589942
0.079862710481866259
0.062381786306828842
0.044923729917137070
0.032035472899761802
0.126324810285242284
0.122056558472293880
0.032511800267376427
0.010771246539218118
0.016256510625110888
0.036510641451033693
0.136379573635338813
0.095008871952405635
0.040164345138423874
0.064332688032553639
0.030527706386097496
0.026864870397634522
0.071490295199448328
0.104329136842116338
0.044732295577942893
0.063253703021399599
0.042572117182361355
0.090593172012332607
0.086242543724738038
0.161970889276809277
0.048471323114632404
0.035035462701533938
0.044021418270432558
0.076576762210217419
0.164865042548849372
0.113195129351309612
0.111007039686217945
0.065078361255007502
0.059042703917367406
0.114550576056232700
0.349886474798196678
0.377461088988800375
0.020957239449324559
0.032717482704943707
0.079240739950106151
0.018058421317370975
0.251849979438317995
0.400000000000000022
0.149966769272311673
0.018580102414222061
0.045790310043361392
0.027952808826246713
0.110075675689147640
0.107006750957418739
0.137203717732024721
0.046059038627085165
0.046852063173645125
0.021483059564537325
0.027297014229772848
0.024419522046524776
0.024465716674797987
0.009249738847459436
0.004784658067256716
0.016861554314693404
0.131386793819210923
0.083476967469655133
0.027169464924598631
0.000596926347474909
0.026501081668920720
0.031467781566998441
0.214162475820308840
0.108610155975736644
0.045153762654258349
0.045095464840935670
0.067530249847110632
0.098082980916335383
0.188107460718253350
0.085057182229065026
0.027228288940921507
0.043358029278735180
0.041030758850268030
0.358370749768140984
0.148624910595117288
0.127412064312399737
0.212228361951566968
0.059059220662943765
0.038553622317224909
0.305456469226618066
0.332119383195668860
0.203587969976368521
0.050489843236332252
0.036028566992426576
0.053540572483193015
0.044323342871564010
0.145084337556781573
0.217557224919033704
0.063183405113889618
0.030795790769877724
0.052383311014561722
0.108000560361033698
0.079747065307617881
0.129612629472902890
0.078793440691241334
0.022012705740711500
0.091378150806386144
0.012431536995332650
0.051712194864630905
0.164805594828406760
0.033689858066577157
0.034248690738963340
0.027997070412649368
0.035246650179274780
0.102130550770295883
0.060993146971722423
0.015948366888653278
0.116137629003451676
0.026677715208810918
0.055757589834294137
0.388680039157632606
0.234919814347411715
0.027026662023053066
0.034213237033936847
0.061334257469561018
0.060610937775355603
0.297553018772839906
0.217596149261444438
0.102075968410023518
0.068290299537400345
0.068526357345879030
0.139514872876230711
0.293552947429387368
0.115423670143005946
0.158436638031953569
0.106324933606173525
0.061742233823739223
0.345645230983576690
0.374129815154581102
0.171432100467701853
0.064139534899783454
0.092722612559823780
0.063495421775487282
0.125346960292376519
0.242729622896904779
0.326500897374555676
0.395941732964292581
0.078954366075364726
0.057936264022719036
0.118675931912381780
0.361982554053933314
0.384444012856194228
0.361429645032489977
0.057533732024726052
0.038797996163291888
0.077649792236371362
0.073886811771475491
0.195497060256497185
0.049444636186350636
0.040531057398586604
0.011392645035591439
0.097194135868453407
0.148152432690061286
0.105322116761537812
0.099254000337813675
0.085479903282459704
0.039072521715507125
0.046188123338586351
0.303939950880706133
0.213328105844372923
0.325883711372423890
0.215105495243214401
0.060852675325931326
0.066333367872892290
0.202071738962395914
0.151933582973175940
0.294323450690313015
0.226072850477083948
0.085867838088185600
0.082584491041790817
0.273159081887313082
0.163113629540282579
0.141493957901914158
0.148735397695889282
0.125329598815864779
0.217046564686115273
0.400000000000000022
0.207950514564106542
0.126864353612714725
0.266917758708957953
0.124606302984962169
0.165950323718088155
0.400000000000000022
0.329979830163316334
0.400000000000000022
0.351084038413221444
0.111555899875906250
0.082731655602732282
0.325952418040089675
0.400000000000000022
0.383313445241112272
0.109550995361658993
0.086191422084614305
0.085515866510845473
0.205553675307104222
0.348919476380388727
0.058357987811518311
0.018168443898759309
0.060993278587713126
0.186258680422710932
0.333237007645109440
0.216645872316841126
0.310642794883015383
0.400000000000000022
0.099122604720522478
0.165244778621032234
0.304911397310107135
0.318327211780487340
0.400000000000000022
0.400000000000000022
0.046635361656688315
0.153027919990144368
0.192087839764779361
0.400000000000000022
0.400000000000000022
0.298724479631538309
0.057022974214585624
0.137113273863103124
0.269091773124880140
0.327652995245996004
0.229567037865309825
0.198710397842603081
0.083733874483024190
0.164994894722144736
0.175313692835629698
0.231364459055781957
0.345703290119724727
0.352241990979675568
0.062616505885444596
0.211718306940960499
0.400000000000000022
0.172644789074290372
0.400000000000000022
0.400000000000000022
0.069730273131005854
0.213830234723515811
0.391411620616380906
0.398245507326400960
0.382522868386887704
0.268084906599141304
0.107134326707863714
0.342841234680331508
0.400000000000000022
0.399596917196941515
0.216305607873759798
0.093324097454131894
0.116720077075038758
0.399155303177711307
0.400000000000000022
0.254963579681809716
0.111759243491286145
0.386141788091794225
0.142187493928797509
0.268805997467336355
0.281528927714085053
0.218271500883891689
0.400000000000000022
0.366993888506726318
0.069785448091275862
0.156199305411176687
0.223120009005118580
0.356311047643699252
0.400000000000000022
0.344084167483700298
0.189338219211227038
0.252852584735700991
0.228079513682869273
0.254871065754709580
0.400000000000000022
0.310592574362847429
0.160513843716845406
0.123912743336754033
0.385461872195527966
0.349266736476883222
0.341617923899657117
0.311422911020387716
0.122917702590294151
0.317911785500168353
0.288279349466340262
0.150508122926442278
0.179491860769030342
0.305438294273792155
0.177431648381527779
0.189267308700299758
0.231339598349900255
0.143945716871364815
0.216595379575705960
0.201146199618424337
0.136955364993312567
0.400000000000000022
0.400000000000000022
0.400000000000000022
0.387442903273113981
0.400000000000000022
0.350400620245153060
0.400000000000000022
0.400000000000000022
0.400000000000000022
0.396959120554891576
0.400000000000000022
0.400000000000000022
0.400000000000000022
0.400000000000000022
0.220618600213826593
0.310792742549456935
0.400000000000000022
0.400000000000000022
0.400000000000000022
0.381651829443664381
0.213218617971128510
0.246545430564869966
0.400000000000000022
0.394937803692169687
0.360650381724737734
0.400000000000000022
0.400000000000000022
0.353767181314414814
0.400000000000000022
0.400000000000000022
0.266975590239127258
0.297528339471282044
0.330161553349757331
0.341758654623487590
0.400000000000000022
0.341115223869099815
0.383775713626992476
0.321776798536192954
0.318821577869547734
0.208278674028297806
0.392011829456393790
0.327468053155465677
0.355484882789664391
0.193766178612002349
0.159642792211338813
0.333308440455808486
0.400000000000000022
0.337989017908762956
0.380314874151286064
0.293973229057716168
0.367393537655678226
0.381538425634087019
0.396109566435837501
0.400000000000000022
0.283839556690765493
0.285697524530026226
0.400000000000000022
0.362673053660477362
0.317841619497729544
0.400000000000000022
0.400000000000000022
0.372451040811352441
0.396483457252228999
0.302415307641221043
0.394342499444651828
0.383650304450403046
0.400000000000000022
0.395581796556580878
0.317248344771813851
0.231964829052848265
0.337114745370866720
0.324561797051300449
0.191787376448686903
0.315695412671016473
0.380017271223007547
0.320404906980906845
0.331826938194983434
0.301064957289408131
0.260939119390439067
0.186666207054814376
0.268516224212291432
0.263288339091180545
0.302453494399691547
0.280220694801153802
0.246522558393154512
0.286774885168309401
0.234925459640066031
0.084807203152999888
0.194333913060512564
0.271799274979459382
0.360063352781493817
0.249185335291404436
0.096851155790740731
0.111234753478335252
0.332288731634278078
0.342964209217896443
0.205288109154719234
0.243888190062726884
0.337923599374585937
0.119023037602938919
0.094445053399886569
0.076927741129443464
0.136496095419176844
0.238034343195643677
0.346364596873196762
0.162534417292152955
0.111921463444481090
0.160363824858969328
0.253285803732529291
0.278860845903178722
0.214901622608009213
0.056230082252495234
0.157166155763669491
0.275941910640431498
0.329965744822241502
0.400000000000000022
0.395819188350605700
0.142316257588538053
0.198194789495610202
0.218752821027851541
0.374345882604354196
0.366489125260885840
0.387842830994047816
0.176994007357191036
0.229832504030886398
0.130027501405495766
0.400000000000000022
0.256527112911543842
0.239119503636463282
0.117802901777482094
0.163025933832894654
0.115759142247601837
0.318426761427902327
0.356737210996715570
0.313887770500324237
0.102892667766080748
0.083387065262004123
0.226594292355717208
0.336660851321288257
0.212770586357545421
0.169582249600727680
0.136598352840087367
0.193509873856485937
0.079119075734506036
0.144769941307921535
0.225758429714153441
0.248676954163883274
0.052355995977915036
0.015570998904181274
0.019786200605756615
0.167319778224451765
0.266532601724923490
0.194479806739911221
0.092539634278178295
0.095241896504627999
0.080882230474313324
0.091786605408647914
0.207581765083301173
0.285046492317275801
0.074330477296035757
0.105545251837411883
0.140776794738928401
0.184826814735170541
0.358072557800989510
0.333077227751469418
0.143442470243535181
0.113329037947393602
0.155693880406275686
0.353769161763974549
0.400000000000000022
0.400000000000000022
0.165092496059590060
0.101542180193580842
0.098535683960039200
0.400000000000000022
0.400000000000000022
0.400000000000000022
0.082568995254091032
0.158499912150661532
0.118311123096833504
0.304933772943812409
0.400000000000000022
0.400000000000000022
0.273795442968869041
0.086967067205162660
0.096498230083615841
0.165076696613885132
0.348786056672289346
0.261334478410754467
0.304417237062970358
0.116608705019981995
0.080751192753474366
0.108108798148107157
0.148822897580486391
0.136150204779337231
0.036186021854340444
0.009358333603539147
0.010713588619678617
0.083434140887271885
0.307207789312980983
0.201130805062267187
0.052782341236064859
0.017592183390106760
0.033598774914235595
0.086442527863185736
0.300660005732138025
0.210518078443059808
0.073939485634716112
0.095224432029961018
0.078060555823648695
0.177882183770070812
0.345862917921543167
0.206406607771337763
0.029041026308065154
0.081062111659199354
0.146308601526651177
0.383123966328319576
0.267444419737810524
0.283731728638631275
0.241271304146567583
0.073786468492929011
0.091663743943501255
0.384761310337484286
0.400000000000000022
0.271737523045936125
0.119755704643208671
0.119389726301314697
0.090861669315923599
0.128811582987064605
0.272857542154967381
0.400000000000000022
0.149396341904113439
0.066636663795898360
0.079432674092920458
0.227769732951675574
0.249818934963697781
0.314320147381116688
0.152846102953524354
0.024373651141057724
0.107932566259122981
0.206154700366235594
0.298470447997954469
0.407415749135970173
0.178866719766262589
0.133151246155900793
0.113846594464106485
0.225432556533173262
0.368766661139312668
0.293039645665196358
0.161926885685559740
0.262535287540682671
0.173210725031422152
0.254244111195827127
0.357841815317692769
0.247797833644989696
0.265177600917698264
0.347773562883996912
0.179387459575923502
0.238980900195483736
0.338288834440586772
0.308094511438976204
0.316992211385408673
0.337918966875514426
0.167878338367992430
0.228184471968937763
0.324443036734387569
0.383344872615873578
0.322055129203611179
0.274419714547480154
0.147419401259450300
0.283400071474767923
0.339685975501909709
0.274435618366530520
0.168725057458493866
0.246056553990249727
0.144651306991952222
0.241588803814110353
0.349948668536215812
0.314431317087628059
0.297614815267721544
0.297575560212056500
0.179114117147314983
0.230118308302794172
0.285282358192668395
0.333538485054879597
0.321784255021618504
0.277868112255528543
0.156593442396789739
0.286288651125441718
0.305397508309168120
0.303443760650425276
0.153063310089568777
0.146954934946470717
0.156761551133996091
0.293022226266873076
0.363827087837967522
0.279473159660968418
0.184758458760353295
0.242377430460787219
0.199592484386467622
0.299922421013272711
0.362614607454202043
0.292796418618205434
0.281250049522637768
0.275346576737296900
0.217095477235383527
0.314822255653156080
0.386040497652551329
0.323313697955759760
0.299223482761641124
0.264006099366219771
0.263734835451884031
0.315753008436247262
0.356646949596718832
0.325828705987591949
0.283885904011226375
0.247779312303081978
0.245478501855945885
0.401757142067610873
0.402109590806442596
0.275723944216112571
0.181814463898326284
0.197362111976985000
0.143376430568907559
0.328553313810772740
0.487426516545630961
0.349454088210942759
0.314076173934442926
0.254875668980883985
0.155726125123109571
0.274173804318094516
0.397701088431908545
0.352498323953087278
0.326330607875351841
0.236445011395036375
0.172304820533238978
0.211319761468595102
0.289885167308840952
0.359708093588984312
0.213950737193783602
0.206953953156701564
0.122621186680874891
0.205920576535398858
0.327117531028862818
0.327850259659042076
0.245935703796201860
0.311511309194647312
0.161309239993646131
0.236000381365566808
0.335829716765458919
0.290830867902974743
0.287951755339514670
0.325205788435844800
0.173596598170867977
0.220334432261482721
0.354756707814009142
0.286945092863281126
0.272050744288367508
0.276051437465678340
0.171558920364186990
0.247787956685495581
0.336011885923726328
0.321562489943720275
0.257897319643982603
0.255742042730121688
0.143493826477661568
0.290744385022827956
0.376341888255049994
0.355367744517312290
0.279912394997031022
0.356366444529881865
0.129718008687628228
0.196086570699812668
0.335750484935512961
0.335833285978698159
0.314584372047142125
0.311208369960607467
0.167646516586016397
0.192913727902749799
0.243097028380134167
0.270485066753980874
0.244459985614283420
0.229193556728068182
0.156373955706802820
0.281168466484921609
0.312254954996067535
0.293078323914461980
0.131042350343301167
0.189511084163205251
0.213503811207970629
0.292504313639681046
0.336416707463123410
0.249195922855970892
0.210913662736374408
0.332742157600446509
0.229960794123682255
0.293740605819588774
0.330672011565097956
0.274785489357064872
0.317865025632777465
0.299182886606855047
0.200037129939137776
0.283756056002964441
0.359488351665987249
0.339052582884175724
0.285154957226919858
0.213408826793586776
0.207621345318662054
0.332182274432971714
0.387286734001408728
0.337446964770608371
0.237321404847730871
0.202717660285429702
0.225427062730939265
0.386221273352542971
0.413697232656331959
0.305477639016741076
0.241049349264584323
0.320120724654339661
0.216119423708352465
0.291597409904456706
0.397450880658229588
0.337188543817097397
0.331675215041262794
0.268278377807269430
0.166168973134487336
0.272688559649689133
0.340163507006297328
0.305926309995314893
0.264250711061668642
0.190955303701647205
0.135955281360457592
